1522769911288,true,4861.013,0,0.05111,0.02388,0.002398,0.001739,0.001121,0.002268,0.001072,0.001557,0.01195,0.03065,0.004484,0.002084,0.004063,0.0017,0.002836,8.4E-4,0
1522769911323,true,4861.071,0,0.05196,0.02425,0.00239,0.001733,0.0011,0.002277,0.001075,0.001565,0.01135,0.03094,0.004494,0.002076,0.004019,0.001717,0.002877,8.166E-4,0
1522769911358,true,4861.128,0,0.05087,0.02473,0.0024,0.001736,0.001075,0.002271,0.001083,0.001573,0.01047,0.03163,0.004524,0.00206,0.004014,0.001727,0.00286,8.147E-4,0
1522769911392,true,4861.186,0,0.04958,0.02416,0.002412,0.001738,0.001084,0.002257,0.001087,0.001582,0.01024,0.03221,0.00452,0.002064,0.004032,0.001724,0.002789,8.441E-4,0
1522769911427,true,4861.243,0,0.0498,0.02332,0.00242,0.001742,0.001108,0.002254,0.001072,0.001585,0.0108,0.03184,0.004493,0.002079,0.004051,0.001711,0.002761,8.6E-4,0
1522769911563,true,4861.289,0,0.05097,0.0235,0.002411,0.001739,0.001121,0.002261,0.001068,0.001574,0.01193,0.03082,0.004489,0.00209,0.004073,0.001705,0.002782,8.594E-4,0
1522769911598,true,4861.347,0,0.05176,0.02393,0.002412,0.001731,0.001135,0.002269,0.001093,0.001564,0.01192,0.03057,0.004506,0.002095,0.004055,0.001714,0.002832,8.36E-4,0
1522769911633,true,4861.404,0,0.05156,0.02449,0.002432,0.001727,0.001128,0.002275,0.001109,0.001574,0.01068,0.03147,0.004537,0.002084,0.004044,0.001728,0.002881,8.063E-4,0
1522769911668,true,4861.462,0,0.0499,0.02442,0.002453,0.001729,0.001115,0.002268,0.001124,0.001583,0.009901,0.0322,0.004554,0.002077,0.004056,0.001736,0.002862,8.085E-4,0
1522769911703,true,4861.519,0,0.04876,0.02353,0.002466,0.001735,0.001126,0.002261,0.001119,0.001594,0.01005,0.03237,0.00453,0.002087,0.00408,0.00173,0.002807,8.324E-4,0
1522769911838,true,4861.563,0,0.04957,0.02284,0.002456,0.001741,0.001144,0.002266,0.001109,0.001592,0.01118,0.03131,0.004485,0.002107,0.004111,0.001716,0.002808,8.44E-4,0
1522769911873,true,4861.621,0,0.05054,0.02318,0.00243,0.001737,0.001154,0.002273,0.001109,0.001583,0.01235,0.0302,0.00449,0.002117,0.004104,0.001718,0.002839,8.446E-4,0
1522769911908,true,4861.678,0,0.05123,0.02362,0.002428,0.001728,0.001153,0.002283,0.00113,0.001581,0.01195,0.03029,0.00451,0.002113,0.00406,0.001736,0.002876,8.225E-4,0
1522769911942,true,4861.736,0,0.05046,0.02425,0.002439,0.001727,0.001135,0.00228,0.001141,0.001591,0.01105,0.03095,0.004532,0.002099,0.004028,0.001751,0.002878,8.13E-4,0
1522769911977,true,4861.793,0,0.04896,0.02386,0.002448,0.00173,0.001125,0.002268,0.001146,0.0016,0.01058,0.0316,0.00453,0.002097,0.004034,0.001753,0.00281,8.352E-4,0
1522769912138,true,4861.864,0,0.04879,0.02298,0.002452,0.001733,0.001135,0.002265,0.001132,0.001605,0.01089,0.0315,0.004493,0.002111,0.004049,0.001742,0.002739,8.676E-4,0
1522769912173,true,4861.922,0,0.04996,0.02282,0.002432,0.001734,0.001135,0.002274,0.001106,0.0016,0.01201,0.03051,0.004471,0.002128,0.004057,0.001732,0.002739,8.826E-4,0
1522769912207,true,4861.979,0,0.05063,0.02337,0.002416,0.001729,0.001152,0.00228,0.001112,0.001592,0.01241,0.02998,0.004468,0.002135,0.004041,0.001735,0.002771,8.698E-4,0
1522769912243,true,4862.037,0,0.05098,0.02399,0.002438,0.001724,0.00114,0.00229,0.001139,0.001593,0.01126,0.03076,0.004492,0.002127,0.004012,0.001751,0.002829,8.4E-4,0
1522769912278,true,4862.094,0,0.04942,0.02427,0.002467,0.00173,0.001133,0.002283,0.001159,0.001597,0.0102,0.03154,0.004518,0.002116,0.004014,0.001763,0.002829,8.423E-4,0
1522769912438,true,4862.163,0,0.04797,0.02355,0.002495,0.001733,0.001154,0.002273,0.001165,0.001607,0.00993,0.03209,0.004504,0.002124,0.004046,0.001756,0.002786,8.692E-4,0
1522769912473,true,4862.221,0,0.04832,0.02268,0.002502,0.00174,0.001182,0.002272,0.001158,0.001604,0.0107,0.03141,0.004473,0.002141,0.004085,0.001742,0.002773,8.869E-4,0
1522769912508,true,4862.278,0,0.0496,0.02264,0.00249,0.001737,0.001203,0.00228,0.001157,0.001596,0.01203,0.03015,0.004481,0.002148,0.004096,0.00174,0.002809,8.933E-4,0
1522769912542,true,4862.336,0,0.05035,0.02311,0.0025,0.001724,0.001214,0.002289,0.001179,0.001595,0.01209,0.02989,0.004497,0.002144,0.004072,0.001755,0.002867,8.728E-4,0
1522769912577,true,4862.393,0,0.05021,0.0238,0.002531,0.001719,0.001207,0.00229,0.001194,0.001604,0.01105,0.03063,0.004538,0.002123,0.004051,0.001771,0.002905,8.49E-4,0
1522769912738,true,4862.464,0,0.04863,0.0238,0.002552,0.001722,0.001195,0.002281,0.001212,0.001609,0.01053,0.03122,0.004557,0.002113,0.004059,0.001779,0.002848,8.72E-4,0
1522769912773,true,4862.522,0,0.04786,0.02306,0.002579,0.001722,0.001214,0.002272,0.001202,0.001618,0.01071,0.03147,0.00453,0.002127,0.004081,0.001767,0.002798,8.956E-4,0
1522769912808,true,4862.579,0,0.049,0.02266,0.002572,0.001725,0.001234,0.002273,0.001181,0.001612,0.01178,0.03057,0.004503,0.002143,0.004119,0.001746,0.002798,9.101E-4,0
1522769912843,true,4862.637,0,0.04995,0.02322,0.002566,0.001718,0.001243,0.002281,0.001192,0.001597,0.01252,0.02976,0.004517,0.002151,0.00411,0.001748,0.002835,8.999E-4,0
1522769912878,true,4862.694,0,0.05051,0.02374,0.002576,0.00171,0.001243,0.002288,0.001212,0.001594,0.01165,0.03024,0.004538,0.002144,0.00409,0.001756,0.002895,8.664E-4,0
1522769912988,true,4862.715,0,0.04922,0.02428,0.002593,0.001711,0.001222,0.002284,0.001234,0.001595,0.0104,0.03112,0.004556,0.002131,0.004088,0.001766,0.002887,8.572E-4,0
1522769913023,true,4862.773,0,0.04758,0.02373,0.002607,0.001714,0.001214,0.002272,0.001248,0.001601,0.01,0.03165,0.004547,0.002131,0.0041,0.001765,0.002825,8.804E-4,0
1522769913058,true,4862.83,0,0.04743,0.02279,0.002604,0.001718,0.001229,0.002266,0.001236,0.001603,0.01067,0.03121,0.004496,0.002152,0.004125,0.001751,0.002777,9.043E-4,0
1522769913093,true,4862.888,0,0.04875,0.02255,0.002576,0.001719,0.001237,0.002274,0.001226,0.001591,0.01191,0.03,0.004473,0.002167,0.004122,0.001744,0.002785,9.158E-4,0
1522769913128,true,4862.945,0,0.04956,0.02303,0.002568,0.001712,0.001248,0.00228,0.001234,0.001585,0.01243,0.02935,0.004479,0.002167,0.00409,0.001757,0.002835,8.97E-4,0
1522769913288,true,4863.014,0,0.05008,0.02358,0.002583,0.001708,0.001247,0.00228,0.001257,0.001588,0.0114,0.03005,0.004505,0.002155,0.004062,0.001773,0.002884,8.72E-4,0
1522769913323,true,4863.072,0,0.04876,0.02377,0.002614,0.001709,0.001243,0.00227,0.001278,0.001592,0.01062,0.03076,0.004533,0.002141,0.00407,0.001781,0.002857,8.835E-4,0
1522769913358,true,4863.129,0,0.04765,0.02307,0.002638,0.001712,0.001257,0.002254,0.001283,0.001596,0.01053,0.03125,0.004525,0.002149,0.004111,0.001769,0.002812,9.079E-4,0
1522769913393,true,4863.187,0,0.04849,0.02241,0.002647,0.001716,0.001291,0.00225,0.001271,0.001592,0.01143,0.03046,0.004523,0.00215,0.004166,0.001743,0.002796,9.234E-4,0
1522769913428,true,4863.244,0,0.04956,0.02287,0.002642,0.001712,0.001311,0.002254,0.001274,0.001578,0.01251,0.02941,0.004539,0.002154,0.00418,0.001737,0.002813,9.28E-4,0
1522769913588,true,4863.313,0,0.05039,0.02337,0.002657,0.001702,0.001318,0.002262,0.001298,0.001572,0.01218,0.02951,0.004574,0.002147,0.004148,0.001751,0.002884,8.921E-4,0
1522769913623,true,4863.371,0,0.04971,0.02412,0.002683,0.001701,0.001313,0.002258,0.001321,0.001576,0.01095,0.03045,0.004609,0.002132,0.004154,0.001759,0.002926,8.659E-4,0
1522769913658,true,4863.428,0,0.04805,0.0239,0.002708,0.001703,0.001306,0.002245,0.001343,0.001579,0.01027,0.03109,0.004618,0.00213,0.004179,0.00176,0.002891,8.742E-4,0
1522769913693,true,4863.486,0,0.04753,0.02296,0.002727,0.001706,0.001328,0.002237,0.001343,0.001582,0.01059,0.031,0.004594,0.002145,0.004209,0.001747,0.002843,8.968E-4,0
1522769913728,true,4863.543,0,0.0486,0.02255,0.002707,0.001711,0.001347,0.002244,0.001342,0.001575,0.01171,0.02994,0.004582,0.002157,0.00424,0.001732,0.002853,9.08E-4,0
1522769913862,true,4863.589,0,0.04928,0.02293,0.002687,0.001706,0.001366,0.002247,0.001349,0.001564,0.01268,0.02892,0.004598,0.00216,0.004231,0.001737,0.002883,8.963E-4,0
1522769913897,true,4863.647,0,0.04993,0.02337,0.002697,0.001696,0.001357,0.002253,0.001372,0.001564,0.01205,0.02921,0.004631,0.002144,0.0042,0.001751,0.002933,8.643E-4,0
1522769913932,true,4863.704,0,0.04859,0.02386,0.002713,0.001696,0.001341,0.002246,0.001389,0.001569,0.01125,0.02974,0.004657,0.002129,0.004204,0.001757,0.002918,8.597E-4,0
1522769913967,true,4863.762,0,0.04724,0.02333,0.00272,0.0017,0.00134,0.002232,0.001391,0.001575,0.01092,0.0303,0.00465,0.002128,0.004224,0.001751,0.002848,8.851E-4,0
1522769914002,true,4863.819,0,0.04755,0.02252,0.002724,0.001703,0.001354,0.002228,0.001373,0.001573,0.01161,0.02987,0.004621,0.002138,0.00426,0.001729,0.002795,9.093E-4,0
1522769914162,true,4863.888,0,0.04905,0.02257,0.0027,0.001703,0.001357,0.002234,0.001348,0.001561,0.01268,0.02889,0.004613,0.002143,0.004258,0.001719,0.002791,9.148E-4,0
1522769914197,true,4863.946,0,0.04977,0.02313,0.002681,0.001695,0.00136,0.002237,0.001362,0.001549,0.01278,0.02858,0.004625,0.002144,0.004222,0.001728,0.00283,8.87E-4,0
1522769914232,true,4864.003,0,0.04974,0.02378,0.002682,0.001696,0.001336,0.002242,0.001371,0.001551,0.0115,0.02947,0.004648,0.002127,0.004191,0.001736,0.002861,8.552E-4,0
1522769914267,true,4864.061,0,0.04805,0.02382,0.002691,0.001701,0.001316,0.002235,0.001383,0.001557,0.01054,0.03029,0.004656,0.002118,0.004198,0.00174,0.00282,8.68E-4,0
1522769914302,true,4864.118,0,0.04688,0.023,0.002707,0.001702,0.001334,0.002225,0.001379,0.001564,0.01051,0.03062,0.004628,0.002128,0.00423,0.001729,0.002772,8.894E-4,0
1522769914438,true,4864.164,0,0.04751,0.02239,0.002704,0.001706,0.001363,0.002225,0.001364,0.001558,0.01141,0.02973,0.004606,0.002138,0.004256,0.001713,0.002777,8.97E-4,0
1522769914473,true,4864.222,0,0.04834,0.02274,0.002685,0.0017,0.001386,0.002231,0.001373,0.001546,0.01255,0.02865,0.004611,0.002142,0.004257,0.001712,0.002821,8.897E-4,0
1522769914508,true,4864.279,0,0.04908,0.02318,0.002691,0.001689,0.001393,0.002238,0.0014,0.001541,0.01225,0.02869,0.004632,0.002135,0.004224,0.001726,0.002881,8.575E-4,0
1522769914543,true,4864.337,0,0.0483,0.02371,0.002712,0.001686,0.001381,0.002235,0.001409,0.001549,0.01118,0.02938,0.004673,0.002115,0.004222,0.001733,0.002912,8.429E-4,0
1522769914578,true,4864.394,0,0.04673,0.02334,0.002734,0.001687,0.001375,0.002224,0.001428,0.001553,0.01089,0.02989,0.004669,0.002113,0.004251,0.001736,0.002855,8.644E-4,0
1522769914738,true,4864.465,0,0.0466,0.02243,0.002749,0.001689,0.001395,0.002217,0.001421,0.001557,0.0113,0.02976,0.004652,0.002125,0.004293,0.001715,0.002805,8.855E-4,0
1522769914773,true,4864.523,0,0.04793,0.02227,0.002737,0.001692,0.001411,0.002222,0.001406,0.001549,0.01249,0.02874,0.004644,0.002133,0.004319,0.001698,0.002823,8.981E-4,0
1522769914808,true,4864.58,0,0.04894,0.02283,0.002725,0.001682,0.001427,0.002226,0.001417,0.001541,0.01298,0.0282,0.004667,0.002135,0.004307,0.001704,0.002874,8.785E-4,0
1522769914843,true,4864.638,0,0.04951,0.02339,0.002738,0.001674,0.001423,0.002234,0.001441,0.00154,0.01184,0.02901,0.004694,0.002119,0.004282,0.001719,0.002933,8.423E-4,0
1522769914878,true,4864.695,0,0.04814,0.02364,0.002753,0.001675,0.001412,0.002228,0.001456,0.001543,0.01069,0.02997,0.004722,0.002102,0.004286,0.001725,0.002926,8.345E-4,0
1522769915013,true,4864.739,0,0.04678,0.02298,0.002766,0.001678,0.001417,0.002218,0.001459,0.001549,0.01023,0.03066,0.004694,0.002108,0.004315,0.001713,0.002872,8.503E-4,0
1522769915048,true,4864.797,0,0.04715,0.02216,0.002758,0.001683,0.001431,0.002222,0.001437,0.001549,0.0109,0.03011,0.004642,0.002126,0.004341,0.001694,0.002856,8.639E-4,0
1522769915083,true,4864.854,0,0.04847,0.02214,0.002724,0.001681,0.001437,0.002229,0.001428,0.001538,0.01209,0.02893,0.004622,0.002136,0.004334,0.001691,0.002864,8.703E-4,0
1522769915118,true,4864.912,0,0.04925,0.02258,0.002702,0.001673,0.001436,0.002236,0.001437,0.001532,0.01211,0.02871,0.004623,0.002132,0.004288,0.001703,0.002892,8.495E-4,0
1522769915153,true,4864.969,0,0.04902,0.02318,0.002702,0.001669,0.001414,0.00224,0.001432,0.001543,0.01105,0.02944,0.004633,0.002114,0.004252,0.001719,0.002909,8.299E-4,0
1522769915312,true,4865.038,0,0.04753,0.02308,0.002706,0.001672,0.001399,0.002233,0.001441,0.001548,0.01046,0.03016,0.00463,0.002104,0.00425,0.001726,0.002863,8.482E-4,0
1522769915347,true,4865.096,0,0.04667,0.02232,0.002717,0.001673,0.001413,0.002224,0.001437,0.001553,0.01081,0.03031,0.004601,0.002116,0.004272,0.001714,0.002816,8.72E-4,0
1522769915382,true,4865.153,0,0.04794,0.02187,0.002708,0.001677,0.001441,0.002227,0.00142,0.001547,0.01182,0.02944,0.004577,0.00213,0.004303,0.001696,0.002833,8.767E-4,0
1522769915417,true,4865.211,0,0.04902,0.02244,0.002691,0.001671,0.001448,0.002235,0.001418,0.001537,0.01264,0.02866,0.004584,0.002136,0.004293,0.001699,0.002878,8.67E-4,0
1522769915452,true,4865.268,0,0.04985,0.02298,0.002698,0.001664,0.001453,0.002242,0.001437,0.001534,0.01189,0.02924,0.004612,0.002124,0.004267,0.001714,0.002942,8.322E-4,0
1522769915588,true,4865.314,0,0.04881,0.02357,0.002722,0.001663,0.001433,0.00224,0.001455,0.001534,0.01058,0.03027,0.004641,0.002108,0.004271,0.001721,0.002968,8.157E-4,0
1522769915623,true,4865.372,0,0.04731,0.0231,0.00274,0.001666,0.001437,0.002231,0.001472,0.001537,0.01003,0.03099,0.004632,0.002107,0.004289,0.00172,0.002934,8.356E-4,0
1522769915658,true,4865.429,0,0.04737,0.02216,0.002747,0.001671,0.001457,0.002229,0.001461,0.001537,0.01059,0.03072,0.004592,0.002124,0.004313,0.001703,0.002914,8.575E-4,0
1522769915693,true,4865.487,0,0.04865,0.02202,0.002732,0.001672,0.001469,0.002241,0.001442,0.001531,0.01183,0.02955,0.004566,0.002138,0.004326,0.001692,0.002953,8.647E-4,0
1522769915728,true,4865.544,0,0.04939,0.02248,0.00272,0.001662,0.001476,0.002249,0.001457,0.00152,0.01228,0.029,0.004566,0.002147,0.004289,0.001713,0.003006,8.444E-4,0
1522769915888,true,4865.615,0,0.04993,0.02302,0.002728,0.001657,0.001466,0.002254,0.001464,0.001527,0.01131,0.02973,0.004599,0.00213,0.004261,0.001727,0.003066,8.093E-4,0
1522769915923,true,4865.673,0,0.04863,0.02323,0.002734,0.001663,0.001448,0.002245,0.00147,0.001534,0.01057,0.03044,0.004627,0.002116,0.004256,0.001737,0.003026,8.224E-4,0
1522769915958,true,4865.73,0,0.04762,0.02248,0.002747,0.001666,0.001451,0.002235,0.001458,0.001544,0.01056,0.03095,0.0046,0.002122,0.004271,0.001733,0.002951,8.541E-4,0
1522769915993,true,4865.788,0,0.04825,0.02194,0.002728,0.001672,0.001455,0.002235,0.001416,0.001547,0.01143,0.03031,0.004567,0.002131,0.004283,0.00172,0.002919,8.733E-4,0
1522769916028,true,4865.845,0,0.04958,0.02232,0.002698,0.00167,0.001462,0.002241,0.001405,0.001533,0.01257,0.02928,0.004566,0.002135,0.004267,0.001716,0.002921,8.822E-4,0
1522769916188,true,4865.914,0,0.05047,0.02286,0.002694,0.001665,0.001462,0.002249,0.001414,0.001526,0.01231,0.0294,0.004588,0.002132,0.004233,0.001732,0.00297,8.56E-4,0
1522769916223,true,4865.972,0,0.0501,0.02356,0.002713,0.001663,0.001447,0.002249,0.001423,0.001531,0.01098,0.03045,0.004613,0.002119,0.004225,0.001741,0.002999,8.366E-4,0
1522769916258,true,4866.029,0,0.04827,0.02342,0.002727,0.001669,0.001444,0.002237,0.001438,0.001532,0.01027,0.03129,0.004621,0.002116,0.004244,0.001744,0.002967,8.52E-4,0
1522769916293,true,4866.087,0,0.04759,0.0226,0.00275,0.001672,0.001467,0.00223,0.001432,0.001534,0.01046,0.03138,0.004584,0.002137,0.004274,0.001732,0.002919,8.735E-4,0
1522769916327,true,4866.144,0,0.04858,0.02216,0.002731,0.001679,0.001483,0.002238,0.001409,0.001526,0.01162,0.03034,0.004562,0.002151,0.004306,0.00172,0.002929,8.859E-4,0
1522769916463,true,4866.19,0,0.04938,0.02263,0.002722,0.001671,0.001498,0.002244,0.001414,0.001514,0.01249,0.02944,0.00457,0.002157,0.004284,0.001731,0.002969,8.728E-4,0
1522769916498,true,4866.248,0,0.0502,0.02305,0.002736,0.001664,0.001489,0.002251,0.001431,0.001514,0.01181,0.02977,0.004595,0.00215,0.004241,0.001754,0.003026,8.48E-4,0
1522769916533,true,4866.305,0,0.04899,0.02354,0.00275,0.001668,0.001464,0.002249,0.001448,0.001521,0.01095,0.03047,0.004625,0.002136,0.004247,0.00176,0.003027,8.473E-4,0
1522769916568,true,4866.363,0,0.04768,0.02302,0.002775,0.001668,0.001457,0.002239,0.00146,0.001524,0.01066,0.03104,0.004617,0.002137,0.004265,0.001756,0.002967,8.754E-4,0
1522769916603,true,4866.42,0,0.04817,0.02217,0.002768,0.001676,0.001467,0.002233,0.001434,0.001526,0.01146,0.03052,0.004591,0.00215,0.004288,0.001741,0.002925,9.003E-4,0
1522769916738,true,4866.464,0,0.04952,0.02234,0.002749,0.001677,0.001477,0.002235,0.00141,0.001516,0.01273,0.02942,0.004582,0.002164,0.004301,0.001731,0.002936,9.128E-4,0
1522769916773,true,4866.522,0,0.05055,0.02288,0.00274,0.00167,0.001485,0.002238,0.00142,0.001509,0.01276,0.02926,0.004598,0.002166,0.004268,0.001745,0.002983,8.873E-4,0
1522769916808,true,4866.579,0,0.0507,0.02347,0.002756,0.001668,0.001465,0.00224,0.001425,0.001515,0.01145,0.03027,0.004622,0.002151,0.004238,0.00176,0.003011,8.663E-4,0
1522769916843,true,4866.637,0,0.04908,0.02358,0.002765,0.001673,0.001443,0.002234,0.001427,0.001521,0.01062,0.03098,0.004642,0.00214,0.004237,0.00177,0.002966,8.732E-4,0
1522769916877,true,4866.694,0,0.04788,0.02287,0.002777,0.00168,0.001457,0.002221,0.001415,0.001531,0.01046,0.03152,0.004614,0.002157,0.004253,0.001764,0.002905,8.98E-4,0
1522769917038,true,4866.765,0,0.04865,0.02226,0.002768,0.001687,0.00148,0.00222,0.001403,0.001527,0.01136,0.03065,0.004598,0.002175,0.004286,0.001752,0.002911,9.102E-4,0
1522769917073,true,4866.823,0,0.04943,0.02269,0.002755,0.001684,0.001499,0.002227,0.001412,0.001511,0.01242,0.02961,0.004616,0.002184,0.004289,0.001756,0.002973,9.017E-4,0
1522769917108,true,4866.88,0,0.05026,0.02309,0.002768,0.001675,0.001509,0.002235,0.001435,0.001509,0.01219,0.02961,0.004643,0.002179,0.004274,0.001775,0.003034,8.759E-4,0
1522769917142,true,4866.938,0,0.04954,0.0237,0.002794,0.001679,0.001495,0.002234,0.001455,0.001516,0.01131,0.03026,0.004689,0.002159,0.004281,0.001786,0.003064,8.615E-4,0
1522769917178,true,4866.995,0,0.04807,0.02335,0.00281,0.001684,0.001491,0.002221,0.00148,0.001518,0.01096,0.0308,0.004694,0.002154,0.004323,0.001786,0.003024,8.857E-4,0
1522769917338,true,4867.065,0,0.04785,0.02249,0.002825,0.001694,0.001516,0.002213,0.001468,0.001525,0.0114,0.03067,0.004677,0.002168,0.00437,0.001768,0.002984,9.127E-4,0
1522769917373,true,4867.123,0,0.04926,0.02233,0.002816,0.001697,0.001537,0.002216,0.001456,0.00152,0.01252,0.02966,0.004677,0.002179,0.004402,0.001753,0.003005,9.254E-4,0
1522769917408,true,4867.18,0,0.05011,0.02299,0.002809,0.00169,0.001558,0.002217,0.001475,0.001506,0.01296,0.02912,0.004706,0.002184,0.004393,0.001761,0.003044,9.172E-4,0
1522769917443,true,4867.238,0,0.05082,0.02353,0.002827,0.001684,0.001555,0.002223,0.0015,0.001506,0.01197,0.02972,0.004746,0.00217,0.004376,0.001776,0.00311,8.854E-4,0
1522769917478,true,4867.295,0,0.04956,0.02386,0.002855,0.001687,0.00154,0.002216,0.001521,0.001507,0.01083,0.03064,0.004773,0.002156,0.004392,0.001784,0.003108,8.851E-4,0
1522769917613,true,4867.34,0,0.04821,0.02317,0.002873,0.001693,0.001553,0.002203,0.001521,0.001515,0.0105,0.03128,0.00476,0.002163,0.004427,0.001777,0.003051,9.111E-4,0
1522769917648,true,4867.398,0,0.04842,0.02234,0.002872,0.001701,0.001569,0.002204,0.001512,0.001512,0.01112,0.03081,0.004723,0.002183,0.004475,0.001757,0.003035,9.275E-4,0
1522769917683,true,4867.455,0,0.04949,0.02247,0.00285,0.001702,0.00158,0.002209,0.001501,0.001505,0.01235,0.02964,0.004717,0.002192,0.004477,0.001757,0.003062,9.29E-4,0
1522769917717,true,4867.513,0,0.05009,0.02284,0.002837,0.001697,0.001593,0.002215,0.001515,0.001498,0.01239,0.02933,0.00473,0.00219,0.004432,0.001775,0.003116,9.036E-4,0
1522769917753,true,4867.57,0,0.05001,0.02339,0.002849,0.001693,0.001562,0.002222,0.001528,0.001504,0.01149,0.02994,0.004739,0.002177,0.004407,0.001787,0.003146,8.797E-4,0
1522769917913,true,4867.641,0,0.04842,0.02328,0.002855,0.001699,0.001547,0.002215,0.001548,0.001511,0.0109,0.03054,0.004747,0.002168,0.004423,0.001791,0.003095,8.989E-4,0
1522769917948,true,4867.699,0,0.04766,0.02251,0.002867,0.001703,0.001563,0.002204,0.001538,0.001522,0.01109,0.03072,0.004721,0.002179,0.004453,0.00178,0.003038,9.26E-4,0
1522769917983,true,4867.756,0,0.04883,0.02204,0.00286,0.001711,0.00159,0.002205,0.001518,0.001519,0.01223,0.02982,0.004704,0.002195,0.004493,0.001764,0.003032,9.437E-4,0
1522769918018,true,4867.814,0,0.04957,0.02277,0.00285,0.001709,0.001617,0.002208,0.001526,0.001507,0.01325,0.02889,0.004719,0.002203,0.004491,0.001769,0.003075,9.393E-4,0
1522769918053,true,4867.871,0,0.05039,0.02334,0.002867,0.001701,0.001623,0.002216,0.001554,0.001505,0.01242,0.0294,0.004759,0.002191,0.004472,0.001785,0.003139,9.077E-4,0
1522769918188,true,4867.915,0,0.04937,0.02397,0.002905,0.0017,0.001608,0.002216,0.001578,0.001509,0.01109,0.03043,0.004813,0.002167,0.004491,0.001786,0.003157,8.959E-4,0
1522769918223,true,4867.973,0,0.04776,0.02352,0.002924,0.001709,0.001609,0.002207,0.001605,0.001511,0.01056,0.03118,0.004822,0.002164,0.004524,0.001785,0.003124,9.134E-4,0
1522769918258,true,4868.03,0,0.04764,0.02263,0.002936,0.001713,0.001634,0.002205,0.001595,0.001516,0.01095,0.03093,0.004803,0.002177,0.004564,0.001767,0.003104,9.302E-4,0
1522769918293,true,4868.088,0,0.04881,0.02247,0.002924,0.001713,0.001654,0.002212,0.001587,0.00151,0.01217,0.02981,0.00479,0.002192,0.0046,0.001753,0.003159,9.279E-4,0
1522769918328,true,4868.145,0,0.0493,0.02293,0.002914,0.001708,0.001677,0.002219,0.001607,0.001499,0.01264,0.02926,0.004811,0.002192,0.004574,0.001767,0.00321,9.168E-4,0
1522769918487,true,4868.214,0,0.04957,0.02338,0.002923,0.001706,0.001665,0.002229,0.001647,0.001497,0.01162,0.02989,0.004824,0.002183,0.004557,0.00178,0.003273,8.857E-4,0
1522769918522,true,4868.272,0,0.04806,0.02353,0.002937,0.001711,0.001647,0.002224,0.001663,0.001506,0.01102,0.03043,0.00485,0.002164,0.004564,0.001788,0.003273,8.85E-4,0
1522769918557,true,4868.329,0,0.04689,0.02273,0.002952,0.001711,0.001647,0.002215,0.001666,0.001515,0.01102,0.03083,0.004831,0.002166,0.004581,0.001782,0.003218,9.127E-4,0
1522769918592,true,4868.387,0,0.04767,0.02205,0.002936,0.001718,0.00167,0.002212,0.001647,0.001517,0.01188,0.03014,0.004813,0.002172,0.004607,0.001764,0.003203,9.251E-4,0
1522769918627,true,4868.444,0,0.04886,0.0225,0.002907,0.001716,0.001678,0.002219,0.00164,0.001506,0.01303,0.02911,0.004806,0.002178,0.004598,0.001759,0.003222,9.26E-4,0
1522769918762,true,4868.49,0,0.04977,0.02305,0.002894,0.00171,0.001677,0.002227,0.00165,0.001502,0.01263,0.02925,0.004823,0.00217,0.004554,0.001774,0.003254,8.966E-4,0
1522769918797,true,4868.548,0,0.04908,0.02383,0.002907,0.001712,0.00165,0.002229,0.001661,0.001506,0.01125,0.0303,0.004849,0.002153,0.004534,0.001784,0.003285,8.702E-4,0
1522769918832,true,4868.605,0,0.04745,0.0236,0.002933,0.001711,0.00164,0.002222,0.001672,0.001512,0.01043,0.03119,0.004855,0.002146,0.004551,0.001788,0.003242,8.835E-4,0
1522769918867,true,4868.663,0,0.04688,0.02276,0.002952,0.001713,0.001655,0.002216,0.001663,0.00152,0.01058,0.03132,0.004828,0.002157,0.004591,0.001773,0.003199,8.959E-4,0
1522769918902,true,4868.72,0,0.04791,0.0224,0.002949,0.001717,0.001674,0.002225,0.001657,0.001511,0.01153,0.0304,0.004818,0.002166,0.004635,0.001752,0.003235,9.018E-4,0
1522769919062,true,4868.789,0,0.04855,0.02284,0.002936,0.00171,0.00169,0.002235,0.001676,0.001498,0.01225,0.02951,0.00484,0.00217,0.004629,0.001753,0.003297,8.839E-4,0
1522769919097,true,4868.847,0,0.04917,0.02319,0.002947,0.001701,0.00168,0.002247,0.001704,0.001495,0.0115,0.02988,0.004872,0.002154,0.004601,0.001768,0.003351,8.536E-4,0
1522769919132,true,4868.904,0,0.04784,0.02358,0.002968,0.001701,0.00167,0.002241,0.001723,0.001502,0.01054,0.03064,0.004916,0.002124,0.004614,0.001776,0.003363,8.482E-4,0
1522769919167,true,4868.962,0,0.04639,0.02302,0.002976,0.001705,0.001667,0.002232,0.001737,0.001509,0.01046,0.03101,0.004912,0.002122,0.004631,0.001772,0.0033,8.776E-4,0
1522769919202,true,4869.019,0,0.04681,0.02216,0.002985,0.001708,0.001689,0.002228,0.001726,0.001513,0.01118,0.03055,0.004892,0.002129,0.004658,0.001757,0.003276,8.991E-4,0
1522769919337,true,4869.064,0,0.04838,0.02222,0.002966,0.001708,0.001701,0.002234,0.001713,0.001502,0.01243,0.02939,0.004893,0.002127,0.004664,0.001749,0.003307,9.013E-4,0
1522769919372,true,4869.122,0,0.04919,0.02292,0.002953,0.001701,0.001709,0.002238,0.001721,0.001495,0.01253,0.02912,0.004924,0.002119,0.004634,0.001759,0.003362,8.699E-4,0
1522769919407,true,4869.179,0,0.04934,0.02362,0.002972,0.001694,0.001687,0.002246,0.001736,0.001503,0.01126,0.03003,0.00496,0.002097,0.004613,0.001766,0.003414,8.38E-4,0
1522769919442,true,4869.237,0,0.0478,0.02372,0.002981,0.001697,0.001667,0.002237,0.001734,0.001511,0.0104,0.03088,0.004976,0.002082,0.00463,0.001765,0.003379,8.432E-4,0
1522769919477,true,4869.294,0,0.04658,0.02301,0.002994,0.001698,0.001667,0.002229,0.001726,0.001516,0.01024,0.03128,0.004957,0.002085,0.004654,0.001752,0.003333,8.56E-4,0
1522769919637,true,4869.364,0,0.04738,0.02232,0.002977,0.001702,0.001673,0.002232,0.001694,0.001515,0.0111,0.03052,0.004926,0.002095,0.004675,0.001732,0.003338,8.569E-4,0
1522769919672,true,4869.422,0,0.04823,0.02265,0.002939,0.0017,0.001681,0.002239,0.001685,0.001503,0.01208,0.02947,0.004916,0.002104,0.004648,0.001734,0.00338,8.454E-4,0
1522769919707,true,4869.479,0,0.04885,0.02307,0.002926,0.00169,0.001663,0.00225,0.001697,0.001501,0.01172,0.02947,0.004927,0.002093,0.004597,0.001752,0.003427,8.13E-4,0
1522769919742,true,4869.537,0,0.04798,0.02364,0.002935,0.001688,0.001631,0.00225,0.001705,0.001505,0.01061,0.03017,0.004959,0.00207,0.004586,0.001762,0.003447,7.961E-4,0
1522769919777,true,4869.594,0,0.04648,0.02328,0.002944,0.001689,0.001615,0.002239,0.001712,0.001512,0.01035,0.03061,0.004967,0.002058,0.004603,0.001761,0.003389,8.231E-4,0
1522769919912,true,4869.64,0,0.04629,0.0224,0.002951,0.001692,0.001622,0.002234,0.001689,0.001522,0.01091,0.03043,0.00493,0.00207,0.004632,0.001746,0.003345,8.486E-4,0
1522769919948,true,4869.698,0,0.04787,0.02213,0.002939,0.001691,0.001626,0.002244,0.001659,0.00152,0.01218,0.02935,0.00493,0.002076,0.004664,0.001722,0.00335,8.613E-4,0
1522769919982,true,4869.755,0,0.04893,0.02275,0.002931,0.001684,0.00163,0.002249,0.001661,0.001511,0.01274,0.02873,0.004956,0.002071,0.004638,0.00173,0.003392,8.485E-4,0
1522769920017,true,4869.813,0,0.0498,0.02333,0.00295,0.001673,0.001616,0.002254,0.001673,0.001511,0.01177,0.02939,0.00499,0.002053,0.00461,0.001738,0.003446,8.194E-4,0
1522769920052,true,4869.87,0,0.0486,0.02367,0.002966,0.001679,0.00159,0.002249,0.00168,0.001518,0.01068,0.03034,0.005018,0.002033,0.004619,0.00174,0.003438,8.124E-4,0
1522769920212,true,4869.94,0,0.0472,0.02304,0.002981,0.001683,0.001583,0.002238,0.001666,0.001529,0.01037,0.03092,0.005001,0.002039,0.004639,0.001733,0.003384,8.344E-4,0
1522769920247,true,4869.998,0,0.04764,0.02224,0.002965,0.001692,0.001596,0.002237,0.001637,0.00153,0.0111,0.03037,0.004974,0.00205,0.004673,0.001711,0.003371,8.427E-4,0
1522769920282,true,4870.055,0,0.04869,0.02239,0.002936,0.00169,0.001603,0.002247,0.001615,0.001522,0.01214,0.02931,0.004969,0.002057,0.004672,0.001707,0.00341,8.381E-4,0
1522769920317,true,4870.113,0,0.04954,0.02278,0.002918,0.00168,0.0016,0.002255,0.001619,0.001518,0.01211,0.0291,0.004984,0.002053,0.004622,0.001718,0.003445,8.204E-4,0
1522769920352,true,4870.17,0,0.04917,0.02336,0.002928,0.001675,0.001566,0.002264,0.001617,0.001525,0.01105,0.02984,0.005006,0.002034,0.004596,0.00173,0.003469,7.96E-4,0
1522769920487,true,4870.215,0,0.04772,0.02316,0.002922,0.00168,0.001541,0.002253,0.001616,0.00153,0.01056,0.03031,0.005007,0.002021,0.004595,0.001734,0.003423,8.122E-4,0
1522769920522,true,4870.273,0,0.04686,0.02237,0.002918,0.001685,0.001527,0.002249,0.00159,0.00154,0.01074,0.03045,0.004971,0.002027,0.004609,0.00172,0.003355,8.377E-4,0
1522769920557,true,4870.33,0,0.0481,0.02187,0.002877,0.001691,0.001519,0.002257,0.001553,0.001538,0.01188,0.02944,0.004931,0.002034,0.004619,0.001701,0.003336,8.548E-4,0
1522769920592,true,4870.388,0,0.04914,0.02247,0.002839,0.001688,0.001505,0.002266,0.001533,0.00153,0.01288,0.02846,0.004924,0.002038,0.004594,0.0017,0.003346,8.469E-4,0
1522769920627,true,4870.445,0,0.05003,0.02301,0.002825,0.001683,0.001477,0.002277,0.001534,0.001531,0.01225,0.02884,0.004939,0.002026,0.004547,0.001712,0.003381,8.13E-4,0
1522769920787,true,4870.515,0,0.04902,0.02362,0.002828,0.001688,0.001441,0.002277,0.001528,0.001542,0.01106,0.02978,0.004959,0.002012,0.004531,0.00172,0.003373,8.058E-4,0
1522769920822,true,4870.573,0,0.04722,0.02334,0.002837,0.001693,0.001434,0.002262,0.001526,0.001547,0.01044,0.03061,0.00496,0.002009,0.004543,0.001715,0.00332,8.252E-4,0
1522769920857,true,4870.63,0,0.04707,0.02241,0.002828,0.001703,0.001439,0.002262,0.001497,0.001553,0.01095,0.03032,0.004917,0.002024,0.004571,0.001696,0.003273,8.479E-4,0
1522769920892,true,4870.688,0,0.04839,0.02218,0.002794,0.001708,0.00144,0.002275,0.001467,0.001545,0.01203,0.0292,0.004902,0.002035,0.004587,0.001683,0.003288,8.522E-4,0
1522769920927,true,4870.745,0,0.04883,0.02263,0.002761,0.001704,0.001444,0.002281,0.001468,0.001537,0.01242,0.02863,0.004914,0.002037,0.004547,0.001695,0.003326,8.333E-4,0
1522769921062,true,4870.79,0,0.0492,0.02303,0.002765,0.001698,0.001415,0.002295,0.001475,0.001543,0.01147,0.0292,0.004923,0.002027,0.004521,0.001705,0.003365,8.069E-4,0
1522769921097,true,4870.848,0,0.04772,0.02314,0.002765,0.001703,0.001385,0.002289,0.00147,0.001553,0.01082,0.02978,0.004935,0.002013,0.004529,0.001709,0.003338,8.094E-4,0
1522769921132,true,4870.905,0,0.04649,0.02235,0.002767,0.001707,0.001375,0.002283,0.001455,0.001566,0.01078,0.03014,0.004907,0.002017,0.004543,0.001703,0.003251,8.467E-4,0
1522769921167,true,4870.963,0,0.04708,0.02168,0.002745,0.001716,0.001376,0.00229,0.00142,0.001567,0.01178,0.02933,0.004866,0.002027,0.004564,0.001679,0.003222,8.687E-4,0
1522769921202,true,4871.02,0,0.04836,0.02199,0.002705,0.001717,0.001374,0.0023,0.001398,0.001558,0.01289,0.02829,0.004851,0.002033,0.004553,0.001671,0.003223,8.758E-4,0
1522769921362,true,4871.09,0,0.04913,0.02267,0.00268,0.001712,0.001357,0.00231,0.001394,0.001557,0.01257,0.02841,0.00485,0.002032,0.004501,0.001687,0.00324,8.544E-4,0
1522769921397,true,4871.148,0,0.04864,0.02345,0.002681,0.001712,0.001321,0.002317,0.00139,0.001565,0.01127,0.02946,0.004866,0.002014,0.004468,0.001697,0.003245,8.351E-4,0
1522769921432,true,4871.205,0,0.04706,0.02322,0.002676,0.001719,0.001295,0.002309,0.001386,0.001573,0.01057,0.03026,0.004855,0.002007,0.004464,0.001697,0.003175,8.541E-4,0
1522769921467,true,4871.263,0,0.0463,0.0224,0.002662,0.001731,0.001296,0.002308,0.001362,0.001579,0.01063,0.03044,0.004817,0.002018,0.004473,0.001682,0.003117,8.775E-4,0
1522769921502,true,4871.32,0,0.0473,0.02199,0.002629,0.001741,0.00131,0.002316,0.001329,0.001576,0.01161,0.02946,0.004786,0.002029,0.004484,0.001666,0.003107,8.888E-4,0
1522769921662,true,4871.39,0,0.04786,0.02251,0.002594,0.001739,0.001316,0.002326,0.001325,0.001565,0.01233,0.02862,0.004785,0.002034,0.00445,0.001673,0.00314,8.8E-4,0
1522769921697,true,4871.448,0,0.04843,0.0229,0.0026,0.001732,0.001303,0.00234,0.001335,0.001569,0.01152,0.029,0.004799,0.002024,0.004413,0.001687,0.003206,8.451E-4,0
1522769921732,true,4871.505,0,0.047,0.02335,0.0026,0.001738,0.001274,0.002343,0.001341,0.001576,0.01068,0.02965,0.004812,0.002009,0.004413,0.001695,0.003203,8.424E-4,0
1522769921767,true,4871.563,0,0.04549,0.02279,0.002597,0.001743,0.001275,0.002329,0.001333,0.001588,0.01052,0.03011,0.004776,0.00201,0.004419,0.001691,0.003147,8.674E-4,0
1522769921802,true,4871.62,0,0.04568,0.02192,0.002581,0.001752,0.001295,0.002325,0.001302,0.001592,0.01132,0.02957,0.004742,0.00202,0.004441,0.001674,0.003112,8.85E-4,0
1522769921937,true,4871.665,0,0.0471,0.02199,0.002549,0.001756,0.001291,0.002338,0.001274,0.001588,0.01256,0.02845,0.004729,0.00203,0.004444,0.001664,0.003121,8.976E-4,0
1522769921972,true,4871.723,0,0.04793,0.02263,0.002527,0.001751,0.001287,0.002346,0.001273,0.001586,0.01252,0.02822,0.004743,0.002026,0.004397,0.001681,0.003156,8.775E-4,0
1522769922007,true,4871.78,0,0.04823,0.0233,0.00253,0.00175,0.00126,0.002356,0.001273,0.001593,0.01129,0.02917,0.004773,0.002003,0.004363,0.00169,0.003189,8.457E-4,0
1522769922042,true,4871.838,0,0.04686,0.02332,0.002526,0.00176,0.00124,0.002348,0.001275,0.001599,0.01042,0.03001,0.004793,0.001987,0.004353,0.001696,0.003146,8.54E-4,0
1522769922077,true,4871.895,0,0.04585,0.02262,0.002529,0.001764,0.001241,0.002341,0.001248,0.001612,0.01011,0.0306,0.004752,0.001996,0.004362,0.001686,0.003074,8.82E-4,0
1522769922212,true,4871.941,0,0.04677,0.02196,0.002504,0.001774,0.001247,0.002346,0.001218,0.001611,0.0109,0.02986,0.004705,0.002015,0.004371,0.00167,0.003069,8.867E-4,0
1522769922247,true,4871.999,0,0.0475,0.02246,0.002469,0.001771,0.001246,0.002355,0.001196,0.001603,0.01184,0.0289,0.004683,0.002026,0.004344,0.00167,0.003095,8.714E-4,0
1522769922282,true,4872.056,0,0.04829,0.02283,0.002454,0.001765,0.001237,0.002366,0.001202,0.001602,0.01137,0.02904,0.004683,0.002024,0.004291,0.001689,0.003131,8.377E-4,0
1522769922317,true,4872.114,0,0.04744,0.02339,0.002458,0.001767,0.001212,0.002367,0.001202,0.001616,0.01044,0.02969,0.004689,0.002011,0.004266,0.001703,0.003154,8.181E-4,0
1522769922352,true,4872.171,0,0.04584,0.02303,0.002472,0.001769,0.001196,0.002361,0.001218,0.001621,0.01011,0.03015,0.004691,0.002003,0.004272,0.001708,0.003098,8.394E-4,0
1522769922512,true,4872.24,0,0.0456,0.02211,0.002492,0.001769,0.001213,0.002356,0.001192,0.00163,0.01048,0.03001,0.004652,0.002017,0.004297,0.001697,0.003054,8.663E-4,0
1522769922547,true,4872.298,0,0.04701,0.02187,0.002478,0.001772,0.001229,0.002362,0.001172,0.001624,0.01174,0.02889,0.004646,0.002025,0.004324,0.001678,0.003069,8.809E-4,0
1522769922582,true,4872.355,0,0.04817,0.02238,0.002465,0.001765,0.001245,0.002366,0.001175,0.001613,0.01245,0.02819,0.004674,0.002019,0.004302,0.001683,0.00311,8.663E-4,0
1522769922617,true,4872.413,0,0.04896,0.02301,0.002483,0.001758,0.001235,0.002374,0.001187,0.001614,0.01147,0.02884,0.004706,0.002004,0.004271,0.001694,0.003163,8.363E-4,0
1522769922652,true,4872.47,0,0.04781,0.02338,0.002498,0.001767,0.001219,0.002365,0.0012,0.00162,0.01019,0.02991,0.004739,0.001987,0.004259,0.001706,0.003146,8.331E-4,0
1522769922812,true,4872.54,0,0.0465,0.02281,0.002506,0.001777,0.001222,0.002353,0.001196,0.001627,0.009724,0.03069,0.004731,0.00199,0.004281,0.0017,0.003082,8.563E-4,0
1522769922847,true,4872.598,0,0.0469,0.02199,0.002507,0.001783,0.001236,0.002356,0.001172,0.001627,0.01029,0.03024,0.004707,0.002002,0.00431,0.001681,0.003071,8.685E-4,0
1522769922882,true,4872.655,0,0.04801,0.02212,0.002484,0.001783,0.00125,0.002363,0.001156,0.00162,0.01132,0.02924,0.004707,0.00201,0.004316,0.001673,0.003115,8.629E-4,0
1522769922917,true,4872.713,0,0.04876,0.02254,0.002473,0.001776,0.001254,0.002371,0.001172,0.001611,0.01137,0.02895,0.004713,0.002009,0.004287,0.001686,0.003162,8.281E-4,0
1522769922952,true,4872.77,0,0.04861,0.02304,0.002479,0.001777,0.00123,0.002379,0.001184,0.001621,0.01027,0.02964,0.004727,0.002002,0.004257,0.001701,0.003207,7.997E-4,0
1522769923087,true,4872.816,0,0.04713,0.02278,0.002487,0.001781,0.001206,0.002372,0.001194,0.001627,0.009538,0.03033,0.004742,0.00199,0.004252,0.00171,0.003164,8.1E-4,0
1522769923122,true,4872.874,0,0.04628,0.02194,0.002496,0.001784,0.001205,0.002367,0.001185,0.001634,0.00981,0.03042,0.004708,0.002004,0.004259,0.001703,0.003102,8.366E-4,0
1522769923157,true,4872.931,0,0.04733,0.02138,0.002482,0.001787,0.001217,0.002372,0.001166,0.00163,0.01096,0.02942,0.004686,0.002017,0.004277,0.001692,0.003103,8.532E-4,0
1522769923192,true,4872.989,0,0.04844,0.02193,0.002476,0.001781,0.001225,0.00238,0.00117,0.001617,0.01207,0.02839,0.004709,0.00202,0.004275,0.001689,0.003134,8.492E-4,0
1522769923227,true,4873.046,0,0.04967,0.02242,0.002492,0.001771,0.001228,0.002385,0.001187,0.001616,0.01145,0.02868,0.004751,0.002009,0.004249,0.001705,0.003193,8.22E-4,0
1522769923387,true,4873.115,0,0.04879,0.02313,0.002528,0.001769,0.001215,0.002383,0.001205,0.001623,0.0103,0.02961,0.004793,0.001991,0.00426,0.001708,0.003205,8.127E-4,0
1522769923422,true,4873.173,0,0.04729,0.02273,0.002554,0.001772,0.00122,0.00237,0.001223,0.001626,0.00964,0.0304,0.004802,0.001987,0.004287,0.001707,0.003155,8.321E-4,0
1522769923457,true,4873.23,0,0.04738,0.02184,0.00257,0.001777,0.001246,0.002364,0.001211,0.001627,0.01005,0.03024,0.004778,0.002,0.004325,0.001687,0.003121,8.545E-4,0
1522769923492,true,4873.288,0,0.04863,0.0217,0.002565,0.001776,0.001262,0.002374,0.0012,0.001616,0.01112,0.02916,0.004779,0.002008,0.004356,0.001671,0.003157,8.6E-4,0
1522769923527,true,4873.345,0,0.04942,0.02219,0.002556,0.001768,0.001278,0.00238,0.001223,0.001601,0.01148,0.02862,0.004798,0.002013,0.004328,0.001685,0.003224,8.352E-4,0
1522769923663,true,4873.391,0,0.04988,0.02257,0.002575,0.001763,0.00127,0.002386,0.001238,0.001604,0.01048,0.02929,0.004825,0.001999,0.004291,0.001701,0.003288,8.009E-4,0
1522769923698,true,4873.449,0,0.04825,0.02276,0.002596,0.001765,0.001254,0.00238,0.001255,0.001609,0.009706,0.02991,0.004845,0.001986,0.004288,0.001712,0.003283,8.036E-4,0
1522769923733,true,4873.506,0,0.04693,0.022,0.002614,0.001767,0.00125,0.002369,0.001256,0.001616,0.009546,0.03035,0.004823,0.001992,0.004306,0.0017,0.003218,8.315E-4,0
1522769923768,true,4873.564,0,0.04755,0.02125,0.002608,0.001769,0.001261,0.002374,0.001237,0.001615,0.01044,0.02963,0.004785,0.002008,0.004333,0.001683,0.00319,8.583E-4,0
1522769923802,true,4873.621,0,0.04879,0.02149,0.002586,0.001763,0.00126,0.002382,0.001227,0.001604,0.01165,0.02847,0.004787,0.002009,0.004315,0.001677,0.00321,8.558E-4,0
1522769923962,true,4873.691,0,0.04947,0.0221,0.002587,0.001749,0.001258,0.002389,0.00124,0.001598,0.0115,0.02844,0.004805,0.002003,0.004269,0.00169,0.003252,8.25E-4,0
1522769923997,true,4873.749,0,0.049,0.02293,0.002598,0.001744,0.001227,0.00239,0.001245,0.001603,0.01032,0.02929,0.00483,0.001986,0.004248,0.001697,0.003269,8.015E-4,0
1522769924032,true,4873.806,0,0.04728,0.02275,0.002611,0.001748,0.00121,0.002377,0.001255,0.001605,0.009704,0.03005,0.004827,0.00198,0.00426,0.001693,0.003195,8.227E-4,0
1522769924067,true,4873.864,0,0.04659,0.02199,0.002628,0.001749,0.001231,0.002365,0.001245,0.00161,0.009947,0.03012,0.004794,0.001993,0.004282,0.001679,0.003144,8.447E-4,0
1522769924102,true,4873.921,0,0.04768,0.02165,0.002629,0.001747,0.001252,0.002367,0.001228,0.001602,0.01096,0.02915,0.004774,0.002005,0.004309,0.001662,0.003148,8.524E-4,0
1522769924238,true,4873.966,0,0.04848,0.02213,0.002619,0.001739,0.001264,0.002375,0.001247,0.001586,0.01163,0.02831,0.004777,0.002012,0.004293,0.001665,0.003191,8.367E-4,0
1522769924272,true,4874.024,0,0.0491,0.02255,0.002628,0.001728,0.001263,0.002383,0.001273,0.001583,0.01081,0.02881,0.004794,0.002001,0.004255,0.001681,0.003252,7.993E-4,0
1522769924307,true,4874.081,0,0.04773,0.02301,0.002655,0.001727,0.001252,0.002374,0.001277,0.001593,0.009776,0.0295,0.004819,0.00198,0.004253,0.001689,0.00326,7.834E-4,0
1522769924342,true,4874.139,0,0.04606,0.02247,0.002674,0.001728,0.001259,0.002357,0.001285,0.001598,0.009518,0.02993,0.004807,0.00198,0.004264,0.001686,0.003197,8.096E-4,0
1522769924378,true,4874.196,0,0.04617,0.02157,0.002675,0.001726,0.001274,0.002355,0.001269,0.001602,0.01028,0.02936,0.004775,0.00199,0.004287,0.001667,0.003163,8.318E-4,0
1522769924537,true,4874.266,0,0.04755,0.02155,0.002657,0.001719,0.001284,0.00236,0.001258,0.001589,0.01158,0.0282,0.004769,0.001994,0.004281,0.001661,0.003178,8.433E-4,0
1522769924572,true,4874.324,0,0.0484,0.02212,0.002644,0.00171,0.0013,0.002362,0.001276,0.001579,0.01176,0.02778,0.004784,0.001989,0.004241,0.00167,0.003213,8.194E-4,0
1522769924607,true,4874.381,0,0.04881,0.02271,0.002659,0.001701,0.001284,0.002362,0.001283,0.001584,0.01067,0.02853,0.004807,0.001971,0.004207,0.001678,0.003243,7.935E-4,0
1522769924642,true,4874.439,0,0.04727,0.02281,0.002681,0.001697,0.001266,0.002349,0.001289,0.001588,0.009828,0.02931,0.004822,0.001955,0.004206,0.001682,0.0032,8.013E-4,0
1522769924677,true,4874.496,0,0.04611,0.02211,0.002692,0.001695,0.001268,0.002339,0.001275,0.001596,0.00967,0.02979,0.004784,0.001963,0.004227,0.001666,0.003124,8.254E-4,0
1522769924813,true,4874.541,0,0.04663,0.02154,0.002677,0.001696,0.001277,0.002339,0.001243,0.001593,0.01061,0.02896,0.004737,0.001982,0.004247,0.001642,0.003108,8.347E-4,0
1522769924848,true,4874.599,0,0.04749,0.0219,0.002645,0.001689,0.001281,0.002347,0.001234,0.001579,0.01157,0.02794,0.004717,0.001988,0.00422,0.001638,0.003123,8.286E-4,0
1522769924883,true,4874.656,0,0.04814,0.02233,0.002638,0.001677,0.001278,0.002352,0.001249,0.001573,0.01125,0.02795,0.004718,0.00198,0.004178,0.001648,0.003163,7.951E-4,0
1522769924918,true,4874.714,0,0.04718,0.02291,0.002647,0.001672,0.001262,0.002349,0.001258,0.001579,0.01012,0.02865,0.004732,0.001961,0.004161,0.001655,0.00318,7.763E-4,0
1522769924953,true,4874.771,0,0.04552,0.02249,0.002662,0.001672,0.001255,0.002335,0.001276,0.001583,0.009825,0.02907,0.004732,0.001955,0.004167,0.001657,0.003132,7.907E-4,0
1522769925112,true,4874.841,0,0.04513,0.0216,0.002671,0.001671,0.001273,0.00233,0.00126,0.001591,0.01036,0.02884,0.004707,0.001961,0.004194,0.001642,0.003098,8.089E-4,0
1522769925147,true,4874.899,0,0.0465,0.02129,0.00265,0.001672,0.001291,0.002333,0.001245,0.001584,0.01171,0.02767,0.004693,0.001965,0.00421,0.001626,0.003097,8.221E-4,0
1522769925182,true,4874.956,0,0.04755,0.02183,0.002637,0.001662,0.001308,0.002334,0.001251,0.001574,0.01238,0.02685,0.004701,0.001961,0.004172,0.001636,0.003132,8.058E-4,0
1522769925217,true,4875.014,0,0.04836,0.02238,0.002646,0.001652,0.001299,0.002339,0.001268,0.001574,0.01151,0.02741,0.004717,0.00195,0.004139,0.001647,0.003174,7.814E-4,0
1522769925252,true,4875.071,0,0.04713,0.02282,0.002663,0.001652,0.001278,0.002335,0.001283,0.001578,0.01044,0.0283,0.004745,0.001928,0.004129,0.001653,0.003162,7.808E-4,0
1522769925387,true,4875.116,0,0.04588,0.02223,0.002682,0.001652,0.001288,0.002321,0.001292,0.00158,0.01,0.029,0.004723,0.00193,0.004144,0.001646,0.0031,7.998E-4,0
1522769925422,true,4875.174,0,0.04627,0.02141,0.002683,0.001655,0.001313,0.002319,0.001266,0.00158,0.01077,0.02843,0.004679,0.001947,0.004176,0.001621,0.003071,8.178E-4,0
1522769925457,true,4875.231,0,0.04727,0.0215,0.002658,0.001654,0.001323,0.002325,0.001265,0.001567,0.01172,0.0274,0.004648,0.001962,0.004177,0.001609,0.003101,8.185E-4,0
1522769925492,true,4875.289,0,0.04788,0.02192,0.002646,0.001643,0.001333,0.002331,0.001289,0.001554,0.01173,0.02713,0.004653,0.001962,0.004136,0.001622,0.003135,7.895E-4,0
1522769925527,true,4875.346,0,0.04775,0.02234,0.002657,0.00164,0.001319,0.002335,0.00131,0.001558,0.01057,0.0279,0.004663,0.001948,0.004115,0.001631,0.00319,7.57E-4,0
1522769925663,true,4875.391,0,0.0461,0.02219,0.002662,0.001642,0.001302,0.002325,0.001326,0.001562,0.009953,0.02845,0.004665,0.001935,0.004106,0.00164,0.003148,7.621E-4,0
1522769925698,true,4875.449,0,0.04518,0.02137,0.00266,0.001646,0.001314,0.002311,0.001312,0.001571,0.01023,0.02849,0.004625,0.001943,0.004123,0.001624,0.00307,7.891E-4,0
1522769925733,true,4875.506,0,0.04616,0.02076,0.002634,0.001652,0.001319,0.002317,0.001298,0.001566,0.01142,0.02744,0.004596,0.00195,0.004134,0.001613,0.003051,8.052E-4,0
1522769925768,true,4875.564,0,0.04727,0.02131,0.002616,0.001644,0.001326,0.002322,0.001302,0.001551,0.01257,0.02635,0.004597,0.001953,0.004112,0.001618,0.003071,8.049E-4,0
1522769925803,true,4875.621,0,0.04817,0.02186,0.002621,0.001637,0.001323,0.002328,0.00133,0.001546,0.01211,0.02662,0.004617,0.001942,0.004074,0.001636,0.003114,7.761E-4,0
1522769925963,true,4875.692,0,0.04731,0.02254,0.002649,0.001634,0.001314,0.00232,0.001353,0.00155,0.01096,0.02749,0.004655,0.001921,0.004079,0.001642,0.003133,7.651E-4,0
1522769925998,true,4875.75,0,0.04573,0.02221,0.002669,0.001636,0.00131,0.002307,0.001371,0.001553,0.01039,0.02832,0.004656,0.001917,0.004112,0.001635,0.003063,7.93E-4,0
1522769926032,true,4875.807,0,0.04572,0.02134,0.002677,0.00164,0.00133,0.002304,0.001355,0.001555,0.01083,0.02813,0.00462,0.001933,0.00415,0.001615,0.00303,8.11E-4,0
1522769926067,true,4875.865,0,0.04713,0.02115,0.002667,0.001639,0.001347,0.00231,0.001352,0.001545,0.01184,0.02724,0.004609,0.001942,0.004176,0.001596,0.003058,8.195E-4,0
1522769926102,true,4875.922,0,0.04787,0.0216,0.002657,0.001631,0.001362,0.002313,0.001365,0.001533,0.01213,0.0268,0.004605,0.001951,0.004149,0.001606,0.00311,8.002E-4,0
1522769926263,true,4875.992,0,0.04837,0.02199,0.002668,0.001626,0.001352,0.002321,0.00139,0.001534,0.011,0.02754,0.004631,0.00194,0.004113,0.001625,0.003168,7.661E-4,0
1522769926298,true,4876.05,0,0.0467,0.02207,0.002672,0.001631,0.001345,0.002311,0.001409,0.001539,0.01018,0.02823,0.004644,0.001926,0.004115,0.001635,0.003153,7.698E-4,0
1522769926333,true,4876.107,0,0.04535,0.02132,0.002685,0.001632,0.001345,0.002302,0.001419,0.001546,0.01016,0.0286,0.00461,0.001935,0.004135,0.001628,0.003083,7.958E-4,0
1522769926368,true,4876.165,0,0.04597,0.02053,0.002672,0.001638,0.001359,0.002302,0.001408,0.001544,0.01113,0.02781,0.004565,0.001954,0.004166,0.001606,0.003055,8.167E-4,0
1522769926402,true,4876.222,0,0.04713,0.02075,0.002637,0.001638,0.00137,0.002307,0.001405,0.001532,0.01249,0.0266,0.00455,0.001968,0.004154,0.001604,0.003071,8.221E-4,0
1522769926563,true,4876.291,0,0.04795,0.02137,0.002629,0.001626,0.001369,0.002314,0.001423,0.001526,0.01234,0.02655,0.004554,0.001966,0.004104,0.00162,0.003118,7.929E-4,0
1522769926598,true,4876.349,0,0.04766,0.02209,0.002638,0.001627,0.00135,0.002314,0.001442,0.00153,0.0111,0.02754,0.004585,0.001947,0.004089,0.001633,0.003123,7.799E-4,0
1522769926633,true,4876.406,0,0.04621,0.02199,0.002659,0.001629,0.001344,0.002304,0.001463,0.001532,0.01038,0.02841,0.004601,0.001938,0.004103,0.001639,0.003062,8.047E-4,0
1522769926668,true,4876.464,0,0.04558,0.02122,0.002671,0.001635,0.001366,0.002293,0.001461,0.001533,0.01043,0.02871,0.004573,0.00195,0.004157,0.001619,0.003021,8.256E-4,0
1522769926702,true,4876.521,0,0.04664,0.0209,0.002664,0.001636,0.001391,0.002297,0.001451,0.001524,0.01142,0.02789,0.004559,0.001967,0.004197,0.0016,0.00304,8.357E-4,0
1522769926838,true,4876.567,0,0.04726,0.02146,0.002651,0.00163,0.001416,0.002299,0.001469,0.001507,0.01212,0.02715,0.004564,0.001981,0.004188,0.001606,0.00309,8.222E-4,0
1522769926873,true,4876.625,0,0.04765,0.02197,0.00265,0.001625,0.001421,0.002309,0.00149,0.001502,0.01145,0.02763,0.004585,0.001978,0.004165,0.001623,0.003161,7.859E-4,0
1522769926908,true,4876.682,0,0.04624,0.02245,0.002661,0.001628,0.001408,0.002306,0.001503,0.00151,0.01047,0.02835,0.004613,0.001966,0.004162,0.001632,0.003183,7.763E-4,0
1522769926943,true,4876.74,0,0.04454,0.02194,0.002677,0.001628,0.001399,0.002297,0.001517,0.001517,0.01028,0.02882,0.004603,0.001972,0.004187,0.001629,0.003118,8.055E-4,0
1522769926978,true,4876.797,0,0.04461,0.02104,0.00268,0.001631,0.001419,0.002295,0.00151,0.001518,0.01102,0.02838,0.004561,0.001993,0.004222,0.001615,0.003096,8.253E-4,0
1522769927113,true,4876.842,0,0.04587,0.02099,0.002656,0.001631,0.001437,0.002299,0.0015,0.001508,0.01247,0.02717,0.004562,0.002002,0.004226,0.001606,0.003103,8.436E-4,0
1522769927148,true,4876.9,0,0.04675,0.02161,0.002642,0.001622,0.00145,0.002302,0.00152,0.001498,0.01296,0.02672,0.004578,0.002002,0.004198,0.001617,0.003145,8.232E-4,0
1522769927183,true,4876.957,0,0.04721,0.02217,0.002643,0.001616,0.001428,0.00231,0.001529,0.001506,0.01192,0.02757,0.004614,0.001986,0.004172,0.00163,0.003173,8.008E-4,0
1522769927218,true,4877.015,0,0.04571,0.02237,0.002648,0.001619,0.001409,0.002301,0.001532,0.001513,0.01108,0.02846,0.004633,0.001972,0.004173,0.001637,0.003125,8.118E-4,0
1522769927253,true,4877.072,0,0.04464,0.02173,0.002644,0.001627,0.001414,0.002288,0.001522,0.00152,0.01095,0.029,0.004604,0.001985,0.004186,0.001627,0.003056,8.342E-4,0
1522769927413,true,4877.142,0,0.04549,0.02119,0.002633,0.001632,0.001429,0.002291,0.001486,0.001521,0.01181,0.02844,0.004582,0.002001,0.004217,0.00161,0.003048,8.444E-4,0
1522769927448,true,4877.2,0,0.04632,0.02165,0.002604,0.001631,0.001436,0.002299,0.001483,0.001509,0.01288,0.02749,0.004587,0.002009,0.004222,0.001608,0.003086,8.38E-4,0
1522769927483,true,4877.257,0,0.04702,0.02216,0.002602,0.001625,0.001441,0.00231,0.001496,0.001507,0.0124,0.02773,0.004621,0.002008,0.004196,0.001625,0.003153,8.102E-4,0
1522769927518,true,4877.315,0,0.0461,0.0228,0.002622,0.001625,0.001422,0.002313,0.001517,0.001513,0.01135,0.02853,0.004653,0.001998,0.004195,0.001639,0.003195,7.907E-4,0
1522769927553,true,4877.372,0,0.04452,0.02246,0.002631,0.001632,0.001416,0.002306,0.001535,0.001518,0.01098,0.02908,0.004665,0.001998,0.004222,0.001638,0.003167,8.101E-4,0
1522769927688,true,4877.417,0,0.0439,0.02167,0.002643,0.001635,0.00143,0.002303,0.001522,0.001524,0.01146,0.02899,0.004634,0.00202,0.004253,0.001629,0.003135,8.324E-4,0
1522769927723,true,4877.475,0,0.04523,0.02133,0.002613,0.001639,0.001451,0.002311,0.001506,0.001516,0.01278,0.02792,0.004628,0.002029,0.004279,0.001619,0.003155,8.468E-4,0
1522769927758,true,4877.532,0,0.04645,0.02178,0.002595,0.001632,0.001457,0.002322,0.001513,0.001507,0.01358,0.02725,0.004644,0.002041,0.004266,0.001624,0.003204,8.365E-4,0
1522769927793,true,4877.59,0,0.04721,0.02235,0.002604,0.001625,0.001446,0.00233,0.001531,0.001506,0.01281,0.02779,0.004682,0.002028,0.004231,0.001639,0.003252,8.123E-4,0
1522769927828,true,4877.647,0,0.04604,0.0228,0.002618,0.001625,0.001422,0.002324,0.001539,0.001513,0.01185,0.02862,0.004717,0.002013,0.004245,0.001644,0.003235,8.151E-4,0
1522769927988,true,4877.717,0,0.04485,0.02221,0.002614,0.00163,0.001415,0.002314,0.001536,0.001518,0.01152,0.02937,0.004702,0.002019,0.004275,0.001635,0.003166,8.46E-4,0
1522769928023,true,4877.775,0,0.04539,0.02136,0.002603,0.001635,0.00143,0.002313,0.001511,0.00152,0.01215,0.02899,0.00468,0.002035,0.004296,0.00162,0.003145,8.6E-4,0
1522769928058,true,4877.832,0,0.04655,0.02151,0.002568,0.001634,0.001441,0.002319,0.001492,0.001508,0.01325,0.028,0.004675,0.002048,0.004302,0.001615,0.003174,8.593E-4,0
1522769928093,true,4877.89,0,0.04735,0.02198,0.002542,0.001624,0.001446,0.002328,0.0015,0.001498,0.01316,0.02791,0.004683,0.002052,0.00426,0.001628,0.00322,8.321E-4,0
1522769928128,true,4877.947,0,0.04723,0.0225,0.002544,0.001617,0.001415,0.002336,0.001495,0.001508,0.012,0.02879,0.004702,0.002041,0.004235,0.001643,0.003259,8.038E-4,0
1522769928288,true,4878.017,0,0.04549,0.02243,0.002536,0.001624,0.001394,0.002328,0.001494,0.001516,0.01141,0.02938,0.00471,0.002038,0.004239,0.001649,0.003231,8.104E-4,0
1522769928323,true,4878.075,0,0.04454,0.0216,0.002537,0.001625,0.001408,0.00232,0.001485,0.001523,0.01155,0.0296,0.004691,0.00205,0.004262,0.001642,0.003193,8.247E-4,0
1522769928358,true,4878.132,0,0.04562,0.02103,0.002522,0.001627,0.00142,0.002329,0.001466,0.00152,0.0126,0.02867,0.004679,0.00206,0.004296,0.001624,0.003188,8.438E-4,0
1522769928393,true,4878.19,0,0.0466,0.02156,0.002485,0.001623,0.001425,0.002337,0.00146,0.001508,0.01358,0.02767,0.004698,0.002061,0.00429,0.001632,0.003244,8.358E-4,0
1522769928428,true,4878.247,0,0.04745,0.02208,0.002479,0.001613,0.001416,0.002348,0.001475,0.001507,0.0131,0.02788,0.004735,0.002052,0.004261,0.001646,0.003302,8.068E-4,0
1522769928563,true,4878.292,0,0.04657,0.02278,0.002479,0.001613,0.001388,0.002346,0.001475,0.001519,0.01201,0.02871,0.004775,0.002033,0.00427,0.001651,0.003329,7.904E-4,0
1522769928598,true,4878.35,0,0.04505,0.02243,0.002478,0.001616,0.001383,0.002335,0.001473,0.001528,0.0115,0.02941,0.004779,0.002037,0.004296,0.001649,0.003282,8.127E-4,0
1522769928633,true,4878.407,0,0.04506,0.02158,0.00247,0.001618,0.001398,0.002329,0.001452,0.00153,0.01181,0.02934,0.004749,0.002056,0.00433,0.001632,0.003231,8.369E-4,0
1522769928668,true,4878.465,0,0.04647,0.02137,0.002436,0.001619,0.001409,0.002337,0.001425,0.00152,0.01286,0.02832,0.004738,0.002065,0.004351,0.001614,0.003233,8.476E-4,0
1522769928703,true,4878.522,0,0.04735,0.02186,0.002405,0.001611,0.001412,0.002344,0.001424,0.00151,0.01307,0.02788,0.004759,0.002064,0.004329,0.001622,0.003269,8.281E-4,0
1522769928863,true,4878.593,0,0.04776,0.02233,0.002401,0.001604,0.001393,0.002352,0.00143,0.001514,0.01195,0.02858,0.00478,0.002053,0.004301,0.001628,0.003311,7.972E-4,0
1522769928898,true,4878.651,0,0.04617,0.02249,0.002396,0.001603,0.001368,0.002347,0.001428,0.001521,0.01103,0.02935,0.004796,0.002039,0.004295,0.001636,0.003301,7.982E-4,0
1522769928933,true,4878.708,0,0.04474,0.02174,0.002386,0.001605,0.00136,0.002338,0.001416,0.001527,0.01079,0.02971,0.004767,0.002043,0.004304,0.001631,0.003242,8.256E-4,0
1522769928968,true,4878.766,0,0.04531,0.02096,0.002353,0.001611,0.001367,0.002338,0.001388,0.001524,0.01173,0.02891,0.004716,0.002059,0.004314,0.001614,0.003225,8.436E-4,0
1522769929003,true,4878.823,0,0.04651,0.02119,0.0023,0.001608,0.001359,0.002348,0.00136,0.001512,0.01298,0.02771,0.004703,0.002065,0.004301,0.001608,0.003225,8.477E-4,0
1522769929138,true,4878.867,0,0.04735,0.02169,0.002268,0.001601,0.001349,0.002359,0.001354,0.00151,0.01292,0.02761,0.004712,0.002062,0.004248,0.001626,0.003249,8.241E-4,0
1522769929173,true,4878.925,0,0.04695,0.02243,0.002261,0.001599,0.001323,0.002361,0.001354,0.001514,0.0118,0.0284,0.004737,0.002048,0.004222,0.001636,0.003274,7.99E-4,0
1522769929208,true,4878.982,0,0.0455,0.02226,0.00226,0.0016,0.001311,0.002348,0.001354,0.001522,0.01102,0.0292,0.004743,0.002043,0.004239,0.001636,0.003222,8.184E-4,0
1522769929243,true,4879.04,0,0.0449,0.02149,0.002255,0.001602,0.001326,0.00234,0.001336,0.001526,0.01109,0.02948,0.004716,0.002052,0.004272,0.001617,0.003175,8.395E-4,0
1522769929278,true,4879.097,0,0.04616,0.02104,0.002221,0.001607,0.001347,0.002345,0.001312,0.001516,0.01195,0.02861,0.004688,0.002066,0.004306,0.001596,0.00317,8.532E-4,0
1522769929413,true,4879.142,0,0.04683,0.0216,0.00219,0.0016,0.00135,0.002355,0.001305,0.001506,0.01266,0.02783,0.00469,0.002074,0.004291,0.001596,0.003197,8.436E-4,0
1522769929448,true,4879.2,0,0.04752,0.02191,0.002182,0.001593,0.001339,0.002366,0.00132,0.001503,0.01172,0.02832,0.004704,0.002069,0.00425,0.001608,0.003241,8.183E-4,0
1522769929483,true,4879.257,0,0.04628,0.02235,0.002178,0.001593,0.00131,0.002366,0.001332,0.001506,0.01065,0.02909,0.004732,0.00205,0.004241,0.001616,0.003248,8.016E-4,0
1522769929518,true,4879.315,0,0.04472,0.02175,0.002172,0.001597,0.001304,0.002352,0.001331,0.001511,0.01032,0.0296,0.004722,0.002053,0.004251,0.00161,0.003179,8.257E-4,0
1522769929553,true,4879.372,0,0.04482,0.02085,0.002159,0.0016,0.001308,0.002352,0.001296,0.001516,0.01101,0.02908,0.004672,0.002071,0.004261,0.001595,0.003134,8.461E-4,0
1522769929713,true,4879.442,0,0.04625,0.02072,0.00212,0.001599,0.001313,0.002359,0.001267,0.001507,0.01219,0.02792,0.004639,0.002084,0.004262,0.001582,0.003147,8.549E-4,0
1522769929748,true,4879.5,0,0.0473,0.02113,0.002085,0.001591,0.001308,0.002368,0.001262,0.0015,0.0124,0.02741,0.004641,0.002084,0.004209,0.001595,0.003158,8.413E-4,0
1522769929783,true,4879.557,0,0.04767,0.02172,0.002076,0.001591,0.001277,0.002373,0.001255,0.001504,0.01134,0.0281,0.004654,0.002071,0.00416,0.001605,0.003194,8.097E-4,0
1522769929818,true,4879.615,0,0.04632,0.02184,0.00206,0.0016,0.001236,0.002368,0.001244,0.001513,0.01057,0.02879,0.004664,0.002053,0.004144,0.001604,0.003147,8.151E-4,0
1522769929853,true,4879.672,0,0.0452,0.02113,0.002048,0.001607,0.001219,0.002362,0.001219,0.00152,0.01032,0.02938,0.004633,0.002055,0.004137,0.001592,0.003053,8.489E-4,0
1522769930013,true,4879.743,0,0.04596,0.02046,0.002013,0.001616,0.001208,0.002368,0.001175,0.001518,0.01116,0.02866,0.004572,0.002073,0.004134,0.001572,0.003019,8.641E-4,0
1522769930048,true,4879.801,0,0.04683,0.02082,0.001972,0.001616,0.001201,0.002376,0.001154,0.001504,0.01213,0.02759,0.00455,0.002082,0.004121,0.001561,0.00303,8.6E-4,0
1522769930083,true,4879.858,0,0.04747,0.02125,0.001955,0.001608,0.001191,0.002388,0.001161,0.001501,0.01158,0.02775,0.004552,0.002083,0.004066,0.00158,0.003071,8.318E-4,0
1522769930118,true,4879.916,0,0.04652,0.02185,0.001956,0.00161,0.001165,0.00239,0.001166,0.001506,0.01036,0.02862,0.004565,0.002071,0.00404,0.001588,0.00309,8.158E-4,0
1522769930153,true,4879.973,0,0.04493,0.02146,0.001952,0.001618,0.001154,0.002384,0.00117,0.001512,0.009863,0.02922,0.00455,0.00207,0.004041,0.001591,0.003039,8.314E-4,0
1522769930288,true,4880.018,0,0.04432,0.02055,0.001948,0.001624,0.001162,0.002379,0.001152,0.001518,0.01027,0.02898,0.004504,0.002085,0.004052,0.001576,0.002996,8.5E-4,0
1522769930323,true,4880.076,0,0.04551,0.02019,0.001911,0.001631,0.00116,0.002389,0.001127,0.001508,0.01154,0.02784,0.004473,0.002099,0.00406,0.001563,0.002999,8.683E-4,0
1522769930358,true,4880.133,0,0.04649,0.02064,0.001881,0.001627,0.001154,0.002402,0.001126,0.001497,0.01228,0.02703,0.004476,0.002103,0.004022,0.001568,0.003019,8.574E-4,0
1522769930393,true,4880.191,0,0.04748,0.02106,0.001879,0.001624,0.001125,0.002413,0.001138,0.001497,0.01148,0.02755,0.0045,0.002088,0.003954,0.001584,0.003053,8.291E-4,0
1522769930428,true,4880.248,0,0.04629,0.02152,0.001885,0.001626,0.0011,0.002405,0.001136,0.001503,0.01049,0.02838,0.004513,0.002072,0.003925,0.001591,0.003023,8.282E-4,0
1522769930563,true,4880.293,0,0.0449,0.021,0.001886,0.001631,0.001091,0.002393,0.00112,0.001511,0.009992,0.02921,0.004493,0.002072,0.00393,0.001583,0.002935,8.579E-4,0
1522769930598,true,4880.351,0,0.04518,0.02026,0.001869,0.00164,0.001093,0.002394,0.001078,0.001515,0.01052,0.0288,0.004446,0.002087,0.003929,0.001565,0.002878,8.782E-4,0
1522769930633,true,4880.408,0,0.04634,0.02038,0.001833,0.001643,0.00109,0.002403,0.001045,0.001505,0.01153,0.02777,0.004429,0.002095,0.003914,0.001555,0.002888,8.806E-4,0
1522769930668,true,4880.466,0,0.04713,0.02085,0.001809,0.001638,0.001083,0.002411,0.001041,0.001498,0.01148,0.02751,0.004421,0.002098,0.003863,0.001562,0.002912,8.532E-4,0
1522769930703,true,4880.523,0,0.04694,0.02136,0.0018,0.00164,0.00105,0.002417,0.001032,0.001506,0.01017,0.02831,0.004422,0.002084,0.00382,0.001573,0.002939,8.206E-4,0
1522769930863,true,4880.593,0,0.04535,0.02121,0.001786,0.001649,0.00102,0.002411,0.001023,0.001512,0.009461,0.02896,0.004398,0.002081,0.003799,0.001583,0.002875,8.355E-4,0
1522769930898,true,4880.651,0,0.04415,0.02045,0.001785,0.001655,0.001023,0.002405,9.968E-4,0.001523,0.009691,0.02908,0.004351,0.002093,0.003793,0.001575,0.00281,8.57E-4,0
1522769930933,true,4880.708,0,0.04481,0.01995,0.001763,0.001662,0.001033,0.002411,9.603E-4,0.001523,0.01072,0.02814,0.004312,0.002108,0.003795,0.001563,0.002789,8.795E-4,0
1522769930968,true,4880.766,0,0.04558,0.02039,0.001737,0.00166,0.001034,0.002424,9.519E-4,0.00151,0.01193,0.02705,0.004305,0.002112,0.003768,0.001566,0.002833,8.696E-4,0
1522769931003,true,4880.823,0,0.04655,0.02088,0.001731,0.001651,0.001027,0.002434,9.619E-4,0.001506,0.01159,0.02719,0.00432,0.002104,0.003715,0.001583,0.002867,8.472E-4,0
1522769931163,true,4880.893,0,0.04564,0.02162,0.001736,0.001657,9.977E-4,0.002437,9.658E-4,0.001514,0.01054,0.02796,0.00435,0.002082,0.003691,0.001591,0.002855,8.407E-4,0
1522769931198,true,4880.951,0,0.04406,0.02129,0.001746,0.001664,9.823E-4,0.00243,9.662E-4,0.00152,0.01005,0.02869,0.004344,0.002074,0.003685,0.001593,0.002779,8.684E-4,0
1522769931233,true,4881.008,0,0.04394,0.02047,0.001751,0.001668,9.848E-4,0.00243,9.367E-4,0.001522,0.01036,0.02866,0.0043,0.00209,0.003689,0.001579,0.002705,8.959E-4,0
1522769931268,true,4881.066,0,0.04535,0.02029,0.00173,0.001671,9.861E-4,0.002443,9.081E-4,0.001516,0.01135,0.02774,0.004276,0.002101,0.003688,0.001566,0.002693,9.086E-4,0
1522769931303,true,4881.123,0,0.04607,0.02082,0.001703,0.00167,9.971E-4,0.002453,8.956E-4,0.001511,0.01161,0.02728,0.004276,0.002105,0.003644,0.001581,0.002701,8.925E-4,0
1522769931438,true,4881.168,0,0.04649,0.0213,0.001709,0.001665,9.823E-4,0.002465,9.016E-4,0.001513,0.01053,0.02803,0.004271,0.002103,0.003597,0.001591,0.00273,8.632E-4,0
1522769931473,true,4881.226,0,0.04494,0.02155,0.001705,0.001673,9.585E-4,0.002461,8.92E-4,0.001526,0.009565,0.02886,0.004266,0.002093,0.003582,0.001593,0.0027,8.631E-4,0
1522769931508,true,4881.283,0,0.04359,0.02085,0.001704,0.00168,9.52E-4,0.002457,8.786E-4,0.001536,0.009371,0.02929,0.00422,0.002103,0.003573,0.001591,0.002618,8.9E-4,0
1522769931543,true,4881.341,0,0.04412,0.02014,0.001681,0.001689,9.571E-4,0.002466,8.356E-4,0.001543,0.01024,0.02856,0.004163,0.00212,0.003579,0.001577,0.002568,9.123E-4,0
1522769931578,true,4881.398,0,0.04537,0.02036,0.001644,0.001692,9.591E-4,0.00248,8.124E-4,0.001537,0.01147,0.02744,0.004128,0.002136,0.003558,0.001573,0.002569,9.208E-4,0
1522769931738,true,4881.468,0,0.04612,0.02089,0.001639,0.001684,9.681E-4,0.002491,8.104E-4,0.001538,0.01133,0.02738,0.004143,0.00213,0.003507,0.001589,0.002594,9.027E-4,0
1522769931773,true,4881.526,0,0.04581,0.02164,0.001661,0.001684,9.494E-4,0.002497,8.208E-4,0.001546,0.01014,0.02833,0.004155,0.002118,0.003485,0.001598,0.002619,8.815E-4,0
1522769931808,true,4881.583,0,0.04434,0.02159,0.001671,0.00169,9.372E-4,0.002491,8.236E-4,0.001553,0.009477,0.02909,0.004156,0.002108,0.003487,0.001599,0.002557,9.065E-4,0
1522769931843,true,4881.641,0,0.0436,0.0209,0.00169,0.001697,9.493E-4,0.002486,8.073E-4,0.001562,0.009558,0.02932,0.004122,0.002118,0.0035,0.001586,0.002489,9.372E-4,0
1522769931877,true,4881.698,0,0.04484,0.02052,0.001678,0.001703,9.712E-4,0.002493,7.842E-4,0.001558,0.01049,0.02852,0.004099,0.00213,0.003516,0.001569,0.002475,9.583E-4,0
1522769932013,true,4881.743,0,0.04572,0.02103,0.001667,0.001701,9.942E-4,0.0025,7.783E-4,0.001549,0.0113,0.02767,0.004112,0.002135,0.003499,0.001571,0.002501,9.443E-4,0
1522769932048,true,4881.801,0,0.04644,0.02143,0.001676,0.001696,9.882E-4,0.002515,7.969E-4,0.001548,0.01048,0.02817,0.004121,0.00213,0.003454,0.001589,0.002555,9.102E-4,0
1522769932083,true,4881.858,0,0.04531,0.02188,0.001686,0.001702,9.714E-4,0.002511,8.007E-4,0.001558,0.009443,0.0289,0.004129,0.002116,0.003441,0.001596,0.002569,8.929E-4,0
1522769932118,true,4881.916,0,0.04374,0.02133,0.001688,0.00171,9.677E-4,0.002502,7.967E-4,0.001572,0.008975,0.02954,0.004105,0.002119,0.003437,0.001597,0.002495,9.226E-4,0
1522769932153,true,4881.973,0,0.04368,0.02048,0.001682,0.001718,9.765E-4,0.002507,7.713E-4,0.001578,0.009716,0.02906,0.004058,0.002135,0.003451,0.001583,0.002461,9.421E-4,0
1522769932313,true,4882.043,0,0.04502,0.02036,0.001653,0.00172,9.805E-4,0.00252,7.464E-4,0.001577,0.0108,0.02803,0.004034,0.002148,0.00344,0.001577,0.002452,9.593E-4,0
1522769932348,true,4882.101,0,0.04579,0.02094,0.001632,0.001714,9.789E-4,0.002529,7.501E-4,0.001572,0.01116,0.0275,0.004036,0.002146,0.003385,0.001594,0.002469,9.485E-4,0
1522769932383,true,4882.158,0,0.04627,0.02157,0.001634,0.001712,9.552E-4,0.00254,7.558E-4,0.001582,0.01004,0.0283,0.00405,0.002133,0.003336,0.001612,0.002494,9.254E-4,0
1522769932418,true,4882.216,0,0.04491,0.0218,0.001647,0.00172,9.295E-4,0.002538,7.67E-4,0.001592,0.009223,0.02911,0.004065,0.002124,0.003339,0.001616,0.002465,9.296E-4,0
1522769932453,true,4882.273,0,0.04392,0.02114,0.001665,0.001728,9.486E-4,0.002528,7.693E-4,0.001603,0.009126,0.02971,0.004053,0.002129,0.003362,0.001611,0.002393,9.655E-4,0
1522769932588,true,4882.318,0,0.04471,0.02061,0.001665,0.00174,9.746E-4,0.002535,7.56E-4,0.001602,0.009984,0.02905,0.004023,0.002145,0.003404,0.001596,0.002387,9.828E-4,0
1522769932623,true,4882.376,0,0.04576,0.02103,0.001655,0.001741,9.954E-4,0.002545,7.621E-4,0.001594,0.01102,0.02816,0.00403,0.002156,0.003413,0.001595,0.002426,9.823E-4,0
1522769932658,true,4882.433,0,0.04644,0.02162,0.001669,0.001736,0.00101,0.002554,7.91E-4,0.001593,0.01062,0.02846,0.004058,0.002154,0.003395,0.001609,0.002483,9.553E-4,0
1522769932693,true,4882.491,0,0.04575,0.02224,0.00169,0.001739,0.001005,0.002557,8.119E-4,0.001599,0.009359,0.02942,0.004084,0.002142,0.003397,0.001619,0.002516,9.337E-4,0
1522769932728,true,4882.548,0,0.0442,0.02191,0.001716,0.001744,0.001005,0.002551,8.341E-4,0.001608,0.008828,0.03004,0.004084,0.002147,0.003421,0.00162,0.002482,9.523E-4,0
1522769932888,true,4882.618,0,0.04362,0.02107,0.001733,0.001748,0.001032,0.002546,8.269E-4,0.001619,0.009218,0.02988,0.004061,0.002161,0.003444,0.001612,0.002433,9.778E-4,0
1522769932923,true,4882.676,0,0.04488,0.02067,0.001718,0.001753,0.001058,0.002553,8.184E-4,0.001613,0.01043,0.02885,0.004047,0.002174,0.003465,0.001603,0.002434,9.942E-4,0
1522769932958,true,4882.733,0,0.04601,0.02115,0.001696,0.001752,0.001075,0.002563,8.285E-4,0.001605,0.0112,0.02803,0.004057,0.002179,0.003429,0.001614,0.00248,9.823E-4,0
1522769932993,true,4882.791,0,0.04695,0.02165,0.001699,0.00175,0.001069,0.002573,8.485E-4,0.001609,0.0105,0.0285,0.004084,0.002168,0.003384,0.001634,0.002513,9.601E-4,0
1522769933028,true,4882.848,0,0.04583,0.02217,0.001721,0.001753,0.001046,0.00257,8.59E-4,0.00162,0.009551,0.02938,0.004115,0.002152,0.003361,0.001648,0.002499,9.586E-4,0
1522769933163,true,4882.893,0,0.0445,0.02172,0.001731,0.00176,0.001054,0.002558,8.656E-4,0.001632,0.009134,0.03015,0.004099,0.002159,0.003365,0.001648,0.002428,9.888E-4,0
1522769933198,true,4882.951,0,0.04501,0.02099,0.001731,0.00177,0.001068,0.00256,8.461E-4,0.001636,0.009794,0.02977,0.004069,0.00218,0.003385,0.001637,0.002397,0.001012,0
1522769933233,true,4883.008,0,0.04627,0.02119,0.001717,0.001771,0.001093,0.002566,8.362E-4,0.001629,0.0108,0.02882,0.004079,0.002192,0.0034,0.001633,0.002443,0.001015,0
1522769933268,true,4883.066,0,0.04707,0.02172,0.001726,0.001764,0.001118,0.002576,8.666E-4,0.001623,0.01067,0.02878,0.004121,0.002191,0.003393,0.001646,0.002516,9.899E-4,0
1522769933303,true,4883.123,0,0.04702,0.02235,0.001761,0.001759,0.001122,0.00258,8.933E-4,0.001632,0.009386,0.02976,0.004166,0.002181,0.003392,0.001661,0.002582,9.608E-4,0
1522769933463,true,4883.193,0,0.04559,0.02224,0.001791,0.001766,0.001119,0.002576,9.176E-4,0.001639,0.008669,0.03049,0.004197,0.002179,0.00342,0.001669,0.002576,9.705E-4,0
1522769933498,true,4883.251,0,0.04459,0.02145,0.001815,0.001769,0.00115,0.002565,9.257E-4,0.00165,0.008797,0.03076,0.004191,0.002194,0.003466,0.00166,0.002536,9.966E-4,0
1522769933533,true,4883.308,0,0.04559,0.02083,0.001825,0.001773,0.001184,0.002569,9.274E-4,0.001647,0.01004,0.02978,0.004183,0.00221,0.003516,0.001645,0.002546,0.001016,0
1522769933568,true,4883.366,0,0.0464,0.02132,0.001816,0.00177,0.001213,0.002573,9.401E-4,0.001636,0.01127,0.02875,0.0042,0.002223,0.003515,0.001652,0.00259,0.001015,0
1522769933603,true,4883.423,0,0.04744,0.02181,0.00183,0.001763,0.001223,0.00258,9.782E-4,0.001633,0.01088,0.02897,0.004241,0.002218,0.00349,0.001667,0.002655,9.883E-4,0
1522769933763,true,4883.494,0,0.04662,0.0225,0.001854,0.001763,0.001217,0.002577,9.952E-4,0.001646,0.009946,0.02975,0.004287,0.002203,0.003485,0.001679,0.002679,9.787E-4,0
1522769933798,true,4883.552,0,0.04511,0.02216,0.00187,0.001769,0.001217,0.002568,0.00101,0.001654,0.009463,0.03049,0.004301,0.0022,0.003508,0.001681,0.002621,0.001007,0
1522769933833,true,4883.609,0,0.04499,0.02139,0.001875,0.001774,0.001243,0.002564,0.001003,0.001656,0.009832,0.03049,0.004287,0.002215,0.003549,0.001665,0.002584,0.00103,0
1522769933868,true,4883.667,0,0.04665,0.02107,0.001863,0.001777,0.001256,0.002571,9.817E-4,0.00165,0.01089,0.02949,0.004282,0.002231,0.003568,0.001653,0.002593,0.001044,0
1522769933903,true,4883.724,0,0.04739,0.02166,0.001858,0.00177,0.001272,0.002581,0.001,0.00164,0.01132,0.02895,0.004306,0.002236,0.003554,0.00166,0.00263,0.001029,0
1522769934064,true,4883.77,0,0.04779,0.02218,0.001883,0.001764,0.001264,0.002591,0.001026,0.001644,0.01036,0.02967,0.00434,0.002231,0.003547,0.00167,0.002694,9.965E-4,0
1522769934098,true,4883.828,0,0.04636,0.02238,0.001906,0.001769,0.001261,0.002585,0.001039,0.001656,0.009486,0.03044,0.004389,0.002215,0.003577,0.001675,0.002702,9.97E-4,0
1522769934133,true,4883.885,0,0.04502,0.02165,0.001936,0.001771,0.001281,0.002575,0.001054,0.001664,0.009477,0.0308,0.004392,0.002226,0.003615,0.001672,0.00267,0.001023,0
1522769934168,true,4883.943,0,0.0455,0.02083,0.001939,0.001779,0.001315,0.002579,0.001052,0.001664,0.01048,0.03003,0.004385,0.002243,0.003652,0.001663,0.002684,0.001038,0
1522769934203,true,4884.0,0,0.04657,0.02101,0.001931,0.001777,0.001342,0.002586,0.001051,0.001657,0.01182,0.02883,0.004403,0.002249,0.003666,0.001666,0.002738,0.00104,0
1522769934313,true,4884.044,0,0.04727,0.0216,0.001945,0.001766,0.001366,0.00259,0.00108,0.001654,0.01194,0.02864,0.004446,0.002245,0.003651,0.001681,0.002807,0.001014,0
1522769934348,true,4884.102,0,0.04706,0.02226,0.001981,0.001762,0.001364,0.002588,0.001111,0.00166,0.01089,0.02949,0.004501,0.002226,0.003654,0.00169,0.002853,9.935E-4,0
1522769934383,true,4884.159,0,0.04543,0.02219,0.002007,0.001764,0.001368,0.002574,0.00113,0.001666,0.01019,0.03037,0.004532,0.002216,0.003693,0.001689,0.002826,0.00101,0
1522769934418,true,4884.217,0,0.04471,0.02147,0.002032,0.001768,0.00139,0.002562,0.001123,0.001676,0.01021,0.03064,0.004525,0.002227,0.003729,0.001678,0.002777,0.001035,0
1522769934453,true,4884.274,0,0.04578,0.02107,0.002034,0.001771,0.001407,0.002568,0.001109,0.001669,0.01119,0.02976,0.00451,0.002244,0.003771,0.001659,0.002794,0.001045,0
1522769934626,true,4884.345,0,0.04661,0.02163,0.002014,0.001767,0.001428,0.002572,0.001113,0.00166,0.01222,0.02881,0.004536,0.002249,0.003778,0.001659,0.002838,0.001032,0
1522769934661,true,4884.403,0,0.04746,0.02204,0.002021,0.00176,0.001427,0.002584,0.001139,0.00166,0.01147,0.02928,0.004559,0.002245,0.003751,0.001678,0.002912,9.931E-4,0
1522769934696,true,4884.46,0,0.04636,0.02247,0.002041,0.001759,0.001408,0.002582,0.001154,0.001666,0.01033,0.03017,0.004592,0.002229,0.003747,0.001687,0.002927,9.785E-4,0
1522769934731,true,4884.518,0,0.0449,0.02186,0.002051,0.001762,0.001404,0.002572,0.001169,0.001672,0.01007,0.03068,0.004592,0.002228,0.003776,0.001681,0.002865,0.001003,0
1522769934766,true,4884.575,0,0.04505,0.02094,0.00206,0.001766,0.001432,0.002566,0.001147,0.00168,0.01083,0.03011,0.004565,0.002241,0.003817,0.001666,0.002832,0.001031,0
1522769934888,true,4884.619,0,0.04641,0.02081,0.002051,0.001764,0.001454,0.002571,0.001143,0.001673,0.01211,0.02892,0.00457,0.00225,0.003853,0.001659,0.002875,0.001034,0
1522769934923,true,4884.677,0,0.04717,0.02139,0.002057,0.001753,0.001475,0.002577,0.001165,0.001667,0.01257,0.02833,0.004615,0.002248,0.003839,0.001674,0.00294,0.001018,0
1522769934958,true,4884.734,0,0.04758,0.02196,0.002093,0.001747,0.00148,0.002576,0.00119,0.001672,0.01158,0.02912,0.004662,0.002229,0.003854,0.001675,0.003007,9.904E-4,0
1522769934993,true,4884.792,0,0.04623,0.02212,0.002121,0.001749,0.001471,0.00257,0.001218,0.001674,0.01082,0.0299,0.004709,0.002211,0.003878,0.001682,0.002992,0.001002,0
1522769935028,true,4884.849,0,0.04511,0.02147,0.002158,0.001748,0.0015,0.002553,0.001233,0.001677,0.01058,0.03059,0.004716,0.002216,0.003926,0.00167,0.002938,0.001029,0
1522769935188,true,4884.919,0,0.04604,0.02083,0.002165,0.001753,0.001528,0.002554,0.001218,0.001674,0.01146,0.02996,0.004719,0.002225,0.00398,0.00165,0.002945,0.00104,0
1522769935223,true,4884.977,0,0.04697,0.02129,0.002157,0.001749,0.001558,0.002558,0.001231,0.001659,0.01249,0.02903,0.004732,0.002234,0.003997,0.001644,0.002995,0.001034,0
1522769935258,true,4885.034,0,0.04777,0.02173,0.002165,0.00174,0.001567,0.002568,0.001257,0.001651,0.01206,0.02927,0.004766,0.002228,0.003978,0.001658,0.003065,9.974E-4,0
1522769935293,true,4885.092,0,0.04693,0.02236,0.002191,0.001737,0.001555,0.002569,0.001276,0.001656,0.0108,0.0302,0.004804,0.002213,0.00398,0.001664,0.003109,9.722E-4,0
1522769935328,true,4885.149,0,0.0452,0.02208,0.002208,0.001741,0.001558,0.002555,0.001295,0.001662,0.01036,0.03075,0.004814,0.002208,0.004006,0.001663,0.003078,9.873E-4,0
1522769935463,true,4885.194,0,0.04467,0.02125,0.002215,0.001746,0.001576,0.00255,0.001285,0.001666,0.0107,0.03071,0.004775,0.002228,0.004034,0.00165,0.003035,0.001006,0
1522769935498,true,4885.252,0,0.04592,0.02084,0.002194,0.001747,0.00159,0.002556,0.001264,0.00166,0.0119,0.02964,0.004761,0.002235,0.004059,0.001631,0.003034,0.001013,0
1522769935533,true,4885.309,0,0.04689,0.02136,0.002168,0.001738,0.001607,0.002557,0.001269,0.001647,0.01267,0.02881,0.004775,0.002236,0.004036,0.001633,0.00307,9.981E-4,0
1522769935568,true,4885.367,0,0.04783,0.02188,0.002174,0.001732,0.001595,0.002567,0.001285,0.001649,0.01191,0.02933,0.0048,0.002223,0.004,0.001645,0.003119,9.695E-4,0
1522769935603,true,4885.424,0,0.0467,0.02241,0.002199,0.001733,0.001586,0.002561,0.001301,0.001658,0.01084,0.03025,0.004839,0.002203,0.004006,0.001653,0.003129,9.622E-4,0
1522769935763,true,4885.494,0,0.04553,0.02185,0.002231,0.001734,0.001604,0.002541,0.001305,0.001667,0.01047,0.031,0.00485,0.002201,0.004044,0.001644,0.003077,9.894E-4,0
1522769935798,true,4885.552,0,0.04589,0.02117,0.002241,0.00174,0.001638,0.002536,0.001292,0.001666,0.0111,0.03062,0.004826,0.002215,0.004095,0.001621,0.003077,0.001009,0
1522769935833,true,4885.609,0,0.04711,0.02139,0.002233,0.001737,0.001661,0.00254,0.00129,0.001654,0.01215,0.02964,0.004832,0.002224,0.004125,0.001611,0.003114,0.001014,0
1522769935868,true,4885.667,0,0.04783,0.02193,0.002231,0.001729,0.001679,0.002547,0.001312,0.001643,0.01208,0.02951,0.004859,0.002221,0.004117,0.001617,0.003171,9.88E-4,0
1522769935903,true,4885.724,0,0.04792,0.0225,0.00226,0.001724,0.00168,0.002547,0.001339,0.001644,0.01087,0.0304,0.004897,0.002207,0.004117,0.001625,0.003232,9.581E-4,0
1522769936037,true,4885.768,0,0.04621,0.02248,0.002285,0.001725,0.001679,0.002535,0.001359,0.001649,0.01003,0.03113,0.004917,0.002198,0.004145,0.001628,0.003214,9.602E-4,0
1522769936072,true,4885.826,0,0.04503,0.02169,0.002299,0.001729,0.001698,0.002524,0.001359,0.001655,0.0102,0.03128,0.004906,0.002204,0.004183,0.001617,0.003175,9.8E-4,0
1522769936107,true,4885.883,0,0.04601,0.02107,0.00229,0.001734,0.001716,0.002527,0.001342,0.001648,0.01125,0.03033,0.004893,0.002214,0.004224,0.001598,0.003186,9.865E-4,0
1522769936142,true,4885.941,0,0.04709,0.02145,0.002265,0.001731,0.00173,0.002531,0.001346,0.001635,0.01241,0.02922,0.004896,0.002222,0.004215,0.001598,0.003224,9.766E-4,0
1522769936177,true,4885.998,0,0.04812,0.02197,0.002272,0.001717,0.001722,0.002539,0.001361,0.001634,0.01199,0.02933,0.004914,0.002212,0.004182,0.001613,0.003265,9.496E-4,0
1522769936337,true,4886.068,0,0.04732,0.02258,0.002291,0.001713,0.0017,0.002535,0.001371,0.001641,0.01101,0.0301,0.004938,0.002192,0.004167,0.001621,0.003262,9.372E-4,0
1522769936372,true,4886.126,0,0.0458,0.0223,0.0023,0.001718,0.001686,0.002522,0.001382,0.001643,0.01062,0.03076,0.004934,0.002188,0.004181,0.001618,0.003184,9.641E-4,0
1522769936407,true,4886.183,0,0.04562,0.02152,0.002307,0.001722,0.001709,0.002514,0.001362,0.001644,0.01099,0.03066,0.004902,0.0022,0.004207,0.001603,0.003142,9.851E-4,0
1522769936442,true,4886.241,0,0.04694,0.02136,0.002296,0.001723,0.001729,0.002518,0.00135,0.001635,0.01189,0.02978,0.004897,0.00221,0.004237,0.001586,0.003161,9.912E-4,0
1522769936477,true,4886.298,0,0.0475,0.02196,0.002292,0.001716,0.001763,0.002518,0.001366,0.001623,0.01217,0.02933,0.004924,0.00221,0.004223,0.001593,0.003208,9.723E-4,0
1522769936637,true,4886.368,0,0.04793,0.02253,0.002321,0.001707,0.001766,0.00252,0.001392,0.001625,0.01096,0.03011,0.004951,0.002198,0.004201,0.001602,0.003289,9.358E-4,0
1522769936672,true,4886.426,0,0.04646,0.02278,0.002343,0.00171,0.001758,0.002512,0.001415,0.001632,0.01006,0.03085,0.004983,0.002183,0.004223,0.001604,0.003289,9.311E-4,0
1522769936707,true,4886.483,0,0.04503,0.02204,0.002368,0.001711,0.001767,0.002497,0.001429,0.001637,0.009789,0.03129,0.004977,0.002185,0.004255,0.001598,0.003249,9.529E-4,0
1522769936742,true,4886.541,0,0.04554,0.02126,0.002362,0.001718,0.001791,0.002496,0.001408,0.001639,0.01063,0.03054,0.004943,0.002201,0.004288,0.001576,0.003242,9.7E-4,0
1522769936777,true,4886.598,0,0.0466,0.02144,0.002345,0.001714,0.001804,0.002503,0.001404,0.001629,0.01188,0.02933,0.004952,0.002202,0.004295,0.001573,0.003271,9.717E-4,0
1522769936912,true,4886.644,0,0.04757,0.02192,0.002344,0.001703,0.001811,0.002511,0.001418,0.001626,0.01199,0.02909,0.004969,0.002196,0.004269,0.001585,0.003317,9.475E-4,0
1522769936947,true,4886.702,0,0.04729,0.02271,0.002364,0.001697,0.001793,0.002512,0.001431,0.001635,0.01102,0.02983,0.004999,0.00218,0.004255,0.001594,0.00335,9.207E-4,0
1522769936983,true,4886.759,0,0.04576,0.02262,0.002384,0.001696,0.001785,0.002497,0.001445,0.00164,0.01041,0.03054,0.005015,0.002164,0.004265,0.001595,0.0033,9.343E-4,0
1522769937018,true,4886.817,0,0.04502,0.0219,0.002398,0.001696,0.001801,0.002486,0.001424,0.001649,0.01049,0.03079,0.00498,0.002174,0.004284,0.001584,0.003229,9.577E-4,0
1522769937053,true,4886.874,0,0.04622,0.02146,0.002385,0.0017,0.001811,0.002491,0.001406,0.001642,0.01144,0.02999,0.00495,0.002184,0.00431,0.001567,0.003224,9.701E-4,0
1522769937212,true,4886.943,0,0.04713,0.022,0.002378,0.001693,0.001839,0.002494,0.001402,0.001632,0.01215,0.02923,0.004966,0.002184,0.004298,0.001569,0.003269,9.494E-4,0
1522769937247,true,4887.001,0,0.04788,0.02251,0.002404,0.001682,0.001853,0.002497,0.001418,0.001631,0.01117,0.02987,0.00499,0.002177,0.004266,0.001585,0.003336,9.165E-4,0
1522769937282,true,4887.058,0,0.04677,0.02299,0.002446,0.001677,0.001849,0.002491,0.001446,0.001634,0.01004,0.03071,0.005036,0.002157,0.004265,0.001593,0.003358,9.029E-4,0
1522769937317,true,4887.116,0,0.04513,0.02248,0.002483,0.001676,0.00186,0.002476,0.001472,0.001637,0.009633,0.0313,0.005043,0.002155,0.004302,0.001588,0.003313,9.226E-4,0
1522769937352,true,4887.173,0,0.04518,0.02155,0.002496,0.001682,0.001898,0.002469,0.001469,0.001638,0.01032,0.03085,0.005014,0.00217,0.004347,0.001568,0.003283,9.411E-4,0
1522769937487,true,4887.219,0,0.04673,0.02134,0.002496,0.001676,0.001916,0.002475,0.001463,0.001631,0.0115,0.02975,0.005008,0.002178,0.004358,0.001563,0.003316,9.458E-4,0
1522769937522,true,4887.277,0,0.04767,0.0218,0.0025,0.001665,0.001937,0.002482,0.001484,0.001624,0.01189,0.02924,0.005026,0.002178,0.00434,0.001571,0.003378,9.246E-4,0
1522769937557,true,4887.334,0,0.04817,0.02238,0.002528,0.001658,0.001939,0.002483,0.001509,0.001627,0.01086,0.03002,0.005074,0.002158,0.004314,0.001582,0.003436,8.953E-4,0
1522769937592,true,4887.392,0,0.04704,0.02251,0.002564,0.001653,0.001936,0.002471,0.001534,0.001633,0.01017,0.03074,0.005105,0.00214,0.004314,0.001592,0.003409,8.989E-4,0
1522769937627,true,4887.449,0,0.04592,0.0219,0.002589,0.001655,0.001948,0.002456,0.001531,0.00164,0.009999,0.03131,0.005089,0.002146,0.004342,0.001579,0.003346,9.259E-4,0
1522769937762,true,4887.493,0,0.04678,0.02132,0.002595,0.001658,0.001972,0.002457,0.001513,0.001637,0.01094,0.03061,0.005053,0.002156,0.004372,0.001558,0.003347,9.385E-4,0
1522769937797,true,4887.551,0,0.04781,0.02178,0.002584,0.001652,0.001989,0.002462,0.001513,0.001622,0.01185,0.02969,0.005058,0.00216,0.004376,0.001551,0.003361,9.374E-4,0
1522769937832,true,4887.608,0,0.04859,0.02226,0.002589,0.001644,0.001991,0.002471,0.001537,0.001618,0.01137,0.02991,0.005079,0.002153,0.004332,0.001573,0.003433,8.971E-4,0
1522769937867,true,4887.666,0,0.04785,0.02293,0.002622,0.001642,0.00198,0.002472,0.00156,0.001621,0.01014,0.0308,0.005111,0.002135,0.004325,0.001579,0.003472,8.718E-4,0
1522769937902,true,4887.723,0,0.04623,0.02261,0.00266,0.001642,0.00199,0.002457,0.001589,0.001622,0.009638,0.03147,0.00513,0.002129,0.00435,0.001583,0.003442,8.851E-4,0
1522769938062,true,4887.794,0,0.04571,0.02171,0.002694,0.00164,0.00202,0.00245,0.001596,0.001627,0.009897,0.03148,0.00511,0.002139,0.004394,0.001566,0.003409,9.046E-4,0
1522769938097,true,4887.852,0,0.04701,0.02129,0.002702,0.001636,0.002055,0.002455,0.001599,0.001616,0.01105,0.03039,0.005108,0.002146,0.004426,0.001552,0.003437,9.154E-4,0
1522769938132,true,4887.909,0,0.04809,0.02176,0.002709,0.001626,0.002088,0.002456,0.001632,0.001601,0.01187,0.02954,0.005132,0.002146,0.004424,0.001554,0.003501,8.993E-4,0
1522769938167,true,4887.967,0,0.04905,0.02223,0.002746,0.001614,0.002103,0.002461,0.001679,0.001595,0.01113,0.03007,0.005179,0.002135,0.004404,0.001568,0.003574,8.697E-4,0
1522769938202,true,4888.024,0,0.04796,0.02269,0.002793,0.001607,0.002106,0.002452,0.001712,0.001598,0.01022,0.03098,0.005219,0.002118,0.004424,0.001569,0.003588,8.639E-4,0
1522769938362,true,4888.095,0,0.04678,0.02218,0.002824,0.001609,0.002129,0.002435,0.001739,0.001601,0.009839,0.03168,0.005233,0.002116,0.004465,0.001562,0.003521,8.934E-4,0
1522769938397,true,4888.153,0,0.04737,0.02136,0.002842,0.001609,0.002168,0.00243,0.001734,0.001598,0.01046,0.03131,0.005211,0.002128,0.004507,0.00154,0.003509,9.084E-4,0
1522769938432,true,4888.21,0,0.04876,0.02147,0.002844,0.001604,0.0022,0.002431,0.001735,0.001584,0.01145,0.03037,0.00522,0.002135,0.004529,0.001532,0.003547,9.108E-4,0
1522769938467,true,4888.268,0,0.04944,0.02201,0.002855,0.001593,0.002228,0.002433,0.001762,0.001573,0.0115,0.03019,0.005242,0.002134,0.004514,0.00154,0.003611,8.789E-4,0
1522769938502,true,4888.325,0,0.04944,0.02264,0.002887,0.001586,0.002226,0.002435,0.001795,0.00157,0.0102,0.03118,0.005279,0.002117,0.004507,0.001547,0.00367,8.458E-4,0
1522769938637,true,4888.369,0,0.04794,0.02256,0.002916,0.001586,0.002232,0.002421,0.001823,0.001571,0.009446,0.03187,0.005299,0.002101,0.004531,0.001552,0.00364,8.534E-4,0
1522769938672,true,4888.427,0,0.04685,0.02173,0.002947,0.001585,0.002262,0.002406,0.001829,0.001575,0.009383,0.03222,0.005266,0.002111,0.004554,0.001545,0.003605,8.708E-4,0
1522769938707,true,4888.484,0,0.0476,0.02114,0.002953,0.001585,0.002303,0.002401,0.001831,0.001568,0.01046,0.03127,0.005246,0.002124,0.00461,0.001522,0.003625,8.806E-4,0
1522769938742,true,4888.542,0,0.04849,0.02166,0.002954,0.001576,0.002337,0.002404,0.001849,0.001553,0.01155,0.03018,0.005267,0.002126,0.004616,0.001524,0.003681,8.749E-4,0
1522769938777,true,4888.599,0,0.04945,0.02213,0.002984,0.00156,0.002365,0.002406,0.001893,0.001546,0.01107,0.03039,0.005323,0.002111,0.004603,0.001534,0.003757,8.466E-4,0
1522769938913,true,4888.645,0,0.04887,0.02275,0.003029,0.001553,0.002372,0.002398,0.001928,0.001546,0.01009,0.03123,0.005375,0.002087,0.00461,0.00154,0.003791,8.358E-4,0
1522769938948,true,4888.703,0,0.04752,0.0224,0.003063,0.001554,0.00239,0.002379,0.001963,0.001547,0.009586,0.03194,0.005408,0.002077,0.004652,0.001531,0.003757,8.516E-4,0
1522769938983,true,4888.76,0,0.04756,0.02157,0.003099,0.001553,0.002437,0.002366,0.001974,0.001543,0.009909,0.032,0.005399,0.002084,0.004704,0.00151,0.003737,8.715E-4,0
1522769939018,true,4888.818,0,0.04895,0.02144,0.003106,0.001549,0.002479,0.002364,0.00198,0.001528,0.01084,0.03116,0.00541,0.00209,0.004753,0.001486,0.003782,8.722E-4,0
1522769939053,true,4888.875,0,0.0496,0.02204,0.003115,0.001538,0.00252,0.002361,0.002008,0.001512,0.0112,0.03072,0.005443,0.002089,0.004755,0.001486,0.00384,8.476E-4,0
1522769939213,true,4888.944,0,0.05,0.02263,0.003148,0.001528,0.002534,0.002364,0.002041,0.00151,0.01008,0.03149,0.005492,0.002069,0.004751,0.001495,0.003908,8.12E-4,0
1522769939247,true,4889.002,0,0.04845,0.02291,0.003176,0.001526,0.002537,0.002349,0.002065,0.001512,0.009188,0.03227,0.005538,0.002045,0.004782,0.001492,0.0039,8.071E-4,0
1522769939282,true,4889.059,0,0.04703,0.0222,0.0032,0.001527,0.002566,0.00233,0.00208,0.001514,0.009,0.03275,0.005528,0.002046,0.004814,0.001483,0.003852,8.287E-4,0
1522769939318,true,4889.117,0,0.0474,0.02142,0.003203,0.001525,0.002604,0.002323,0.002073,0.001508,0.009881,0.03201,0.005496,0.002056,0.004847,0.001466,0.003851,8.374E-4,0
1522769939353,true,4889.174,0,0.04845,0.02165,0.003181,0.001519,0.002629,0.002324,0.002064,0.001498,0.01118,0.03086,0.005492,0.002058,0.004848,0.001458,0.003889,8.35E-4,0
1522769939514,true,4889.245,0,0.0491,0.02223,0.003174,0.001507,0.002645,0.002324,0.002084,0.001489,0.01113,0.03069,0.005513,0.002049,0.00482,0.001472,0.003937,8.072E-4,0
1522769939548,true,4889.303,0,0.04889,0.02292,0.0032,0.001497,0.00264,0.002322,0.002103,0.00149,0.01,0.03156,0.005559,0.002024,0.004817,0.00148,0.003984,7.811E-4,0
1522769939583,true,4889.36,0,0.04739,0.02286,0.00323,0.001494,0.002644,0.002305,0.002128,0.001489,0.009406,0.03232,0.005591,0.002007,0.004851,0.001475,0.003952,7.935E-4,0
1522769939618,true,4889.418,0,0.04672,0.0221,0.003267,0.001491,0.002676,0.002289,0.002129,0.00149,0.0096,0.03262,0.005577,0.002012,0.004895,0.001459,0.003917,8.123E-4,0
1522769939653,true,4889.475,0,0.04783,0.02175,0.003274,0.00149,0.002711,0.002287,0.002124,0.001476,0.01052,0.03182,0.005578,0.002019,0.004944,0.001435,0.003923,8.228E-4,0
1522769939787,true,4889.519,0,0.04877,0.02233,0.003273,0.001482,0.002741,0.002289,0.002133,0.001457,0.01121,0.03111,0.005595,0.002022,0.004944,0.001431,0.003976,8.028E-4,0
1522769939822,true,4889.577,0,0.0495,0.02281,0.003297,0.001469,0.002756,0.002289,0.002174,0.001445,0.0105,0.03152,0.005633,0.002005,0.004928,0.001439,0.004056,7.579E-4,0
1522769939857,true,4889.634,0,0.04822,0.02336,0.003335,0.001462,0.002748,0.002282,0.002199,0.001442,0.009472,0.03226,0.005678,0.001984,0.004935,0.001446,0.004081,7.382E-4,0
1522769939892,true,4889.692,0,0.04663,0.02283,0.003354,0.001461,0.002764,0.002263,0.002222,0.001442,0.009114,0.03286,0.005675,0.001976,0.004976,0.001434,0.004041,7.593E-4,0
1522769939927,true,4889.749,0,0.04669,0.02187,0.003364,0.001463,0.002803,0.002249,0.002214,0.001442,0.00982,0.03243,0.005649,0.001984,0.005017,0.001413,0.004033,7.675E-4,0
1522769940087,true,4889.82,0,0.04802,0.02172,0.003347,0.001461,0.002822,0.002252,0.002197,0.00143,0.01108,0.03125,0.005634,0.001991,0.005031,0.0014,0.004047,7.724E-4,0
1522769940122,true,4889.878,0,0.04894,0.02222,0.003335,0.001451,0.002843,0.002249,0.002202,0.001418,0.0115,0.03075,0.005647,0.001988,0.004991,0.001412,0.004086,7.508E-4,0
1522769940157,true,4889.935,0,0.04946,0.02274,0.003348,0.001443,0.002823,0.002253,0.002213,0.001418,0.01048,0.03148,0.005677,0.001965,0.004957,0.00142,0.004136,7.16E-4,0
1522769940192,true,4889.993,0,0.04813,0.02286,0.003359,0.001443,0.002799,0.002237,0.002218,0.001418,0.009855,0.03215,0.005693,0.001945,0.004955,0.001424,0.004084,7.259E-4,0
1522769940227,true,4890.05,0,0.04701,0.02223,0.003368,0.001443,0.002811,0.002216,0.002205,0.001421,0.009671,0.0327,0.005666,0.001945,0.004979,0.001409,0.004016,7.431E-4,0
1522769940362,true,4890.094,0,0.04774,0.0216,0.003356,0.001446,0.002815,0.002217,0.002174,0.001415,0.01049,0.03199,0.005626,0.001957,0.005008,0.001385,0.003991,7.539E-4,0
1522769940397,true,4890.152,0,0.04863,0.02207,0.003337,0.00144,0.002814,0.002224,0.002168,0.001399,0.01156,0.03101,0.005612,0.001961,0.005002,0.001381,0.004017,7.492E-4,0
1522769940432,true,4890.209,0,0.04945,0.02253,0.003338,0.00143,0.002822,0.002226,0.002187,0.001386,0.01119,0.03126,0.005638,0.001953,0.004977,0.001391,0.004066,7.174E-4,0
1522769940467,true,4890.267,0,0.04887,0.02312,0.003363,0.001425,0.002809,0.002224,0.002202,0.001387,0.01003,0.03208,0.005674,0.001933,0.004978,0.001398,0.004104,6.891E-4,0
1522769940502,true,4890.324,0,0.04725,0.02283,0.003387,0.001425,0.002808,0.002209,0.002218,0.001388,0.009369,0.03281,0.005676,0.00193,0.004994,0.001398,0.004054,7.086E-4,0
1522769940663,true,4890.395,0,0.04661,0.022,0.003406,0.001425,0.002822,0.0022,0.002204,0.001388,0.00965,0.03278,0.005641,0.001945,0.005014,0.001387,0.004019,7.286E-4,0
1522769940698,true,4890.453,0,0.04778,0.02157,0.003389,0.001426,0.002835,0.002202,0.002187,0.001377,0.01091,0.0317,0.005614,0.001955,0.005036,0.001372,0.004023,7.367E-4,0
1522769940733,true,4890.51,0,0.0488,0.02198,0.00337,0.001417,0.002847,0.002203,0.002184,0.001364,0.01191,0.0307,0.005614,0.001957,0.005008,0.001379,0.00406,7.224E-4,0
1522769940768,true,4890.568,0,0.04978,0.0224,0.003377,0.001407,0.002835,0.002205,0.002206,0.001361,0.01123,0.03111,0.005624,0.001949,0.004966,0.001393,0.0041,6.949E-4,0
1522769940803,true,4890.625,0,0.04869,0.02286,0.003388,0.001408,0.002807,0.002199,0.002207,0.001365,0.01026,0.03189,0.005653,0.001928,0.004951,0.001403,0.004079,6.927E-4,0
1522769940938,true,4890.669,0,0.04729,0.02242,0.003402,0.001407,0.002801,0.002181,0.002211,0.001366,0.0101,0.03248,0.005631,0.001929,0.004952,0.001401,0.004002,7.205E-4,0
1522769940973,true,4890.727,0,0.04786,0.02159,0.003397,0.001408,0.002806,0.002176,0.002187,0.001362,0.01067,0.03208,0.005596,0.001939,0.004964,0.001384,0.003955,7.432E-4,0
1522769941008,true,4890.784,0,0.0492,0.02174,0.003364,0.00141,0.002805,0.002178,0.002162,0.001347,0.01175,0.03113,0.005581,0.001951,0.004954,0.001378,0.003968,7.464E-4,0
1522769941043,true,4890.842,0,0.04992,0.02226,0.00334,0.001404,0.002808,0.002181,0.002164,0.001334,0.01182,0.03091,0.005577,0.001953,0.004905,0.001391,0.003993,7.198E-4,0
1522769941078,true,4890.899,0,0.04995,0.02281,0.003348,0.001399,0.002771,0.002188,0.002172,0.001331,0.01053,0.03187,0.005583,0.001939,0.004864,0.001403,0.004011,6.977E-4,0
