1522769791186,true,4740.885,0,0.0225,0.009337,0.003121,0.001274,0.001946,0.001855,0.001532,0.001526,0.01869,0.0131,0.006451,0.001454,0.004695,0.001188,0.003322,4.304E-4,1
1522769791222,true,4740.943,0,0.02129,0.008652,0.003123,0.00128,0.001954,0.001845,0.001526,0.001536,0.01872,0.01335,0.006408,0.001466,0.004723,0.001177,0.003264,4.545E-4,1
1522769791256,true,4741.0,0,0.02182,0.008128,0.003093,0.00129,0.001977,0.001849,0.001502,0.001536,0.01961,0.01255,0.006361,0.00148,0.004763,0.001159,0.003254,4.757E-4,1
1522769791292,true,4741.058,0,0.02272,0.008399,0.003055,0.001292,0.001991,0.001856,0.001508,0.001523,0.02072,0.0115,0.006372,0.001481,0.004759,0.001161,0.003296,4.721E-4,1
1522769791327,true,4741.115,0,0.02374,0.008776,0.003058,0.001282,0.001999,0.001865,0.001538,0.001518,0.02044,0.01151,0.006396,0.001475,0.004726,0.001183,0.003355,4.406E-4,1
1522769791461,true,4741.159,0,0.02318,0.009371,0.003077,0.001281,0.001986,0.001864,0.001557,0.001525,0.0194,0.01223,0.006438,0.001452,0.00473,0.001193,0.003372,4.249E-4,1
1522769791496,true,4741.217,0,0.02191,0.00905,0.003091,0.001286,0.00199,0.001847,0.001575,0.001531,0.01902,0.01279,0.006456,0.001442,0.004761,0.001191,0.003315,4.48E-4,1
1522769791531,true,4741.274,0,0.02158,0.008303,0.003103,0.001291,0.002024,0.001838,0.001567,0.001533,0.01933,0.01271,0.006431,0.001455,0.004808,0.001175,0.003264,4.725E-4,1
1522769791566,true,4741.332,0,0.02272,0.008045,0.003086,0.001294,0.002053,0.001842,0.00155,0.001524,0.02023,0.01186,0.006424,0.001464,0.004857,0.001154,0.003279,4.867E-4,1
1522769791602,true,4741.389,0,0.02339,0.008498,0.003064,0.001289,0.002078,0.00185,0.001567,0.001505,0.02059,0.01138,0.006429,0.001473,0.00485,0.001164,0.003329,4.672E-4,1
1522769791762,true,4741.46,0,0.02381,0.008913,0.003074,0.001283,0.002078,0.001858,0.001591,0.001506,0.01957,0.01195,0.006458,0.001458,0.004821,0.001181,0.003394,4.292E-4,1
1522769791797,true,4741.518,0,0.0224,0.009093,0.003087,0.001288,0.002061,0.001852,0.001614,0.001511,0.01872,0.01255,0.006478,0.001444,0.004841,0.001186,0.003393,4.19E-4,1
1522769791832,true,4741.575,0,0.02087,0.008456,0.003094,0.001291,0.002063,0.001842,0.001625,0.001512,0.01856,0.01292,0.006459,0.001448,0.004872,0.00118,0.003336,4.417E-4,1
1522769791866,true,4741.633,0,0.02118,0.007625,0.003077,0.001301,0.00208,0.001845,0.001599,0.001516,0.01934,0.01225,0.006409,0.001461,0.004913,0.001164,0.00332,4.561E-4,1
1522769791901,true,4741.69,0,0.02234,0.00756,0.003031,0.001303,0.002083,0.001857,0.001588,0.001505,0.0206,0.01109,0.00639,0.001471,0.0049,0.001166,0.003337,4.588E-4,1
1522769792037,true,4741.735,0,0.02302,0.00794,0.003011,0.001294,0.002087,0.001864,0.001601,0.001498,0.02071,0.0107,0.006398,0.001468,0.004858,0.001183,0.003388,4.308E-4,1
1522769792072,true,4741.793,0,0.02301,0.008496,0.003033,0.00129,0.002072,0.001866,0.001624,0.001505,0.0196,0.01144,0.006431,0.001447,0.004832,0.001202,0.003416,4.067E-4,1
1522769792107,true,4741.85,0,0.02151,0.008512,0.003044,0.001297,0.002055,0.001854,0.001647,0.00151,0.01897,0.01202,0.006452,0.00143,0.004855,0.001206,0.003362,4.216E-4,1
1522769792142,true,4741.908,0,0.02061,0.007894,0.003053,0.001307,0.002079,0.001844,0.001645,0.001517,0.01911,0.01224,0.006423,0.001437,0.004899,0.001192,0.003295,4.517E-4,1
1522769792176,true,4741.965,0,0.02161,0.007451,0.003044,0.001315,0.002101,0.001851,0.001627,0.001509,0.01994,0.01152,0.006409,0.001447,0.004946,0.001171,0.003305,4.596E-4,1
1522769792336,true,4742.035,0,0.02244,0.0079,0.003028,0.001309,0.002128,0.001857,0.001645,0.00149,0.02061,0.01076,0.006419,0.001455,0.00495,0.001172,0.00335,4.453E-4,1
1522769792371,true,4742.093,0,0.02299,0.008354,0.003043,0.001298,0.002142,0.001865,0.001679,0.001485,0.01991,0.01105,0.006446,0.001442,0.004924,0.001192,0.003418,4.038E-4,1
1522769792406,true,4742.15,0,0.02203,0.008747,0.00307,0.001298,0.002128,0.001864,0.001704,0.001489,0.01864,0.01186,0.006469,0.001426,0.004923,0.001203,0.003437,3.882E-4,1
1522769792441,true,4742.208,0,0.02042,0.008302,0.003082,0.001305,0.002128,0.001853,0.001716,0.001498,0.0183,0.01229,0.006458,0.001425,0.00496,0.001203,0.003383,4.085E-4,1
1522769792476,true,4742.265,0,0.02016,0.007447,0.003078,0.001312,0.002147,0.001852,0.001706,0.001502,0.01879,0.01192,0.006409,0.001441,0.00499,0.001191,0.003352,4.271E-4,1
1522769792613,true,4742.311,0,0.02127,0.007223,0.003052,0.001313,0.002161,0.001858,0.001688,0.001493,0.02006,0.01073,0.006368,0.001454,0.005004,0.001181,0.003385,4.302E-4,1
1522769792647,true,4742.369,0,0.02204,0.007628,0.003026,0.001303,0.002163,0.001867,0.00171,0.001482,0.02056,0.0101,0.006374,0.001457,0.004957,0.001201,0.003425,4.131E-4,1
1522769792682,true,4742.426,0,0.02275,0.008078,0.00303,0.001294,0.002141,0.001876,0.001727,0.001488,0.01961,0.01065,0.006386,0.001438,0.004915,0.001222,0.003461,3.821E-4,1
1522769792717,true,4742.484,0,0.02161,0.008239,0.003036,0.001297,0.002119,0.001867,0.001739,0.001496,0.01889,0.01127,0.0064,0.001418,0.004913,0.00123,0.003423,3.902E-4,1
1522769792752,true,4742.541,0,0.02035,0.007699,0.003043,0.001304,0.002125,0.001855,0.001732,0.001506,0.01882,0.01168,0.006373,0.001421,0.004937,0.00122,0.003342,4.236E-4,1
1522769792911,true,4742.61,0,0.02089,0.007127,0.003029,0.001313,0.00215,0.001854,0.00171,0.001502,0.01943,0.01116,0.006325,0.001436,0.004992,0.001195,0.003314,4.419E-4,1
1522769792946,true,4742.668,0,0.02204,0.007398,0.003003,0.001314,0.002167,0.001866,0.001704,0.001484,0.02043,0.01024,0.006326,0.001444,0.005005,0.001191,0.00336,4.335E-4,1
1522769792981,true,4742.725,0,0.02272,0.007848,0.00301,0.001306,0.002188,0.001872,0.00173,0.001477,0.01996,0.01032,0.006343,0.001443,0.004973,0.001208,0.00344,3.933E-4,1
1522769793017,true,4742.783,0,0.02217,0.008395,0.003037,0.001306,0.002179,0.001871,0.001749,0.001481,0.01862,0.01118,0.00638,0.001423,0.004969,0.001218,0.003506,3.563E-4,1
1522769793052,true,4742.84,0,0.02053,0.008217,0.003056,0.00131,0.002175,0.001862,0.001772,0.001483,0.01802,0.01171,0.006385,0.001419,0.00499,0.001222,0.00346,3.725E-4,1
1522769793212,true,4742.91,0,0.01964,0.007505,0.003075,0.001311,0.002203,0.001854,0.001767,0.00149,0.01823,0.01165,0.006351,0.001429,0.005027,0.001209,0.003432,3.934E-4,1
1522769793247,true,4742.968,0,0.02076,0.007063,0.003058,0.001313,0.002222,0.001863,0.001751,0.001483,0.01937,0.01062,0.006323,0.001439,0.005057,0.001193,0.003458,3.997E-4,1
1522769793282,true,4743.025,0,0.02164,0.007452,0.003031,0.001304,0.002233,0.001871,0.001758,0.001468,0.02036,0.009645,0.006323,0.00144,0.005034,0.001202,0.003522,3.818E-4,1
1522769793317,true,4743.083,0,0.02233,0.007862,0.003036,0.001293,0.002226,0.001879,0.00178,0.001468,0.01962,0.009976,0.006346,0.001425,0.004984,0.001223,0.003584,3.479E-4,1
1522769793351,true,4743.14,0,0.0214,0.008234,0.003048,0.001292,0.002195,0.001873,0.001788,0.001475,0.01874,0.01069,0.006363,0.001404,0.004975,0.001227,0.003572,3.465E-4,1
1522769793486,true,4743.185,0,0.02013,0.007787,0.00306,0.001295,0.002195,0.001857,0.001793,0.00148,0.01836,0.01127,0.006345,0.001402,0.004987,0.001222,0.003483,3.788E-4,1
1522769793521,true,4743.243,0,0.0204,0.007091,0.003048,0.001302,0.002211,0.00185,0.001762,0.00148,0.01895,0.01091,0.006296,0.001417,0.005006,0.001199,0.003458,3.921E-4,1
1522769793556,true,4743.3,0,0.02158,0.007208,0.00301,0.001302,0.002213,0.001857,0.001733,0.001466,0.01993,0.009962,0.006264,0.001424,0.005005,0.001189,0.003475,3.967E-4,1
1522769793591,true,4743.358,0,0.02242,0.007691,0.002988,0.001294,0.002216,0.001865,0.001738,0.001456,0.01985,0.009808,0.00628,0.00142,0.004973,0.001194,0.003505,3.694E-4,1
1522769793626,true,4743.415,0,0.02257,0.008226,0.002996,0.00129,0.002199,0.001871,0.001747,0.001461,0.01846,0.01077,0.006295,0.001406,0.004955,0.001203,0.003576,3.276E-4,1
1522769793786,true,4743.485,0,0.02106,0.008299,0.003016,0.001292,0.002184,0.001863,0.001759,0.001466,0.0177,0.01143,0.006304,0.001394,0.004969,0.001204,0.003558,3.316E-4,1
1522769793821,true,4743.543,0,0.01981,0.007634,0.003031,0.001296,0.002209,0.001845,0.001763,0.00147,0.01758,0.01185,0.006276,0.001403,0.005004,0.001187,0.003521,3.504E-4,1
1522769793856,true,4743.6,0,0.02049,0.007066,0.00302,0.001301,0.002231,0.001848,0.001739,0.001468,0.01848,0.01108,0.006237,0.001418,0.005038,0.001167,0.003531,3.588E-4,1
1522769793891,true,4743.658,0,0.02137,0.007433,0.002997,0.001294,0.002255,0.001851,0.001739,0.001455,0.01951,0.01012,0.006234,0.001422,0.005029,0.001165,0.00357,3.562E-4,1
1522769793926,true,4743.715,0,0.02225,0.007829,0.003006,0.00128,0.002261,0.001858,0.001756,0.001452,0.01926,0.01015,0.006247,0.001413,0.00498,0.001183,0.003634,3.262E-4,1
1522769794062,true,4743.76,0,0.02178,0.008438,0.003028,0.001275,0.002248,0.001849,0.001776,0.001455,0.01827,0.0109,0.006273,0.001392,0.004962,0.001191,0.003666,3.08E-4,1
1522769794097,true,4743.818,0,0.02045,0.008187,0.003033,0.001279,0.002236,0.001833,0.001791,0.001456,0.01789,0.01151,0.006267,0.001385,0.004969,0.001191,0.003601,3.28E-4,1
1522769794131,true,4743.875,0,0.02021,0.007517,0.003039,0.00128,0.002252,0.001825,0.001773,0.00146,0.01826,0.01146,0.006226,0.001394,0.004996,0.00117,0.003549,3.505E-4,1
1522769794167,true,4743.933,0,0.0214,0.00737,0.003002,0.001285,0.002258,0.001829,0.001748,0.001447,0.0193,0.01059,0.00619,0.001408,0.005013,0.001149,0.003551,3.603E-4,1
1522769794201,true,4743.99,0,0.02217,0.007864,0.002981,0.001273,0.00226,0.001834,0.001742,0.001429,0.01976,0.01005,0.006187,0.001414,0.004981,0.001155,0.003593,3.409E-4,1
1522769794362,true,4744.061,0,0.02281,0.008253,0.002987,0.001263,0.002232,0.001845,0.001754,0.001429,0.01864,0.01079,0.006208,0.001398,0.004932,0.001165,0.003625,3.051E-4,1
1522769794397,true,4744.119,0,0.02143,0.008535,0.002984,0.001266,0.002196,0.001838,0.001755,0.001431,0.01767,0.01155,0.006208,0.001384,0.004917,0.001168,0.0036,2.938E-4,1
1522769794432,true,4744.176,0,0.01999,0.007932,0.002986,0.001265,0.002189,0.001823,0.001745,0.00144,0.01721,0.01216,0.006166,0.001393,0.004922,0.001158,0.003533,3.056E-4,1
1522769794467,true,4744.234,0,0.02025,0.007159,0.002967,0.00127,0.002196,0.001821,0.001717,0.001436,0.01795,0.01155,0.006121,0.001405,0.004946,0.001139,0.003507,3.186E-4,1
1522769794502,true,4744.291,0,0.02124,0.00723,0.002925,0.001267,0.002204,0.001825,0.001698,0.001426,0.01919,0.01051,0.006098,0.001416,0.004935,0.001135,0.003555,3.135E-4,1
1522769794637,true,4744.335,0,0.02191,0.007677,0.002905,0.001257,0.002208,0.001831,0.001709,0.001419,0.01935,0.01024,0.006111,0.00141,0.004891,0.001152,0.003594,2.871E-4,1
1522769794672,true,4744.393,0,0.02192,0.008218,0.00292,0.001251,0.002189,0.001827,0.001716,0.001425,0.01843,0.01095,0.006147,0.001389,0.004873,0.001156,0.003638,2.597E-4,1
1522769794706,true,4744.45,0,0.02051,0.00821,0.002925,0.001255,0.002163,0.001814,0.001728,0.001431,0.01795,0.01153,0.006165,0.001377,0.004884,0.001158,0.003591,2.745E-4,1
1522769794742,true,4744.508,0,0.0199,0.007513,0.002925,0.00126,0.002167,0.0018,0.001713,0.001438,0.01808,0.01181,0.006145,0.001384,0.004908,0.00114,0.003521,3.031E-4,1
1522769794776,true,4744.565,0,0.02101,0.007103,0.002902,0.001262,0.002179,0.001799,0.001682,0.001431,0.01914,0.01104,0.006126,0.00139,0.004928,0.001122,0.003519,3.108E-4,1
1522769794912,true,4744.611,0,0.02175,0.007585,0.002872,0.001257,0.002185,0.001804,0.001675,0.001414,0.01983,0.01038,0.00613,0.001393,0.00491,0.00112,0.003563,2.922E-4,1
1522769794947,true,4744.669,0,0.0225,0.008005,0.002864,0.001248,0.002175,0.001811,0.001688,0.001413,0.01912,0.01084,0.006156,0.001382,0.004869,0.001133,0.003611,2.576E-4,1
1522769794982,true,4744.726,0,0.02149,0.008519,0.00287,0.00125,0.002144,0.001808,0.001698,0.001418,0.01791,0.01172,0.006185,0.001365,0.00487,0.001132,0.003615,2.453E-4,1
1522769795017,true,4744.784,0,0.01992,0.008092,0.002873,0.001254,0.002131,0.001796,0.001696,0.001427,0.0174,0.01234,0.006171,0.001363,0.004871,0.001132,0.00355,2.615E-4,1
1522769795052,true,4744.841,0,0.01958,0.007344,0.002856,0.001258,0.002142,0.001791,0.001669,0.001433,0.01788,0.0121,0.006126,0.001375,0.004886,0.001114,0.003514,2.732E-4,1
1522769795212,true,4744.911,0,0.02085,0.007083,0.0028,0.001264,0.002143,0.001798,0.00164,0.001424,0.01912,0.01096,0.006094,0.001387,0.004894,0.001095,0.00353,2.721E-4,1
1522769795247,true,4744.969,0,0.02158,0.007529,0.002767,0.001259,0.002142,0.001806,0.001646,0.001417,0.0196,0.01046,0.006106,0.001387,0.004855,0.001107,0.003574,2.504E-4,1
1522769795282,true,4745.026,0,0.02196,0.007982,0.002771,0.001252,0.002121,0.001811,0.001661,0.001421,0.01878,0.01097,0.00614,0.001366,0.004823,0.001119,0.003625,2.196E-4,1
1522769795317,true,4745.084,0,0.02063,0.008276,0.002776,0.001257,0.002099,0.0018,0.001673,0.001426,0.01809,0.01162,0.006169,0.001346,0.004823,0.001125,0.003599,2.194E-4,1
1522769795352,true,4745.141,0,0.01967,0.007726,0.002788,0.00126,0.002102,0.001789,0.001672,0.001432,0.01803,0.01209,0.006164,0.001351,0.004846,0.001116,0.00353,2.474E-4,1
1522769795512,true,4745.211,0,0.02037,0.007225,0.002771,0.001269,0.002112,0.001789,0.001646,0.00143,0.01882,0.0116,0.006139,0.001366,0.004881,0.001096,0.003506,2.674E-4,1
1522769795547,true,4745.269,0,0.02157,0.007567,0.002739,0.001269,0.002129,0.001793,0.001625,0.00142,0.01987,0.0107,0.006145,0.001374,0.004889,0.001088,0.003546,2.64E-4,1
1522769795582,true,4745.326,0,0.02245,0.008016,0.002729,0.001263,0.002133,0.0018,0.00164,0.001417,0.01957,0.01087,0.006175,0.001367,0.004859,0.001107,0.00361,2.282E-4,1
1522769795617,true,4745.384,0,0.02205,0.00862,0.002738,0.001265,0.002106,0.001805,0.001655,0.001422,0.01834,0.01183,0.006214,0.001349,0.004848,0.001115,0.003647,2.014E-4,1
1522769795652,true,4745.441,0,0.0205,0.008458,0.002745,0.001272,0.002091,0.001793,0.001672,0.001428,0.01763,0.01264,0.00622,0.001344,0.004869,0.001114,0.003607,2.19E-4,1
1522769795786,true,4745.485,0,0.01989,0.007699,0.002745,0.001278,0.002108,0.001783,0.001649,0.001438,0.01792,0.01271,0.00619,0.001355,0.004895,0.001101,0.003564,2.359E-4,1
1522769795821,true,4745.543,0,0.02096,0.007296,0.002711,0.001284,0.002117,0.001792,0.001625,0.001432,0.01898,0.01184,0.006169,0.001364,0.004916,0.001081,0.003576,2.439E-4,1
1522769795856,true,4745.6,0,0.02189,0.007735,0.002672,0.001284,0.002125,0.001797,0.001624,0.00142,0.01982,0.0111,0.006178,0.00137,0.00489,0.001091,0.003613,2.295E-4,1
1522769795891,true,4745.658,0,0.02286,0.008189,0.002665,0.001277,0.002095,0.001813,0.001642,0.001419,0.01912,0.01151,0.006192,0.001361,0.004847,0.001107,0.003664,2.028E-4,1
1522769795926,true,4745.715,0,0.02194,0.008682,0.002668,0.001284,0.002054,0.001811,0.001641,0.001428,0.01821,0.01231,0.006226,0.001338,0.00484,0.001114,0.003642,2.068E-4,1
1522769796086,true,4745.786,0,0.02064,0.008361,0.00268,0.00129,0.002043,0.0018,0.001648,0.001437,0.01794,0.01297,0.006227,0.001336,0.004859,0.001113,0.003568,2.404E-4,1
1522769796121,true,4745.844,0,0.02107,0.007689,0.002682,0.001301,0.002059,0.001798,0.00163,0.00144,0.0185,0.01278,0.006219,0.001347,0.004897,0.001094,0.00356,2.554E-4,1
1522769796156,true,4745.901,0,0.02263,0.007814,0.002659,0.001307,0.002069,0.001807,0.001611,0.001429,0.01955,0.01198,0.006231,0.001358,0.004921,0.001084,0.003602,2.65E-4,1
1522769796191,true,4745.959,0,0.02356,0.008403,0.002655,0.001302,0.002089,0.001815,0.001632,0.001421,0.01957,0.01189,0.006266,0.001355,0.00491,0.001094,0.003655,2.478E-4,1
1522769796226,true,4746.016,0,0.02385,0.008971,0.002682,0.001301,0.002078,0.00182,0.001644,0.001428,0.01828,0.01299,0.006314,0.001338,0.004905,0.001103,0.003717,2.207E-4,1
1522769796361,true,4746.06,0,0.0224,0.009095,0.002701,0.001309,0.002066,0.001812,0.001671,0.001431,0.01744,0.01386,0.00636,0.001323,0.00494,0.001107,0.003706,2.258E-4,1
1522769796396,true,4746.118,0,0.02129,0.008492,0.00272,0.001317,0.002084,0.001802,0.001667,0.001441,0.01748,0.01426,0.006341,0.00134,0.004982,0.001097,0.003667,2.503E-4,1
1522769796431,true,4746.175,0,0.02205,0.007938,0.00271,0.001327,0.0021,0.001809,0.001658,0.001438,0.01843,0.01358,0.006315,0.001359,0.005026,0.001082,0.003683,2.669E-4,1
1522769796466,true,4746.233,0,0.02306,0.00828,0.002682,0.001327,0.002125,0.001812,0.001661,0.001428,0.01964,0.01259,0.006335,0.001367,0.005037,0.001083,0.003733,2.632E-4,1
1522769796501,true,4746.29,0,0.0241,0.008632,0.002677,0.001321,0.002124,0.001823,0.001692,0.001425,0.01928,0.01276,0.006359,0.001365,0.00501,0.0011,0.003809,2.354E-4,1
1522769796661,true,4746.361,0,0.02348,0.00934,0.002692,0.001322,0.002092,0.001824,0.001706,0.001436,0.01841,0.01341,0.006396,0.001347,0.005011,0.001109,0.003833,2.179E-4,1
1522769796696,true,4746.419,0,0.02214,0.009138,0.0027,0.001329,0.002076,0.001812,0.001723,0.001441,0.01814,0.01405,0.0064,0.001342,0.005028,0.001113,0.003772,2.463E-4,1
1522769796731,true,4746.476,0,0.02197,0.008428,0.002703,0.001336,0.002083,0.001805,0.001704,0.00145,0.01848,0.01412,0.006373,0.001356,0.005059,0.001095,0.003695,2.804E-4,1
1522769796766,true,4746.534,0,0.02353,0.008198,0.00267,0.001345,0.002084,0.001815,0.001677,0.001442,0.01958,0.01328,0.006355,0.001368,0.005086,0.001076,0.003696,2.975E-4,1
1522769796801,true,4746.591,0,0.02458,0.008777,0.002657,0.001342,0.002098,0.001821,0.001696,0.001428,0.02012,0.01277,0.006382,0.001371,0.005081,0.00108,0.003749,2.755E-4,1
1522769796936,true,4746.635,0,0.0253,0.009329,0.002672,0.001339,0.002096,0.00183,0.001723,0.001431,0.01909,0.01353,0.006418,0.00136,0.005075,0.00109,0.003824,2.379E-4,1
1522769796971,true,4746.693,0,0.02404,0.009695,0.002703,0.001347,0.002084,0.001824,0.001751,0.001437,0.0182,0.01439,0.006459,0.001349,0.005102,0.001095,0.003834,2.389E-4,1
1522769797006,true,4746.75,0,0.02268,0.00919,0.002726,0.001355,0.002108,0.001808,0.001766,0.001447,0.01787,0.01501,0.006461,0.001357,0.005169,0.001084,0.003793,2.627E-4,1
1522769797041,true,4746.808,0,0.02292,0.00846,0.002734,0.001362,0.002136,0.001807,0.001756,0.001448,0.01859,0.01452,0.006447,0.001376,0.005227,0.001063,0.003788,2.811E-4,1
1522769797076,true,4746.865,0,0.02406,0.008521,0.002722,0.001363,0.002161,0.001814,0.00176,0.001439,0.0198,0.01347,0.006454,0.001391,0.005259,0.001055,0.003849,2.805E-4,1
1522769797235,true,4746.935,0,0.0248,0.008928,0.002725,0.001357,0.002179,0.001822,0.001797,0.001433,0.01997,0.0132,0.006496,0.001387,0.005236,0.001072,0.003928,2.518E-4,1
1522769797270,true,4746.993,0,0.02466,0.009462,0.002753,0.001351,0.00216,0.001828,0.001825,0.001443,0.01916,0.01383,0.006545,0.00137,0.005227,0.001085,0.004,2.231E-4,1
1522769797305,true,4747.05,0,0.02329,0.009431,0.00277,0.001357,0.002143,0.001817,0.001858,0.001448,0.0189,0.01431,0.006572,0.001361,0.005263,0.001084,0.003962,2.369E-4,1
1522769797340,true,4747.108,0,0.02255,0.00877,0.002787,0.001361,0.002158,0.001804,0.001857,0.00146,0.01915,0.01456,0.006566,0.001367,0.005308,0.001066,0.003913,2.626E-4,1
1522769797375,true,4747.165,0,0.02371,0.008331,0.002772,0.001366,0.002171,0.001807,0.00183,0.001459,0.0202,0.01374,0.006555,0.001378,0.005358,0.00104,0.003916,2.8E-4,1
1522769797536,true,4747.235,0,0.0246,0.008902,0.002746,0.001363,0.002181,0.001812,0.001841,0.001447,0.0211,0.01292,0.006576,0.001381,0.005357,0.001034,0.003962,2.652E-4,1
1522769797571,true,4747.293,0,0.02544,0.009391,0.002763,0.00135,0.002171,0.001821,0.001863,0.001443,0.02048,0.01326,0.00661,0.001368,0.005342,0.001038,0.004015,2.333E-4,1
1522769797606,true,4747.35,0,0.02433,0.01003,0.002778,0.001353,0.002147,0.001817,0.00188,0.001448,0.01929,0.01414,0.006646,0.001348,0.00534,0.001041,0.004017,2.21E-4,1
1522769797641,true,4747.408,0,0.02265,0.00967,0.002779,0.00136,0.002128,0.001806,0.00189,0.001454,0.01868,0.01483,0.006626,0.001352,0.005366,0.001032,0.003952,2.45E-4,1
1522769797676,true,4747.465,0,0.02235,0.008804,0.002777,0.001364,0.002138,0.001801,0.00187,0.00146,0.01919,0.01448,0.006574,0.001371,0.005386,0.001012,0.003909,2.65E-4,1
1522769797811,true,4747.511,0,0.02328,0.00863,0.002737,0.001371,0.002143,0.001812,0.00185,0.001453,0.02037,0.01335,0.006539,0.001387,0.005395,9.952E-4,0.003928,2.741E-4,1
1522769797846,true,4747.569,0,0.02385,0.008993,0.002708,0.001366,0.00215,0.001821,0.00187,0.001442,0.02078,0.01275,0.006558,0.001388,0.005367,0.001002,0.004,2.517E-4,1
1522769797881,true,4747.626,0,0.02438,0.009352,0.002721,0.001359,0.002139,0.00183,0.001899,0.001446,0.01993,0.01319,0.006603,0.001371,0.005344,0.001012,0.004062,2.185E-4,1
1522769797916,true,4747.684,0,0.02283,0.009591,0.002734,0.001361,0.002116,0.001821,0.001916,0.001458,0.01912,0.01379,0.006642,0.001354,0.005351,0.001015,0.004032,2.307E-4,1
1522769797951,true,4747.741,0,0.02172,0.008961,0.002749,0.001362,0.002126,0.001806,0.001925,0.001465,0.01899,0.01428,0.006633,0.001358,0.005399,9.942E-4,0.00396,2.664E-4,1
1522769798112,true,4747.811,0,0.02236,0.008314,0.00274,0.001368,0.002151,0.001806,0.0019,0.001465,0.01979,0.01361,0.006599,0.001372,0.005442,9.687E-4,0.003937,2.852E-4,1
1522769798147,true,4747.869,0,0.02339,0.008625,0.002712,0.001367,0.002175,0.001808,0.0019,0.001452,0.02088,0.01264,0.006605,0.00138,0.005454,9.582E-4,0.003946,2.875E-4,1
1522769798182,true,4747.926,0,0.0243,0.009055,0.00271,0.001358,0.002188,0.001811,0.001924,0.001446,0.0206,0.01264,0.006641,0.001365,0.005433,9.621E-4,0.004003,2.533E-4,1
1522769798216,true,4747.984,0,0.0239,0.009601,0.002742,0.001355,0.002161,0.001814,0.00194,0.001451,0.01925,0.01356,0.006676,0.001346,0.005438,9.606E-4,0.004051,2.218E-4,1
1522769798252,true,4748.041,0,0.02227,0.009396,0.002759,0.001359,0.002146,0.001802,0.001956,0.00146,0.0186,0.01422,0.006686,0.001337,0.00546,9.541E-4,0.003996,2.396E-4,1
1522769798385,true,4748.085,0,0.02144,0.008577,0.002774,0.001361,0.002162,0.001797,0.001944,0.001467,0.01879,0.01427,0.006641,0.00135,0.005478,9.357E-4,0.003933,2.662E-4,1
1522769798420,true,4748.143,0,0.02225,0.008155,0.002748,0.001366,0.002172,0.001806,0.001919,0.001461,0.01984,0.01325,0.006609,0.00136,0.005491,9.137E-4,0.003927,2.791E-4,1
1522769798456,true,4748.2,0,0.02285,0.008505,0.002717,0.001358,0.002176,0.001816,0.001928,0.001443,0.02067,0.0124,0.006599,0.001365,0.005456,9.197E-4,0.00398,2.598E-4,1
1522769798490,true,4748.258,0,0.02355,0.008756,0.002714,0.001347,0.00216,0.001825,0.001949,0.001443,0.01994,0.01269,0.006612,0.001349,0.005415,9.288E-4,0.004041,2.233E-4,1
1522769798526,true,4748.315,0,0.02239,0.009143,0.00272,0.001348,0.002128,0.00182,0.001957,0.001449,0.01907,0.01316,0.006622,0.001332,0.005386,9.361E-4,0.004009,2.236E-4,1
1522769798661,true,4748.361,0,0.02098,0.008682,0.002716,0.001352,0.002112,0.001807,0.001958,0.001456,0.01882,0.01365,0.006592,0.00133,0.005382,9.301E-4,0.0039,2.559E-4,1
1522769798696,true,4748.419,0,0.02124,0.007885,0.002694,0.001358,0.002115,0.001803,0.001922,0.001459,0.01946,0.01323,0.006522,0.001346,0.005392,9.033E-4,0.003835,2.784E-4,1
1522769798731,true,4748.476,0,0.0228,0.007848,0.002647,0.001363,0.00211,0.00181,0.001893,0.001448,0.02054,0.01221,0.006483,0.001355,0.005385,8.845E-4,0.003819,2.857E-4,1
1522769798766,true,4748.534,0,0.02369,0.008356,0.002628,0.001359,0.002112,0.001817,0.001899,0.001436,0.02054,0.012,0.006496,0.001352,0.005348,8.889E-4,0.003852,2.595E-4,1
1522769798801,true,4748.591,0,0.02388,0.008877,0.002651,0.001352,0.002094,0.001825,0.001902,0.001442,0.01917,0.01298,0.006518,0.00133,0.00532,8.957E-4,0.003884,2.233E-4,1
1522769798961,true,4748.661,0,0.02247,0.008868,0.002667,0.001355,0.002069,0.001817,0.00191,0.001447,0.01825,0.01377,0.00652,0.001318,0.005336,8.882E-4,0.003845,2.247E-4,1
1522769798996,true,4748.719,0,0.02131,0.008143,0.002673,0.00136,0.00208,0.001807,0.001893,0.001458,0.01813,0.01413,0.006467,0.001334,0.005367,8.709E-4,0.003791,2.388E-4,1
1522769799031,true,4748.776,0,0.02188,0.00746,0.002667,0.001364,0.002095,0.001812,0.001869,0.001454,0.01897,0.01336,0.006414,0.001345,0.005396,8.463E-4,0.003776,2.481E-4,1
1522769799066,true,4748.834,0,0.02257,0.007707,0.002641,0.001358,0.002108,0.001818,0.001868,0.001438,0.02,0.01235,0.006395,0.00135,0.005374,8.442E-4,0.003813,2.341E-4,1
1522769799101,true,4748.891,0,0.02308,0.00807,0.002638,0.00135,0.0021,0.001829,0.001892,0.001431,0.01961,0.01233,0.006407,0.00134,0.005327,8.583E-4,0.003862,1.938E-4,1
1522769799261,true,4748.962,0,0.02251,0.008544,0.002652,0.001349,0.002072,0.001827,0.001905,0.001439,0.01863,0.01291,0.006412,0.001323,0.005306,8.634E-4,0.003873,1.708E-4,1
1522769799296,true,4749.02,0,0.02113,0.008289,0.002659,0.001353,0.00206,0.001809,0.001916,0.001448,0.01827,0.01336,0.006398,0.001317,0.0053,8.664E-4,0.003797,1.977E-4,1
1522769799331,true,4749.077,0,0.02083,0.007576,0.002663,0.00136,0.002069,0.001799,0.001875,0.001458,0.01879,0.01321,0.006347,0.001326,0.005311,8.477E-4,0.00372,2.273E-4,1
1522769799366,true,4749.135,0,0.02217,0.007354,0.002637,0.001362,0.002076,0.001805,0.001845,0.001447,0.01989,0.01224,0.006311,0.001337,0.005316,8.31E-4,0.003704,2.358E-4,1
1522769799401,true,4749.192,0,0.02296,0.007937,0.002614,0.001355,0.002074,0.001811,0.001844,0.00143,0.0204,0.01169,0.006306,0.001337,0.005271,8.348E-4,0.003725,2.135E-4,1
1522769799536,true,4749.236,0,0.02364,0.008377,0.002616,0.001348,0.002049,0.001819,0.001855,0.001428,0.01935,0.01229,0.006317,0.001318,0.005214,8.483E-4,0.003749,1.778E-4,1
1522769799571,true,4749.294,0,0.02235,0.008711,0.002623,0.001356,0.002017,0.001813,0.001857,0.001435,0.0183,0.01315,0.006327,0.0013,0.005207,8.495E-4,0.003722,1.675E-4,1
1522769799606,true,4749.351,0,0.02105,0.008141,0.002641,0.001362,0.002021,0.001798,0.001855,0.001446,0.01795,0.01377,0.006304,0.001304,0.005226,8.405E-4,0.003647,1.876E-4,1
1522769799641,true,4749.409,0,0.02129,0.007439,0.002643,0.001369,0.002039,0.001802,0.001832,0.001447,0.01856,0.01332,0.00626,0.001322,0.005251,8.2E-4,0.003634,1.959E-4,1
1522769799676,true,4749.466,0,0.02216,0.007586,0.002623,0.001368,0.002053,0.00181,0.00182,0.001437,0.01967,0.01223,0.006241,0.001335,0.00526,8.086E-4,0.003673,1.909E-4,1
1522769799811,true,4749.511,0,0.02283,0.007959,0.002626,0.001356,0.002062,0.001819,0.001832,0.001432,0.01976,0.01189,0.006257,0.001332,0.005225,8.209E-4,0.003746,1.514E-4,1
1522769799846,true,4749.569,0,0.0228,0.008473,0.002652,0.00135,0.002048,0.001819,0.00185,0.001436,0.01879,0.01256,0.006277,0.001312,0.005199,8.32E-4,0.0038,1.148E-4,1
1522769799881,true,4749.626,0,0.02132,0.008424,0.002671,0.001354,0.002028,0.001808,0.001867,0.001443,0.01847,0.013,0.006278,0.001303,0.005207,8.35E-4,0.00376,1.265E-4,1
1522769799916,true,4749.684,0,0.02052,0.007739,0.00269,0.001357,0.002039,0.001797,0.001859,0.001454,0.01868,0.01323,0.006241,0.001312,0.005238,8.202E-4,0.003689,1.565E-4,1
1522769799951,true,4749.741,0,0.02174,0.007341,0.002683,0.001361,0.002053,0.0018,0.001834,0.001448,0.01973,0.0124,0.006206,0.001324,0.005261,8.007E-4,0.003683,1.74E-4,1
1522769800111,true,4749.811,0,0.02275,0.007893,0.002666,0.001355,0.00206,0.001809,0.001831,0.001433,0.02055,0.01163,0.006211,0.001328,0.005238,8.026E-4,0.003718,1.629E-4,1
1522769800146,true,4749.869,0,0.02357,0.008422,0.002671,0.001348,0.002062,0.001814,0.001851,0.001429,0.01971,0.01215,0.006232,0.001317,0.0052,8.122E-4,0.003762,1.3E-4,1
1522769800181,true,4749.926,0,0.02263,0.009056,0.002698,0.001344,0.002026,0.001816,0.001863,0.001433,0.01838,0.01311,0.006265,0.001298,0.005186,8.2E-4,0.003772,1.103E-4,1
1522769800216,true,4749.984,0,0.02097,0.008774,0.002708,0.00135,0.002017,0.001803,0.001862,0.001441,0.01778,0.01378,0.006251,0.001298,0.005198,8.156E-4,0.003707,1.34E-4,1
1522769800251,true,4750.041,0,0.02067,0.007987,0.002715,0.001353,0.002027,0.001801,0.001829,0.001447,0.01823,0.01356,0.006196,0.001315,0.005215,8.01E-4,0.003659,1.46E-4,1
1522769800386,true,4750.087,0,0.02167,0.00784,0.002688,0.001355,0.002033,0.001814,0.001808,0.001437,0.01929,0.01253,0.006167,0.001328,0.005218,7.92E-4,0.003676,1.554E-4,1
1522769800421,true,4750.145,0,0.02251,0.0082,0.002666,0.001348,0.002046,0.001824,0.001827,0.001426,0.01969,0.01198,0.00619,0.001329,0.005182,8.067E-4,0.003735,1.328E-4,1
1522769800456,true,4750.202,0,0.02302,0.008658,0.002687,0.001339,0.002034,0.001836,0.001858,0.001428,0.01864,0.01254,0.006229,0.001311,0.005151,8.244E-4,0.003806,1.03E-4,1
1522769800491,true,4750.26,0,0.02173,0.008873,0.002718,0.001344,0.002031,0.001829,0.001886,0.001434,0.01808,0.01308,0.00627,0.001291,0.005165,8.351E-4,0.003796,1.09E-4,1
1522769800526,true,4750.317,0,0.02062,0.008282,0.002751,0.001345,0.002051,0.001814,0.001891,0.001448,0.01811,0.01352,0.00627,0.001294,0.005211,8.24E-4,0.003751,1.448E-4,1
1522769800685,true,4750.386,0,0.02147,0.007634,0.002763,0.001349,0.002089,0.001811,0.001879,0.001447,0.01887,0.01294,0.006244,0.001308,0.005257,8.062E-4,0.003733,1.737E-4,1
1522769800720,true,4750.444,0,0.02272,0.007927,0.002757,0.001343,0.00212,0.001816,0.001884,0.001434,0.01989,0.01207,0.006266,0.00131,0.00527,8.003E-4,0.003759,1.833E-4,1
1522769800755,true,4750.501,0,0.02359,0.008486,0.002769,0.001331,0.002146,0.001821,0.001917,0.00143,0.01962,0.01215,0.006309,0.001301,0.005241,8.149E-4,0.003826,1.59E-4,1
1522769800790,true,4750.559,0,0.02325,0.009143,0.002804,0.001326,0.002135,0.001824,0.001948,0.001432,0.01824,0.01312,0.006358,0.001281,0.005246,8.23E-4,0.003895,1.271E-4,1
1522769800825,true,4750.616,0,0.02166,0.009058,0.002844,0.001327,0.002131,0.001814,0.001976,0.001436,0.01746,0.01392,0.006373,0.001277,0.00528,8.236E-4,0.003858,1.443E-4,1
1522769800986,true,4750.687,0,0.02084,0.008332,0.002875,0.001326,0.002154,0.001807,0.001971,0.001445,0.01751,0.01413,0.006342,0.001291,0.005325,8.045E-4,0.003809,1.735E-4,1
1522769801021,true,4750.745,0,0.02176,0.007942,0.002867,0.001328,0.002183,0.001814,0.001954,0.001439,0.01843,0.01325,0.006324,0.001304,0.005364,7.851E-4,0.003838,1.855E-4,1
1522769801056,true,4750.802,0,0.02251,0.008336,0.002856,0.001317,0.002205,0.001822,0.001968,0.001426,0.01916,0.01248,0.006336,0.001309,0.005338,7.893E-4,0.003895,1.713E-4,1
1522769801091,true,4750.86,0,0.02323,0.008695,0.002855,0.001308,0.002205,0.00183,0.002001,0.001425,0.01857,0.01272,0.006369,0.001296,0.005294,8.068E-4,0.003951,1.433E-4,1
1522769801126,true,4750.917,0,0.02219,0.009103,0.002873,0.001307,0.002186,0.001825,0.002022,0.001431,0.01774,0.01332,0.006391,0.001278,0.005284,8.162E-4,0.003943,1.39E-4,1
1522769801261,true,4750.961,0,0.02079,0.008641,0.002891,0.001308,0.002183,0.001812,0.002034,0.001441,0.01756,0.01373,0.006372,0.001274,0.0053,8.099E-4,0.003861,1.729E-4,1
1522769801296,true,4751.019,0,0.0211,0.00787,0.002895,0.001311,0.002211,0.001806,0.002017,0.001443,0.0183,0.01321,0.006325,0.001287,0.005326,7.887E-4,0.003831,1.972E-4,1
1522769801331,true,4751.076,0,0.02253,0.007877,0.002881,0.001307,0.002234,0.001811,0.001996,0.001437,0.0194,0.01221,0.006326,0.001293,0.005342,7.743E-4,0.003853,2.087E-4,1
1522769801366,true,4751.134,0,0.02339,0.008476,0.00288,0.001298,0.00226,0.001815,0.002013,0.001429,0.01947,0.01197,0.006356,0.001291,0.005319,7.842E-4,0.003908,1.87E-4,1
1522769801401,true,4751.191,0,0.02399,0.008994,0.002912,0.001293,0.002274,0.001811,0.00204,0.001434,0.01819,0.01289,0.006398,0.001275,0.005316,7.898E-4,0.003993,1.504E-4,1
1522769801561,true,4751.262,0,0.02262,0.009098,0.002956,0.001291,0.002276,0.0018,0.002065,0.00144,0.01732,0.01375,0.00644,0.001255,0.005354,7.84E-4,0.003983,1.577E-4,1
1522769801596,true,4751.32,0,0.0214,0.008446,0.002988,0.001294,0.002313,0.001784,0.002066,0.001449,0.01703,0.01439,0.006439,0.001259,0.005414,7.604E-4,0.003931,1.875E-4,1
1522769801631,true,4751.377,0,0.02192,0.007899,0.00299,0.001297,0.002352,0.001787,0.002056,0.001444,0.01784,0.01369,0.006418,0.001274,0.005465,7.362E-4,0.003956,1.923E-4,1
1522769801666,true,4751.435,0,0.02282,0.008147,0.002977,0.00129,0.002395,0.001789,0.002064,0.001432,0.01893,0.01264,0.006434,0.001279,0.005481,7.275E-4,0.004021,1.817E-4,1
1522769801701,true,4751.492,0,0.02352,0.008456,0.002998,0.001275,0.002418,0.001791,0.002099,0.001428,0.01864,0.01262,0.006467,0.00127,0.00547,7.391E-4,0.004103,1.449E-4,1
1522769801837,true,4751.536,0,0.02282,0.008984,0.003033,0.001269,0.002414,0.001789,0.002124,0.001438,0.0177,0.01323,0.006512,0.001245,0.005478,7.381E-4,0.004146,1.257E-4,1
1522769801871,true,4751.594,0,0.02121,0.008713,0.003062,0.00127,0.002419,0.001771,0.002151,0.001447,0.01745,0.01364,0.00653,0.001235,0.005512,7.333E-4,0.004102,1.506E-4,1
1522769801906,true,4751.651,0,0.02091,0.007944,0.003083,0.001269,0.00245,0.001762,0.00214,0.001453,0.01791,0.01349,0.006503,0.001243,0.005554,7.116E-4,0.004058,1.763E-4,1
1522769801941,true,4751.709,0,0.02218,0.007762,0.003073,0.001269,0.002473,0.001764,0.002124,0.001446,0.01905,0.0125,0.006496,0.00125,0.00558,6.895E-4,0.004078,1.854E-4,1
1522769801976,true,4751.766,0,0.02322,0.008286,0.003062,0.001258,0.002495,0.001766,0.002138,0.001432,0.01978,0.01185,0.006519,0.001248,0.005561,6.886E-4,0.004135,1.644E-4,1
1522769802136,true,4751.836,0,0.02395,0.008808,0.003076,0.001251,0.002498,0.00177,0.002161,0.001432,0.01878,0.01247,0.006553,0.001228,0.005539,6.945E-4,0.004198,1.231E-4,1
1522769802171,true,4751.894,0,0.02272,0.009126,0.0031,0.001251,0.002481,0.00176,0.002171,0.001437,0.0176,0.01342,0.006588,0.001206,0.005548,6.922E-4,0.004195,1.092E-4,1
1522769802206,true,4751.951,0,0.0213,0.008616,0.00311,0.001256,0.002481,0.001746,0.00217,0.001443,0.01706,0.01415,0.006579,0.001202,0.005583,6.711E-4,0.004121,1.338E-4,1
1522769802241,true,4752.009,0,0.02145,0.00785,0.003101,0.001262,0.002511,0.001741,0.002153,0.001442,0.01766,0.01363,0.006541,0.001213,0.005621,6.456E-4,0.004099,1.462E-4,1
1522769802276,true,4752.066,0,0.0225,0.007895,0.003082,0.001258,0.002533,0.001746,0.002144,0.00143,0.01865,0.01265,0.006543,0.001213,0.005624,6.388E-4,0.004155,1.383E-4,1
1522769802411,true,4752.112,0,0.02305,0.008256,0.003088,0.001243,0.002555,0.001753,0.00217,0.001421,0.01869,0.0124,0.006576,0.001203,0.005592,6.497E-4,0.004224,1.07E-4,1
1522769802446,true,4752.17,0,0.02293,0.008787,0.003119,0.001234,0.002542,0.001756,0.002194,0.001428,0.01775,0.01297,0.006616,0.00118,0.005586,6.587E-4,0.004287,7.628E-5,1
1522769802481,true,4752.227,0,0.02149,0.008714,0.003144,0.001235,0.002541,0.00174,0.002217,0.001433,0.01722,0.0135,0.006648,0.001161,0.005611,6.614E-4,0.004254,8.61E-5,1
1522769802516,true,4752.285,0,0.02055,0.008078,0.003164,0.001236,0.002557,0.001728,0.002218,0.001439,0.01743,0.01369,0.006636,0.001161,0.005641,6.446E-4,0.004199,1.099E-4,1
1522769802551,true,4752.342,0,0.0216,0.007634,0.003157,0.001236,0.002591,0.001724,0.002195,0.001434,0.01856,0.01276,0.006616,0.00117,0.00569,6.188E-4,0.004199,1.219E-4,1
1522769802712,true,4752.412,0,0.02258,0.008153,0.003144,0.001229,0.002612,0.001729,0.002196,0.001418,0.01953,0.01185,0.006647,0.001166,0.005693,6.124E-4,0.004241,1.145E-4,1
1522769802747,true,4752.47,0,0.02334,0.008718,0.00316,0.001215,0.002618,0.001734,0.002219,0.00141,0.01883,0.01219,0.006686,0.001152,0.005673,6.192E-4,0.004307,7.747E-5,1
1522769802782,true,4752.527,0,0.02247,0.009328,0.003192,0.001211,0.002594,0.00173,0.002238,0.001414,0.01771,0.01308,0.006737,0.001126,0.005691,6.184E-4,0.004325,6.205E-5,1
1522769802817,true,4752.585,0,0.02078,0.009034,0.003224,0.001209,0.002601,0.001714,0.002249,0.00142,0.01725,0.01369,0.006737,0.001121,0.005734,6.06E-4,0.00427,8.266E-5,1
1522769802852,true,4752.642,0,0.02046,0.00826,0.003235,0.001215,0.002638,0.001702,0.002237,0.001422,0.0176,0.01354,0.006695,0.001134,0.005767,5.893E-4,0.004247,9.162E-5,1
1522769803011,true,4752.713,0,0.0214,0.008098,0.003217,0.001211,0.002659,0.001706,0.002215,0.001409,0.0187,0.01252,0.006676,0.001145,0.00578,5.779E-4,0.004275,9.297E-5,1
1522769803046,true,4752.771,0,0.02216,0.008474,0.003201,0.0012,0.002676,0.001708,0.002229,0.001396,0.01919,0.01193,0.006688,0.001144,0.005746,5.888E-4,0.004326,6.923E-5,1
1522769803081,true,4752.828,0,0.02269,0.008824,0.003204,0.001192,0.00266,0.001714,0.002241,0.001401,0.01813,0.01258,0.006717,0.001123,0.005712,6.024E-4,0.004367,3.723E-5,1
1522769803116,true,4752.886,0,0.02136,0.008978,0.003209,0.001192,0.002633,0.001702,0.002247,0.001409,0.01752,0.01302,0.006728,0.001104,0.005698,6.085E-4,0.004335,3.886E-5,1
1522769803151,true,4752.943,0,0.02018,0.008345,0.003215,0.001193,0.002631,0.001689,0.002242,0.001417,0.01759,0.01328,0.006707,0.001106,0.005731,5.909E-4,0.004249,6.698E-5,1
1522769803261,true,4752.962,0,0.02073,0.007733,0.00321,0.001196,0.002643,0.001685,0.002217,0.001415,0.01857,0.01256,0.006678,0.001115,0.00577,5.663E-4,0.004224,8.304E-5,1
1522769803296,true,4753.02,0,0.022,0.008051,0.003192,0.001189,0.002647,0.00169,0.002201,0.001401,0.01984,0.01157,0.006681,0.001116,0.005773,5.579E-4,0.00424,8.677E-5,1
1522769803331,true,4753.077,0,0.02289,0.008611,0.0032,0.001174,0.002651,0.001695,0.002215,0.001391,0.01953,0.01162,0.006729,0.001099,0.00575,5.675E-4,0.00429,5.478E-5,1
1522769803366,true,4753.135,0,0.02261,0.009287,0.003226,0.001167,0.002631,0.001691,0.002228,0.001395,0.01816,0.01258,0.006769,0.001077,0.005743,5.734E-4,0.004321,2.201E-5,1
1522769803401,true,4753.192,0,0.02101,0.009232,0.003245,0.001168,0.002618,0.001676,0.002241,0.001401,0.0175,0.01328,0.00678,0.001063,0.005761,5.77E-4,0.004275,3.23E-5,1
1522769803561,true,4753.263,0,0.02013,0.008518,0.003267,0.001165,0.00263,0.001667,0.002227,0.001407,0.0175,0.0135,0.006744,0.00108,0.005803,5.572E-4,0.004228,4.976E-5,1
1522769803596,true,4753.321,0,0.02097,0.008107,0.003256,0.001164,0.002644,0.001673,0.0022,0.001397,0.01853,0.01255,0.006714,0.001093,0.005842,5.349E-4,0.004255,4.749E-5,1
1522769803631,true,4753.378,0,0.02146,0.008554,0.003231,0.001154,0.002667,0.001676,0.002205,0.001381,0.01921,0.01176,0.006711,0.001102,0.005826,5.386E-4,0.004297,2.935E-5,1
1522769803667,true,4753.436,0,0.02184,0.008943,0.003235,0.001142,0.002658,0.001683,0.002223,0.001379,0.01862,0.01193,0.006728,0.001093,0.005787,5.502E-4,0.004375,-1.418E-5,1
1522769803701,true,4753.493,0,0.02063,0.009313,0.003244,0.00114,0.00263,0.001675,0.002229,0.001389,0.01768,0.0125,0.006758,0.001073,0.005784,5.584E-4,0.004378,-2.799E-5,1
1522769803862,true,4753.562,0,0.01924,0.008801,0.003253,0.001138,0.002625,0.001656,0.002236,0.001396,0.01753,0.01296,0.006743,0.001074,0.005801,5.512E-4,0.004299,5.147E-7,1
1522769803896,true,4753.62,0,0.0194,0.007973,0.00325,0.001138,0.002637,0.001649,0.002207,0.001399,0.01825,0.01244,0.006687,0.001092,0.005831,5.284E-4,0.004243,2.349E-5,1
1522769803932,true,4753.677,0,0.02104,0.007888,0.003215,0.001134,0.002637,0.001656,0.002173,0.001389,0.01939,0.01142,0.006668,0.001097,0.005831,5.119E-4,0.004233,3.255E-5,1
1522769803966,true,4753.735,0,0.02188,0.008472,0.003198,0.001119,0.002633,0.001662,0.00217,0.001384,0.01961,0.0111,0.006678,0.001094,0.005788,5.176E-4,0.004256,1.182E-5,1
1522769804001,true,4753.792,0,0.02241,0.00901,0.003213,0.001111,0.002612,0.001662,0.002173,0.00139,0.01825,0.01209,0.0067,0.001073,0.005756,5.281E-4,0.004284,-1.83E-5,1
1522769804136,true,4753.837,0,0.02102,0.009092,0.003234,0.001109,0.002588,0.001648,0.002183,0.001396,0.01717,0.013,0.006725,0.001056,0.005767,5.3E-4,0.004259,-1.742E-5,1
1522769804171,true,4753.895,0,0.0199,0.008423,0.00326,0.001111,0.002601,0.001634,0.002163,0.001408,0.01701,0.0135,0.006702,0.001063,0.005813,5.107E-4,0.004194,7.889E-7,1
1522769804205,true,4753.952,0,0.02052,0.007875,0.003254,0.001113,0.002613,0.001637,0.00214,0.001405,0.0179,0.0128,0.006667,0.001077,0.005862,4.863E-4,0.004209,7.89E-6,1
1522769804241,true,4754.01,0,0.02125,0.00818,0.003229,0.001107,0.002625,0.001642,0.002132,0.00139,0.01884,0.01183,0.006664,0.001084,0.005875,4.792E-4,0.004273,-9.091E-6,1
1522769804276,true,4754.067,0,0.02187,0.008448,0.003228,0.001092,0.002625,0.001648,0.002159,0.001383,0.01838,0.01191,0.006686,0.001075,0.005839,4.938E-4,0.004338,-4.504E-5,1
1522769804436,true,4754.137,0,0.02116,0.008933,0.003248,0.001087,0.002598,0.001645,0.002175,0.001392,0.01737,0.01255,0.006717,0.001056,0.005824,5.03E-4,0.004374,-7.203E-5,1
1522769804472,true,4754.195,0,0.01956,0.008653,0.003266,0.001086,0.002578,0.001632,0.002184,0.0014,0.01716,0.01289,0.006719,0.001047,0.005828,5.078E-4,0.004317,-5.494E-5,1
1522769804506,true,4754.252,0,0.01914,0.00786,0.003268,0.001088,0.002581,0.001625,0.002163,0.001406,0.01772,0.0127,0.006673,0.001061,0.005859,4.879E-4,0.004259,-2.766E-5,1
1522769804541,true,4754.31,0,0.02054,0.007579,0.003247,0.001086,0.002585,0.00163,0.00214,0.001393,0.01911,0.01158,0.006662,0.001066,0.005878,4.682E-4,0.004255,-1.127E-5,1
1522769804576,true,4754.367,0,0.02142,0.008165,0.003227,0.001073,0.002585,0.001633,0.002137,0.001381,0.01977,0.01092,0.006673,0.001066,0.005848,4.728E-4,0.004275,-2.153E-5,1
1522769804712,true,4754.413,0,0.02225,0.008644,0.003232,0.001063,0.002564,0.00164,0.002143,0.001384,0.01886,0.01155,0.006709,0.001044,0.005811,4.782E-4,0.004319,-5.63E-5,1
1522769804747,true,4754.471,0,0.02101,0.00904,0.003244,0.001061,0.002521,0.001633,0.002142,0.00139,0.01766,0.01249,0.006722,0.001026,0.005803,4.824E-4,0.004287,-5.823E-5,1
1522769804781,true,4754.528,0,0.01968,0.0085,0.003252,0.001062,0.00251,0.001616,0.002133,0.001398,0.01718,0.01326,0.006692,0.001029,0.005823,4.684E-4,0.004202,-3.723E-5,1
1522769804816,true,4754.586,0,0.02004,0.007703,0.003243,0.001063,0.002516,0.001613,0.002094,0.001398,0.01773,0.01281,0.006644,0.001044,0.005842,4.464E-4,0.004174,-3.22E-5,1
1522769804852,true,4754.643,0,0.02107,0.007753,0.0032,0.001062,0.002506,0.001624,0.002064,0.001387,0.01875,0.01174,0.00663,0.00105,0.005826,4.38E-4,0.004203,-3.718E-5,1
1522769805012,true,4754.714,0,0.02169,0.008104,0.003185,0.00105,0.002502,0.001632,0.002072,0.001379,0.01881,0.01148,0.006635,0.001047,0.005774,4.544E-4,0.004254,-6.841E-5,1
1522769805047,true,4754.772,0,0.02154,0.008532,0.003195,0.001044,0.00248,0.001634,0.002083,0.001384,0.01783,0.01215,0.006663,0.001028,0.005744,4.668E-4,0.004305,-1.008E-4,1
1522769805082,true,4754.829,0,0.02017,0.008408,0.003209,0.001044,0.002464,0.001618,0.002097,0.001393,0.0174,0.01262,0.006679,0.001016,0.005754,4.694E-4,0.00428,-9.191E-5,1
1522769805117,true,4754.887,0,0.01916,0.007742,0.003224,0.001043,0.002482,0.001602,0.002085,0.001402,0.01771,0.01273,0.006657,0.001024,0.005785,4.567E-4,0.004218,-6.515E-5,1
1522769805168,true,4754.944,0,0.02022,0.007254,0.003214,0.001043,0.002494,0.001605,0.002057,0.001396,0.01895,0.01178,0.006639,0.001031,0.005812,4.394E-4,0.004227,-5.257E-5,1
1522769805287,true,4754.988,0,0.02126,0.007718,0.003192,0.001036,0.002504,0.001606,0.00206,0.001384,0.02,0.01084,0.006655,0.00103,0.005811,4.337E-4,0.004258,-5.959E-5,1
1522769805322,true,4755.046,0,0.02217,0.008294,0.003202,0.001024,0.002497,0.001613,0.002078,0.001382,0.0195,0.01108,0.006686,0.001016,0.005775,4.473E-4,0.004308,-8.736E-5,1
1522769805357,true,4755.103,0,0.02139,0.008993,0.003226,0.001022,0.002463,0.001612,0.00209,0.001385,0.01828,0.01213,0.006726,9.937E-4,0.005776,4.496E-4,0.004322,-1.053E-4,1
1522769805392,true,4755.161,0,0.01986,0.008639,0.003248,0.001023,0.002459,0.001595,0.002101,0.001388,0.01773,0.01292,0.00672,9.915E-4,0.005805,4.46E-4,0.00425,-8.18E-5,1
1522769805426,true,4755.218,0,0.0198,0.007806,0.003257,0.001025,0.002475,0.001588,0.002071,0.001395,0.01811,0.01278,0.006685,0.001003,0.005844,4.246E-4,0.004211,-6.395E-5,1
1522769805586,true,4755.287,0,0.02099,0.007597,0.003238,0.001025,0.002486,0.001596,0.002039,0.001386,0.01929,0.01172,0.006673,0.001008,0.005864,4.057E-4,0.004231,-6.079E-5,1
1522769805621,true,4755.345,0,0.02163,0.008013,0.003223,0.001016,0.002483,0.001606,0.002046,0.001375,0.01967,0.01126,0.006684,0.001013,0.005837,4.081E-4,0.004284,-8.628E-5,1
1522769805656,true,4755.402,0,0.02208,0.008402,0.003226,0.001008,0.002463,0.001614,0.002053,0.001381,0.01869,0.01185,0.006706,9.984E-4,0.0058,4.206E-4,0.004352,-1.291E-4,1
1522769805691,true,4755.46,0,0.02084,0.008537,0.003228,0.001011,0.00243,0.001607,0.002055,0.001389,0.01794,0.01237,0.00671,9.817E-4,0.005795,4.268E-4,0.004324,-1.302E-4,1
1522769805726,true,4755.517,0,0.01958,0.007913,0.003231,0.001013,0.00242,0.001593,0.002039,0.001403,0.01809,0.01262,0.00667,9.916E-4,0.005792,4.212E-4,0.00424,-1.042E-4,1
1522769805862,true,4755.563,0,0.02026,0.007174,0.003206,0.00102,0.002415,0.001593,0.001996,0.001404,0.01905,0.01193,0.006622,0.001005,0.005791,4.076E-4,0.004198,-8.131E-5,1
1522769805897,true,4755.621,0,0.02148,0.0075,0.003159,0.00102,0.002408,0.001602,0.00197,0.001391,0.02025,0.01084,0.006612,0.001012,0.005766,4.037E-4,0.004227,-8.015E-5,1
1522769805932,true,4755.678,0,0.02248,0.008029,0.003148,0.00101,0.002404,0.001609,0.001977,0.001384,0.02006,0.01084,0.006637,0.001003,0.005728,4.157E-4,0.00427,-1.122E-4,1
1522769805966,true,4755.736,0,0.02233,0.008708,0.003178,0.001004,0.002379,0.001609,0.001978,0.001392,0.01882,0.01175,0.006673,9.82E-4,0.005718,4.187E-4,0.004295,-1.347E-4,1
1522769806002,true,4755.793,0,0.02092,0.008637,0.0032,0.001009,0.002364,0.001597,0.001989,0.001397,0.01794,0.01266,0.006695,9.654E-4,0.00575,4.175E-4,0.004249,-1.199E-4,1
1522769806162,true,4755.864,0,0.02035,0.007884,0.003214,0.001015,0.002379,0.001587,0.001977,0.001401,0.01798,0.01288,0.006669,9.749E-4,0.005785,4.005E-4,0.004192,-9.518E-5,1
1522769806197,true,4755.922,0,0.02126,0.007503,0.003198,0.001019,0.002399,0.001594,0.001952,0.001394,0.01897,0.01205,0.006649,9.897E-4,0.005831,3.787E-4,0.004221,-9.301E-5,1
1522769806232,true,4755.979,0,0.02194,0.007926,0.00318,0.001012,0.002427,0.001598,0.001949,0.001382,0.01965,0.01124,0.006654,9.992E-4,0.00582,3.83E-4,0.004276,-1.142E-4,1
1522769806267,true,4756.037,0,0.0224,0.008302,0.003185,0.001003,0.002414,0.001611,0.001968,0.001382,0.01885,0.01159,0.006674,9.926E-4,0.005786,4.007E-4,0.004363,-1.576E-4,1
1522769806302,true,4756.094,0,0.02126,0.008627,0.003201,0.001004,0.002385,0.001609,0.001983,0.001391,0.01801,0.01213,0.006693,9.794E-4,0.005777,4.113E-4,0.004384,-1.756E-4,1
1522769806462,true,4756.163,0,0.01965,0.008172,0.003215,0.001006,0.002383,0.001594,0.001992,0.0014,0.01787,0.01251,0.006677,9.813E-4,0.005797,4.07E-4,0.00432,-1.438E-4,1
1522769806496,true,4756.221,0,0.01973,0.007356,0.003207,0.001011,0.002399,0.001591,0.001969,0.001405,0.01861,0.01201,0.006633,9.987E-4,0.005813,3.905E-4,0.00427,-1.153E-4,1
1522769806532,true,4756.278,0,0.02122,0.00725,0.003174,0.001011,0.002412,0.001594,0.001941,0.001398,0.01985,0.0109,0.006622,0.001008,0.005822,3.783E-4,0.004281,-1.046E-4,1
1522769806567,true,4756.336,0,0.02214,0.007751,0.003155,0.001001,0.00242,0.001599,0.001945,0.00139,0.02016,0.01046,0.006642,0.001004,0.005781,3.896E-4,0.004317,-1.246E-4,1
1522769806602,true,4756.393,0,0.02257,0.008337,0.003156,9.981E-4,0.002401,0.001601,0.00195,0.001396,0.01909,0.01118,0.00667,9.909E-4,0.005728,4.054E-4,0.004365,-1.581E-4,1
1522769806737,true,4756.439,0,0.02119,0.008517,0.003167,0.001002,0.002377,0.001591,0.001951,0.001404,0.01803,0.0121,0.006687,9.736E-4,0.005728,4.069E-4,0.004325,-1.516E-4,1
1522769806771,true,4756.497,0,0.02006,0.007873,0.003165,0.001008,0.002375,0.00158,0.001932,0.001414,0.01773,0.01262,0.006636,9.873E-4,0.005733,4.018E-4,0.004235,-1.228E-4,1
1522769806807,true,4756.554,0,0.02073,0.007297,0.003135,0.001018,0.002384,0.001582,0.00189,0.00141,0.01839,0.01204,0.006576,0.001006,0.005748,3.856E-4,0.00421,-1.002E-4,1
1522769806842,true,4756.612,0,0.02164,0.007565,0.00309,0.001016,0.002381,0.001595,0.001867,0.001398,0.01928,0.0111,0.006553,0.001021,0.0057,3.947E-4,0.004246,-1.134E-4,1
1522769806877,true,4756.669,0,0.02219,0.007895,0.003059,0.001008,0.002364,0.001608,0.001869,0.001397,0.01868,0.01121,0.006538,0.001025,0.00562,4.211E-4,0.004288,-1.447E-4,1
1522769807012,true,4756.713,0,0.02128,0.008429,0.003045,0.00101,0.002318,0.001611,0.001866,0.001407,0.01763,0.01185,0.00653,0.001013,0.005564,4.38E-4,0.004294,-1.65E-4,1
1522769807047,true,4756.771,0,0.01943,0.008213,0.00303,0.001015,0.002285,0.0016,0.001862,0.001415,0.01726,0.0123,0.006498,0.00101,0.005544,4.451E-4,0.004201,-1.374E-4,1
1522769807082,true,4756.828,0,0.01885,0.007422,0.003017,0.001022,0.002286,0.001595,0.001828,0.001426,0.01772,0.0121,0.006435,0.001027,0.00555,4.316E-4,0.004127,-1.049E-4,1
1522769807117,true,4756.886,0,0.02011,0.007041,0.002974,0.001025,0.002283,0.001604,0.00179,0.001421,0.01901,0.01102,0.006393,0.001042,0.00556,4.142E-4,0.004126,-8.758E-5,1
1522769807152,true,4756.943,0,0.02102,0.007553,0.002937,0.001018,0.002289,0.001609,0.001787,0.001407,0.01966,0.01029,0.006386,0.00105,0.005519,4.23E-4,0.004133,-8.908E-5,1
1522769807312,true,4757.014,0,0.02202,0.008056,0.002938,0.00101,0.002264,0.001619,0.001794,0.00141,0.01887,0.01083,0.00641,0.001037,0.005476,4.422E-4,0.004176,-1.179E-4,1
1522769807346,true,4757.072,0,0.02082,0.008441,0.002943,0.001015,0.002227,0.001614,0.001794,0.001419,0.01786,0.01162,0.006427,0.001019,0.005457,4.532E-4,0.004159,-1.179E-4,1
1522769807382,true,4757.129,0,0.01937,0.007968,0.00295,0.001018,0.002226,0.001598,0.001779,0.00143,0.01734,0.01243,0.0064,0.001023,0.005463,4.502E-4,0.00407,-8.344E-5,1
1522769807417,true,4757.187,0,0.01962,0.007204,0.002937,0.001026,0.002235,0.0016,0.001738,0.001431,0.018,0.01204,0.006345,0.001042,0.005484,4.343E-4,0.004027,-6.103E-5,1
1522769807452,true,4757.244,0,0.02075,0.007247,0.002896,0.001028,0.002247,0.001605,0.001717,0.001419,0.01894,0.01114,0.006322,0.001056,0.005473,4.35E-4,0.004049,-5.745E-5,1
1522769807612,true,4757.313,0,0.02132,0.00762,0.002872,0.001023,0.002255,0.001614,0.001718,0.001415,0.01894,0.01088,0.006323,0.001058,0.005416,4.544E-4,0.004091,-8.502E-5,1
1522769807647,true,4757.371,0,0.02111,0.008072,0.002869,0.001025,0.002227,0.001621,0.001725,0.001425,0.01779,0.01161,0.006321,0.001048,0.005376,4.719E-4,0.004127,-1.153E-4,1
1522769807682,true,4757.428,0,0.01938,0.008024,0.002869,0.001029,0.002193,0.001613,0.001728,0.001438,0.01722,0.01212,0.006312,0.001042,0.005351,4.88E-4,0.004074,-1.052E-4,1
1522769807717,true,4757.486,0,0.01832,0.007303,0.002866,0.001035,0.002192,0.001603,0.001711,0.001449,0.01746,0.01222,0.006254,0.001055,0.00535,4.8E-4,0.003995,-7.592E-5,1
1522769807752,true,4757.543,0,0.01931,0.006762,0.002826,0.001043,0.002183,0.001612,0.001672,0.00145,0.01854,0.0113,0.006197,0.001072,0.005347,4.693E-4,0.003963,-5.476E-5,1
1522769807886,true,4757.588,0,0.02026,0.007171,0.002776,0.001044,0.002172,0.001622,0.001657,0.001438,0.01957,0.01036,0.00617,0.001081,0.005301,4.758E-4,0.003974,-5.907E-5,1
1522769807921,true,4757.646,0,0.02122,0.007651,0.002766,0.001036,0.002144,0.001634,0.001658,0.00144,0.01914,0.01054,0.006174,0.001077,0.005233,4.946E-4,0.003992,-8.292E-5,1
1522769807956,true,4757.703,0,0.02034,0.008352,0.002776,0.001039,0.002109,0.001634,0.001661,0.001451,0.01789,0.01145,0.006186,0.001064,0.00521,5.07E-4,0.003994,-9.358E-5,1
1522769807991,true,4757.761,0,0.01894,0.008091,0.002791,0.001047,0.002091,0.001623,0.001666,0.001459,0.01726,0.0123,0.00617,0.001062,0.005221,5.11E-4,0.003919,-6.848E-5,1
1522769808026,true,4757.818,0,0.01876,0.007388,0.002796,0.001057,0.002113,0.001618,0.001635,0.001468,0.01767,0.0122,0.006128,0.001078,0.005246,4.969E-4,0.003868,-3.933E-5,1
1522769808162,true,4757.863,0,0.02017,0.007105,0.002772,0.001063,0.002125,0.001629,0.001603,0.001461,0.01872,0.01125,0.006102,0.001097,0.005271,4.817E-4,0.003896,-3.546E-5,1
1522769808197,true,4757.921,0,0.02098,0.007482,0.002746,0.001061,0.002132,0.001641,0.00161,0.00145,0.01895,0.01078,0.006101,0.001106,0.005231,4.961E-4,0.003935,-5.47E-5,1
1522769808232,true,4757.978,0,0.02153,0.007813,0.002746,0.001061,0.002117,0.001651,0.001621,0.001458,0.01787,0.01143,0.006127,0.001095,0.005186,5.173E-4,0.003994,-8.538E-5,1
1522769808267,true,4758.036,0,0.02008,0.007928,0.002755,0.00107,0.002097,0.001648,0.001632,0.001469,0.01715,0.01198,0.006137,0.001086,0.005173,5.366E-4,0.003968,-7.955E-5,1
1522769808302,true,4758.093,0,0.01869,0.007332,0.002759,0.001079,0.002103,0.001638,0.001632,0.001481,0.01711,0.01233,0.006102,0.001097,0.00519,5.37E-4,0.00389,-3.967E-5,1
1522769808462,true,4758.164,0,0.01897,0.006658,0.002735,0.00109,0.002106,0.001645,0.001605,0.001485,0.01793,0.01166,0.006051,0.001119,0.005209,5.227E-4,0.003856,-1.286E-5,1
1522769808497,true,4758.222,0,0.02022,0.006864,0.002703,0.00109,0.002117,0.001652,0.001589,0.001475,0.01917,0.01057,0.00604,0.001129,0.005197,5.228E-4,0.003852,-1.343E-6,1
1522769808532,true,4758.279,0,0.02125,0.007399,0.002685,0.001084,0.002108,0.001664,0.001597,0.001471,0.01907,0.01045,0.006043,0.00113,0.005132,5.451E-4,0.003882,-1.922E-5,1
1522769808567,true,4758.337,0,0.02109,0.008143,0.00269,0.001086,0.00207,0.001671,0.001604,0.001481,0.01798,0.01128,0.00606,0.001117,0.005098,5.602E-4,0.003894,-3.399E-5,1
1522769808602,true,4758.394,0,0.01966,0.008038,0.002687,0.001097,0.002035,0.001664,0.001614,0.001486,0.01735,0.01204,0.006058,0.001112,0.005095,5.651E-4,0.003817,-1.508E-5,1
1522769808762,true,4758.465,0,0.01899,0.00731,0.002692,0.001103,0.002044,0.001658,0.001596,0.001493,0.0173,0.01239,0.006009,0.001132,0.005103,5.551E-4,0.003731,1.718E-5,1
1522769808797,true,4758.523,0,0.01993,0.006964,0.002658,0.001116,0.002053,0.001668,0.001558,0.001491,0.01819,0.01157,0.005976,0.00115,0.005113,5.413E-4,0.003711,3.434E-5,1
1522769808832,true,4758.58,0,0.02067,0.007402,0.002636,0.001114,0.002058,0.001682,0.001554,0.001477,0.01879,0.01086,0.005979,0.001162,0.005082,5.518E-4,0.003761,1.728E-5,1
1522769808867,true,4758.638,0,0.02128,0.007754,0.002643,0.00111,0.002055,0.001694,0.001577,0.001475,0.01806,0.01122,0.005995,0.001161,0.005043,5.724E-4,0.003829,-1.644E-5,1
1522769808902,true,4758.695,0,0.02015,0.008159,0.002663,0.001116,0.002037,0.001695,0.00159,0.001488,0.01711,0.01189,0.006021,0.001149,0.005032,5.865E-4,0.003847,-2.385E-5,1
1522769809036,true,4758.738,0,0.01868,0.007693,0.002678,0.001122,0.002045,0.001687,0.00161,0.001497,0.01695,0.01228,0.006015,0.001154,0.005053,5.878E-4,0.003785,1.04E-5,1
1522769809071,true,4758.796,0,0.0187,0.006858,0.002687,0.001131,0.002074,0.001683,0.001594,0.001504,0.01779,0.01174,0.005986,0.001174,0.005072,5.769E-4,0.003751,3.928E-5,1
1522769809106,true,4758.853,0,0.02012,0.006737,0.00267,0.001133,0.002092,0.001694,0.001587,0.001494,0.01924,0.01052,0.00598,0.001188,0.005076,5.726E-4,0.003765,5.791E-5,1
1522769809141,true,4758.911,0,0.02109,0.007237,0.002656,0.001126,0.002111,0.001701,0.001605,0.001486,0.01965,0.01006,0.005998,0.001192,0.005041,5.892E-4,0.003807,4.567E-5,1
1522769809176,true,4758.968,0,0.02161,0.007822,0.002679,0.001122,0.002099,0.001709,0.00163,0.001493,0.01864,0.0108,0.006031,0.00118,0.005003,6.057E-4,0.00387,1.881E-5,1
1522769809337,true,4759.04,0,0.02036,0.007979,0.002696,0.001129,0.002077,0.001704,0.001645,0.001501,0.0179,0.01151,0.006058,0.001167,0.005012,6.132E-4,0.003831,3.245E-5,1
1522769809372,true,4759.098,0,0.01919,0.007407,0.002713,0.001136,0.002093,0.00169,0.001643,0.001509,0.01773,0.0121,0.006041,0.001175,0.005035,6.042E-4,0.003771,6.468E-5,1
1522769809407,true,4759.155,0,0.01968,0.00694,0.002703,0.001146,0.002117,0.001695,0.001623,0.001504,0.01845,0.01155,0.00601,0.001196,0.005061,5.852E-4,0.003762,8.256E-5,1
1522769809442,true,4759.213,0,0.02057,0.007273,0.002676,0.001144,0.002129,0.001707,0.001624,0.00149,0.01938,0.01063,0.006008,0.001209,0.005057,5.815E-4,0.003798,7.85E-5,1
1522769809477,true,4759.27,0,0.02107,0.007663,0.002669,0.001138,0.002134,0.001719,0.001644,0.001488,0.0189,0.01083,0.006029,0.001204,0.005009,6.022E-4,0.00386,4.311E-5,1
1522769809612,true,4759.314,0,0.02034,0.008106,0.002695,0.001134,0.002115,0.001723,0.001668,0.001494,0.01776,0.01155,0.006059,0.001192,0.004979,6.15E-4,0.00389,2.185E-5,1
1522769809647,true,4759.372,0,0.01868,0.007766,0.002704,0.001138,0.002099,0.001715,0.001677,0.001501,0.01726,0.01206,0.006058,0.001191,0.004965,6.241E-4,0.00383,3.951E-5,1
1522769809682,true,4759.429,0,0.01805,0.006909,0.002706,0.001143,0.002117,0.001707,0.001663,0.001508,0.01782,0.01185,0.006012,0.00121,0.00497,6.148E-4,0.003767,7.106E-5,1
1522769809717,true,4759.487,0,0.01908,0.006537,0.002666,0.001149,0.002129,0.001715,0.001645,0.001499,0.019,0.0108,0.00598,0.001224,0.004971,6.017E-4,0.003752,9.5E-5,1
1522769809752,true,4759.544,0,0.01997,0.006983,0.002638,0.001143,0.002128,0.001725,0.001656,0.001484,0.01984,0.009997,0.00599,0.001224,0.004917,6.122E-4,0.003765,8.87E-5,1
1522769809912,true,4759.615,0,0.02087,0.007401,0.002636,0.001138,0.002112,0.001737,0.001679,0.001484,0.01918,0.01041,0.006026,0.001208,0.004857,6.308E-4,0.003813,5.773E-5,1
1522769809947,true,4759.673,0,0.01968,0.00791,0.002656,0.001143,0.002093,0.00173,0.001693,0.001493,0.0183,0.01114,0.006062,0.00119,0.004849,6.385E-4,0.003806,6.265E-5,1
1522769809982,true,4759.73,0,0.01844,0.00744,0.002687,0.001146,0.002094,0.001716,0.001712,0.001498,0.01793,0.01184,0.006066,0.001187,0.004876,6.299E-4,0.00373,9.669E-5,1
1522769810017,true,4759.788,0,0.01858,0.006755,0.002696,0.001154,0.002131,0.001715,0.001692,0.001499,0.01853,0.01146,0.006041,0.001204,0.004919,6.073E-4,0.003713,1.158E-4,1
1522769810052,true,4759.845,0,0.01975,0.006759,0.002683,0.001155,0.002152,0.001726,0.001694,0.001484,0.01948,0.01061,0.006045,0.001215,0.004931,5.994E-4,0.003752,1.217E-4,1
1522769810187,true,4759.889,0,0.02027,0.007227,0.002692,0.001145,0.002182,0.001734,0.001718,0.001475,0.01933,0.0105,0.006076,0.00121,0.0049,6.114E-4,0.00382,9.344E-5,1
1522769810222,true,4759.947,0,0.02009,0.007707,0.002724,0.001143,0.002178,0.001739,0.001748,0.001481,0.0181,0.01132,0.006113,0.001193,0.004878,6.243E-4,0.003906,4.764E-5,1
1522769810257,true,4760.004,0,0.01843,0.007633,0.002748,0.001148,0.002177,0.001728,0.001784,0.001486,0.01749,0.01185,0.006136,0.001177,0.004888,6.262E-4,0.003864,5.898E-5,1
1522769810292,true,4760.062,0,0.01738,0.006876,0.002768,0.001152,0.002207,0.001715,0.001789,0.001494,0.01778,0.01201,0.006111,0.001186,0.004907,6.153E-4,0.003811,8.479E-5,1
1522769810327,true,4760.119,0,0.0182,0.006307,0.002761,0.001156,0.002237,0.001718,0.001782,0.001489,0.01893,0.01105,0.006091,0.001195,0.004943,5.949E-4,0.003813,9.743E-5,1
1522769810462,true,4760.164,0,0.01916,0.006736,0.002741,0.001151,0.002253,0.001728,0.001796,0.001474,0.02009,0.009969,0.006105,0.001197,0.004933,5.932E-4,0.003853,9.194E-5,1
1522769810497,true,4760.222,0,0.02013,0.007153,0.002752,0.001136,0.002252,0.001738,0.001828,0.001472,0.01969,0.01013,0.006135,0.001182,0.004884,6.068E-4,0.003894,6.377E-5,1
1522769810532,true,4760.279,0,0.01923,0.007908,0.00277,0.001135,0.002227,0.001736,0.001852,0.001476,0.01856,0.01092,0.006167,0.001161,0.004875,6.16E-4,0.003891,5.427E-5,1
1522769810567,true,4760.337,0,0.01755,0.007737,0.00279,0.001139,0.002217,0.001722,0.001867,0.001483,0.01809,0.01153,0.006166,0.001153,0.004891,6.097E-4,0.00381,7.615E-5,1
1522769810602,true,4760.394,0,0.01747,0.006973,0.002799,0.001143,0.002236,0.001714,0.001853,0.001486,0.0184,0.01149,0.006138,0.001161,0.00491,5.899E-4,0.003747,1.0E-4,1
1522769810762,true,4760.464,0,0.01875,0.006802,0.002774,0.001148,0.002242,0.001724,0.001835,0.001472,0.01936,0.01063,0.006113,0.00117,0.004926,5.72E-4,0.003738,1.101E-4,1
1522769810797,true,4760.522,0,0.01947,0.007285,0.002751,0.001139,0.002251,0.001732,0.00185,0.001456,0.01961,0.01015,0.006114,0.001174,0.004887,5.815E-4,0.003758,8.868E-5,1
1522769810832,true,4760.579,0,0.01983,0.007657,0.002756,0.001131,0.002231,0.00174,0.001863,0.001458,0.01848,0.0108,0.006127,0.001157,0.004843,5.955E-4,0.003803,4.998E-5,1
1522769810867,true,4760.637,0,0.01842,0.007822,0.00276,0.001135,0.002195,0.001739,0.001877,0.001463,0.01769,0.01138,0.006134,0.001139,0.004833,6.026E-4,0.003751,5.643E-5,1
1522769810902,true,4760.694,0,0.01707,0.007184,0.002777,0.001137,0.002194,0.00173,0.001886,0.001468,0.01759,0.01178,0.006101,0.001146,0.004855,5.975E-4,0.003677,8.461E-5,1
1522769811062,true,4760.765,0,0.01763,0.006446,0.002768,0.001143,0.00222,0.001731,0.00186,0.00147,0.01854,0.01103,0.006063,0.001159,0.004886,5.768E-4,0.003658,1.046E-4,1
1522769811097,true,4760.823,0,0.01886,0.006598,0.002747,0.001138,0.002237,0.001739,0.001852,0.001461,0.01981,0.009868,0.006056,0.001164,0.004892,5.717E-4,0.003696,1.053E-4,1
1522769811132,true,4760.88,0,0.01986,0.007053,0.002754,0.001125,0.002251,0.001744,0.001876,0.001454,0.0198,0.009717,0.006093,0.001154,0.004866,5.852E-4,0.003758,7.622E-5,1
1522769811167,true,4760.938,0,0.01977,0.007682,0.002788,0.001118,0.002232,0.001746,0.001896,0.001461,0.01863,0.01055,0.006124,0.001135,0.00486,5.979E-4,0.003791,5.456E-5,1
1522769811202,true,4760.995,0,0.01842,0.007661,0.00282,0.00112,0.002221,0.001733,0.00191,0.001467,0.01796,0.01129,0.006149,0.001119,0.004881,6.04E-4,0.003734,7.267E-5,1
1522769811362,true,4761.064,0,0.01776,0.00703,0.002846,0.001123,0.00225,0.00172,0.001906,0.001471,0.01815,0.01148,0.00613,0.001126,0.004926,5.873E-4,0.003659,1.018E-4,1
1522769811397,true,4761.122,0,0.01888,0.006675,0.002836,0.001128,0.002269,0.001727,0.001886,0.001464,0.0191,0.01069,0.006106,0.001139,0.004975,5.672E-4,0.003655,1.17E-4,1
1522769811432,true,4761.179,0,0.01971,0.007183,0.002821,0.001122,0.002284,0.001735,0.001899,0.001448,0.01979,0.009999,0.006104,0.001148,0.004971,5.69E-4,0.0037,1.032E-4,1
1522769811467,true,4761.237,0,0.02038,0.007571,0.002833,0.001114,0.002274,0.001746,0.001922,0.001446,0.01904,0.01035,0.00613,0.001138,0.00494,5.856E-4,0.003767,6.413E-5,1
1522769811502,true,4761.294,0,0.01921,0.008022,0.002854,0.001113,0.002255,0.001744,0.001945,0.001453,0.01789,0.01117,0.006159,0.001121,0.004941,5.979E-4,0.003771,5.076E-5,1
1522769811637,true,4761.34,0,0.01775,0.007561,0.002873,0.001114,0.002253,0.001731,0.001956,0.001461,0.01767,0.01164,0.006144,0.001121,0.004971,5.967E-4,0.003691,7.79E-5,1
1522769811672,true,4761.398,0,0.01778,0.006724,0.002876,0.001118,0.002277,0.001726,0.001934,0.001465,0.01836,0.01118,0.006099,0.001135,0.005,5.798E-4,0.003642,9.955E-5,1
1522769811707,true,4761.455,0,0.01906,0.006588,0.002844,0.001118,0.002288,0.001733,0.001916,0.001456,0.01957,0.01006,0.006076,0.001145,0.005003,5.718E-4,0.003655,1.131E-4,1
1522769811742,true,4761.513,0,0.01983,0.007057,0.002822,0.001104,0.002293,0.001737,0.001916,0.001449,0.01991,0.009582,0.006073,0.001145,0.004961,5.882E-4,0.00368,9.572E-5,1
1522769811777,true,4761.57,0,0.02031,0.007578,0.002829,0.001094,0.00226,0.001746,0.001932,0.00145,0.01891,0.01022,0.0061,0.001123,0.00492,6.047E-4,0.003708,6.619E-5,1
1522769811912,true,4761.614,0,0.01905,0.007774,0.00283,0.001096,0.002224,0.001738,0.001938,0.001455,0.01806,0.01094,0.006121,0.001103,0.004913,6.092E-4,0.003649,7.63E-5,1
1522769811947,true,4761.672,0,0.01805,0.007186,0.002837,0.001101,0.00222,0.001723,0.00191,0.001467,0.01792,0.0115,0.006085,0.001107,0.004914,6.035E-4,0.003557,1.019E-4,1
1522769811982,true,4761.729,0,0.01889,0.006593,0.002822,0.001108,0.00223,0.001726,0.001873,0.001466,0.01864,0.01097,0.006041,0.00112,0.004942,5.828E-4,0.00353,1.195E-4,1
1522769812017,true,4761.787,0,0.02009,0.006845,0.002798,0.001105,0.002243,0.00173,0.001861,0.00145,0.01952,0.01015,0.006047,0.001125,0.004934,5.856E-4,0.003562,1.127E-4,1
1522769812052,true,4761.844,0,0.02086,0.007244,0.002801,0.001095,0.002252,0.001738,0.001878,0.001444,0.01895,0.01042,0.006074,0.001121,0.004903,6.041E-4,0.003619,8.241E-5,1
1522769812212,true,4761.915,0,0.02008,0.007796,0.002828,0.001091,0.002242,0.001736,0.001894,0.001454,0.01775,0.01126,0.006103,0.001103,0.004898,6.208E-4,0.003654,6.084E-5,1
1522769812247,true,4761.973,0,0.01842,0.007531,0.002849,0.001093,0.002237,0.001722,0.001918,0.001458,0.0173,0.0118,0.006106,0.0011,0.004925,6.252E-4,0.003611,7.814E-5,1
1522769812282,true,4762.03,0,0.01785,0.006676,0.002866,0.001095,0.002256,0.001717,0.001914,0.001466,0.01762,0.01172,0.006067,0.001117,0.004957,6.165E-4,0.003562,1.028E-4,1
1522769812317,true,4762.088,0,0.01894,0.006262,0.002849,0.001095,0.002275,0.001726,0.001897,0.001459,0.01877,0.01068,0.006043,0.00113,0.004982,6.039E-4,0.003583,1.124E-4,1
1522769812352,true,4762.145,0,0.01995,0.006643,0.002826,0.001088,0.002287,0.001733,0.001916,0.001444,0.01951,0.009892,0.006051,0.001138,0.004958,6.147E-4,0.003633,9.931E-5,1
1522769812486,true,4762.19,0,0.0208,0.007103,0.002846,0.001075,0.002277,0.001741,0.001936,0.001447,0.01878,0.01036,0.006078,0.001126,0.004924,6.337E-4,0.003689,6.998E-5,1
1522769812521,true,4762.248,0,0.01992,0.007519,0.002867,0.001076,0.002252,0.001738,0.001955,0.001453,0.0179,0.01109,0.006103,0.001107,0.004923,6.399E-4,0.003674,6.953E-5,1
1522769812556,true,4762.305,0,0.01869,0.007078,0.002884,0.001079,0.002249,0.001725,0.00196,0.00146,0.01761,0.01172,0.00609,0.001104,0.004952,6.328E-4,0.0036,1.02E-4,1
1522769812591,true,4762.363,0,0.01896,0.006417,0.002879,0.001083,0.002267,0.001721,0.001932,0.001463,0.01821,0.01138,0.006047,0.001123,0.004987,6.105E-4,0.003575,1.209E-4,1
1522769812626,true,4762.42,0,0.02018,0.006492,0.002853,0.001083,0.002278,0.001731,0.001914,0.001447,0.01925,0.01044,0.006025,0.001136,0.004988,5.998E-4,0.003591,1.26E-4,1
1522769812786,true,4762.49,0,0.02089,0.006979,0.002843,0.001071,0.002288,0.001735,0.001921,0.001438,0.01906,0.01034,0.006039,0.001137,0.004937,6.135E-4,0.003651,9.745E-5,1
1522769812822,true,4762.548,0,0.02088,0.007426,0.002856,0.001067,0.002267,0.001739,0.001936,0.00144,0.01787,0.01112,0.00605,0.001124,0.00491,6.241E-4,0.003706,6.145E-5,1
1522769812856,true,4762.605,0,0.0193,0.007364,0.002864,0.00107,0.00224,0.001732,0.001946,0.001448,0.01726,0.01156,0.006058,0.001107,0.004904,6.324E-4,0.003658,7.21E-5,1
1522769812892,true,4762.663,0,0.0182,0.006595,0.002873,0.001075,0.002251,0.00172,0.001941,0.001457,0.01746,0.01172,0.006015,0.001119,0.004912,6.259E-4,0.003584,9.855E-5,1
1522769812927,true,4762.72,0,0.01898,0.006041,0.002856,0.00108,0.002265,0.001725,0.001922,0.001453,0.01843,0.01083,0.00598,0.001132,0.004936,6.117E-4,0.003589,1.149E-4,1
1522769813063,true,4762.766,0,0.01991,0.006366,0.002839,0.001073,0.00228,0.001731,0.001923,0.001438,0.01952,0.009785,0.005976,0.001139,0.004919,6.179E-4,0.003632,1.093E-4,1
1522769813097,true,4762.824,0,0.02077,0.006825,0.002846,0.001061,0.002273,0.001745,0.001962,0.001434,0.01915,0.009914,0.006006,0.001127,0.004876,6.364E-4,0.003696,8.236E-5,1
1522769813133,true,4762.881,0,0.01999,0.007396,0.002871,0.001059,0.002253,0.001741,0.001978,0.001444,0.01816,0.01057,0.006039,0.001104,0.00486,6.471E-4,0.00371,7.171E-5,1
1522769813168,true,4762.939,0,0.01851,0.007172,0.002892,0.001061,0.002249,0.001727,0.001993,0.001453,0.01768,0.01124,0.006038,0.001098,0.004886,6.46E-4,0.003646,9.741E-5,1
1522769813203,true,4762.996,0,0.01836,0.006458,0.002911,0.001065,0.002275,0.00172,0.001983,0.001453,0.01794,0.01127,0.006007,0.001113,0.004922,6.296E-4,0.003601,1.212E-4,1
1522769813362,true,4763.065,0,0.0197,0.006311,0.002889,0.00107,0.002283,0.001729,0.001969,0.001439,0.01894,0.01038,0.005996,0.001122,0.004954,6.135E-4,0.003609,1.344E-4,1
1522769813397,true,4763.123,0,0.02036,0.006822,0.002871,0.001063,0.002304,0.001734,0.00199,0.001421,0.01926,0.00997,0.006004,0.001129,0.004928,6.193E-4,0.003676,1.076E-4,1
1522769813432,true,4763.18,0,0.02074,0.007268,0.002892,0.001055,0.002304,0.001742,0.002024,0.001419,0.0181,0.01068,0.006023,0.001121,0.004899,6.332E-4,0.003747,7.023E-5,1
1522769813467,true,4763.238,0,0.01919,0.007485,0.002909,0.001059,0.002288,0.001736,0.002041,0.001425,0.01725,0.01129,0.006035,0.001108,0.004908,6.395E-4,0.003736,6.781E-5,1
1522769813502,true,4763.295,0,0.01756,0.00696,0.002926,0.001062,0.002297,0.001722,0.002041,0.001435,0.01708,0.0117,0.006005,0.001114,0.004931,6.344E-4,0.003668,9.637E-5,1
1522769813636,true,4763.34,0,0.01787,0.006258,0.00291,0.00107,0.002322,0.001722,0.002021,0.001437,0.01778,0.01109,0.005957,0.001134,0.004952,6.165E-4,0.003653,1.077E-4,1
1522769813671,true,4763.398,0,0.01889,0.006427,0.002875,0.001065,0.002326,0.001733,0.002012,0.001424,0.01904,0.009936,0.005931,0.001145,0.004943,6.106E-4,0.003674,1.104E-4,1
1522769813706,true,4763.455,0,0.01981,0.006796,0.002863,0.001052,0.002325,0.001741,0.002034,0.001414,0.01899,0.009712,0.005943,0.001137,0.004884,6.279E-4,0.003712,8.238E-5,1
1522769813741,true,4763.513,0,0.01968,0.007447,0.002876,0.001051,0.002299,0.001742,0.002045,0.001422,0.01788,0.01044,0.005975,0.00112,0.004862,6.424E-4,0.003745,5.899E-5,1
1522769813776,true,4763.57,0,0.01817,0.007456,0.002893,0.001055,0.002276,0.001733,0.002061,0.001428,0.01734,0.01112,0.005984,0.00111,0.004873,6.49E-4,0.003704,7.393E-5,1
1522769813936,true,4763.639,0,0.01748,0.006805,0.002913,0.001059,0.002289,0.001723,0.002056,0.001435,0.0175,0.01137,0.00596,0.00112,0.004917,6.325E-4,0.003632,1.074E-4,1
1522769813971,true,4763.697,0,0.01863,0.006394,0.002904,0.001063,0.002315,0.001728,0.002035,0.001427,0.01836,0.01068,0.005938,0.001135,0.004969,6.11E-4,0.003654,1.183E-4,1
1522769814006,true,4763.754,0,0.0194,0.00692,0.002895,0.001057,0.00233,0.001737,0.002046,0.001407,0.01903,0.01001,0.005956,0.00114,0.00497,6.101E-4,0.0037,1.058E-4,1
1522769814041,true,4763.812,0,0.02004,0.007295,0.002912,0.001047,0.002328,0.001749,0.002082,0.0014,0.01829,0.01042,0.005982,0.001129,0.004948,6.221E-4,0.00375,7.235E-5,1
1522769814075,true,4763.869,0,0.01882,0.007785,0.002942,0.001047,0.002314,0.001746,0.002103,0.001405,0.01721,0.0112,0.006016,0.001117,0.004968,6.29E-4,0.003775,5.476E-5,1
1522769814211,true,4763.915,0,0.01715,0.007369,0.002958,0.001052,0.002313,0.001733,0.002131,0.001406,0.01691,0.01168,0.00601,0.00112,0.004999,6.294E-4,0.003727,7.168E-5,1
1522769814246,true,4763.973,0,0.01693,0.006573,0.002964,0.00106,0.00234,0.001728,0.002118,0.001409,0.01762,0.01129,0.00597,0.001138,0.005037,6.165E-4,0.003708,9.042E-5,1
1522769814281,true,4764.03,0,0.01794,0.006439,0.002939,0.00106,0.002356,0.001736,0.002109,0.001398,0.01893,0.01015,0.005958,0.00115,0.005057,6.049E-4,0.003745,1.012E-4,1
1522769814316,true,4764.088,0,0.01872,0.006861,0.002917,0.001052,0.00238,0.001736,0.002129,0.001387,0.01933,0.009628,0.005978,0.001147,0.005026,6.192E-4,0.003783,8.62E-5,1
1522769814351,true,4764.145,0,0.01928,0.007296,0.002934,0.001043,0.002364,0.001737,0.002148,0.001393,0.01842,0.01022,0.006003,0.001131,0.004996,6.353E-4,0.003826,5.918E-5,1
1522769814511,true,4764.214,0,0.01787,0.007506,0.00295,0.001045,0.00234,0.001728,0.002159,0.0014,0.01772,0.01081,0.006027,0.001117,0.005007,6.389E-4,0.00379,6.375E-5,1
1522769814546,true,4764.272,0,0.01687,0.006911,0.002961,0.00105,0.002343,0.001714,0.002159,0.001406,0.01762,0.01136,0.005999,0.001125,0.005037,6.248E-4,0.00371,9.669E-5,1
1522769814581,true,4764.329,0,0.01764,0.006321,0.002947,0.001059,0.00235,0.001714,0.002137,0.001398,0.01855,0.01071,0.005961,0.001143,0.00508,6.01E-4,0.003688,1.14E-4,1
1522769814616,true,4764.387,0,0.0187,0.006674,0.002915,0.00106,0.002365,0.001717,0.002114,0.001384,0.01951,0.009858,0.005955,0.001151,0.005075,5.969E-4,0.00372,1.019E-4,1
1522769814651,true,4764.444,0,0.01941,0.007068,0.002903,0.001054,0.002363,0.001726,0.002125,0.001376,0.01902,0.01005,0.005976,0.001146,0.005045,6.102E-4,0.003783,6.369E-5,1
1522769814811,true,4764.515,0,0.01881,0.0076,0.002921,0.001053,0.002345,0.001727,0.002139,0.001381,0.0177,0.01097,0.006012,0.001129,0.005044,6.177E-4,0.003817,4.062E-5,1
1522769814846,true,4764.573,0,0.01723,0.007358,0.002946,0.001056,0.00234,0.001713,0.002158,0.001383,0.01716,0.01159,0.006021,0.001126,0.005061,6.248E-4,0.003778,5.794E-5,1
1522769814881,true,4764.63,0,0.01656,0.006571,0.002961,0.00106,0.002362,0.001706,0.002147,0.001389,0.01746,0.01157,0.005989,0.001142,0.005104,6.111E-4,0.003746,8.28E-5,1
1522769814916,true,4764.688,0,0.01765,0.006179,0.002942,0.001063,0.002379,0.001716,0.002135,0.001379,0.01857,0.01053,0.005971,0.001159,0.00514,5.903E-4,0.003781,9.156E-5,1
1522769814951,true,4764.745,0,0.01838,0.006622,0.002928,0.001055,0.002402,0.001721,0.002155,0.001363,0.01952,0.009638,0.005989,0.001165,0.005119,6.025E-4,0.003838,7.772E-5,1
1522769815086,true,4764.789,0,0.0193,0.006898,0.002949,0.001045,0.002402,0.001729,0.002178,0.001364,0.01888,0.009992,0.00603,0.001152,0.005089,6.159E-4,0.003899,4.936E-5,1
1522769815121,true,4764.847,0,0.01816,0.007354,0.002973,0.001046,0.002379,0.001721,0.002188,0.001374,0.0181,0.01061,0.006074,0.001133,0.005097,6.246E-4,0.003905,4.446E-5,1
1522769815156,true,4764.904,0,0.01691,0.006904,0.002998,0.001049,0.002384,0.001702,0.002199,0.001379,0.01784,0.01117,0.006069,0.001135,0.005131,6.186E-4,0.00385,7.287E-5,1
1522769815191,true,4764.962,0,0.01721,0.006211,0.003006,0.001052,0.002408,0.001695,0.002177,0.00138,0.01851,0.01084,0.006042,0.001151,0.005168,5.962E-4,0.003829,8.989E-5,1
1522769815226,true,4765.019,0,0.01849,0.006291,0.002983,0.001053,0.002434,0.001696,0.002158,0.001368,0.01955,0.01,0.006045,0.001158,0.005186,5.797E-4,0.003877,8.614E-5,1
1522769815361,true,4765.065,0,0.01932,0.006755,0.002975,0.001043,0.002458,0.001696,0.002173,0.001356,0.01951,0.009879,0.006069,0.001158,0.005153,5.899E-4,0.003941,5.937E-5,1
1522769815396,true,4765.123,0,0.01931,0.0073,0.002993,0.001038,0.002446,0.001697,0.002196,0.001358,0.01825,0.01069,0.006098,0.001146,0.005123,6.032E-4,0.003984,2.853E-5,1
1522769815431,true,4765.18,0,0.01781,0.007282,0.003008,0.001039,0.00243,0.001684,0.002208,0.001366,0.01771,0.01118,0.006104,0.001137,0.005134,6.102E-4,0.003945,3.727E-5,1
1522769815466,true,4765.238,0,0.01677,0.006543,0.003018,0.001042,0.002437,0.001674,0.002192,0.001374,0.01776,0.01142,0.006054,0.001154,0.005149,6.004E-4,0.003885,5.821E-5,1
1522769815501,true,4765.295,0,0.01747,0.005973,0.002999,0.001047,0.002452,0.001676,0.002165,0.001367,0.01882,0.0105,0.006012,0.001167,0.005167,5.825E-4,0.003869,7.459E-5,1
1522769815661,true,4765.365,0,0.01836,0.006219,0.00295,0.001045,0.002451,0.001685,0.002155,0.001357,0.01997,0.009399,0.006009,0.001172,0.005137,5.856E-4,0.003891,7.189E-5,1
1522769815696,true,4765.423,0,0.0191,0.006607,0.002932,0.001034,0.002443,0.001688,0.002163,0.001351,0.01961,0.009417,0.006019,0.001163,0.005081,6.001E-4,0.003921,4.815E-5,1
1522769815731,true,4765.48,0,0.01843,0.007198,0.002929,0.001031,0.002404,0.001684,0.00217,0.001357,0.01871,0.01002,0.006038,0.001141,0.00505,6.039E-4,0.003907,3.975E-5,1
1522769815766,true,4765.538,0,0.01698,0.006937,0.002923,0.001032,0.00238,0.001668,0.002165,0.001365,0.01839,0.01055,0.00601,0.001138,0.005038,6.02E-4,0.003808,7.013E-5,1
1522769815801,true,4765.595,0,0.01673,0.006202,0.002903,0.001041,0.002382,0.001659,0.002135,0.001368,0.01887,0.01039,0.005959,0.001151,0.005036,5.857E-4,0.003719,9.694E-5,1
1522769815961,true,4765.665,0,0.01814,0.006069,0.002878,0.00104,0.002386,0.001662,0.002103,0.001356,0.01987,0.009462,0.00593,0.001161,0.005041,5.653E-4,0.003714,1.079E-4,1
1522769815996,true,4765.723,0,0.01885,0.00653,0.002855,0.00103,0.002394,0.001668,0.002103,0.001344,0.02009,0.009108,0.005936,0.001169,0.005011,5.671E-4,0.003745,8.739E-5,1
1522769816031,true,4765.78,0,0.01933,0.006935,0.002859,0.001024,0.00238,0.001676,0.002114,0.001346,0.01893,0.009872,0.005954,0.001158,0.00497,5.798E-4,0.003797,5.215E-5,1
1522769816066,true,4765.838,0,0.01796,0.007163,0.002869,0.001029,0.002351,0.001668,0.00212,0.00135,0.018,0.01055,0.005972,0.001139,0.004975,5.823E-4,0.00378,5.117E-5,1
1522769816101,true,4765.895,0,0.01661,0.006541,0.002878,0.001032,0.002358,0.00165,0.002115,0.001358,0.01784,0.011,0.005936,0.001148,0.004988,5.77E-4,0.003722,7.329E-5,1
1522769816236,true,4765.939,0,0.01683,0.005801,0.002868,0.001037,0.002377,0.001651,0.002086,0.001355,0.01862,0.01032,0.005884,0.001167,0.005012,5.546E-4,0.003697,8.927E-5,1
1522769816270,true,4765.997,0,0.01789,0.005836,0.00283,0.001036,0.002384,0.001658,0.002071,0.001341,0.01977,0.009207,0.005864,0.001176,0.004999,5.533E-4,0.003726,9.331E-5,1
1522769816305,true,4766.054,0,0.01873,0.006169,0.002819,0.001022,0.00239,0.001661,0.002089,0.00133,0.01982,0.008912,0.00587,0.001172,0.00495,5.684E-4,0.003762,6.747E-5,1
1522769816341,true,4766.112,0,0.01852,0.006768,0.002826,0.001016,0.00236,0.001659,0.002093,0.001339,0.01887,0.009496,0.005897,0.001151,0.004914,5.802E-4,0.003778,4.627E-5,1
1522769816375,true,4766.169,0,0.01718,0.006693,0.002832,0.001019,0.002334,0.001645,0.002095,0.001343,0.01831,0.01009,0.005902,0.001137,0.004917,5.824E-4,0.003716,6.438E-5,1
1522769816536,true,4766.24,0,0.01634,0.006064,0.002833,0.001025,0.002324,0.001636,0.002069,0.001351,0.01859,0.01022,0.005854,0.001149,0.004924,5.715E-4,0.003629,9.333E-5,1
1522769816571,true,4766.298,0,0.01737,0.005713,0.002801,0.001032,0.002328,0.001637,0.002033,0.001342,0.01958,0.009381,0.005813,0.001158,0.004939,5.509E-4,0.003607,1.058E-4,1
1522769816606,true,4766.355,0,0.01805,0.006235,0.002762,0.001027,0.002324,0.001643,0.002013,0.001325,0.02033,0.008644,0.005806,0.001161,0.004912,5.482E-4,0.003631,8.91E-5,1
1522769816641,true,4766.413,0,0.01884,0.006693,0.00275,0.00102,0.002307,0.00165,0.00202,0.001321,0.01955,0.009135,0.005803,0.001157,0.004851,5.649E-4,0.003666,4.826E-5,1
1522769816676,true,4766.47,0,0.01756,0.007284,0.002751,0.001023,0.002255,0.00165,0.002016,0.001324,0.01836,0.009956,0.005809,0.001139,0.004826,5.719E-4,0.003649,3.034E-5,1
1522769816812,true,4766.516,0,0.01606,0.00682,0.002736,0.00103,0.002219,0.001639,0.002008,0.00133,0.01783,0.01059,0.00576,0.001143,0.004827,5.678E-4,0.003575,4.969E-5,1
1522769816846,true,4766.574,0,0.01582,0.006049,0.002713,0.001036,0.002209,0.001639,0.001963,0.001335,0.01839,0.01022,0.005687,0.001162,0.004831,5.526E-4,0.003517,6.757E-5,1
1522769816882,true,4766.631,0,0.01694,0.005919,0.002674,0.00104,0.002199,0.001649,0.001931,0.001326,0.0197,0.009115,0.005658,0.001171,0.004825,5.443E-4,0.003527,7.538E-5,1
1522769816917,true,4766.689,0,0.01779,0.006294,0.002641,0.001034,0.002197,0.001658,0.001929,0.001316,0.0201,0.008632,0.005657,0.001172,0.004774,5.619E-4,0.003562,5.436E-5,1
1522769816951,true,4766.746,0,0.01827,0.006734,0.002637,0.001031,0.002174,0.001663,0.00193,0.001321,0.0192,0.009194,0.005672,0.001159,0.004732,5.797E-4,0.003609,2.185E-5,1
1522769817111,true,4766.815,0,0.01704,0.006929,0.002646,0.001037,0.002147,0.001651,0.001928,0.001329,0.01848,0.009822,0.00569,0.001143,0.004743,5.848E-4,0.003574,3.266E-5,1
1522769817146,true,4766.873,0,0.0161,0.006306,0.002647,0.001044,0.002138,0.001638,0.001913,0.001334,0.01836,0.01035,0.005661,0.001151,0.004758,5.785E-4,0.003501,6.062E-5,1
1522769817181,true,4766.93,0,0.01675,0.005806,0.00263,0.001053,0.002144,0.00164,0.001877,0.001327,0.01908,0.009806,0.005631,0.001165,0.004789,5.595E-4,0.003476,7.685E-5,1
1522769817216,true,4766.988,0,0.01777,0.006161,0.002598,0.001051,0.002141,0.00165,0.001864,0.001309,0.02001,0.008971,0.005626,0.001174,0.004784,5.56E-4,0.00351,7.069E-5,1
1522769817251,true,4767.045,0,0.01854,0.006694,0.002592,0.001042,0.002144,0.001653,0.00187,0.001303,0.01946,0.009207,0.005642,0.001173,0.00475,5.731E-4,0.003566,3.579E-5,1
1522769817386,true,4767.089,0,0.01796,0.007242,0.002611,0.001043,0.00211,0.001656,0.001871,0.001308,0.01806,0.01019,0.005667,0.001157,0.004731,5.865E-4,0.003614,6.312E-6,1
1522769817420,true,4767.147,0,0.01637,0.006994,0.00262,0.001049,0.002091,0.001643,0.001877,0.001311,0.01744,0.01083,0.005653,0.001158,0.004747,5.91E-4,0.003556,2.211E-5,1
1522769817456,true,4767.204,0,0.01564,0.006272,0.002618,0.001057,0.002105,0.001636,0.001855,0.001316,0.01764,0.01088,0.005604,0.001175,0.004773,5.795E-4,0.003509,4.201E-5,1
1522769817490,true,4767.262,0,0.0166,0.005907,0.002584,0.001065,0.002106,0.001649,0.001826,0.001306,0.01872,0.009937,0.005555,0.001197,0.004779,5.743E-4,0.003509,5.307E-5,1
1522769817526,true,4767.319,0,0.0173,0.006312,0.002551,0.001059,0.002099,0.001659,0.001813,0.001294,0.01947,0.009108,0.005548,0.001207,0.004743,5.866E-4,0.003539,4.047E-5,1
1522769817686,true,4767.39,0,0.01805,0.006638,0.002549,0.00105,0.002081,0.001667,0.001819,0.001298,0.01886,0.009483,0.005548,0.001203,0.004682,6.07E-4,0.003594,7.94E-6,1
1522769817721,true,4767.448,0,0.01695,0.006986,0.002549,0.001054,0.002033,0.001664,0.001811,0.00131,0.01811,0.01004,0.00556,0.001185,0.00465,6.221E-4,0.003575,6.973E-6,1
1522769817756,true,4767.505,0,0.01576,0.006483,0.002559,0.001058,0.002023,0.001649,0.001803,0.001317,0.01783,0.01062,0.005534,0.001193,0.004659,6.207E-4,0.003497,3.498E-5,1
1522769817791,true,4767.563,0,0.01612,0.005823,0.002554,0.001068,0.002042,0.001644,0.001769,0.001318,0.01835,0.0103,0.005504,0.001206,0.004691,6.019E-4,0.003449,6.033E-5,1
1522769817826,true,4767.62,0,0.01731,0.005968,0.002529,0.00107,0.002055,0.001653,0.001745,0.001303,0.01948,0.009363,0.005492,0.001219,0.004702,5.923E-4,0.00347,6.928E-5,1
1522769817962,true,4767.666,0,0.01823,0.006452,0.002524,0.001061,0.002063,0.00166,0.001751,0.001293,0.01932,0.009286,0.005512,0.00122,0.004661,6.086E-4,0.00351,4.396E-5,1
1522769817996,true,4767.724,0,0.01842,0.006949,0.002538,0.001062,0.002035,0.001667,0.001756,0.001297,0.01813,0.01008,0.005541,0.001207,0.00463,6.256E-4,0.003566,1.596E-5,1
1522769818031,true,4767.781,0,0.01693,0.006954,0.002552,0.001071,0.002017,0.001656,0.001758,0.001302,0.0173,0.01074,0.00556,0.001199,0.004634,6.326E-4,0.003528,2.351E-5,1
1522769818066,true,4767.839,0,0.01584,0.006281,0.002563,0.001076,0.00203,0.001649,0.001749,0.001308,0.0173,0.01101,0.005521,0.001217,0.004653,6.277E-4,0.003473,5.312E-5,1
1522769818101,true,4767.896,0,0.01652,0.005669,0.002542,0.001084,0.002047,0.001654,0.001726,0.001304,0.01819,0.01022,0.005477,0.001237,0.004674,6.156E-4,0.003467,6.857E-5,1
1522769818261,true,4767.966,0,0.01731,0.005951,0.002514,0.001081,0.002047,0.001665,0.001718,0.001292,0.01931,0.009113,0.005472,0.001246,0.004666,6.18E-4,0.003501,6.779E-5,1
1522769818296,true,4768.024,0,0.01793,0.006354,0.002512,0.001073,0.002042,0.001673,0.001733,0.001291,0.01898,0.009166,0.005483,0.001245,0.00461,6.397E-4,0.003551,3.802E-5,1
1522769818331,true,4768.081,0,0.01732,0.006869,0.002531,0.00107,0.002007,0.001674,0.001746,0.001297,0.01806,0.009749,0.005509,0.001223,0.004578,6.53E-4,0.003556,2.963E-5,1
1522769818366,true,4768.139,0,0.01583,0.006564,0.002534,0.001079,0.001985,0.001662,0.001746,0.001304,0.01763,0.0103,0.0055,0.001221,0.004573,6.576E-4,0.003483,6.473E-5,1
1522769818401,true,4768.196,0,0.0157,0.005825,0.002536,0.001084,0.001997,0.001654,0.001717,0.001309,0.01805,0.01019,0.005455,0.00124,0.004578,6.423E-4,0.003405,9.58E-5,1
1522769818536,true,4768.241,0,0.01714,0.005611,0.002496,0.001094,0.002003,0.001662,0.001681,0.001299,0.01922,0.009181,0.005431,0.00125,0.004581,6.305E-4,0.003399,1.149E-4,1
1522769818571,true,4768.299,0,0.01787,0.006216,0.002469,0.001088,0.002003,0.001671,0.001678,0.001287,0.01954,0.008699,0.005436,0.001261,0.004551,6.383E-4,0.003435,9.725E-5,1
1522769818606,true,4768.356,0,0.0185,0.006634,0.002485,0.001084,0.001987,0.001681,0.001697,0.001285,0.01845,0.009382,0.005464,0.001252,0.004512,6.533E-4,0.003492,6.223E-5,1
1522769818641,true,4768.414,0,0.01722,0.006856,0.002508,0.00109,0.001966,0.001675,0.001719,0.001289,0.01748,0.0101,0.005493,0.001239,0.004523,6.588E-4,0.003496,6.098E-5,1
1522769818676,true,4768.471,0,0.0159,0.006242,0.002526,0.001094,0.00198,0.001662,0.001728,0.001295,0.01724,0.01056,0.005469,0.001247,0.004554,6.506E-4,0.00344,8.714E-5,1
1522769818812,true,4768.515,0,0.016,0.005537,0.002528,0.001103,0.002017,0.001659,0.001716,0.001294,0.0179,0.009977,0.005432,0.001266,0.004585,6.342E-4,0.003443,1.053E-4,1
1522769818847,true,4768.573,0,0.01688,0.005624,0.002503,0.001105,0.002032,0.001669,0.001713,0.001281,0.01908,0.008895,0.005432,0.001276,0.004575,6.35E-4,0.003494,1.081E-4,1
1522769818881,true,4768.63,0,0.01773,0.005933,0.002496,0.001095,0.002049,0.001674,0.001741,0.001275,0.01904,0.008674,0.005447,0.001278,0.004523,6.607E-4,0.003555,8.463E-5,1
1522769818917,true,4768.688,0,0.01771,0.006423,0.00251,0.001094,0.00203,0.001673,0.001762,0.001283,0.01815,0.009231,0.005478,0.001259,0.004504,6.717E-4,0.003606,6.222E-5,1
1522769818951,true,4768.745,0,0.01632,0.006322,0.002542,0.001094,0.002014,0.00166,0.001782,0.00129,0.01775,0.009758,0.005493,0.001248,0.004515,6.776E-4,0.003548,8.79E-5,1
1522769819111,true,4768.816,0,0.01562,0.005637,0.002555,0.001099,0.002031,0.001649,0.001767,0.0013,0.0181,0.009847,0.005474,0.001255,0.004533,6.659E-4,0.003491,1.185E-4,1
1522769819146,true,4768.874,0,0.01685,0.005252,0.00254,0.001104,0.002048,0.001653,0.001752,0.001293,0.01914,0.009021,0.005456,0.001262,0.004566,6.458E-4,0.003473,1.411E-4,1
1522769819181,true,4768.931,0,0.01768,0.00585,0.002517,0.001099,0.002061,0.001661,0.001761,0.001275,0.01997,0.008213,0.005468,0.001267,0.004546,6.488E-4,0.003502,1.356E-4,1
1522769819216,true,4768.989,0,0.0185,0.006286,0.002525,0.00109,0.002058,0.001673,0.001782,0.001271,0.01915,0.008709,0.005494,0.001262,0.004511,6.595E-4,0.003558,1.017E-4,1
1522769819251,true,4769.046,0,0.01752,0.006767,0.002551,0.001093,0.002035,0.001673,0.001796,0.001279,0.01803,0.009504,0.005531,0.001241,0.004508,6.654E-4,0.003567,9.193E-5,1
1522769819411,true,4769.116,0,0.01594,0.006378,0.00256,0.001096,0.002026,0.001662,0.001813,0.001282,0.01763,0.01013,0.005513,0.001244,0.004529,6.605E-4,0.003498,1.163E-4,1
1522769819446,true,4769.174,0,0.0157,0.005595,0.002554,0.001104,0.002042,0.001661,0.001789,0.001288,0.01813,0.009851,0.005459,0.001264,0.004552,6.43E-4,0.003467,1.328E-4,1
1522769819482,true,4769.231,0,0.01684,0.005386,0.002522,0.001105,0.002059,0.001667,0.001774,0.001277,0.0193,0.008778,0.005432,0.001278,0.00456,6.31E-4,0.003492,1.344E-4,1
1522769819516,true,4769.289,0,0.01744,0.005819,0.002498,0.001098,0.002073,0.001675,0.001793,0.001268,0.01969,0.008235,0.005442,0.00128,0.004521,6.477E-4,0.003539,1.191E-4,1
1522769819551,true,4769.346,0,0.01797,0.006206,0.002511,0.00109,0.002061,0.001683,0.001819,0.001275,0.0188,0.008785,0.005482,0.001262,0.004494,6.625E-4,0.003595,9.06E-5,1
1522769819686,true,4769.391,0,0.01655,0.00646,0.002534,0.001093,0.002043,0.001676,0.001842,0.001283,0.01819,0.009375,0.005511,0.001246,0.004512,6.697E-4,0.00357,1.013E-4,1
1522769819721,true,4769.449,0,0.01548,0.005906,0.00256,0.001096,0.002064,0.00166,0.001853,0.001292,0.01822,0.009825,0.005511,0.001249,0.004542,6.611E-4,0.003519,1.3E-4,1
1522769819756,true,4769.506,0,0.01643,0.005294,0.00256,0.0011,0.002094,0.001659,0.001845,0.001285,0.0191,0.009235,0.005489,0.001259,0.00459,6.423E-4,0.003506,1.523E-4,1
1522769819791,true,4769.564,0,0.01764,0.005641,0.002543,0.001097,0.002114,0.001666,0.001848,0.001271,0.02013,0.008385,0.005511,0.001261,0.004602,6.37E-4,0.003557,1.463E-4,1
1522769819826,true,4769.621,0,0.01856,0.006171,0.002556,0.001085,0.002133,0.001673,0.001882,0.001265,0.01964,0.008619,0.005538,0.001256,0.004592,6.469E-4,0.003625,1.141E-4,1
1522769819987,true,4769.691,0,0.018,0.006833,0.002594,0.001081,0.002127,0.001673,0.00191,0.001269,0.01834,0.009589,0.005585,0.001236,0.004602,6.549E-4,0.003663,9.132E-5,1
1522769820022,true,4769.749,0,0.0165,0.006647,0.002624,0.001083,0.002126,0.001661,0.001935,0.001279,0.01769,0.01036,0.005595,0.001228,0.004644,6.504E-4,0.003628,1.078E-4,1
1522769820056,true,4769.806,0,0.01585,0.005925,0.002643,0.001088,0.002162,0.001649,0.001926,0.001288,0.01791,0.01046,0.00556,0.001244,0.004685,6.381E-4,0.003602,1.222E-4,1
1522769820091,true,4769.864,0,0.01682,0.005526,0.002626,0.001092,0.00219,0.001654,0.001922,0.001279,0.01896,0.009481,0.005538,0.001256,0.004723,6.219E-4,0.003632,1.273E-4,1
1522769820126,true,4769.921,0,0.01756,0.005856,0.00261,0.001083,0.002207,0.001661,0.001943,0.001263,0.01971,0.00871,0.005549,0.001262,0.004704,6.32E-4,0.003685,1.098E-4,1
1522769820262,true,4769.966,0,0.01837,0.006208,0.00262,0.001072,0.002205,0.001666,0.001975,0.001264,0.01904,0.009039,0.005588,0.001248,0.004664,6.529E-4,0.003733,7.894E-5,1
1522769820296,true,4770.024,0,0.01717,0.006675,0.002643,0.001071,0.00218,0.00166,0.002001,0.001271,0.01829,0.009668,0.005613,0.001228,0.004663,6.62E-4,0.003713,7.936E-5,1
1522769820332,true,4770.081,0,0.01594,0.006235,0.002652,0.001077,0.002183,0.001644,0.002011,0.001277,0.01812,0.01019,0.005598,0.001227,0.004677,6.597E-4,0.003633,1.08E-4,1
1522769820367,true,4770.139,0,0.01624,0.005533,0.00265,0.001081,0.002201,0.001639,0.001994,0.001277,0.01884,0.009798,0.00556,0.001238,0.004698,6.435E-4,0.003582,1.296E-4,1
1522769820401,true,4770.196,0,0.01769,0.005632,0.002618,0.001079,0.002202,0.001649,0.001975,0.001265,0.02004,0.008823,0.005559,0.001243,0.0047,6.349E-4,0.003585,1.324E-4,1
1522769820561,true,4770.267,0,0.01854,0.006127,0.002606,0.001067,0.002206,0.001655,0.001987,0.001254,0.02004,0.00868,0.005583,0.001237,0.004654,6.474E-4,0.003594,1.139E-4,1
1522769820597,true,4770.325,0,0.01866,0.00669,0.002616,0.001063,0.002186,0.001658,0.001998,0.001259,0.01878,0.009565,0.005609,0.001221,0.004626,6.593E-4,0.003615,8.666E-5,1
1522769820631,true,4770.382,0,0.01714,0.006768,0.002641,0.001065,0.002164,0.00165,0.002016,0.001263,0.01789,0.01031,0.005628,0.001206,0.004645,6.629E-4,0.00359,9.141E-5,1
1522769820666,true,4770.44,0,0.01605,0.006083,0.002656,0.001071,0.002179,0.001641,0.002015,0.001273,0.01777,0.0107,0.005598,0.001218,0.00468,6.487E-4,0.003528,1.141E-4,1
1522769820701,true,4770.497,0,0.01686,0.005491,0.002651,0.001077,0.002207,0.001644,0.002006,0.001266,0.01868,0.009947,0.005571,0.001235,0.004728,6.27E-4,0.003542,1.202E-4,1
1522769820836,true,4770.541,0,0.01765,0.005774,0.002635,0.00107,0.002227,0.001652,0.002017,0.001249,0.01958,0.009035,0.005581,0.001242,0.004725,6.314E-4,0.0036,1.061E-4,1
1522769820872,true,4770.599,0,0.01835,0.006096,0.002651,0.001055,0.002237,0.001657,0.002054,0.001246,0.01911,0.009208,0.005602,0.001233,0.004685,6.527E-4,0.003675,6.897E-5,1
1522769820906,true,4770.656,0,0.01764,0.006647,0.002684,0.001051,0.002225,0.001654,0.002089,0.00125,0.01821,0.009835,0.005651,0.001208,0.00467,6.619E-4,0.003692,5.55E-5,1
1522769820941,true,4770.714,0,0.01614,0.006466,0.002711,0.00105,0.002221,0.001637,0.00212,0.001253,0.01797,0.01028,0.005659,0.001198,0.004691,6.616E-4,0.00363,8.313E-5,1
1522769820976,true,4770.771,0,0.01592,0.005765,0.00273,0.001051,0.002246,0.001628,0.00211,0.001257,0.01846,0.01012,0.00563,0.001209,0.004725,6.426E-4,0.003574,1.107E-4,1
