1521490913709,true,1635.34,0,0.0507,0.02114,0.01501,0.001412,0.01511,0.002124,0.01355,0.002334,0.002378,0.03083,0.01309,6.881E-4,0.01261,9.62E-4,0.01089,0.001085,1
1521490913744,true,1635.398,0,0.05074,0.02051,0.01503,0.001412,0.01514,0.002117,0.01355,0.002336,0.002983,0.03051,0.01308,6.923E-4,0.01264,9.522E-4,0.01087,0.001095,1
1521490913779,true,1635.455,0,0.05217,0.02038,0.01499,0.001419,0.01516,0.002119,0.01353,0.002335,0.00395,0.02968,0.01307,6.974E-4,0.01264,9.46E-4,0.01088,0.001099,1
1521490913814,true,1635.513,0,0.0529,0.02087,0.01496,0.001418,0.01518,0.002121,0.01355,0.002329,0.004366,0.02927,0.01309,6.926E-4,0.01262,9.512E-4,0.01091,0.00109,1
1521490913849,true,1635.57,0,0.05345,0.02139,0.01497,0.001413,0.01516,0.002124,0.01357,0.002328,0.003373,0.02999,0.0131,6.814E-4,0.0126,9.526E-4,0.01092,0.001079,1
1521490913984,true,1635.615,0,0.05236,0.0216,0.015,0.001411,0.01511,0.002123,0.01358,0.002331,0.002516,0.03067,0.01311,6.716E-4,0.01261,9.5E-4,0.0109,0.00108,1
1521490914019,true,1635.673,0,0.05117,0.02112,0.01501,0.001413,0.01511,0.002112,0.01357,0.002334,0.002325,0.03114,0.01308,6.76E-4,0.01263,9.411E-4,0.01086,0.001087,1
1521490914054,true,1635.73,0,0.05154,0.02056,0.01499,0.00142,0.01512,0.002109,0.01353,0.002335,0.002864,0.03067,0.01304,6.848E-4,0.01265,9.278E-4,0.01083,0.001094,1
1521490914089,true,1635.788,0,0.05229,0.02073,0.01493,0.001426,0.01513,0.002112,0.0135,0.00233,0.003652,0.02981,0.01301,6.885E-4,0.01263,9.244E-4,0.01084,0.001087,1
1521490914125,true,1635.845,0,0.05257,0.02105,0.01489,0.001425,0.01513,0.002117,0.0135,0.002327,0.0034,0.02976,0.013,6.86E-4,0.01259,9.305E-4,0.01084,0.001078,1
1521490914284,true,1635.915,0,0.05203,0.02147,0.01489,0.001425,0.01509,0.002124,0.0135,0.002332,0.002505,0.0302,0.013,6.786E-4,0.01256,9.402E-4,0.01083,0.001073,1
1521490914319,true,1635.973,0,0.05047,0.02135,0.0149,0.001428,0.01506,0.002118,0.01352,0.002333,0.002247,0.03053,0.01299,6.789E-4,0.01256,9.37E-4,0.0108,0.00108,1
1521490914354,true,1636.03,0,0.04997,0.02068,0.0149,0.001432,0.01507,0.002113,0.01351,0.002338,0.002683,0.03038,0.01295,6.878E-4,0.01257,9.321E-4,0.01078,0.001088,1
1521490914388,true,1636.088,0,0.05098,0.02041,0.01486,0.001441,0.01508,0.002115,0.01348,0.002336,0.003797,0.02944,0.01294,6.932E-4,0.01259,9.23E-4,0.01079,0.001091,1
1521490914424,true,1636.145,0,0.05187,0.02079,0.01481,0.001441,0.01509,0.002119,0.01347,0.00233,0.004528,0.02873,0.01295,6.886E-4,0.01257,9.25E-4,0.01081,0.001086,1
1521490914559,true,1636.19,0,0.05263,0.02123,0.01481,0.001436,0.01507,0.002127,0.01349,0.002324,0.003761,0.02921,0.01297,6.808E-4,0.01255,9.296E-4,0.01081,0.00108,1
1521490914594,true,1636.248,0,0.05164,0.02165,0.01484,0.001435,0.01503,0.002129,0.01351,0.002323,0.002776,0.02998,0.01299,6.678E-4,0.01255,9.268E-4,0.0108,0.001075,1
1521490914629,true,1636.305,0,0.05049,0.02124,0.01485,0.001435,0.015,0.002124,0.01352,0.002323,0.002425,0.0305,0.01297,6.656E-4,0.01257,9.199E-4,0.01077,0.001081,1
1521490914664,true,1636.363,0,0.05042,0.0206,0.01485,0.001436,0.01501,0.002117,0.01348,0.002324,0.002812,0.03025,0.01293,6.746E-4,0.01258,9.095E-4,0.01075,0.001085,1
1521490914699,true,1636.42,0,0.05126,0.02055,0.01479,0.001443,0.01503,0.002121,0.01343,0.002323,0.00373,0.02937,0.0129,6.778E-4,0.01258,9.029E-4,0.01075,0.001084,1
1521490914859,true,1636.49,0,0.05169,0.02081,0.01473,0.001444,0.01503,0.002125,0.01343,0.002316,0.003827,0.02902,0.0129,6.772E-4,0.01254,9.066E-4,0.01075,0.001075,1
1521490914894,true,1636.548,0,0.05175,0.02107,0.01472,0.001441,0.01498,0.002131,0.01342,0.002321,0.002927,0.0295,0.01289,6.693E-4,0.01251,9.092E-4,0.01075,0.001065,1
1521490914929,true,1636.605,0,0.05041,0.02097,0.01471,0.001441,0.01492,0.002131,0.01341,0.002322,0.002452,0.02981,0.01286,6.64E-4,0.01249,9.102E-4,0.01071,0.001069,1
1521490914964,true,1636.663,0,0.04933,0.02038,0.0147,0.001444,0.0149,0.002122,0.01338,0.002329,0.002661,0.02983,0.01281,6.711E-4,0.01248,9.044E-4,0.01064,0.001083,1
1521490914999,true,1636.72,0,0.05008,0.01988,0.01466,0.00145,0.0149,0.002123,0.01333,0.002334,0.003482,0.02911,0.01277,6.79E-4,0.01248,8.977E-4,0.01062,0.001089,1
1521490915159,true,1636.79,0,0.05109,0.02022,0.01461,0.00145,0.0149,0.002127,0.0133,0.00233,0.004405,0.02822,0.01277,6.793E-4,0.01246,8.974E-4,0.01062,0.001091,1
1521490915194,true,1636.848,0,0.05183,0.02067,0.01458,0.001447,0.01489,0.002136,0.0133,0.002328,0.004015,0.02838,0.01278,6.74E-4,0.01242,9.076E-4,0.01063,0.001081,1
1521490915229,true,1636.905,0,0.05145,0.02119,0.01459,0.001445,0.01483,0.00214,0.0133,0.002329,0.002935,0.0291,0.0128,6.585E-4,0.01241,9.095E-4,0.01063,0.001078,1
1521490915264,true,1636.963,0,0.0501,0.02102,0.01461,0.001449,0.0148,0.002135,0.01329,0.00233,0.002439,0.02974,0.01279,6.584E-4,0.01243,9.059E-4,0.01058,0.001089,1
1521490915299,true,1637.02,0,0.04958,0.02042,0.01461,0.001453,0.01479,0.002131,0.01326,0.002333,0.002549,0.02979,0.01275,6.649E-4,0.01245,8.957E-4,0.01055,0.001094,1
1521490915435,true,1637.065,0,0.05047,0.02012,0.01456,0.001462,0.0148,0.002136,0.01322,0.002331,0.003254,0.02903,0.01273,6.673E-4,0.01246,8.824E-4,0.01055,0.001093,1
1521490915470,true,1637.123,0,0.051,0.02033,0.01451,0.001463,0.01481,0.00214,0.0132,0.002325,0.003552,0.02852,0.01273,6.694E-4,0.01243,8.861E-4,0.01055,0.001083,1
1521490915505,true,1637.18,0,0.0514,0.02049,0.01449,0.001459,0.01477,0.00215,0.01321,0.002322,0.002783,0.02888,0.01273,6.591E-4,0.01238,8.938E-4,0.01056,0.001069,1
1521490915539,true,1637.238,0,0.0501,0.0207,0.01449,0.001462,0.0147,0.002154,0.0132,0.002324,0.002087,0.02932,0.01272,6.5E-4,0.01237,8.948E-4,0.01053,0.00107,1
1521490915574,true,1637.295,0,0.04877,0.02022,0.01448,0.001463,0.01466,0.002151,0.01319,0.002323,0.002096,0.02954,0.01267,6.531E-4,0.01235,8.945E-4,0.01047,0.00108,1
1521490915709,true,1637.341,0,0.049,0.01962,0.01444,0.001466,0.01465,0.002152,0.01313,0.002327,0.002797,0.02897,0.01261,6.603E-4,0.01234,8.853E-4,0.01042,0.001086,1
1521490915745,true,1637.399,0,0.05016,0.01973,0.01436,0.001472,0.01463,0.002153,0.01308,0.002325,0.003737,0.02806,0.01258,6.632E-4,0.01231,8.829E-4,0.01039,0.001088,1
1521490915780,true,1637.456,0,0.05087,0.02021,0.01431,0.001475,0.01461,0.002157,0.01306,0.002322,0.003676,0.02789,0.01257,6.589E-4,0.01227,8.879E-4,0.01038,0.001084,1
1521490915815,true,1637.514,0,0.05114,0.02066,0.01432,0.001472,0.01457,0.00216,0.01305,0.002325,0.002619,0.02865,0.01259,6.468E-4,0.01224,8.918E-4,0.01038,0.001074,1
1521490915849,true,1637.571,0,0.04985,0.02073,0.01434,0.00147,0.01452,0.002159,0.01305,0.002325,0.002009,0.02921,0.01259,6.396E-4,0.01225,8.914E-4,0.01035,0.001077,1
1521490916009,true,1637.64,0,0.04901,0.02016,0.01435,0.001473,0.0145,0.002155,0.01302,0.002333,0.001976,0.02951,0.01256,6.454E-4,0.01226,8.848E-4,0.01032,0.001084,1
1521490916044,true,1637.698,0,0.04972,0.01977,0.01432,0.001479,0.0145,0.002157,0.01296,0.002335,0.002598,0.0289,0.01253,6.507E-4,0.01228,8.728E-4,0.0103,0.001087,1
1521490916079,true,1637.755,0,0.05026,0.02006,0.01426,0.001485,0.01451,0.002157,0.01294,0.002328,0.00321,0.02822,0.01252,6.559E-4,0.01225,8.754E-4,0.01031,0.001084,1
1521490916115,true,1637.813,0,0.05065,0.02029,0.01425,0.00148,0.0145,0.002162,0.01295,0.002324,0.002661,0.02839,0.01253,6.51E-4,0.01222,8.829E-4,0.01032,0.001074,1
1521490916149,true,1637.87,0,0.04982,0.02058,0.01425,0.001478,0.01444,0.002167,0.01295,0.002323,0.001788,0.02892,0.01252,6.427E-4,0.01219,8.899E-4,0.01031,0.001071,1
1521490916284,true,1637.916,0,0.04841,0.02021,0.01425,0.001478,0.01439,0.002163,0.01294,0.002326,0.001526,0.02918,0.0125,6.388E-4,0.01219,8.901E-4,0.01026,0.00108,1
1521490916319,true,1637.974,0,0.04818,0.01949,0.01423,0.001482,0.01439,0.002159,0.0129,0.00233,0.002152,0.02878,0.01245,6.461E-4,0.01217,8.847E-4,0.01022,0.001091,1
1521490916354,true,1638.031,0,0.04935,0.01934,0.01416,0.001489,0.01437,0.002162,0.01284,0.002329,0.003232,0.02779,0.01241,6.49E-4,0.01216,8.781E-4,0.0102,0.001093,1
1521490916389,true,1638.089,0,0.05011,0.01973,0.01409,0.001489,0.01436,0.002165,0.01281,0.002328,0.003631,0.02724,0.0124,6.452E-4,0.0121,8.894E-4,0.01018,0.001087,1
1521490916424,true,1638.146,0,0.05065,0.02017,0.01409,0.001487,0.01431,0.002172,0.01279,0.00233,0.002689,0.02787,0.01239,6.371E-4,0.01204,9.011E-4,0.01017,0.001081,1
1521490916586,true,1638.215,0,0.0495,0.02046,0.0141,0.001487,0.01424,0.002172,0.01279,0.002333,0.001786,0.02863,0.0124,6.279E-4,0.01203,9.018E-4,0.01013,0.001086,1
1521490916619,true,1638.273,0,0.04825,0.02011,0.01411,0.001488,0.01424,0.002162,0.01278,0.002337,0.001531,0.02916,0.01238,6.319E-4,0.01205,8.981E-4,0.01009,0.001096,1
1521490916654,true,1638.33,0,0.04844,0.01964,0.01409,0.001495,0.01426,0.002159,0.01273,0.00234,0.001993,0.02878,0.01234,6.398E-4,0.01205,8.896E-4,0.01008,0.001099,1
1521490916689,true,1638.388,0,0.04922,0.01977,0.01405,0.001496,0.01427,0.002159,0.01271,0.002333,0.002771,0.028,0.01234,6.409E-4,0.01204,8.909E-4,0.0101,0.001094,1
1521490916724,true,1638.445,0,0.04979,0.02004,0.01403,0.001492,0.01428,0.002161,0.01272,0.002326,0.002504,0.02795,0.01235,6.372E-4,0.012,8.983E-4,0.01012,0.001082,1
1521490916860,true,1638.491,0,0.04939,0.02039,0.01404,0.001487,0.01424,0.002167,0.01272,0.002329,0.00163,0.02848,0.01237,6.274E-4,0.01198,9.046E-4,0.01013,0.001071,1
1521490916894,true,1638.549,0,0.0479,0.02028,0.01405,0.001485,0.0142,0.002164,0.01272,0.002328,0.00134,0.02874,0.01235,6.234E-4,0.01198,9.039E-4,0.01009,0.001079,1
1521490916930,true,1638.606,0,0.04723,0.01963,0.01404,0.001487,0.01419,0.002157,0.01269,0.002334,0.001675,0.02867,0.0123,6.326E-4,0.01197,9.009E-4,0.01005,0.001091,1
1521490916965,true,1638.664,0,0.04815,0.01933,0.01399,0.001492,0.01419,0.002159,0.01265,0.002333,0.002767,0.02779,0.01227,6.384E-4,0.01197,8.936E-4,0.01004,0.001091,1
1521490917000,true,1638.721,0,0.04881,0.0198,0.01393,0.001492,0.01419,0.002161,0.01263,0.002324,0.003507,0.02706,0.01226,6.331E-4,0.01192,8.996E-4,0.01002,0.001091,1
1521490917160,true,1638.791,0,0.04954,0.02021,0.01392,0.001485,0.01414,0.002172,0.01263,0.002322,0.002835,0.0274,0.01226,6.259E-4,0.01186,9.11E-4,0.01001,0.001085,1
1521490917195,true,1638.849,0,0.04854,0.02072,0.01393,0.001482,0.01407,0.002175,0.01263,0.002323,0.001854,0.02812,0.01226,6.162E-4,0.01184,9.175E-4,0.009977,0.001087,1
1521490917230,true,1638.906,0,0.04735,0.02038,0.01394,0.001483,0.01404,0.002172,0.01263,0.002328,0.001429,0.02876,0.01224,6.189E-4,0.01185,9.133E-4,0.009933,0.001098,1
1521490917264,true,1638.964,0,0.04741,0.01981,0.01394,0.001486,0.01405,0.002174,0.01259,0.002331,0.001742,0.02862,0.01221,6.261E-4,0.01188,9.011E-4,0.009915,0.001103,1
1521490917300,true,1639.021,0,0.04831,0.01984,0.01389,0.001494,0.01406,0.002178,0.01256,0.002329,0.002535,0.02783,0.0122,6.308E-4,0.01187,8.958E-4,0.009926,0.001102,1
1521490917460,true,1639.092,0,0.04887,0.02014,0.01385,0.001494,0.01407,0.002179,0.01256,0.002324,0.002519,0.02762,0.01221,6.298E-4,0.01184,9.038E-4,0.009945,0.001093,1
1521490917495,true,1639.15,0,0.04902,0.02038,0.01386,0.001489,0.01405,0.002182,0.01258,0.002321,0.001524,0.02821,0.01222,6.23E-4,0.01182,9.116E-4,0.009971,0.00108,1
1521490917530,true,1639.207,0,0.04769,0.02035,0.01388,0.001488,0.01402,0.002179,0.01259,0.002323,0.001087,0.02853,0.01223,6.183E-4,0.01183,9.152E-4,0.009949,0.001088,1
1521490917565,true,1639.265,0,0.04662,0.01974,0.0139,0.001486,0.01401,0.002173,0.01258,0.002327,0.001265,0.02863,0.0122,6.231E-4,0.01183,9.131E-4,0.009911,0.001097,1
1521490917600,true,1639.322,0,0.0472,0.01924,0.01386,0.001491,0.01402,0.00217,0.01254,0.002327,0.002303,0.02783,0.01216,6.315E-4,0.01184,9.03E-4,0.0099,0.001103,1
1521490917734,true,1639.365,0,0.04826,0.01949,0.0138,0.001495,0.01403,0.002172,0.01252,0.002321,0.003268,0.02695,0.01215,6.323E-4,0.01181,9.06E-4,0.009901,0.001101,1
1521490917769,true,1639.423,0,0.04907,0.01994,0.01378,0.001487,0.01401,0.002177,0.01252,0.002318,0.002953,0.02709,0.01215,6.253E-4,0.01176,9.174E-4,0.009895,0.001097,1
1521490917803,true,1639.48,0,0.04878,0.02045,0.01381,0.001481,0.01395,0.002183,0.01251,0.002321,0.001962,0.02777,0.01215,6.164E-4,0.01173,9.21E-4,0.009876,0.001093,1
1521490917839,true,1639.538,0,0.04749,0.0203,0.01382,0.001481,0.01391,0.00218,0.01251,0.002323,0.00156,0.02837,0.01213,6.172E-4,0.01174,9.163E-4,0.009823,0.001102,1
1521490917874,true,1639.595,0,0.047,0.01978,0.01383,0.001483,0.01391,0.002177,0.01249,0.002328,0.001842,0.0284,0.01209,6.286E-4,0.01176,9.016E-4,0.009802,0.001108,1
1521490918009,true,1639.641,0,0.04801,0.01958,0.01381,0.001487,0.01392,0.002182,0.01246,0.002325,0.002513,0.02776,0.01208,6.348E-4,0.01177,8.939E-4,0.009813,0.001108,1
1521490918044,true,1639.699,0,0.04851,0.01992,0.01377,0.001487,0.01395,0.002181,0.01246,0.002319,0.002848,0.02729,0.01208,6.375E-4,0.01175,8.977E-4,0.009829,0.001103,1
1521490918079,true,1639.756,0,0.04888,0.0202,0.01377,0.001485,0.01394,0.002186,0.01248,0.002321,0.002189,0.02757,0.01209,6.329E-4,0.01174,9.039E-4,0.009858,0.001091,1
1521490918115,true,1639.814,0,0.04764,0.02045,0.01379,0.001484,0.0139,0.002189,0.0125,0.002321,0.001525,0.02802,0.01211,6.248E-4,0.01174,9.092E-4,0.009854,0.001091,1
1521490918150,true,1639.871,0,0.04637,0.01995,0.01381,0.001485,0.0139,0.00218,0.01251,0.002324,0.001474,0.02824,0.0121,6.259E-4,0.01175,9.08E-4,0.009826,0.0011,1
1521490918309,true,1639.941,0,0.04678,0.01927,0.0138,0.001485,0.01392,0.002174,0.01249,0.002325,0.002281,0.02762,0.01207,6.344E-4,0.01176,9.006E-4,0.009812,0.001107,1
1521490918344,true,1639.999,0,0.04797,0.01929,0.01376,0.001486,0.01393,0.002179,0.01246,0.002322,0.003355,0.02669,0.01206,6.378E-4,0.01176,8.983E-4,0.009824,0.001108,1
1521490918380,true,1640.056,0,0.0489,0.01965,0.01373,0.00148,0.01395,0.002175,0.01247,0.002318,0.003422,0.0265,0.01207,6.337E-4,0.01173,9.054E-4,0.009835,0.001102,1
1521490918414,true,1640.114,0,0.04917,0.0201,0.01376,0.001471,0.01391,0.002177,0.01248,0.002318,0.00249,0.02715,0.01208,6.239E-4,0.0117,9.147E-4,0.009836,0.001097,1
1521490918449,true,1640.171,0,0.04783,0.02015,0.01377,0.00147,0.01386,0.002173,0.01248,0.002318,0.002035,0.0277,0.01208,6.211E-4,0.01169,9.162E-4,0.009801,0.001103,1
1521490918609,true,1640.241,0,0.04699,0.01966,0.01379,0.001474,0.01387,0.002165,0.01246,0.002327,0.002004,0.02805,0.01205,6.28E-4,0.0117,9.099E-4,0.009765,0.001112,1
1521490918644,true,1640.299,0,0.04775,0.01926,0.01379,0.001477,0.01389,0.002167,0.01243,0.00233,0.002664,0.02749,0.01203,6.381E-4,0.01172,9.04E-4,0.009764,0.001118,1
1521490918679,true,1640.356,0,0.04841,0.01957,0.01376,0.001477,0.01393,0.002167,0.01242,0.002323,0.003368,0.02682,0.01203,6.419E-4,0.01172,9.062E-4,0.009785,0.001117,1
1521490918718,true,1640.414,0,0.04889,0.01984,0.01377,0.001469,0.01394,0.002171,0.01245,0.00232,0.002773,0.0271,0.01206,6.368E-4,0.0117,9.172E-4,0.009813,0.001104,1
1521490918753,true,1640.471,0,0.04795,0.02018,0.0138,0.001469,0.01391,0.002175,0.01247,0.002322,0.001961,0.02761,0.01208,6.286E-4,0.0117,9.224E-4,0.009827,0.001101,1
1521490918885,true,1640.516,0,0.04653,0.01986,0.01383,0.00147,0.0139,0.002169,0.01249,0.002326,0.001845,0.02793,0.01208,6.3E-4,0.01171,9.225E-4,0.009808,0.00111,1
1521490918920,true,1640.574,0,0.04639,0.01919,0.01385,0.001469,0.01393,0.002161,0.01248,0.002331,0.002417,0.02762,0.01206,6.388E-4,0.01173,9.161E-4,0.009802,0.00112,1
1521490918955,true,1640.631,0,0.04759,0.01894,0.01383,0.001469,0.01396,0.002163,0.01247,0.002329,0.003516,0.02666,0.01206,6.44E-4,0.01174,9.111E-4,0.009818,0.001123,1
1521490918990,true,1640.689,0,0.04843,0.01931,0.0138,0.001463,0.01397,0.002166,0.01248,0.002323,0.003944,0.02617,0.01207,6.413E-4,0.01172,9.201E-4,0.009842,0.001116,1
1521490919025,true,1640.746,0,0.04914,0.0197,0.01382,0.001454,0.01395,0.002171,0.0125,0.00232,0.003229,0.02669,0.01209,6.308E-4,0.01169,9.292E-4,0.009857,0.001109,1
1521490919159,true,1640.791,0,0.04807,0.01997,0.01384,0.001453,0.01391,0.002166,0.01252,0.00232,0.002383,0.02742,0.01211,6.199E-4,0.01168,9.322E-4,0.00984,0.001113,1
1521490919194,true,1640.849,0,0.04707,0.01952,0.01387,0.001452,0.01391,0.00216,0.01251,0.002323,0.002064,0.02804,0.01208,6.286E-4,0.01169,9.294E-4,0.009805,0.001125,1
1521490919229,true,1640.906,0,0.04755,0.01903,0.01388,0.001454,0.01394,0.002157,0.01249,0.002325,0.002557,0.02768,0.01206,6.371E-4,0.01171,9.22E-4,0.009797,0.001131,1
1521490919265,true,1640.964,0,0.04846,0.01922,0.01385,0.001455,0.01398,0.002158,0.01248,0.002324,0.003278,0.027,0.01208,6.393E-4,0.01171,9.226E-4,0.009827,0.001128,1
1521490919300,true,1641.021,0,0.04891,0.0196,0.01386,0.001447,0.014,0.002162,0.0125,0.002318,0.002984,0.02703,0.0121,6.368E-4,0.01169,9.351E-4,0.009872,0.001116,1
1521490919460,true,1641.091,0,0.04862,0.01995,0.01391,0.001437,0.01399,0.002164,0.01253,0.002319,0.002047,0.02768,0.01212,6.304E-4,0.01169,9.418E-4,0.009903,0.001109,1
1521490919495,true,1641.149,0,0.04735,0.01977,0.01394,0.001434,0.01398,0.002161,0.01257,0.00232,0.001641,0.02812,0.01213,6.277E-4,0.01171,9.451E-4,0.00991,0.001113,1
1521490919530,true,1641.206,0,0.04663,0.01916,0.01398,0.001431,0.014,0.002157,0.01258,0.002325,0.002028,0.02813,0.01211,6.383E-4,0.01173,9.405E-4,0.009891,0.001126,1
1521490919565,true,1641.264,0,0.04761,0.01884,0.01397,0.001433,0.01405,0.002152,0.01257,0.002326,0.002973,0.0274,0.01211,6.443E-4,0.01176,9.347E-4,0.009917,0.001128,1
1521490919600,true,1641.321,0,0.04839,0.01927,0.01394,0.001431,0.01408,0.002152,0.01258,0.002321,0.003744,0.02672,0.01212,6.458E-4,0.01175,9.394E-4,0.009944,0.001126,1
1521490919760,true,1641.392,0,0.04948,0.01959,0.01396,0.001422,0.01408,0.002157,0.0126,0.00232,0.003195,0.02707,0.01215,6.365E-4,0.01173,9.484E-4,0.009969,0.001118,1
1521490919795,true,1641.45,0,0.04883,0.02011,0.014,0.001414,0.01404,0.002158,0.01261,0.002323,0.002381,0.02776,0.01217,6.242E-4,0.01173,9.528E-4,0.009977,0.001114,1
1521490919830,true,1641.507,0,0.04781,0.0198,0.01402,0.001415,0.01403,0.002151,0.01263,0.002324,0.001989,0.02839,0.01216,6.245E-4,0.01175,9.506E-4,0.009958,0.001122,1
1521490919865,true,1641.565,0,0.048,0.01925,0.01404,0.001417,0.01406,0.002145,0.01261,0.002327,0.002416,0.0282,0.01215,6.336E-4,0.01177,9.463E-4,0.009956,0.001128,1
1521490919900,true,1641.622,0,0.04927,0.01916,0.01402,0.001422,0.01411,0.002145,0.0126,0.002324,0.003246,0.02752,0.01215,6.39E-4,0.01179,9.411E-4,0.009983,0.001127,1
1521490920034,true,1641.667,0,0.04995,0.01949,0.01401,0.00142,0.01415,0.002147,0.01263,0.002316,0.003138,0.0275,0.01217,6.392E-4,0.01178,9.519E-4,0.01003,0.001115,1
1521490920069,true,1641.725,0,0.05025,0.01981,0.01405,0.001411,0.01415,0.002153,0.01267,0.002316,0.002237,0.02815,0.0122,6.335E-4,0.01178,9.585E-4,0.01007,0.001106,1
1521490920104,true,1641.782,0,0.04896,0.0199,0.01408,0.00141,0.01413,0.002153,0.0127,0.002318,0.001676,0.02863,0.01222,6.32E-4,0.0118,9.62E-4,0.01007,0.001114,1
1521490920143,true,1641.84,0,0.04793,0.01937,0.01412,0.001406,0.01415,0.002147,0.01272,0.002321,0.001825,0.02886,0.0122,6.432E-4,0.01182,9.62E-4,0.01006,0.001125,1
1521490920178,true,1641.897,0,0.04852,0.01892,0.01411,0.001409,0.0142,0.002145,0.01271,0.002325,0.002734,0.02814,0.01218,6.535E-4,0.01186,9.557E-4,0.01007,0.00113,1
1521490920335,true,1641.967,0,0.0494,0.01925,0.01409,0.001408,0.01423,0.002146,0.01271,0.002322,0.003824,0.02729,0.0122,6.545E-4,0.01186,9.57E-4,0.01011,0.001128,1
1521490920370,true,1642.025,0,0.05026,0.01968,0.01409,0.0014,0.01424,0.00215,0.01274,0.002319,0.003506,0.02746,0.01223,6.501E-4,0.01183,9.688E-4,0.01013,0.001123,1
1521490920405,true,1642.082,0,0.04989,0.02033,0.01412,0.001394,0.01421,0.002154,0.01276,0.002322,0.002558,0.02819,0.01225,6.414E-4,0.01183,9.764E-4,0.01015,0.001119,1
1521490920440,true,1642.14,0,0.04882,0.02027,0.01416,0.001392,0.01419,0.002148,0.01278,0.002325,0.002111,0.02886,0.01226,6.391E-4,0.01185,9.749E-4,0.01012,0.001131,1
1521490920475,true,1642.197,0,0.04873,0.01973,0.0142,0.001391,0.01421,0.002145,0.01277,0.00233,0.002244,0.02903,0.01224,6.483E-4,0.01188,9.685E-4,0.0101,0.001142,1
1521490920610,true,1642.242,0,0.04977,0.01961,0.01419,0.001398,0.01426,0.002146,0.01276,0.002331,0.003016,0.02841,0.01224,6.541E-4,0.01192,9.617E-4,0.01012,0.001147,1
1521490920644,true,1642.3,0,0.05033,0.0201,0.01417,0.001397,0.01431,0.002147,0.01279,0.002324,0.003361,0.028,0.01226,6.56E-4,0.01192,9.688E-4,0.01017,0.001141,1
1521490920680,true,1642.357,0,0.05084,0.02045,0.01421,0.001389,0.01432,0.002152,0.01282,0.002324,0.002586,0.02854,0.01228,6.536E-4,0.01192,9.778E-4,0.01021,0.001132,1
1521490920718,true,1642.415,0,0.04978,0.02063,0.01425,0.001388,0.01431,0.002154,0.01285,0.002328,0.001885,0.0291,0.01232,6.46E-4,0.01194,9.835E-4,0.01023,0.001132,1
1521490920753,true,1642.472,0,0.04864,0.02015,0.01428,0.00139,0.01433,0.002147,0.01288,0.002333,0.001734,0.02948,0.01232,6.526E-4,0.01197,9.849E-4,0.01023,0.001143,1
1521490920910,true,1642.542,0,0.0489,0.0195,0.01429,0.001396,0.01438,0.002141,0.01288,0.002339,0.002565,0.02888,0.0123,6.647E-4,0.01201,9.765E-4,0.01023,0.001151,1
1521490920945,true,1642.6,0,0.05004,0.01948,0.01426,0.001398,0.01442,0.002143,0.01287,0.002338,0.003524,0.02801,0.01231,6.701E-4,0.01202,9.783E-4,0.01027,0.001153,1
1521490920980,true,1642.657,0,0.05094,0.01985,0.01424,0.001395,0.01445,0.002144,0.0129,0.002331,0.00358,0.02784,0.01233,6.681E-4,0.01199,9.944E-4,0.0103,0.00115,1
1521490921015,true,1642.715,0,0.05098,0.02043,0.01428,0.001388,0.01443,0.002148,0.01293,0.002334,0.002726,0.02849,0.01236,6.611E-4,0.01199,9.99E-4,0.01032,0.001146,1
1521490921050,true,1642.772,0,0.0498,0.02055,0.01431,0.00139,0.01441,0.002146,0.01295,0.002337,0.002154,0.02907,0.01237,6.584E-4,0.012,0.001002,0.0103,0.001153,1
1521490921184,true,1642.817,0,0.04894,0.02011,0.01434,0.001392,0.01442,0.002143,0.01294,0.002344,0.002121,0.02944,0.01236,6.688E-4,0.01203,9.996E-4,0.01029,0.001165,1
1521490921219,true,1642.875,0,0.04973,0.01982,0.01434,0.0014,0.01446,0.002147,0.01293,0.002345,0.002625,0.02902,0.01235,6.804E-4,0.01206,9.9E-4,0.01031,0.001167,1
1521490921254,true,1642.932,0,0.05046,0.0202,0.01432,0.001402,0.01452,0.002147,0.01295,0.002341,0.003207,0.02843,0.01238,6.837E-4,0.01207,9.934E-4,0.01036,0.001162,1
1521490921292,true,1642.99,0,0.05101,0.02054,0.01434,0.001398,0.01455,0.002153,0.01299,0.002336,0.002516,0.02879,0.01242,6.821E-4,0.01207,0.001003,0.01041,0.001155,1
1521490921328,true,1643.047,0,0.05016,0.02099,0.01439,0.001395,0.01455,0.002155,0.01304,0.002336,0.001565,0.02946,0.01247,6.747E-4,0.01209,0.001011,0.01044,0.001153,1
1521490921484,true,1643.116,0,0.04884,0.02068,0.01443,0.001396,0.01455,0.002153,0.01308,0.002338,0.001391,0.02986,0.01248,6.784E-4,0.01213,0.00101,0.01044,0.001164,1
1521490921519,true,1643.174,0,0.04871,0.02003,0.01445,0.001403,0.0146,0.002151,0.0131,0.002342,0.001908,0.02962,0.01248,6.898E-4,0.01217,0.001004,0.01045,0.001175,1
1521490921554,true,1643.231,0,0.04976,0.01989,0.01443,0.001412,0.01464,0.002158,0.01311,0.002338,0.002987,0.0287,0.01249,6.986E-4,0.01219,0.001004,0.01048,0.001182,1
1521490921593,true,1643.289,0,0.05059,0.02023,0.0144,0.001411,0.01467,0.002162,0.01314,0.002333,0.00346,0.02823,0.01252,6.997E-4,0.01219,0.001011,0.01052,0.001182,1
1521490921628,true,1643.346,0,0.05134,0.02062,0.01443,0.001406,0.01466,0.002171,0.01318,0.002329,0.002787,0.02879,0.01256,6.923E-4,0.01219,0.00102,0.01056,0.001176,1
1521490921760,true,1643.393,0,0.05033,0.02091,0.01447,0.001407,0.01463,0.002172,0.01322,0.002329,0.002136,0.02942,0.01259,6.863E-4,0.01221,0.001023,0.01057,0.001179,1
1521490921795,true,1643.451,0,0.04935,0.02054,0.0145,0.00141,0.01464,0.002169,0.01324,0.002332,0.001938,0.02993,0.01258,6.931E-4,0.01225,0.001015,0.01055,0.001194,1
1521490921830,true,1643.508,0,0.04981,0.02009,0.01452,0.001417,0.01468,0.002169,0.01323,0.002336,0.002489,0.02957,0.01258,7.033E-4,0.0123,0.001008,0.01056,0.001201,1
1521490921865,true,1643.566,0,0.05081,0.02033,0.0145,0.001422,0.01473,0.002169,0.01324,0.002333,0.003229,0.0289,0.0126,7.089E-4,0.01233,0.001007,0.01062,0.001199,1
1521490921900,true,1643.623,0,0.05149,0.02065,0.01451,0.001419,0.01478,0.002169,0.01328,0.002333,0.002931,0.02906,0.01265,7.111E-4,0.01233,0.001017,0.01068,0.00119,1
1521490922059,true,1643.691,0,0.05114,0.02111,0.01457,0.001415,0.01479,0.002177,0.01334,0.002331,0.001878,0.02979,0.0127,7.068E-4,0.01235,0.001024,0.01074,0.001183,1
1521490922093,true,1643.749,0,0.04974,0.02105,0.01462,0.001416,0.01479,0.002177,0.01341,0.00233,0.001496,0.03024,0.01273,7.059E-4,0.01239,0.001027,0.01077,0.001191,1
1521490922128,true,1643.806,0,0.04905,0.02043,0.01467,0.001418,0.01484,0.002174,0.01344,0.002334,0.001807,0.03032,0.01273,7.177E-4,0.01244,0.001021,0.01078,0.001201,1
1521490922163,true,1643.864,0,0.05003,0.02004,0.01466,0.001427,0.0149,0.002176,0.01346,0.002332,0.002805,0.02951,0.01275,7.232E-4,0.0125,0.001013,0.01083,0.001206,1
1521490922199,true,1643.921,0,0.05086,0.02035,0.01464,0.001429,0.01495,0.002182,0.0135,0.002324,0.003559,0.02881,0.0128,7.229E-4,0.01251,0.00102,0.01089,0.001206,1
1521490922359,true,1643.992,0,0.05179,0.02068,0.01467,0.001425,0.01495,0.002189,0.01355,0.002323,0.003129,0.02909,0.01285,7.168E-4,0.01251,0.00103,0.01095,0.001195,1
1521490922394,true,1644.05,0,0.05119,0.02116,0.01472,0.001424,0.01494,0.002191,0.01359,0.002325,0.002337,0.02976,0.01289,7.075E-4,0.01253,0.001035,0.01097,0.001194,1
1521490922429,true,1644.107,0,0.05012,0.02091,0.01476,0.001425,0.01494,0.002186,0.01362,0.002326,0.002198,0.03025,0.01292,7.052E-4,0.01257,0.001031,0.01095,0.001211,1
1521490922464,true,1644.165,0,0.05026,0.0204,0.01477,0.001428,0.01497,0.002185,0.01361,0.002334,0.002711,0.03011,0.01291,7.147E-4,0.01262,0.00102,0.01096,0.00122,1
1521490922499,true,1644.222,0,0.05146,0.02043,0.01474,0.001435,0.01502,0.002186,0.01359,0.002333,0.003602,0.0294,0.01293,7.166E-4,0.01265,0.001014,0.01099,0.001222,1
1521490922609,true,1644.241,0,0.05215,0.02083,0.01473,0.001436,0.01505,0.002194,0.01362,0.002329,0.003707,0.02924,0.01297,7.169E-4,0.01265,0.001027,0.01104,0.001216,1
1521490922644,true,1644.299,0,0.05237,0.02122,0.01477,0.001433,0.01505,0.002204,0.01367,0.00233,0.002716,0.03,0.01301,7.129E-4,0.01266,0.001036,0.0111,0.001208,1
1521490922679,true,1644.356,0,0.05111,0.02131,0.01482,0.001434,0.01505,0.002202,0.01371,0.002336,0.002103,0.03063,0.01305,7.09E-4,0.0127,0.001041,0.01113,0.001209,1
1521490922714,true,1644.414,0,0.05007,0.02076,0.01486,0.001437,0.01507,0.002201,0.01375,0.00234,0.002182,0.03098,0.01306,7.155E-4,0.01275,0.001036,0.01115,0.001224,1
1521490922749,true,1644.471,0,0.05077,0.02025,0.01487,0.001444,0.01513,0.002202,0.01375,0.002344,0.003,0.0304,0.01308,7.227E-4,0.01281,0.00103,0.01119,0.001229,1
1521490922909,true,1644.542,0,0.05163,0.02053,0.01484,0.001448,0.01518,0.002205,0.01377,0.002342,0.003948,0.02964,0.01311,7.225E-4,0.01283,0.001031,0.01125,0.001229,1
1521490922944,true,1644.6,0,0.05253,0.0209,0.01485,0.001443,0.01521,0.00221,0.01382,0.002339,0.003813,0.02967,0.01317,7.149E-4,0.01283,0.001039,0.01131,0.001218,1
1521490922979,true,1644.657,0,0.05224,0.02147,0.01489,0.001442,0.01519,0.002215,0.01386,0.00234,0.003044,0.03029,0.01321,7.033E-4,0.01285,0.001047,0.01134,0.001215,1
1521490923013,true,1644.715,0,0.05126,0.0213,0.01493,0.001442,0.01518,0.002212,0.01389,0.00234,0.002615,0.03093,0.01325,6.98E-4,0.01289,0.001046,0.01134,0.001224,1
1521490923049,true,1644.772,0,0.05095,0.02077,0.01496,0.001446,0.01521,0.002208,0.01388,0.002348,0.002871,0.03102,0.01324,7.049E-4,0.01293,0.001039,0.01133,0.001235,1
1521490923209,true,1644.841,0,0.05224,0.02056,0.01495,0.001451,0.01524,0.002211,0.01385,0.002347,0.003714,0.03037,0.01325,7.094E-4,0.01296,0.001032,0.01135,0.001242,1
1521490923244,true,1644.899,0,0.05297,0.02096,0.01492,0.00145,0.01527,0.002214,0.01386,0.002342,0.004084,0.02996,0.01327,7.092E-4,0.01295,0.001037,0.01137,0.001239,1
1521490923279,true,1644.956,0,0.05361,0.02126,0.01493,0.001442,0.01526,0.002219,0.01387,0.00234,0.003378,0.03037,0.01328,7.04E-4,0.01293,0.001044,0.0114,0.001226,1
1521490923323,true,1645.014,0,0.0524,0.02153,0.01495,0.001447,0.01523,0.00222,0.01389,0.00234,0.002612,0.03093,0.0133,6.96E-4,0.01294,0.001048,0.01139,0.001227,1
1521490923358,true,1645.071,0,0.05125,0.02106,0.01497,0.001453,0.01522,0.002219,0.0139,0.002345,0.002524,0.03123,0.01329,6.982E-4,0.01297,0.001047,0.01138,0.001235,1
1521490923509,true,1645.142,0,0.05146,0.02042,0.01497,0.00146,0.01526,0.002219,0.01389,0.002349,0.003208,0.03071,0.01327,7.105E-4,0.01301,0.001036,0.01139,0.001242,1
1521490923544,true,1645.2,0,0.05264,0.02042,0.01493,0.001465,0.01529,0.002221,0.01388,0.002346,0.004316,0.02977,0.01329,7.123E-4,0.01303,0.001034,0.01143,0.001242,1
1521490923579,true,1645.257,0,0.0534,0.02074,0.01492,0.001461,0.01532,0.002224,0.0139,0.002339,0.004535,0.0295,0.01332,7.069E-4,0.01302,0.001041,0.01147,0.001233,1
1521490923614,true,1645.315,0,0.05362,0.0213,0.01496,0.001454,0.0153,0.002228,0.01394,0.002338,0.003741,0.03008,0.01336,6.966E-4,0.01302,0.001045,0.01151,0.001226,1
1521490923649,true,1645.372,0,0.05249,0.02136,0.01499,0.001456,0.01526,0.002227,0.01396,0.002339,0.003283,0.03061,0.01339,6.887E-4,0.01304,0.001046,0.0115,0.001233,1
1521490923784,true,1645.416,0,0.05182,0.02089,0.01502,0.001456,0.01528,0.002217,0.01395,0.002345,0.003356,0.03091,0.01338,6.907E-4,0.0131,0.001032,0.01148,0.001243,1
1521490923819,true,1645.474,0,0.05275,0.02051,0.01501,0.001463,0.01532,0.002214,0.01391,0.002346,0.003998,0.03041,0.01337,6.952E-4,0.01313,0.001019,0.01149,0.001247,1
1521490923854,true,1645.531,0,0.05347,0.02089,0.01498,0.001461,0.01535,0.002217,0.01389,0.002343,0.004656,0.02977,0.01338,6.956E-4,0.01313,0.001016,0.01151,0.00124,1
1521490923889,true,1645.589,0,0.05396,0.0212,0.01497,0.001458,0.01535,0.002221,0.0139,0.002339,0.004073,0.03008,0.0134,6.915E-4,0.01311,0.001022,0.01153,0.00123,1
1521490923924,true,1645.646,0,0.05315,0.02163,0.015,0.001456,0.0153,0.002224,0.0139,0.00234,0.003208,0.03065,0.01341,6.821E-4,0.01311,0.001021,0.01152,0.001225,1
1521490924059,true,1645.692,0,0.05174,0.02133,0.01501,0.001455,0.01528,0.002219,0.0139,0.00234,0.002968,0.03102,0.0134,6.797E-4,0.01313,0.001016,0.01149,0.001231,1
1521490924094,true,1645.75,0,0.05145,0.02061,0.01501,0.001459,0.01529,0.00221,0.01387,0.002344,0.003424,0.03071,0.01336,6.859E-4,0.01313,0.001007,0.01145,0.001235,1
1521490924129,true,1645.807,0,0.05242,0.02041,0.01494,0.001468,0.01529,0.002213,0.01383,0.002341,0.004445,0.02976,0.01332,6.914E-4,0.01312,0.001001,0.01144,0.001236,1
1521490924164,true,1645.865,0,0.05309,0.02074,0.01489,0.00147,0.0153,0.002217,0.01383,0.002337,0.004994,0.02917,0.01332,6.909E-4,0.01308,0.001007,0.01146,0.001229,1
1521490924199,true,1645.922,0,0.05373,0.0211,0.01489,0.001466,0.01527,0.002222,0.01384,0.002339,0.004323,0.02955,0.01335,6.796E-4,0.01305,0.001015,0.01147,0.001221,1
1521490924359,true,1645.991,0,0.05267,0.02136,0.01492,0.001464,0.01522,0.002222,0.01385,0.002341,0.003696,0.03006,0.01338,6.644E-4,0.01305,0.001015,0.01146,0.001222,1
1521490924394,true,1646.049,0,0.05152,0.02102,0.01495,0.001465,0.01521,0.00221,0.01384,0.002343,0.003444,0.03057,0.01336,6.674E-4,0.01308,0.001002,0.01142,0.001231,1
1521490924429,true,1646.106,0,0.05195,0.02054,0.01494,0.001471,0.01522,0.002207,0.0138,0.002344,0.004065,0.03016,0.01334,6.733E-4,0.0131,9.869E-4,0.01142,0.001232,1
1521490924464,true,1646.164,0,0.0527,0.02082,0.0149,0.001475,0.01524,0.002208,0.01377,0.00234,0.004858,0.02945,0.01334,6.721E-4,0.0131,9.808E-4,0.01144,0.001224,1
1521490924499,true,1646.221,0,0.05329,0.02118,0.01489,0.00147,0.01524,0.002208,0.01378,0.002332,0.004526,0.02951,0.01336,6.668E-4,0.01308,9.836E-4,0.01145,0.001213,1
1521490924634,true,1646.267,0,0.05288,0.02167,0.01491,0.001462,0.01521,0.002213,0.01378,0.002329,0.003475,0.0302,0.01336,6.571E-4,0.01306,9.851E-4,0.01146,0.001204,1
1521490924669,true,1646.325,0,0.05135,0.02156,0.01492,0.001465,0.01517,0.002206,0.01377,0.002333,0.003097,0.0306,0.01335,6.513E-4,0.01307,9.8E-4,0.01142,0.001208,1
1521490924704,true,1646.382,0,0.05033,0.02096,0.01492,0.001467,0.01517,0.002198,0.01373,0.002339,0.00324,0.03062,0.01331,6.562E-4,0.01308,9.705E-4,0.01138,0.001216,1
1521490924739,true,1646.44,0,0.05092,0.02059,0.01488,0.00147,0.01518,0.002197,0.01368,0.002339,0.004137,0.02978,0.01327,6.619E-4,0.01308,9.612E-4,0.01136,0.001214,1
1521490924774,true,1646.497,0,0.05161,0.02087,0.0148,0.001473,0.01518,0.002197,0.01365,0.002335,0.005047,0.02892,0.01326,6.588E-4,0.01305,9.591E-4,0.01136,0.001206,1
1521490924934,true,1646.566,0,0.05236,0.02115,0.01478,0.001465,0.01515,0.0022,0.01364,0.002332,0.004671,0.02904,0.01325,6.496E-4,0.01299,9.689E-4,0.01135,0.001196,1
1521490924968,true,1646.624,0,0.05147,0.02158,0.01478,0.001465,0.01507,0.002203,0.01363,0.002333,0.004032,0.02953,0.01325,6.39E-4,0.01296,9.708E-4,0.01131,0.001194,1
1521490925003,true,1646.681,0,0.05032,0.02128,0.01479,0.001466,0.01504,0.002193,0.01361,0.002337,0.003797,0.03003,0.01323,6.383E-4,0.01295,9.689E-4,0.01127,0.001202,1
1521490925039,true,1646.739,0,0.05039,0.02073,0.01478,0.001472,0.01505,0.002187,0.01357,0.00234,0.004121,0.02984,0.01319,6.453E-4,0.01297,9.572E-4,0.01124,0.001206,1
1521490925074,true,1646.796,0,0.05153,0.02066,0.01473,0.00148,0.01506,0.002186,0.01353,0.002334,0.004973,0.0291,0.01319,6.447E-4,0.01297,9.494E-4,0.01124,0.001204,1
1521490925234,true,1646.867,0,0.05211,0.02108,0.0147,0.001477,0.01506,0.002186,0.01352,0.002326,0.004942,0.02893,0.0132,6.392E-4,0.01293,9.518E-4,0.01126,0.001192,1
1521490925269,true,1646.925,0,0.05223,0.02149,0.01471,0.001471,0.01504,0.002189,0.01352,0.002327,0.003754,0.02971,0.01321,6.297E-4,0.0129,9.564E-4,0.01128,0.001177,1
1521490925304,true,1646.982,0,0.05099,0.02147,0.01472,0.001469,0.015,0.002184,0.01352,0.002327,0.003072,0.03023,0.01321,6.21E-4,0.0129,9.587E-4,0.01125,0.001177,1
1521490925339,true,1647.04,0,0.04972,0.02089,0.01473,0.001471,0.01499,0.002174,0.01349,0.002331,0.003006,0.0305,0.01316,6.297E-4,0.0129,9.54E-4,0.01121,0.001182,1
1521490925374,true,1647.097,0,0.04998,0.02033,0.01469,0.001474,0.015,0.00217,0.01345,0.002333,0.003726,0.02984,0.01311,6.383E-4,0.0129,9.465E-4,0.0112,0.00118,1
1521490925509,true,1647.141,0,0.05072,0.02053,0.01463,0.001476,0.01501,0.002166,0.01341,0.002328,0.00464,0.02894,0.01309,6.36E-4,0.01286,9.461E-4,0.01119,0.001176,1
1521490925544,true,1647.199,0,0.05158,0.02069,0.01459,0.00147,0.01499,0.002166,0.0134,0.002323,0.004506,0.02885,0.01309,6.284E-4,0.01281,9.577E-4,0.01117,0.001165,1
1521490925579,true,1647.256,0,0.05122,0.02112,0.0146,0.001463,0.01493,0.002169,0.01338,0.002327,0.003657,0.02938,0.01307,6.195E-4,0.01276,9.642E-4,0.01115,0.001156,1
1521490925614,true,1647.314,0,0.04991,0.02105,0.0146,0.001459,0.01487,0.002162,0.01336,0.002328,0.003237,0.02987,0.01304,6.155E-4,0.01274,9.621E-4,0.01108,0.001163,1
1521490925649,true,1647.371,0,0.04935,0.0205,0.01459,0.001462,0.01486,0.002154,0.01331,0.002332,0.003354,0.02992,0.01297,6.258E-4,0.01273,9.533E-4,0.01101,0.001172,1
1521490925809,true,1647.442,0,0.05041,0.02028,0.01455,0.001468,0.01485,0.002156,0.01326,0.00233,0.004057,0.02925,0.01294,6.323E-4,0.01272,9.437E-4,0.01099,0.001171,1
1521490925844,true,1647.5,0,0.05104,0.02072,0.01451,0.001465,0.01484,0.002157,0.01324,0.002323,0.004544,0.02869,0.01293,6.315E-4,0.01269,9.474E-4,0.011,0.001164,1
1521490925879,true,1647.557,0,0.05154,0.02103,0.01451,0.001461,0.01482,0.002162,0.01324,0.002318,0.003608,0.02921,0.01293,6.244E-4,0.01267,9.521E-4,0.01101,0.001149,1
1521490925914,true,1647.615,0,0.05043,0.02125,0.01452,0.001462,0.01477,0.002163,0.01324,0.002316,0.00262,0.02988,0.01293,6.167E-4,0.01266,9.539E-4,0.01099,0.001144,1
1521490925949,true,1647.672,0,0.04904,0.02076,0.01452,0.001463,0.01475,0.002155,0.01322,0.002318,0.002301,0.03033,0.01289,6.199E-4,0.01267,9.479E-4,0.01095,0.001148,1
1521490926084,true,1647.718,0,0.0491,0.02007,0.0145,0.001466,0.01477,0.002146,0.01318,0.002321,0.002935,0.0298,0.01285,6.298E-4,0.01268,9.373E-4,0.01092,0.001152,1
1521490926120,true,1647.776,0,0.04983,0.02002,0.01444,0.001469,0.01479,0.002146,0.01314,0.002316,0.003846,0.02891,0.01283,6.306E-4,0.01266,9.329E-4,0.01092,0.001147,1
1521490926154,true,1647.833,0,0.05051,0.02025,0.01439,0.001466,0.01478,0.002148,0.01315,0.002307,0.003993,0.02858,0.01282,6.293E-4,0.01261,9.428E-4,0.01091,0.001137,1
1521490926189,true,1647.891,0,0.0508,0.02056,0.01439,0.001463,0.01473,0.002151,0.01313,0.00231,0.003251,0.02904,0.0128,6.192E-4,0.01257,9.477E-4,0.0109,0.001127,1
1521490926224,true,1647.948,0,0.04962,0.02059,0.01439,0.001463,0.01467,0.002146,0.01312,0.00231,0.002775,0.02946,0.01278,6.124E-4,0.01255,9.492E-4,0.01085,0.001132,1
1521490926359,true,1647.992,0,0.04899,0.02004,0.01439,0.001462,0.01465,0.002137,0.01307,0.002316,0.002769,0.02974,0.01272,6.188E-4,0.01254,9.425E-4,0.01078,0.001142,1
1521490926394,true,1648.05,0,0.04985,0.01969,0.01435,0.001466,0.01463,0.002134,0.013,0.002318,0.003405,0.02919,0.01266,6.252E-4,0.01253,9.321E-4,0.01074,0.001143,1
1521490926429,true,1648.107,0,0.05053,0.02014,0.01428,0.001469,0.01462,0.002136,0.01295,0.002318,0.004065,0.02849,0.01263,6.266E-4,0.01249,9.345E-4,0.01071,0.001139,1
1521490926464,true,1648.165,0,0.05105,0.02047,0.01426,0.001466,0.01459,0.002143,0.01292,0.00232,0.003443,0.02881,0.01261,6.25E-4,0.01244,9.37E-4,0.0107,0.001126,1
1521490926499,true,1648.222,0,0.05016,0.02093,0.01426,0.001464,0.01453,0.002148,0.01292,0.002321,0.002391,0.02948,0.01259,6.2E-4,0.01241,9.43E-4,0.0107,0.001114,1
1521490926660,true,1648.293,0,0.04864,0.02066,0.01427,0.001466,0.01449,0.002146,0.01292,0.002319,0.001918,0.02998,0.01256,6.203E-4,0.01241,9.39E-4,0.01065,0.001118,1
1521490926695,true,1648.351,0,0.04832,0.01996,0.01426,0.001468,0.01449,0.00214,0.01288,0.00232,0.002258,0.02978,0.01251,6.281E-4,0.01242,9.283E-4,0.01062,0.001122,1
1521490926729,true,1648.408,0,0.04914,0.01974,0.0142,0.001475,0.0145,0.002144,0.01284,0.002317,0.003313,0.02879,0.01247,6.34E-4,0.01241,9.188E-4,0.01062,0.001123,1
1521490926764,true,1648.466,0,0.0497,0.02006,0.01415,0.001475,0.01449,0.002147,0.01284,0.002309,0.003834,0.02817,0.01246,6.333E-4,0.01236,9.271E-4,0.01063,0.001113,1
1521490926799,true,1648.523,0,0.05018,0.02041,0.01415,0.00147,0.01445,0.002154,0.01285,0.002307,0.003251,0.0285,0.01246,6.241E-4,0.01232,9.35E-4,0.01062,0.001104,1
1521490926959,true,1648.592,0,0.04931,0.02057,0.01416,0.001468,0.01439,0.002154,0.01284,0.00231,0.002693,0.02898,0.01245,6.147E-4,0.0123,9.374E-4,0.01059,0.001106,1
1521490926994,true,1648.65,0,0.04833,0.02016,0.01416,0.001467,0.01436,0.002146,0.01282,0.002313,0.002594,0.02931,0.01241,6.17E-4,0.0123,9.29E-4,0.01054,0.001113,1
1521490927029,true,1648.707,0,0.04908,0.01962,0.01413,0.001473,0.01436,0.002144,0.01277,0.002315,0.003241,0.02883,0.01237,6.212E-4,0.0123,9.173E-4,0.0105,0.001116,1
1521490927064,true,1648.765,0,0.05003,0.01985,0.01408,0.001474,0.01435,0.002144,0.01272,0.002311,0.004021,0.02806,0.01234,6.243E-4,0.01227,9.13E-4,0.01047,0.001114,1
1521490927099,true,1648.822,0,0.05093,0.02019,0.01405,0.001469,0.01433,0.002148,0.01269,0.002306,0.003729,0.02806,0.01232,6.214E-4,0.01221,9.204E-4,0.01046,0.001106,1
1521490927234,true,1648.867,0,0.0507,0.02063,0.01403,0.00147,0.01428,0.002152,0.01266,0.002312,0.002776,0.02871,0.0123,6.147E-4,0.01217,9.238E-4,0.01043,0.001097,1
1521490927269,true,1648.925,0,0.04926,0.02055,0.01403,0.001473,0.01424,0.002147,0.01265,0.002313,0.002267,0.02912,0.01229,6.092E-4,0.01217,9.22E-4,0.01039,0.001102,1
1521490927304,true,1648.982,0,0.04846,0.01998,0.01404,0.001474,0.01424,0.002139,0.01262,0.002319,0.002383,0.02922,0.01225,6.182E-4,0.01217,9.164E-4,0.01035,0.001107,1
1521490927338,true,1649.04,0,0.04911,0.0196,0.014,0.001483,0.01425,0.002139,0.01258,0.002319,0.003216,0.02843,0.01221,6.232E-4,0.01218,9.054E-4,0.01034,0.001107,1
1521490927374,true,1649.097,0,0.0498,0.0199,0.01394,0.001484,0.01425,0.002142,0.01257,0.002314,0.003997,0.02759,0.0122,6.239E-4,0.01214,9.114E-4,0.01035,0.001097,1
1521490927509,true,1649.142,0,0.05043,0.02018,0.01393,0.001478,0.01424,0.002143,0.01258,0.002312,0.003643,0.02768,0.0122,6.216E-4,0.01209,9.223E-4,0.01036,0.001085,1
1521490927544,true,1649.2,0,0.04975,0.02053,0.01395,0.001472,0.01418,0.002144,0.01259,0.002312,0.002974,0.02811,0.01221,6.128E-4,0.01206,9.271E-4,0.01034,0.001083,1
1521490927579,true,1649.257,0,0.04857,0.02026,0.01396,0.00147,0.01414,0.002139,0.01259,0.002312,0.002966,0.02843,0.01219,6.116E-4,0.01207,9.186E-4,0.01028,0.001096,1
1521490927614,true,1649.315,0,0.04881,0.01967,0.01395,0.001474,0.01414,0.002135,0.01255,0.002313,0.003507,0.02817,0.01215,6.191E-4,0.01207,9.098E-4,0.01024,0.001104,1
1521490927649,true,1649.372,0,0.05,0.01967,0.01391,0.001477,0.01414,0.002135,0.01251,0.002311,0.004352,0.02735,0.01213,6.21E-4,0.01207,8.984E-4,0.01022,0.001105,1
1521490927809,true,1649.443,0,0.05065,0.02012,0.01387,0.001473,0.01414,0.002134,0.01248,0.002306,0.004371,0.02716,0.01212,6.195E-4,0.01203,9.046E-4,0.01021,0.001097,1
1521490927844,true,1649.501,0,0.05105,0.0205,0.01387,0.001468,0.0141,0.002139,0.01248,0.002304,0.003394,0.02781,0.01212,6.088E-4,0.01199,9.11E-4,0.0102,0.001083,1
1521490927879,true,1649.558,0,0.04976,0.02058,0.01387,0.001469,0.01405,0.002135,0.01248,0.002304,0.002583,0.02844,0.0121,6.07E-4,0.01197,9.116E-4,0.01016,0.001086,1
1521490927914,true,1649.616,0,0.04862,0.02006,0.01389,0.001469,0.01404,0.002127,0.01246,0.002308,0.002435,0.02873,0.01206,6.166E-4,0.01198,9.058E-4,0.01011,0.001093,1
1521490927949,true,1649.673,0,0.04896,0.01958,0.01387,0.001476,0.01405,0.002126,0.01243,0.00231,0.003159,0.02809,0.01202,6.301E-4,0.01199,8.941E-4,0.01011,0.001093,1
1521490928109,true,1649.742,0,0.04971,0.01974,0.01381,0.001481,0.01406,0.002126,0.01241,0.002306,0.004054,0.02721,0.01201,6.336E-4,0.01197,8.954E-4,0.01011,0.001091,1
1521490928144,true,1649.8,0,0.05025,0.02003,0.0138,0.001473,0.01406,0.002126,0.01242,0.002303,0.003881,0.02712,0.01201,6.305E-4,0.01193,9.064E-4,0.01012,0.001081,1
1521490928179,true,1649.857,0,0.04977,0.02051,0.01382,0.00147,0.01402,0.002132,0.01243,0.002305,0.003104,0.02761,0.01203,6.194E-4,0.01192,9.098E-4,0.01011,0.001074,1
1521490928214,true,1649.915,0,0.04858,0.0204,0.01382,0.001471,0.01398,0.002125,0.01245,0.002305,0.002796,0.02799,0.01202,6.194E-4,0.01192,9.074E-4,0.01008,0.001079,1
1521490928249,true,1649.972,0,0.04834,0.01983,0.01384,0.001469,0.01398,0.00212,0.01244,0.002305,0.003053,0.02798,0.01198,6.279E-4,0.01193,9.001E-4,0.01004,0.001086,1
1521490928384,true,1650.018,0,0.04958,0.01965,0.01381,0.001473,0.01399,0.002121,0.0124,0.002304,0.003875,0.02725,0.01197,6.318E-4,0.01193,8.921E-4,0.01003,0.001087,1
1521490928418,true,1650.076,0,0.05043,0.02008,0.01377,0.001471,0.01399,0.002121,0.01238,0.002296,0.004309,0.02675,0.01197,6.318E-4,0.0119,8.953E-4,0.01003,0.001082,1
1521490928454,true,1650.133,0,0.0511,0.02048,0.01377,0.001464,0.01396,0.002125,0.01238,0.002294,0.003452,0.02725,0.01198,6.231E-4,0.01187,8.989E-4,0.01004,0.001068,1
1521490928489,true,1650.191,0,0.04995,0.02084,0.01379,0.001463,0.01392,0.002122,0.01238,0.002294,0.002422,0.02798,0.01198,6.16E-4,0.01185,9.037E-4,0.01002,0.001063,1
1521490928524,true,1650.248,0,0.04852,0.0205,0.0138,0.001467,0.01391,0.002115,0.01237,0.002299,0.001987,0.02851,0.01195,6.205E-4,0.01186,9.011E-4,0.009975,0.001073,1
1521490928684,true,1650.319,0,0.0486,0.01985,0.01379,0.001473,0.01394,0.002107,0.01235,0.002302,0.002472,0.02818,0.01191,6.327E-4,0.01187,8.936E-4,0.00996,0.001075,1
1521490928719,true,1650.377,0,0.04952,0.01983,0.01376,0.001475,0.01396,0.002111,0.01233,0.002299,0.003495,0.02726,0.0119,6.364E-4,0.01187,8.906E-4,0.009977,0.001074,1
1521490928754,true,1650.434,0,0.05007,0.02015,0.01373,0.001472,0.01398,0.002111,0.01234,0.002295,0.003482,0.02704,0.01191,6.355E-4,0.01184,8.99E-4,0.01,0.001064,1
1521490928789,true,1650.492,0,0.05025,0.02054,0.01374,0.001467,0.01395,0.002119,0.01236,0.002295,0.002574,0.02762,0.01194,6.24E-4,0.01182,9.074E-4,0.01001,0.001057,1
1521490928824,true,1650.549,0,0.04912,0.02054,0.01376,0.001465,0.01392,0.002114,0.01238,0.002297,0.002141,0.02802,0.01195,6.17E-4,0.01182,9.097E-4,0.009999,0.001062,1
1521490928959,true,1650.593,0,0.04834,0.02006,0.01378,0.001465,0.01392,0.002107,0.01238,0.0023,0.002321,0.02822,0.01193,6.237E-4,0.01184,9.048E-4,0.009967,0.001072,1
1521490928994,true,1650.651,0,0.04909,0.01973,0.01376,0.001471,0.01395,0.002103,0.01236,0.002299,0.003041,0.0277,0.0119,6.318E-4,0.01186,8.937E-4,0.009976,0.00107,1
1521490929029,true,1650.708,0,0.05003,0.02016,0.01374,0.001471,0.01397,0.002104,0.01235,0.002294,0.003693,0.02713,0.01192,6.304E-4,0.01185,8.96E-4,0.00999,0.001065,1
1521490929064,true,1650.766,0,0.05071,0.02055,0.01373,0.001466,0.01397,0.002107,0.01236,0.002291,0.003024,0.0275,0.01195,6.201E-4,0.01182,9.028E-4,0.01,0.001056,1
1521490929099,true,1650.823,0,0.04992,0.02102,0.01377,0.001459,0.01394,0.002105,0.01237,0.00229,0.001964,0.02829,0.01194,6.148E-4,0.01181,9.079E-4,0.009996,0.00105,1
1521490929259,true,1650.894,0,0.04845,0.0208,0.01378,0.001462,0.01391,0.0021,0.01237,0.002292,0.00153,0.0288,0.01193,6.17E-4,0.01181,9.058E-4,0.009968,0.001055,1
1521490929294,true,1650.952,0,0.04814,0.02014,0.01378,0.00147,0.01393,0.002098,0.01235,0.002296,0.001809,0.02871,0.01189,6.281E-4,0.01183,8.979E-4,0.009944,0.001061,1
1521490929329,true,1651.009,0,0.04897,0.01993,0.01374,0.00148,0.01396,0.002101,0.01234,0.002294,0.002646,0.02793,0.01187,6.368E-4,0.01184,8.911E-4,0.009976,0.001059,1
1521490929364,true,1651.067,0,0.04951,0.02028,0.01371,0.001477,0.01399,0.002103,0.01235,0.002288,0.003157,0.02739,0.01189,6.371E-4,0.01182,9.007E-4,0.01001,0.001052,1
1521490929399,true,1651.124,0,0.05003,0.02049,0.01372,0.001473,0.01398,0.002108,0.01238,0.002287,0.002451,0.02783,0.01192,6.282E-4,0.0118,9.092E-4,0.01004,0.001043,1
1521490929535,true,1651.168,0,0.04887,0.02074,0.01375,0.001474,0.01395,0.002107,0.01241,0.002289,0.001929,0.02827,0.01195,6.165E-4,0.0118,9.149E-4,0.01004,0.001043,1
1521490929570,true,1651.226,0,0.04788,0.02029,0.01377,0.001473,0.01396,0.002098,0.01242,0.002293,0.001881,0.02861,0.01195,6.197E-4,0.01181,9.106E-4,0.01002,0.001052,1
1521490929605,true,1651.283,0,0.04836,0.01977,0.01377,0.001478,0.014,0.002093,0.01242,0.002292,0.002548,0.02817,0.01193,6.284E-4,0.01184,9.011E-4,0.01003,0.001057,1
1521490929640,true,1651.341,0,0.04935,0.02003,0.01374,0.001481,0.01402,0.002096,0.01241,0.002287,0.003444,0.02736,0.01195,6.303E-4,0.01184,8.976E-4,0.01005,0.001059,1
1521490929675,true,1651.398,0,0.05022,0.02033,0.01373,0.001476,0.01404,0.002097,0.01243,0.002284,0.003257,0.02741,0.01197,6.232E-4,0.01183,9.023E-4,0.01007,0.00105,1
1521490929834,true,1651.468,0,0.05008,0.02084,0.01377,0.00147,0.01401,0.002102,0.01244,0.002286,0.002146,0.0282,0.012,6.148E-4,0.01182,9.073E-4,0.01009,0.001042,1
1521490929869,true,1651.526,0,0.04855,0.0208,0.0138,0.001469,0.01398,0.002101,0.01245,0.002288,0.001486,0.02889,0.012,6.118E-4,0.01183,9.083E-4,0.01007,0.001047,1
1521490929904,true,1651.583,0,0.04768,0.02018,0.01381,0.001473,0.014,0.002093,0.01245,0.002292,0.001611,0.02898,0.01197,6.21E-4,0.01185,9.016E-4,0.01005,0.001051,1
1521490929939,true,1651.641,0,0.04832,0.01982,0.01379,0.001482,0.01403,0.002096,0.01241,0.002298,0.002339,0.02827,0.01194,6.317E-4,0.01186,8.936E-4,0.01006,0.001054,1
1521490929974,true,1651.698,0,0.04898,0.02005,0.01375,0.001484,0.01408,0.002097,0.01243,0.00229,0.003057,0.02755,0.01195,6.382E-4,0.01185,8.984E-4,0.0101,0.001048,1
1521490930109,true,1651.743,0,0.04938,0.02039,0.01376,0.001479,0.01408,0.002104,0.01245,0.00229,0.002628,0.02772,0.01197,6.339E-4,0.01183,9.103E-4,0.01013,0.001041,1
1521490930144,true,1651.801,0,0.04869,0.02074,0.0138,0.001478,0.01406,0.002106,0.01249,0.002289,0.001881,0.02821,0.012,6.25E-4,0.01183,9.129E-4,0.01014,0.001042,1
1521490930179,true,1651.858,0,0.04752,0.02043,0.01383,0.001478,0.01405,0.0021,0.01252,0.002291,0.001801,0.02851,0.01201,6.249E-4,0.01186,9.105E-4,0.01012,0.001055,1
1521490930214,true,1651.916,0,0.04774,0.01981,0.01385,0.00148,0.01408,0.002097,0.01251,0.002295,0.002373,0.02819,0.012,6.301E-4,0.01188,9.037E-4,0.01012,0.001065,1
1521490930249,true,1651.973,0,0.04901,0.0198,0.01384,0.001483,0.01411,0.002099,0.0125,0.002289,0.003366,0.02743,0.01202,6.32E-4,0.01189,8.989E-4,0.01016,0.001064,1
1521490930410,true,1652.044,0,0.04974,0.02027,0.01382,0.00148,0.01415,0.002101,0.01252,0.002282,0.003473,0.02721,0.01206,6.26E-4,0.01189,9.008E-4,0.01019,0.001057,1
1521490930445,true,1652.102,0,0.05027,0.02063,0.01385,0.001476,0.01413,0.002108,0.01256,0.00228,0.002378,0.02798,0.01209,6.187E-4,0.01187,9.104E-4,0.01022,0.001047,1
1521490930480,true,1652.159,0,0.04913,0.02079,0.01388,0.001476,0.0141,0.002109,0.01258,0.00228,0.001571,0.02868,0.0121,6.15E-4,0.01189,9.087E-4,0.01022,0.001049,1
1521490930515,true,1652.217,0,0.04807,0.02026,0.01392,0.001471,0.01412,0.002099,0.01259,0.002281,0.001464,0.02906,0.01208,6.23E-4,0.01191,9.007E-4,0.0102,0.001054,1
1521490930549,true,1652.274,0,0.04843,0.01977,0.01391,0.001477,0.01414,0.002098,0.01256,0.002283,0.00205,0.02848,0.01206,6.325E-4,0.01193,8.929E-4,0.01021,0.001055,1
1521490930710,true,1652.343,0,0.04905,0.02,0.01388,0.001481,0.01416,0.002105,0.01256,0.00228,0.002923,0.02766,0.01206,6.38E-4,0.01194,8.913E-4,0.01024,0.001055,1
1521490930745,true,1652.401,0,0.04964,0.02024,0.01387,0.001475,0.01418,0.002109,0.01259,0.002278,0.00281,0.02764,0.01208,6.329E-4,0.01192,9.047E-4,0.01028,0.001045,1
1521490930779,true,1652.458,0,0.04936,0.02064,0.01392,0.001467,0.01416,0.002115,0.01262,0.002278,0.002118,0.02812,0.01211,6.246E-4,0.01192,9.113E-4,0.01031,0.001041,1
1521490930815,true,1652.516,0,0.0483,0.02047,0.01396,0.001465,0.01414,0.002111,0.01266,0.00228,0.001868,0.0285,0.01213,6.204E-4,0.01195,9.103E-4,0.01031,0.001047,1
1521490930849,true,1652.573,0,0.048,0.01991,0.01398,0.001467,0.01416,0.002107,0.01267,0.002282,0.002344,0.02842,0.01212,6.266E-4,0.01198,9.061E-4,0.0103,0.001055,1
1521490930985,true,1652.619,0,0.04926,0.01971,0.01398,0.001469,0.01419,0.002107,0.01266,0.00228,0.003269,0.02766,0.01212,6.324E-4,0.012,8.971E-4,0.01032,0.001061,1
1521490931020,true,1652.677,0,0.05019,0.02015,0.01396,0.001467,0.01421,0.00211,0.01268,0.002273,0.003792,0.0272,0.01216,6.316E-4,0.012,9.006E-4,0.01035,0.001055,1
1521490931055,true,1652.734,0,0.05083,0.0206,0.01399,0.00146,0.01421,0.002112,0.0127,0.002271,0.00297,0.02781,0.01219,6.246E-4,0.01199,9.056E-4,0.01039,0.001045,1
1521490931090,true,1652.792,0,0.04985,0.02096,0.01403,0.001458,0.01418,0.002116,0.01273,0.00227,0.002144,0.02849,0.01222,6.155E-4,0.012,9.063E-4,0.0104,0.001043,1
1521490931125,true,1652.849,0,0.04869,0.02055,0.01408,0.001455,0.01418,0.00211,0.01274,0.002271,0.001873,0.02899,0.01221,6.184E-4,0.01203,9.003E-4,0.01038,0.001052,1
1521490931259,true,1652.893,0,0.04882,0.01992,0.01408,0.001459,0.01421,0.002107,0.01272,0.002276,0.002363,0.02869,0.01219,6.287E-4,0.01205,8.926E-4,0.01038,0.001056,1
1521490931295,true,1652.951,0,0.04965,0.01989,0.01404,0.001465,0.01425,0.002108,0.01269,0.002274,0.003222,0.02789,0.01218,6.318E-4,0.01205,8.907E-4,0.01039,0.001056,1
1521490931329,true,1653.008,0,0.05032,0.02013,0.01401,0.001462,0.01427,0.00211,0.01272,0.002271,0.003339,0.02764,0.01219,6.335E-4,0.01203,8.986E-4,0.01042,0.001048,1
1521490931365,true,1653.066,0,0.05034,0.02047,0.01404,0.001457,0.01426,0.002112,0.01275,0.002271,0.002594,0.0281,0.01222,6.249E-4,0.01202,9.09E-4,0.01046,0.001039,1
1521490931399,true,1653.123,0,0.04925,0.02051,0.01406,0.00146,0.01423,0.002113,0.01278,0.002272,0.002368,0.02845,0.01223,6.207E-4,0.01205,9.09E-4,0.01046,0.001047,1
1521490931559,true,1653.194,0,0.04854,0.02004,0.01409,0.001461,0.01424,0.002107,0.01279,0.002278,0.002565,0.02861,0.01223,6.284E-4,0.01208,9.019E-4,0.01045,0.001055,1
1521490931594,true,1653.252,0,0.04961,0.01961,0.01408,0.001467,0.01427,0.002106,0.01277,0.002278,0.00347,0.02792,0.01223,6.31E-4,0.01212,8.913E-4,0.01046,0.001063,1
1521490931630,true,1653.309,0,0.05061,0.02008,0.01406,0.001469,0.0143,0.002106,0.01277,0.002273,0.004242,0.0272,0.01226,6.307E-4,0.01212,8.929E-4,0.0105,0.001058,1
1521490931665,true,1653.367,0,0.05151,0.02051,0.01407,0.001464,0.01431,0.002109,0.01281,0.002271,0.003678,0.02759,0.0123,6.252E-4,0.01212,8.995E-4,0.01053,0.001048,1
1521490931699,true,1653.424,0,0.05099,0.021,0.01412,0.00146,0.01429,0.002113,0.01284,0.002271,0.002657,0.02837,0.01233,6.145E-4,0.01214,8.996E-4,0.01055,0.001043,1
1521490931834,true,1653.469,0,0.04968,0.02079,0.01415,0.001457,0.01429,0.002106,0.01285,0.002275,0.002251,0.02899,0.01234,6.141E-4,0.01217,8.942E-4,0.01054,0.001048,1
1521490931869,true,1653.527,0,0.04932,0.02019,0.01418,0.001458,0.01432,0.002098,0.01285,0.002279,0.00256,0.02893,0.01231,6.223E-4,0.01219,8.856E-4,0.01053,0.001053,1
1521490931904,true,1653.584,0,0.05008,0.01998,0.01414,0.001463,0.01436,0.002096,0.01282,0.002277,0.003445,0.0281,0.01231,6.251E-4,0.01221,8.786E-4,0.01056,0.001051,1
1521490931939,true,1653.642,0,0.0506,0.02024,0.0141,0.001463,0.01438,0.002101,0.01283,0.00227,0.003907,0.02757,0.01232,6.253E-4,0.01218,8.894E-4,0.01058,0.001046,1
1521490931974,true,1653.699,0,0.05104,0.02046,0.01411,0.001458,0.01436,0.002107,0.01285,0.002271,0.003326,0.02791,0.01234,6.18E-4,0.01215,8.976E-4,0.0106,0.001037,1
1521490932134,true,1653.769,0,0.0499,0.02062,0.01413,0.001458,0.01433,0.002105,0.01287,0.002274,0.002859,0.02827,0.01236,6.092E-4,0.01215,9.043E-4,0.0106,0.00104,1
1521490932169,true,1653.827,0,0.04889,0.02016,0.01416,0.00146,0.01433,0.002096,0.01288,0.002282,0.002894,0.02854,0.01236,6.107E-4,0.01218,9.005E-4,0.01057,0.001051,1
1521490932204,true,1653.884,0,0.04949,0.01964,0.01415,0.001466,0.01437,0.002089,0.01286,0.002286,0.003681,0.02801,0.01234,6.16E-4,0.01221,8.918E-4,0.01059,0.001056,1
1521490932239,true,1653.942,0,0.05077,0.01987,0.01412,0.001469,0.01439,0.002093,0.01285,0.002281,0.004709,0.02719,0.01236,6.16E-4,0.01222,8.887E-4,0.0106,0.001058,1
1521490932274,true,1653.999,0,0.05149,0.02033,0.01411,0.001467,0.01442,0.00209,0.01287,0.002279,0.004531,0.02718,0.0124,6.083E-4,0.01221,8.958E-4,0.01063,0.001052,1
1521490932409,true,1654.044,0,0.05136,0.02082,0.01415,0.001462,0.0144,0.002094,0.01289,0.00228,0.003512,0.02794,0.01243,5.965E-4,0.01221,9.02E-4,0.01066,0.001045,1
1521490932445,true,1654.102,0,0.05005,0.02076,0.01419,0.001461,0.01439,0.002084,0.01291,0.002279,0.002825,0.02856,0.01246,5.88E-4,0.01224,9.004E-4,0.01065,0.00105,1
1521490932479,true,1654.159,0,0.0493,0.02018,0.01422,0.00146,0.01442,0.002074,0.01291,0.002283,0.002963,0.0287,0.01244,5.946E-4,0.01227,8.903E-4,0.01063,0.001059,1
1521490932514,true,1654.217,0,0.04977,0.01986,0.01418,0.00147,0.01445,0.002072,0.01288,0.002283,0.003728,0.02798,0.01243,5.991E-4,0.01229,8.781E-4,0.01064,0.001061,1
1521490932550,true,1654.274,0,0.05051,0.02006,0.01415,0.001473,0.01448,0.002072,0.01288,0.002276,0.004323,0.02728,0.01244,6.021E-4,0.01227,8.819E-4,0.01067,0.001055,1
1521490932710,true,1654.344,0,0.05112,0.02028,0.01414,0.001466,0.01447,0.002078,0.0129,0.002275,0.003853,0.02737,0.01244,5.993E-4,0.01224,8.924E-4,0.0107,0.001044,1
1521490932745,true,1654.402,0,0.05029,0.02062,0.01415,0.001466,0.01443,0.00208,0.0129,0.002281,0.003129,0.02784,0.01245,5.914E-4,0.01222,8.978E-4,0.01069,0.001039,1
1521490932780,true,1654.459,0,0.04892,0.02033,0.01416,0.001469,0.01441,0.002074,0.0129,0.002286,0.003058,0.02818,0.01244,5.917E-4,0.01222,8.976E-4,0.01065,0.001051,1
1521490932815,true,1654.517,0,0.04885,0.01981,0.01417,0.00147,0.01445,0.002068,0.01289,0.002292,0.003632,0.02789,0.01242,5.97E-4,0.01224,8.901E-4,0.01064,0.001061,1
1521490932850,true,1654.574,0,0.05024,0.01978,0.01415,0.001474,0.01447,0.00207,0.01286,0.002291,0.004546,0.02713,0.01244,5.969E-4,0.01226,8.854E-4,0.01066,0.001065,1
1521490932985,true,1654.62,0,0.051,0.02032,0.01413,0.001472,0.01449,0.002072,0.01287,0.002285,0.004785,0.02688,0.01247,5.945E-4,0.01225,8.896E-4,0.01069,0.00106,1
1521490933020,true,1654.678,0,0.05151,0.02075,0.01416,0.001468,0.01448,0.002078,0.0129,0.002285,0.003694,0.02772,0.01251,5.856E-4,0.01225,8.932E-4,0.01073,0.001048,1
1521490933055,true,1654.735,0,0.05038,0.02091,0.0142,0.001468,0.01445,0.002075,0.01293,0.002285,0.002885,0.02845,0.01254,5.761E-4,0.01227,8.921E-4,0.01072,0.001051,1
1521490933090,true,1654.793,0,0.04923,0.02048,0.01424,0.001467,0.01446,0.002068,0.01293,0.002291,0.002597,0.02895,0.01254,5.767E-4,0.01231,8.871E-4,0.0107,0.001059,1
1521490933125,true,1654.85,0,0.04954,0.02001,0.01424,0.001473,0.0145,0.002065,0.01292,0.002294,0.003248,0.0284,0.01253,5.809E-4,0.01234,8.761E-4,0.01073,0.001058,1
1521490933284,true,1654.919,0,0.05013,0.02028,0.01421,0.001476,0.01454,0.002066,0.01291,0.002289,0.00402,0.02758,0.01253,5.86E-4,0.01235,8.735E-4,0.01076,0.001053,1
1521490933319,true,1654.977,0,0.05069,0.02057,0.01419,0.001472,0.01455,0.002073,0.01293,0.002286,0.00378,0.02755,0.01256,5.819E-4,0.01233,8.789E-4,0.01079,0.001046,1
1521490933354,true,1655.034,0,0.05024,0.02094,0.01422,0.001468,0.01451,0.002078,0.01294,0.002291,0.002884,0.0281,0.01258,5.707E-4,0.01232,8.833E-4,0.01079,0.001042,1
1521490933389,true,1655.092,0,0.04882,0.02083,0.01423,0.001468,0.01448,0.002074,0.01295,0.002293,0.002677,0.02844,0.01257,5.663E-4,0.01232,8.846E-4,0.01075,0.001051,1
1521490933424,true,1655.149,0,0.04852,0.02021,0.01423,0.001472,0.01448,0.00207,0.01293,0.002298,0.003075,0.02832,0.01254,5.735E-4,0.01234,8.777E-4,0.01073,0.00106,1
1521490933584,true,1655.22,0,0.0496,0.02001,0.0142,0.001481,0.01451,0.002074,0.0129,0.002299,0.004042,0.02757,0.01252,5.814E-4,0.01235,8.692E-4,0.01073,0.001065,1
1521490933620,true,1655.278,0,0.05067,0.02044,0.01416,0.001485,0.01454,0.002075,0.0129,0.002296,0.004614,0.02705,0.01254,5.823E-4,0.01234,8.756E-4,0.01076,0.00106,1
1521490933655,true,1655.335,0,0.0515,0.02092,0.01419,0.001477,0.01455,0.002077,0.01293,0.002296,0.003843,0.02757,0.01258,5.72E-4,0.01233,8.827E-4,0.01078,0.001054,1
1521490933689,true,1655.393,0,0.05054,0.02134,0.01423,0.001478,0.01453,0.002078,0.01295,0.002298,0.00293,0.02836,0.01262,5.626E-4,0.01235,8.837E-4,0.0108,0.001053,1
1521490933725,true,1655.45,0,0.04943,0.02101,0.01427,0.001481,0.01454,0.002068,0.01297,0.002299,0.002572,0.02899,0.01262,5.676E-4,0.01239,8.793E-4,0.01079,0.001062,1
1521490933860,true,1655.494,0,0.04963,0.02042,0.01429,0.001485,0.01459,0.002065,0.01297,0.002301,0.002918,0.02878,0.01261,5.776E-4,0.01244,8.669E-4,0.0108,0.001067,1
1521490933895,true,1655.552,0,0.05044,0.02042,0.01427,0.001488,0.01463,0.002069,0.01296,0.002296,0.00374,0.02798,0.01262,5.832E-4,0.01246,8.623E-4,0.01084,0.001061,1
1521490933930,true,1655.609,0,0.05093,0.02071,0.01426,0.001483,0.01467,0.002071,0.01299,0.002292,0.003742,0.02777,0.01265,5.814E-4,0.01246,8.673E-4,0.01089,0.001048,1
1521490933965,true,1655.667,0,0.05096,0.02109,0.01429,0.00148,0.01466,0.002075,0.01304,0.002291,0.002848,0.02831,0.01267,5.756E-4,0.01246,8.746E-4,0.01094,0.001035,1
1521490934000,true,1655.724,0,0.0497,0.02107,0.01432,0.00148,0.01463,0.002074,0.01306,0.002294,0.002474,0.02871,0.0127,5.671E-4,0.01247,8.764E-4,0.01093,0.001042,1
1521490934160,true,1655.795,0,0.04889,0.02053,0.01434,0.001478,0.01464,0.002067,0.01307,0.0023,0.002748,0.02878,0.01268,5.717E-4,0.01248,8.709E-4,0.01091,0.001048,1
1521490934195,true,1655.853,0,0.04959,0.02018,0.01433,0.001481,0.01467,0.002066,0.01304,0.002304,0.003608,0.02811,0.01266,5.796E-4,0.01251,8.616E-4,0.01091,0.001052,1
1521490934229,true,1655.91,0,0.05064,0.02058,0.01428,0.001486,0.01469,0.002066,0.01302,0.002301,0.004541,0.02729,0.01266,5.815E-4,0.0125,8.641E-4,0.01092,0.001049,1
1521490934265,true,1655.968,0,0.05152,0.02099,0.01429,0.00148,0.0147,0.002071,0.01304,0.002301,0.004016,0.02761,0.0127,5.766E-4,0.01247,8.762E-4,0.01095,0.001039,1
1521490934300,true,1656.025,0,0.05094,0.0216,0.01433,0.001475,0.01467,0.002079,0.01306,0.002305,0.002951,0.02845,0.01274,5.666E-4,0.01248,8.801E-4,0.01098,0.001032,1
1521490934435,true,1656.069,0,0.04975,0.02144,0.01438,0.001473,0.01467,0.002072,0.01308,0.002308,0.00238,0.02921,0.01275,5.669E-4,0.01253,8.761E-4,0.01096,0.001041,1
1521490934470,true,1656.127,0,0.04949,0.02081,0.01442,0.001474,0.01471,0.002068,0.01308,0.002313,0.002616,0.02923,0.01275,5.747E-4,0.01257,8.662E-4,0.01097,0.001048,1
1521490934505,true,1656.184,0,0.05032,0.02065,0.01441,0.001478,0.01475,0.002071,0.01308,0.002309,0.003435,0.02855,0.01276,5.827E-4,0.01262,8.544E-4,0.011,0.001046,1
1521490934539,true,1656.242,0,0.05092,0.02096,0.01439,0.001479,0.01479,0.002071,0.01309,0.002306,0.003696,0.02814,0.01279,5.866E-4,0.01262,8.587E-4,0.01105,0.001038,1
1521490934574,true,1656.299,0,0.05141,0.02118,0.01442,0.001474,0.0148,0.002077,0.01314,0.002303,0.00291,0.02858,0.01284,5.778E-4,0.01262,8.642E-4,0.0111,0.001025,1
1521490934710,true,1656.345,0,0.05027,0.02138,0.01446,0.00147,0.01478,0.002078,0.01317,0.002305,0.002406,0.02902,0.01286,5.714E-4,0.01264,8.663E-4,0.0111,0.001025,1
1521490934744,true,1656.403,0,0.04922,0.02082,0.01449,0.001472,0.01478,0.002072,0.0132,0.002307,0.002497,0.02927,0.01286,5.761E-4,0.01267,8.617E-4,0.01108,0.001034,1
1521490934781,true,1656.46,0,0.04969,0.0202,0.01448,0.001477,0.0148,0.002072,0.01317,0.002311,0.003224,0.02877,0.01284,5.809E-4,0.01269,8.525E-4,0.01107,0.001039,1
1521490934815,true,1656.518,0,0.05093,0.02026,0.01445,0.001479,0.01482,0.002073,0.01314,0.00231,0.004298,0.02787,0.01285,5.827E-4,0.01269,8.469E-4,0.01109,0.001037,1
1521490934851,true,1656.575,0,0.05176,0.02069,0.01443,0.001478,0.01483,0.002077,0.01315,0.002307,0.004117,0.02786,0.01287,5.778E-4,0.01266,8.557E-4,0.0111,0.001028,1
1521490935009,true,1656.644,0,0.05173,0.02123,0.01445,0.001475,0.01479,0.002083,0.01316,0.00231,0.003008,0.02872,0.01289,5.665E-4,0.01265,8.6E-4,0.0111,0.00102,1
1521490935045,true,1656.702,0,0.05043,0.02126,0.01448,0.001478,0.01476,0.00208,0.01316,0.002312,0.00231,0.0295,0.0129,5.656E-4,0.01267,8.584E-4,0.01106,0.001028,1
1521490935080,true,1656.759,0,0.04971,0.02073,0.01451,0.001481,0.01477,0.002075,0.01316,0.002316,0.002285,0.0298,0.01289,5.724E-4,0.0127,8.467E-4,0.01104,0.001037,1
1521490935114,true,1656.817,0,0.05048,0.02037,0.0145,0.001489,0.01482,0.002077,0.01314,0.002315,0.003004,0.02918,0.01288,5.802E-4,0.01275,8.344E-4,0.01106,0.001036,1
1521490935150,true,1656.874,0,0.05114,0.02068,0.01447,0.001491,0.01485,0.002081,0.01315,0.002307,0.003685,0.02854,0.0129,5.807E-4,0.01274,8.394E-4,0.0111,0.001032,1
1521490935310,true,1656.945,0,0.05162,0.02089,0.01447,0.001489,0.01486,0.002085,0.01318,0.002304,0.003172,0.02878,0.01295,5.723E-4,0.01273,8.495E-4,0.01114,0.001017,1
1521490935345,true,1657.003,0,0.05068,0.02124,0.01451,0.001487,0.01483,0.002089,0.01321,0.002306,0.002366,0.02931,0.01298,5.618E-4,0.01274,8.532E-4,0.01116,0.001012,1
1521490935380,true,1657.06,0,0.04928,0.0209,0.01453,0.001495,0.01483,0.002083,0.01323,0.002308,0.00229,0.02963,0.01299,5.619E-4,0.01277,8.492E-4,0.01115,0.001021,1
1521490935415,true,1657.118,0,0.0494,0.02017,0.01454,0.0015,0.01484,0.00208,0.01323,0.002309,0.002967,0.02924,0.01297,5.695E-4,0.0128,8.394E-4,0.01113,0.001029,1
1521490935450,true,1657.175,0,0.05057,0.02015,0.0145,0.001509,0.01487,0.002082,0.0132,0.002309,0.004059,0.02836,0.01297,5.741E-4,0.01281,8.298E-4,0.01114,0.001029,1
1521490935584,true,1657.219,0,0.05161,0.02051,0.01446,0.00151,0.01488,0.002085,0.0132,0.002301,0.004353,0.02804,0.01298,5.715E-4,0.01279,8.348E-4,0.01115,0.001026,1
1521490935619,true,1657.277,0,0.05211,0.02101,0.01448,0.001503,0.01486,0.00209,0.01322,0.002299,0.00333,0.02876,0.01301,5.606E-4,0.01277,8.402E-4,0.01116,0.001017,1
1521490935654,true,1657.334,0,0.05113,0.02115,0.0145,0.001507,0.01481,0.00209,0.01323,0.002299,0.002517,0.02947,0.01302,5.518E-4,0.01277,8.388E-4,0.01113,0.001022,1
1521490935689,true,1657.392,0,0.05011,0.02067,0.01452,0.00151,0.01481,0.002081,0.01322,0.002301,0.002238,0.03,0.01298,5.586E-4,0.01279,8.31E-4,0.01107,0.001031,1
1521490935724,true,1657.449,0,0.05055,0.02014,0.01449,0.001522,0.01483,0.002079,0.01318,0.002299,0.002811,0.02952,0.01295,5.67E-4,0.0128,8.184E-4,0.01105,0.001036,1
1521490935885,true,1657.52,0,0.05135,0.02035,0.01443,0.00153,0.01484,0.002084,0.01315,0.002294,0.003618,0.02876,0.01293,5.727E-4,0.01278,8.185E-4,0.01106,0.001031,1
1521490935920,true,1657.578,0,0.05196,0.02063,0.01441,0.001531,0.01485,0.002091,0.01317,0.002289,0.003318,0.02881,0.01294,5.722E-4,0.01276,8.287E-4,0.01108,0.001017,1
1521490935955,true,1657.635,0,0.05143,0.02101,0.01443,0.001532,0.01483,0.002094,0.01319,0.002289,0.002492,0.0293,0.01296,5.646E-4,0.01275,8.346E-4,0.0111,0.001007,1
1521490935990,true,1657.693,0,0.05002,0.02088,0.01444,0.001538,0.01481,0.002087,0.01321,0.002289,0.002142,0.02965,0.01296,5.625E-4,0.01278,8.328E-4,0.01108,0.001015,1
1521490936025,true,1657.75,0,0.04951,0.02028,0.01445,0.001542,0.01483,0.002081,0.01321,0.002291,0.002632,0.02945,0.01294,5.706E-4,0.01279,8.272E-4,0.01106,0.001022,1
1521490936160,true,1657.796,0,0.0507,0.01996,0.01441,0.001551,0.01485,0.002085,0.01318,0.00229,0.003693,0.02855,0.01292,5.753E-4,0.01281,8.206E-4,0.01108,0.001023,1
1521490936195,true,1657.854,0,0.05167,0.02036,0.01437,0.001553,0.01487,0.002086,0.01317,0.002285,0.004416,0.0279,0.01294,5.744E-4,0.01278,8.275E-4,0.0111,0.001017,1
1521490936230,true,1657.911,0,0.05237,0.02082,0.01437,0.001552,0.01486,0.002089,0.01318,0.002286,0.003813,0.02829,0.01296,5.671E-4,0.01275,8.311E-4,0.01111,0.001006,1
1521490936265,true,1657.969,0,0.05147,0.02124,0.01439,0.001553,0.01482,0.002088,0.01318,0.002289,0.002887,0.02902,0.01298,5.575E-4,0.01275,8.326E-4,0.0111,0.001004,1
1521490936300,true,1658.026,0,0.05035,0.02088,0.0144,0.001557,0.0148,0.002079,0.01318,0.002288,0.002465,0.02966,0.01296,5.579E-4,0.01276,8.293E-4,0.01107,0.001011,1
1521490936460,true,1658.095,0,0.05047,0.0203,0.01439,0.001564,0.01482,0.002075,0.01315,0.002288,0.002902,0.0294,0.01292,5.7E-4,0.01278,8.172E-4,0.01105,0.001014,1
1521490936495,true,1658.153,0,0.05135,0.02028,0.01434,0.001571,0.01483,0.002076,0.01311,0.002283,0.003668,0.02858,0.01289,5.73E-4,0.01276,8.148E-4,0.01105,0.001009,1
1521490936530,true,1658.21,0,0.05187,0.02059,0.01429,0.001571,0.01484,0.002079,0.01311,0.002276,0.003704,0.02831,0.01289,5.727E-4,0.01272,8.244E-4,0.01106,9.964E-4,1
1521490936565,true,1658.268,0,0.05175,0.02097,0.01429,0.001569,0.0148,0.002086,0.01311,0.002278,0.002729,0.02893,0.01288,5.662E-4,0.01268,8.323E-4,0.01106,9.87E-4,1
1521490936600,true,1658.325,0,0.05041,0.02099,0.01429,0.001572,0.01476,0.002085,0.01311,0.002284,0.002229,0.02927,0.01288,5.608E-4,0.01268,8.363E-4,0.01104,9.91E-4,1
1521490936734,true,1658.37,0,0.04939,0.02045,0.0143,0.001572,0.01475,0.002079,0.01309,0.002291,0.002381,0.02935,0.01285,5.693E-4,0.01268,8.353E-4,0.01101,9.987E-4,1
1521490936769,true,1658.428,0,0.05023,0.01997,0.01427,0.001579,0.01476,0.002079,0.01305,0.002294,0.003388,0.0285,0.01283,5.72E-4,0.01269,8.277E-4,0.011,0.001,1
1521490936804,true,1658.485,0,0.05129,0.02028,0.01423,0.001581,0.01477,0.002082,0.01304,0.002288,0.004358,0.02764,0.01283,5.734E-4,0.01268,8.306E-4,0.01101,9.978E-4,1
1521490936839,true,1658.543,0,0.05208,0.02072,0.01421,0.001576,0.01476,0.002085,0.01304,0.002285,0.003913,0.02784,0.01285,5.669E-4,0.01264,8.393E-4,0.01103,9.858E-4,1
1521490936875,true,1658.6,0,0.05154,0.02133,0.01424,0.00157,0.01472,0.002085,0.01304,0.002289,0.002938,0.02862,0.01287,5.573E-4,0.01263,8.395E-4,0.01102,9.836E-4,1
1521490937034,true,1658.67,0,0.05024,0.02121,0.01425,0.001574,0.01469,0.002079,0.01303,0.002295,0.002381,0.02927,0.01286,5.542E-4,0.01264,8.365E-4,0.01098,9.911E-4,1
1521490937069,true,1658.728,0,0.04989,0.02063,0.01426,0.001576,0.01469,0.002077,0.01299,0.002297,0.00253,0.02935,0.01283,5.634E-4,0.01266,8.252E-4,0.01094,9.974E-4,1
1521490937104,true,1658.785,0,0.05092,0.02038,0.01422,0.00158,0.01469,0.002079,0.01294,0.002297,0.003222,0.02867,0.01279,5.718E-4,0.01266,8.166E-4,0.01094,9.957E-4,1
1521490937139,true,1658.843,0,0.05148,0.02068,0.01416,0.00158,0.0147,0.002082,0.01293,0.002293,0.003514,0.02822,0.01278,5.758E-4,0.01263,8.208E-4,0.01094,9.879E-4,1
1521490937174,true,1658.9,0,0.05186,0.02098,0.01415,0.001574,0.01466,0.002092,0.01293,0.002293,0.002709,0.02864,0.01277,5.706E-4,0.01259,8.297E-4,0.01094,9.762E-4,1
1521490937310,true,1658.946,0,0.05066,0.02114,0.01415,0.001574,0.0146,0.002092,0.01292,0.002298,0.002114,0.029,0.01275,5.639E-4,0.01256,8.349E-4,0.01092,9.747E-4,1
1521490937345,true,1659.004,0,0.04943,0.02058,0.01414,0.001576,0.01456,0.00209,0.01289,0.002308,0.002137,0.02918,0.01271,5.675E-4,0.01254,8.352E-4,0.01087,9.837E-4,1
1521490937380,true,1659.061,0,0.04978,0.01997,0.01411,0.001584,0.01457,0.00209,0.01285,0.002314,0.003005,0.02852,0.01266,5.799E-4,0.01255,8.258E-4,0.01085,9.895E-4,1
1521490937415,true,1659.119,0,0.05075,0.02016,0.01405,0.001588,0.01457,0.002095,0.01281,0.002311,0.004019,0.02761,0.01265,5.848E-4,0.01253,8.271E-4,0.01085,9.906E-4,1
1521490937450,true,1659.176,0,0.05145,0.0206,0.01402,0.001587,0.01457,0.002097,0.01281,0.002311,0.004027,0.02748,0.01265,5.829E-4,0.01248,8.358E-4,0.01087,9.802E-4,1
1521490937610,true,1659.245,0,0.05152,0.02113,0.01404,0.001585,0.01452,0.002107,0.01281,0.002313,0.003081,0.02815,0.01267,5.737E-4,0.01247,8.387E-4,0.01087,9.699E-4,1
1521490937645,true,1659.303,0,0.05023,0.02113,0.01406,0.001584,0.01446,0.002108,0.01281,0.002316,0.002443,0.02875,0.01268,5.661E-4,0.01248,8.392E-4,0.01084,9.744E-4,1
1521490937680,true,1659.36,0,0.04955,0.02061,0.01408,0.001582,0.01445,0.002104,0.01278,0.002324,0.002389,0.02906,0.01264,5.73E-4,0.01249,8.322E-4,0.0108,9.798E-4,1
1521490937715,true,1659.418,0,0.05028,0.02023,0.01404,0.00159,0.01446,0.002105,0.01272,0.002329,0.003058,0.02843,0.01261,5.782E-4,0.01251,8.237E-4,0.01079,9.791E-4,1
1521490937750,true,1659.475,0,0.05077,0.02058,0.01399,0.001591,0.01446,0.002108,0.01269,0.002328,0.003637,0.0278,0.0126,5.829E-4,0.01248,8.273E-4,0.0108,9.731E-4,1
1521490937885,true,1659.521,0,0.05112,0.0208,0.01397,0.001584,0.01445,0.002114,0.01269,0.002326,0.002908,0.02812,0.01259,5.817E-4,0.01242,8.367E-4,0.01081,9.61E-4,1
1521490937920,true,1659.579,0,0.05016,0.02113,0.01397,0.001583,0.01439,0.002119,0.01268,0.002332,0.002033,0.02865,0.01258,5.761E-4,0.01239,8.428E-4,0.01078,9.58E-4,1
1521490937955,true,1659.636,0,0.04861,0.0208,0.01397,0.00158,0.01434,0.002118,0.01266,0.002338,0.002037,0.02881,0.01254,5.79E-4,0.01238,8.396E-4,0.01072,9.662E-4,1
1521490937990,true,1659.694,0,0.04847,0.0201,0.01394,0.001586,0.01432,0.00212,0.01261,0.002345,0.002795,0.02828,0.01249,5.911E-4,0.01237,8.33E-4,0.01067,9.737E-4,1
1521490938025,true,1659.751,0,0.04961,0.01993,0.01388,0.001595,0.01432,0.002124,0.01256,0.002346,0.003858,0.02729,0.01246,5.95E-4,0.01235,8.31E-4,0.01066,9.767E-4,1
1521490938184,true,1659.82,0,0.05045,0.0203,0.01383,0.001594,0.01431,0.002129,0.01255,0.002343,0.004273,0.02681,0.01246,5.953E-4,0.01231,8.412E-4,0.01067,9.705E-4,1
1521490938219,true,1659.878,0,0.05099,0.02073,0.01383,0.001591,0.01427,0.002141,0.01255,0.002344,0.003443,0.02734,0.01247,5.864E-4,0.01226,8.509E-4,0.01067,9.641E-4,1
1521490938255,true,1659.935,0,0.04988,0.02096,0.01384,0.001593,0.01421,0.002141,0.01256,0.002346,0.002778,0.02792,0.01249,5.774E-4,0.01225,8.545E-4,0.01064,9.677E-4,1
1521490938290,true,1659.993,0,0.04883,0.02046,0.01386,0.001595,0.0142,0.002137,0.01254,0.00235,0.002539,0.02843,0.01246,5.834E-4,0.01226,8.463E-4,0.01059,9.82E-4,1
1521490938325,true,1660.05,0,0.04928,0.02002,0.01384,0.001604,0.01421,0.002136,0.0125,0.002351,0.003045,0.02807,0.01243,5.933E-4,0.01227,8.354E-4,0.01056,9.91E-4,1
1521490938460,true,1660.096,0,0.05001,0.02025,0.01379,0.00161,0.01421,0.002139,0.01247,0.002349,0.003817,0.02728,0.01242,5.992E-4,0.01226,8.322E-4,0.01057,9.891E-4,1
1521490938495,true,1660.154,0,0.05052,0.02058,0.01376,0.001607,0.01421,0.002144,0.01247,0.002344,0.003405,0.02735,0.01242,5.986E-4,0.01223,8.418E-4,0.01058,9.792E-4,1
1521490938530,true,1660.211,0,0.04993,0.02094,0.01378,0.001605,0.01418,0.002145,0.01247,0.002349,0.002426,0.02794,0.01243,5.878E-4,0.01219,8.522E-4,0.01057,9.722E-4,1
1521490938565,true,1660.269,0,0.04858,0.0207,0.01377,0.001607,0.01413,0.002141,0.01246,0.002354,0.002044,0.02825,0.0124,5.861E-4,0.01218,8.535E-4,0.01053,9.794E-4,1
1521490938600,true,1660.326,0,0.04795,0.02003,0.01376,0.001609,0.01413,0.002132,0.01242,0.00236,0.002343,0.02812,0.01235,5.959E-4,0.01216,8.498E-4,0.01049,9.88E-4,1
1521490938760,true,1660.397,0,0.04888,0.01969,0.01371,0.001617,0.01413,0.002134,0.01237,0.002359,0.003379,0.0272,0.01231,6.015E-4,0.01215,8.454E-4,0.01045,9.952E-4,1
1521490938795,true,1660.455,0,0.04973,0.02003,0.01364,0.001623,0.01411,0.002139,0.01235,0.002355,0.004042,0.02651,0.01229,6.077E-4,0.01209,8.557E-4,0.01044,9.939E-4,1
1521490938830,true,1660.512,0,0.05054,0.02042,0.01363,0.001619,0.01409,0.002149,0.01236,0.002353,0.00349,0.02678,0.0123,6.036E-4,0.01204,8.693E-4,0.01044,9.87E-4,1
1521490938865,true,1660.57,0,0.04963,0.02093,0.01364,0.00162,0.01403,0.002151,0.01236,0.002356,0.002643,0.02742,0.01231,5.928E-4,0.01204,8.742E-4,0.01043,9.88E-4,1
1521490938900,true,1660.627,0,0.04861,0.02058,0.01366,0.00162,0.01401,0.002146,0.01237,0.002356,0.002286,0.02802,0.01231,5.933E-4,0.01205,8.684E-4,0.01038,0.001002,1
1521490939060,true,1660.696,0,0.0488,0.02003,0.01366,0.001628,0.01403,0.002143,0.01233,0.002362,0.002594,0.02786,0.01228,6.027E-4,0.01207,8.609E-4,0.01036,0.001008,1
1521490939095,true,1660.754,0,0.04982,0.02009,0.01362,0.001634,0.01404,0.002147,0.0123,0.00236,0.003377,0.02714,0.01226,6.12E-4,0.01208,8.557E-4,0.01038,0.001006,1
1521490939130,true,1660.811,0,0.0503,0.02047,0.0136,0.001633,0.01406,0.002145,0.0123,0.002356,0.003307,0.02696,0.01228,6.117E-4,0.01205,8.629E-4,0.0104,9.981E-4,1
1521490939165,true,1660.869,0,0.05046,0.02074,0.01361,0.00163,0.01404,0.002149,0.0123,0.002358,0.002338,0.02756,0.01229,6.05E-4,0.01203,8.72E-4,0.01041,9.91E-4,1
1521490939200,true,1660.926,0,0.04911,0.02073,0.01362,0.001633,0.014,0.002149,0.01232,0.002356,0.001737,0.02806,0.0123,6.001E-4,0.01203,8.747E-4,0.01038,9.977E-4,1
1521490939335,true,1660.972,0,0.04812,0.02016,0.01363,0.001637,0.014,0.002142,0.01232,0.002359,0.001872,0.02819,0.01226,6.07E-4,0.01203,8.695E-4,0.01034,0.00101,1
1521490939370,true,1661.03,0,0.04877,0.01968,0.0136,0.001644,0.01401,0.002144,0.01228,0.00236,0.002812,0.02749,0.01222,6.166E-4,0.01204,8.609E-4,0.01032,0.001014,1
1521490939405,true,1661.087,0,0.04977,0.01993,0.01354,0.001647,0.01401,0.002144,0.01226,0.002355,0.003856,0.02658,0.0122,6.199E-4,0.012,8.646E-4,0.01032,0.00101,1
1521490939440,true,1661.145,0,0.05084,0.02024,0.01351,0.001647,0.014,0.002151,0.01226,0.002356,0.003579,0.0267,0.0122,6.212E-4,0.01196,8.808E-4,0.01033,0.001002,1
1521490939475,true,1661.202,0,0.05043,0.02084,0.01352,0.001647,0.01396,0.002156,0.01228,0.002356,0.002703,0.02739,0.01221,6.154E-4,0.01196,8.828E-4,0.01032,0.001001,1
1521490939634,true,1661.27,0,0.04915,0.02078,0.01355,0.00165,0.01393,0.002152,0.01229,0.002358,0.002197,0.02806,0.01221,6.115E-4,0.01198,8.841E-4,0.01029,0.001011,1
1521490939669,true,1661.328,0,0.04908,0.02022,0.01358,0.001649,0.01394,0.002152,0.01228,0.002361,0.002365,0.02821,0.01219,6.187E-4,0.012,8.756E-4,0.01028,0.001019,1
1521490939704,true,1661.385,0,0.05002,0.02013,0.01356,0.001656,0.01396,0.002154,0.01225,0.00236,0.003157,0.02753,0.01217,6.28E-4,0.01202,8.663E-4,0.01029,0.001021,1
1521490939739,true,1661.443,0,0.05067,0.02054,0.01354,0.001654,0.01398,0.002159,0.01225,0.002357,0.003346,0.02722,0.01219,6.32E-4,0.01201,8.708E-4,0.01032,0.001014,1
1521490939774,true,1661.5,0,0.05094,0.02091,0.01356,0.00165,0.01397,0.002167,0.01226,0.002358,0.002522,0.02773,0.01222,6.267E-4,0.01199,8.802E-4,0.01035,0.001005,1
1521490939909,true,1661.546,0,0.04981,0.02111,0.01359,0.001652,0.01395,0.002167,0.01229,0.002358,0.001754,0.02833,0.01224,6.21E-4,0.012,8.837E-4,0.01036,0.001004,1
1521490939944,true,1661.604,0,0.04867,0.0206,0.01361,0.001653,0.01395,0.002163,0.0123,0.002362,0.001743,0.02863,0.01222,6.271E-4,0.01202,8.792E-4,0.01033,0.001015,1
1521490939979,true,1661.661,0,0.04902,0.01993,0.01361,0.00166,0.01398,0.002162,0.01228,0.002368,0.002483,0.02809,0.01218,6.363E-4,0.01203,8.758E-4,0.01033,0.001019,1
1521490940014,true,1661.719,0,0.05022,0.01992,0.01356,0.001666,0.01399,0.002165,0.01226,0.002365,0.003634,0.02711,0.01217,6.423E-4,0.01202,8.763E-4,0.01033,0.001022,1
1521490940049,true,1661.776,0,0.05095,0.02033,0.01353,0.001663,0.01399,0.00217,0.01228,0.00236,0.003777,0.02687,0.01218,6.413E-4,0.01198,8.863E-4,0.01034,0.001017,1
1521490940184,true,1661.82,0,0.05106,0.02082,0.01355,0.001662,0.01396,0.002178,0.01229,0.002365,0.002901,0.02753,0.01219,6.359E-4,0.01196,8.946E-4,0.01034,0.001009,1
1521490940219,true,1661.878,0,0.0498,0.02092,0.01359,0.001662,0.01392,0.002179,0.0123,0.002369,0.002466,0.02808,0.0122,6.339E-4,0.01198,8.95E-4,0.01032,0.001019,1
1521490940254,true,1661.935,0,0.04915,0.0205,0.01362,0.001662,0.01394,0.002176,0.0123,0.002374,0.002544,0.02837,0.01219,6.432E-4,0.012,8.893E-4,0.01029,0.001027,1
1521490940289,true,1661.993,0,0.05009,0.0202,0.01362,0.001668,0.01398,0.002174,0.01229,0.002374,0.003255,0.02784,0.01217,6.55E-4,0.01204,8.785E-4,0.01031,0.001027,1
1521490940324,true,1662.05,0,0.05084,0.02057,0.01359,0.001672,0.01401,0.002176,0.01228,0.002369,0.00395,0.0272,0.01219,6.587E-4,0.01204,8.826E-4,0.01034,0.00102,1
1521490940484,true,1662.121,0,0.05142,0.02091,0.01362,0.001666,0.01403,0.002183,0.01231,0.002368,0.003228,0.0277,0.01222,6.58E-4,0.01203,8.909E-4,0.01038,0.00101,1
1521490940519,true,1662.179,0,0.05071,0.02126,0.01367,0.001667,0.014,0.00219,0.01234,0.002369,0.002334,0.02836,0.01225,6.521E-4,0.01204,8.975E-4,0.01041,0.001004,1
1521490940554,true,1662.236,0,0.04927,0.02096,0.0137,0.00167,0.014,0.002185,0.01237,0.00237,0.002056,0.02879,0.01225,6.556E-4,0.01206,8.975E-4,0.0104,0.001013,1
1521490940589,true,1662.294,0,0.04907,0.02031,0.01372,0.001673,0.01403,0.002183,0.01237,0.002374,0.002623,0.02849,0.01223,6.669E-4,0.01208,8.926E-4,0.01039,0.001024,1
1521490940624,true,1662.351,0,0.05009,0.02018,0.01369,0.001682,0.01406,0.002188,0.01236,0.002371,0.00372,0.02756,0.01223,6.713E-4,0.01208,8.917E-4,0.01041,0.001026,1
1521490940784,true,1662.421,0,0.05083,0.02052,0.01367,0.001678,0.01409,0.00219,0.01238,0.002365,0.004094,0.02709,0.01225,6.726E-4,0.01205,8.997E-4,0.01043,0.001022,1
1521490940819,true,1662.479,0,0.05129,0.02096,0.01369,0.001673,0.01407,0.002196,0.0124,0.002367,0.003324,0.02756,0.01227,6.634E-4,0.01202,9.103E-4,0.01043,0.001017,1
1521490940854,true,1662.536,0,0.05029,0.02118,0.01373,0.001673,0.01403,0.002196,0.01242,0.00237,0.002568,0.02818,0.01229,6.558E-4,0.01202,9.15E-4,0.01041,0.001023,1
1521490940889,true,1662.594,0,0.04943,0.02078,0.01376,0.001676,0.01404,0.002193,0.01242,0.002376,0.002532,0.02858,0.01228,6.652E-4,0.01204,9.121E-4,0.01037,0.001037,1
1521490940924,true,1662.651,0,0.05006,0.02034,0.01376,0.001684,0.01407,0.002193,0.01241,0.002377,0.003082,0.0282,0.01227,6.722E-4,0.01207,9.02E-4,0.01038,0.001045,1
1521490941059,true,1662.696,0,0.05108,0.02057,0.01374,0.001691,0.01411,0.002194,0.0124,0.002373,0.003873,0.02754,0.01229,6.766E-4,0.01208,9.013E-4,0.01041,0.001042,1
1521490941094,true,1662.754,0,0.05176,0.02089,0.01375,0.001685,0.01414,0.002198,0.01244,0.002364,0.003511,0.02769,0.01231,6.8E-4,0.01206,9.165E-4,0.01045,0.001034,1
1521490941129,true,1662.811,0,0.05145,0.0213,0.0138,0.001681,0.01413,0.002204,0.01249,0.002365,0.002481,0.02839,0.01236,6.728E-4,0.01205,9.239E-4,0.01048,0.001025,1
1521490941164,true,1662.869,0,0.04992,0.02116,0.01383,0.001685,0.01413,0.002199,0.01252,0.002366,0.002093,0.02881,0.01237,6.739E-4,0.01209,9.258E-4,0.01048,0.001032,1
1521490941199,true,1662.926,0,0.04917,0.02057,0.01385,0.001687,0.01416,0.002194,0.01253,0.002372,0.00254,0.02869,0.01235,6.84E-4,0.01211,9.221E-4,0.01047,0.00104,1
1521490941359,true,1662.996,0,0.04986,0.02025,0.01384,0.001692,0.01421,0.002191,0.01252,0.002371,0.003511,0.02785,0.01235,6.922E-4,0.01213,9.173E-4,0.0105,0.001043,1
1521490941394,true,1663.054,0,0.05069,0.02059,0.01381,0.001692,0.01425,0.00219,0.01254,0.002365,0.004201,0.02715,0.01237,6.917E-4,0.01213,9.206E-4,0.01053,0.00104,1
1521490941429,true,1663.111,0,0.05146,0.02092,0.01381,0.001689,0.01426,0.002191,0.01258,0.002363,0.003665,0.02744,0.01239,6.853E-4,0.0121,9.315E-4,0.01054,0.001038,1
1521490941464,true,1663.169,0,0.0507,0.02136,0.01384,0.001686,0.01423,0.002189,0.0126,0.002366,0.002921,0.028,0.01241,6.732E-4,0.01211,9.352E-4,0.01053,0.001042,1
1521490941499,true,1663.226,0,0.04962,0.02103,0.01386,0.001688,0.01423,0.002182,0.01261,0.002366,0.00286,0.02845,0.01241,6.757E-4,0.01212,9.324E-4,0.01049,0.001056,1
1521490941634,true,1663.271,0,0.04977,0.02055,0.01387,0.001693,0.01425,0.002178,0.01259,0.002369,0.003284,0.02822,0.01239,6.841E-4,0.01214,9.239E-4,0.01046,0.001069,1
1521490941669,true,1663.329,0,0.05081,0.0206,0.01384,0.0017,0.01429,0.002179,0.01258,0.002364,0.004168,0.02746,0.01238,6.884E-4,0.01215,9.215E-4,0.01048,0.001071,1
1521490941704,true,1663.386,0,0.05144,0.02105,0.01383,0.001699,0.01433,0.002178,0.01261,0.002355,0.004107,0.0274,0.01241,6.891E-4,0.01214,9.31E-4,0.01051,0.001065,1
1521490941739,true,1663.444,0,0.05151,0.02138,0.01387,0.001696,0.01433,0.002186,0.01265,0.002355,0.003038,0.0281,0.01244,6.845E-4,0.01214,9.418E-4,0.01055,0.001056,1
1521490941775,true,1663.501,0,0.05015,0.02142,0.01391,0.001697,0.01432,0.002181,0.01268,0.002354,0.002332,0.02873,0.01246,6.786E-4,0.01215,9.464E-4,0.01056,0.001057,1
1521490941934,true,1663.571,0,0.0491,0.02085,0.01395,0.001696,0.01435,0.002175,0.0127,0.002358,0.002386,0.02893,0.01245,6.862E-4,0.01219,9.414E-4,0.01054,0.00107,1
1521490941969,true,1663.629,0,0.04952,0.02041,0.01394,0.001701,0.01439,0.002174,0.01271,0.002355,0.003258,0.02827,0.01243,6.983E-4,0.01222,9.337E-4,0.01056,0.001078,1
1521490942004,true,1663.686,0,0.05042,0.02057,0.01391,0.001702,0.01443,0.002173,0.01272,0.002348,0.004153,0.02743,0.01244,7.035E-4,0.01222,9.403E-4,0.01058,0.00108,1
1521490942039,true,1663.744,0,0.05107,0.02096,0.01391,0.001698,0.01445,0.002174,0.01276,0.002343,0.003958,0.02748,0.01247,7.0E-4,0.01219,9.52E-4,0.0106,0.001077,1
1521490942074,true,1663.801,0,0.05068,0.02144,0.01393,0.001696,0.01443,0.002173,0.0128,0.002341,0.003198,0.02801,0.0125,6.888E-4,0.01219,9.559E-4,0.01061,0.001076,1
1521490942210,true,1663.847,0,0.04943,0.0213,0.01396,0.001694,0.01441,0.002165,0.01283,0.002339,0.002979,0.02847,0.01249,6.892E-4,0.01221,9.54E-4,0.01057,0.00109,1
1521490942245,true,1663.905,0,0.04914,0.02078,0.01397,0.001694,0.01443,0.002157,0.01282,0.00234,0.003396,0.02841,0.01246,6.983E-4,0.01223,9.444E-4,0.01054,0.001103,1
1521490942280,true,1663.962,0,0.05017,0.02065,0.01395,0.001698,0.01445,0.002159,0.01278,0.00234,0.004191,0.02776,0.01243,7.063E-4,0.01223,9.375E-4,0.01053,0.001109,1
1521490942315,true,1664.02,0,0.05092,0.02104,0.01392,0.0017,0.01447,0.002161,0.01279,0.002332,0.004529,0.0274,0.01244,7.107E-4,0.01222,9.429E-4,0.01054,0.001108,1
1521490942350,true,1664.077,0,0.05138,0.02142,0.01394,0.001696,0.01446,0.002169,0.01283,0.002329,0.003625,0.02799,0.01245,7.095E-4,0.0122,9.521E-4,0.01057,0.001099,1
1521490942509,true,1664.146,0,0.05021,0.02168,0.01398,0.001694,0.01445,0.002167,0.01285,0.00233,0.002733,0.02867,0.01247,7.052E-4,0.01222,9.582E-4,0.01058,0.0011,1
1521490942544,true,1664.204,0,0.04909,0.02119,0.014,0.001695,0.01446,0.002158,0.01287,0.002333,0.002705,0.02903,0.01245,7.116E-4,0.01224,9.567E-4,0.01056,0.001108,1
1521490942579,true,1664.261,0,0.04942,0.02054,0.014,0.001703,0.0145,0.002157,0.01287,0.002333,0.003364,0.02857,0.01242,7.219E-4,0.01227,9.488E-4,0.01058,0.001114,1
1521490942614,true,1664.319,0,0.05044,0.02056,0.01396,0.001706,0.01453,0.00216,0.01287,0.00233,0.004432,0.02769,0.01243,7.251E-4,0.01228,9.513E-4,0.0106,0.001116,1
1521490942649,true,1664.376,0,0.0512,0.02084,0.01394,0.001705,0.01455,0.002164,0.0129,0.002323,0.004471,0.02753,0.01244,7.242E-4,0.01225,9.625E-4,0.01063,0.001113,1
1521490942810,true,1664.447,0,0.05135,0.02136,0.01396,0.001701,0.01453,0.002169,0.01293,0.00232,0.00373,0.02802,0.01246,7.158E-4,0.01223,9.713E-4,0.01065,0.001107,1
1521490942845,true,1664.505,0,0.05028,0.02141,0.01398,0.001704,0.0145,0.002162,0.01294,0.002323,0.003343,0.02853,0.01246,7.103E-4,0.01223,9.769E-4,0.01062,0.001116,1
1521490942880,true,1664.562,0,0.04966,0.02092,0.014,0.001703,0.0145,0.002153,0.01294,0.002326,0.003408,0.0288,0.01243,7.138E-4,0.01225,9.683E-4,0.01058,0.001129,1
1521490942915,true,1664.62,0,0.05066,0.0206,0.01397,0.001709,0.01452,0.002152,0.01291,0.002328,0.00413,0.02821,0.0124,7.225E-4,0.01226,9.567E-4,0.01057,0.001136,1
1521490942950,true,1664.677,0,0.0514,0.02101,0.01393,0.001712,0.01454,0.002152,0.01289,0.002321,0.004642,0.02769,0.01239,7.286E-4,0.01224,9.611E-4,0.01057,0.001137,1
1521490943084,true,1664.721,0,0.05197,0.02139,0.01393,0.001709,0.01454,0.002158,0.01291,0.002317,0.004043,0.02808,0.0124,7.284E-4,0.01221,9.684E-4,0.0106,0.001127,1
1521490943119,true,1664.779,0,0.05131,0.02177,0.01397,0.001703,0.01452,0.00216,0.01293,0.002318,0.003095,0.02874,0.01243,7.188E-4,0.01221,9.732E-4,0.01061,0.001123,1
1521490943154,true,1664.836,0,0.05001,0.02147,0.01401,0.001701,0.0145,0.002159,0.01294,0.002322,0.002745,0.02922,0.01242,7.232E-4,0.01223,9.732E-4,0.01059,0.00113,1
1521490943189,true,1664.894,0,0.04989,0.02083,0.01401,0.001704,0.01453,0.002156,0.01293,0.002326,0.003239,0.02897,0.01238,7.364E-4,0.01225,9.664E-4,0.01059,0.001136,1
1521490943225,true,1664.951,0,0.05089,0.02066,0.01398,0.001707,0.01456,0.002158,0.01291,0.002323,0.004234,0.0281,0.01237,7.433E-4,0.01226,9.629E-4,0.01061,0.001138,1
1521490943385,true,1665.022,0,0.05154,0.02097,0.01395,0.001705,0.01459,0.002159,0.01293,0.002317,0.004512,0.0277,0.01239,7.404E-4,0.01223,9.729E-4,0.01063,0.001137,1
1521490943420,true,1665.08,0,0.05196,0.0214,0.01397,0.001698,0.01457,0.002165,0.01295,0.002318,0.003829,0.02815,0.0124,7.358E-4,0.0122,9.845E-4,0.01065,0.001132,1
1521490943455,true,1665.137,0,0.05106,0.02158,0.014,0.001696,0.01455,0.002163,0.01296,0.00232,0.003344,0.02863,0.01242,7.249E-4,0.0122,9.924E-4,0.01064,0.001139,1
1521490943490,true,1665.195,0,0.05032,0.0211,0.01403,0.001692,0.01455,0.00215,0.01297,0.002322,0.003313,0.029,0.0124,7.268E-4,0.01221,9.892E-4,0.01059,0.001151,1
1521490943525,true,1665.252,0,0.05096,0.02063,0.01403,0.001696,0.01457,0.002145,0.01293,0.002326,0.003876,0.02862,0.01238,7.304E-4,0.01222,9.803E-4,0.01057,0.001158,1
