1521490793607,true,1515.211,0,0.03983,0.01541,0.0127,0.001267,0.01309,0.00178,0.01141,0.001949,0.004545,0.02238,0.0112,4.446E-4,0.01105,6.455E-4,0.009006,9.223E-4,0
1521490793642,true,1515.269,0,0.04036,0.01575,0.01266,0.001269,0.01309,0.001787,0.0114,0.001947,0.004143,0.02249,0.0112,4.43E-4,0.01101,6.559E-4,0.00901,9.118E-4,0
1521490793677,true,1515.326,0,0.03986,0.01614,0.01267,0.001267,0.01306,0.001792,0.01142,0.001946,0.003121,0.0231,0.01121,4.39E-4,0.011,6.591E-4,0.009017,9.064E-4,0
1521490793712,true,1515.384,0,0.03851,0.01604,0.01269,0.001268,0.01303,0.00179,0.01143,0.001948,0.002739,0.02345,0.01121,4.382E-4,0.01102,6.583E-4,0.009,9.122E-4,0
1521490793748,true,1515.441,0,0.03781,0.01546,0.0127,0.001269,0.01304,0.001786,0.01141,0.001954,0.0031,0.02334,0.01117,4.483E-4,0.01103,6.539E-4,0.008971,9.224E-4,0
1521490793883,true,1515.486,0,0.03875,0.0151,0.01266,0.001275,0.01306,0.001787,0.01139,0.001953,0.004082,0.0225,0.01115,4.555E-4,0.01103,6.497E-4,0.008978,9.251E-4,0
1521490793917,true,1515.544,0,0.03946,0.01542,0.01261,0.001275,0.01307,0.001789,0.01138,0.001949,0.00493,0.02171,0.01115,4.568E-4,0.01101,6.564E-4,0.008983,9.248E-4,0
1521490793952,true,1515.601,0,0.04027,0.01573,0.01261,0.001269,0.01306,0.001795,0.0114,0.001948,0.004583,0.02184,0.01118,4.46E-4,0.01098,6.673E-4,0.009004,9.18E-4,0
1521490793987,true,1515.659,0,0.03937,0.01617,0.01264,0.001263,0.01301,0.001798,0.01142,0.001948,0.003935,0.02236,0.01121,4.333E-4,0.01097,6.709E-4,0.009,9.154E-4,0
1521490794023,true,1515.716,0,0.03818,0.01587,0.01266,0.001261,0.01298,0.001793,0.01141,0.001951,0.003671,0.02287,0.0112,4.308E-4,0.01099,6.647E-4,0.008958,9.265E-4,0
1521490794182,true,1515.786,0,0.03836,0.0153,0.01265,0.001267,0.01299,0.00179,0.01136,0.001958,0.003966,0.02275,0.01117,4.348E-4,0.01102,6.508E-4,0.008935,9.328E-4,0
1521490794218,true,1515.844,0,0.03944,0.01529,0.0126,0.001272,0.013,0.001794,0.01132,0.001955,0.00484,0.02195,0.01116,4.363E-4,0.01102,6.42E-4,0.008944,9.302E-4,0
1521490794253,true,1515.901,0,0.03986,0.0156,0.01255,0.001274,0.013,0.001797,0.01131,0.001952,0.004873,0.02177,0.01116,4.365E-4,0.01098,6.522E-4,0.00895,9.233E-4,0
1521490794288,true,1515.959,0,0.03992,0.01595,0.01256,0.001273,0.01298,0.001804,0.01132,0.001954,0.003807,0.02246,0.01118,4.291E-4,0.01096,6.59E-4,0.008959,9.15E-4,0
1521490794323,true,1516.016,0,0.03862,0.01594,0.01259,0.001272,0.01294,0.001802,0.01134,0.001957,0.003202,0.02291,0.01118,4.251E-4,0.01098,6.605E-4,0.008947,9.176E-4,0
1521490794483,true,1516.087,0,0.03755,0.01537,0.01261,0.001275,0.01295,0.001795,0.01133,0.001964,0.003311,0.02312,0.01116,4.29E-4,0.011,6.552E-4,0.008922,9.283E-4,0
1521490794518,true,1516.145,0,0.03801,0.01491,0.01258,0.001281,0.01298,0.001793,0.0113,0.001966,0.004173,0.02242,0.01113,4.384E-4,0.01102,6.452E-4,0.008928,9.3E-4,0
1521490794553,true,1516.202,0,0.03886,0.01511,0.01254,0.001284,0.013,0.001795,0.0113,0.00196,0.005164,0.02155,0.01113,4.414E-4,0.01101,6.466E-4,0.008953,9.253E-4,0
1521490794588,true,1516.26,0,0.03937,0.01551,0.01252,0.00128,0.01301,0.001799,0.01132,0.001958,0.005006,0.02155,0.01116,4.348E-4,0.01098,6.563E-4,0.008981,9.179E-4,0
1521490794623,true,1516.317,0,0.03889,0.01604,0.01254,0.001273,0.01297,0.0018,0.01133,0.001962,0.004185,0.02215,0.01118,4.244E-4,0.011,6.548E-4,0.008984,9.141E-4,0
1521490794757,true,1516.361,0,0.03779,0.01588,0.01255,0.001276,0.01295,0.001792,0.01135,0.001962,0.003786,0.0227,0.01118,4.211E-4,0.01101,6.48E-4,0.008948,9.26E-4,0
1521490794792,true,1516.419,0,0.03752,0.01528,0.01257,0.001276,0.01296,0.001787,0.01133,0.001963,0.00412,0.02269,0.01116,4.281E-4,0.01104,6.369E-4,0.008921,9.345E-4,0
1521490794827,true,1516.476,0,0.03859,0.01503,0.01255,0.001277,0.01298,0.001788,0.0113,0.00196,0.004825,0.02204,0.01114,4.35E-4,0.01105,6.272E-4,0.008918,9.376E-4,0
1521490794862,true,1516.534,0,0.03921,0.01534,0.0125,0.001275,0.01299,0.001791,0.01129,0.001955,0.005077,0.02167,0.01114,4.348E-4,0.01102,6.301E-4,0.008933,9.327E-4,0
1521490794897,true,1516.591,0,0.03963,0.0156,0.01251,0.00127,0.01298,0.001797,0.0113,0.001954,0.004189,0.02217,0.01116,4.271E-4,0.01101,6.347E-4,0.008959,9.2E-4,0
1521490795057,true,1516.662,0,0.03846,0.01578,0.01253,0.001269,0.01294,0.001798,0.01132,0.001956,0.003444,0.0227,0.01119,4.169E-4,0.01102,6.381E-4,0.008957,9.197E-4,0
1521490795093,true,1516.72,0,0.03718,0.01524,0.01255,0.001268,0.01293,0.001793,0.01134,0.001959,0.003312,0.02299,0.01118,4.185E-4,0.01105,6.335E-4,0.008932,9.305E-4,0
1521490795128,true,1516.777,0,0.03745,0.0146,0.01255,0.001272,0.01297,0.00179,0.01131,0.001964,0.004038,0.02239,0.01115,4.294E-4,0.01107,6.242E-4,0.008935,9.364E-4,0
1521490795163,true,1516.835,0,0.03842,0.01465,0.01252,0.001271,0.01299,0.001792,0.01131,0.001959,0.005118,0.02143,0.01116,4.322E-4,0.01108,6.206E-4,0.008957,9.367E-4,0
1521490795198,true,1516.892,0,0.03922,0.01499,0.01249,0.001268,0.013,0.001795,0.01132,0.001955,0.005195,0.02121,0.01118,4.297E-4,0.01105,6.3E-4,0.008988,9.301E-4,0
1521490795333,true,1516.936,0,0.0393,0.01542,0.01252,0.001259,0.01297,0.001801,0.01135,0.001954,0.004337,0.02182,0.01121,4.193E-4,0.01104,6.361E-4,0.009009,9.234E-4,0
1521490795368,true,1516.994,0,0.03806,0.01553,0.01254,0.001258,0.01294,0.001796,0.01137,0.001955,0.003923,0.0223,0.01122,4.129E-4,0.01106,6.348E-4,0.008992,9.319E-4,0
1521490795403,true,1517.051,0,0.03745,0.01504,0.01257,0.001255,0.01296,0.001789,0.01136,0.001958,0.0039,0.02258,0.0112,4.191E-4,0.01109,6.226E-4,0.008957,9.447E-4,0
1521490795438,true,1517.109,0,0.03827,0.0147,0.01255,0.001258,0.01298,0.001787,0.01132,0.001959,0.004531,0.0221,0.01117,4.265E-4,0.01111,6.095E-4,0.008958,9.464E-4,0
1521490795473,true,1517.166,0,0.03905,0.01499,0.01251,0.001258,0.013,0.00179,0.01131,0.001953,0.00502,0.02159,0.01118,4.252E-4,0.0111,6.115E-4,0.00898,9.425E-4,0
1521490795633,true,1517.237,0,0.03949,0.01534,0.01251,0.001252,0.01299,0.001798,0.01133,0.001952,0.004286,0.02197,0.0112,4.186E-4,0.01106,6.238E-4,0.009006,9.334E-4,0
1521490795668,true,1517.295,0,0.03882,0.01566,0.01255,0.001248,0.01296,0.001801,0.01136,0.00195,0.003414,0.02259,0.01124,4.08E-4,0.01108,6.275E-4,0.009031,9.294E-4,0
1521490795703,true,1517.352,0,0.03758,0.0153,0.01259,0.001247,0.01294,0.001801,0.01139,0.001952,0.003139,0.02293,0.01124,4.095E-4,0.0111,6.265E-4,0.009027,9.373E-4,0
1521490795738,true,1517.41,0,0.03742,0.01465,0.01261,0.001246,0.01297,0.001797,0.01138,0.001958,0.003648,0.0227,0.01124,4.154E-4,0.01113,6.194E-4,0.00903,9.44E-4,0
1521490795773,true,1517.467,0,0.03867,0.01439,0.01259,0.001247,0.013,0.001798,0.01137,0.00196,0.004717,0.02183,0.01124,4.191E-4,0.01115,6.154E-4,0.009065,9.452E-4,0
1521490795907,true,1517.512,0,0.03936,0.01479,0.01256,0.001245,0.01303,0.001799,0.0114,0.001954,0.005083,0.02139,0.01128,4.146E-4,0.01113,6.227E-4,0.009101,9.393E-4,0
1521490795942,true,1517.57,0,0.04017,0.01513,0.01259,0.001235,0.01302,0.001807,0.01143,0.001954,0.004251,0.02197,0.01132,4.03E-4,0.01113,6.295E-4,0.009141,9.316E-4,0
1521490795977,true,1517.627,0,0.0392,0.01543,0.01263,0.001231,0.01299,0.001806,0.01146,0.001955,0.003533,0.02258,0.01135,3.937E-4,0.01115,6.312E-4,0.009151,9.304E-4,0
1521490796012,true,1517.685,0,0.03825,0.01507,0.01267,0.001227,0.01299,0.001799,0.01147,0.001958,0.003427,0.02305,0.01135,3.948E-4,0.01118,6.236E-4,0.009139,9.372E-4,0
1521490796047,true,1517.742,0,0.0388,0.01465,0.01267,0.001228,0.01302,0.001797,0.01145,0.001961,0.003956,0.02269,0.01134,4.004E-4,0.01122,6.132E-4,0.009148,9.408E-4,0
1521490796207,true,1517.812,0,0.03972,0.0149,0.01266,0.001226,0.01306,0.001796,0.01143,0.001955,0.004603,0.02208,0.01135,4.021E-4,0.01123,6.098E-4,0.009169,9.38E-4,0
1521490796242,true,1517.87,0,0.04022,0.01533,0.01265,0.001221,0.01307,0.001802,0.01144,0.001953,0.004172,0.02225,0.01137,3.98E-4,0.0112,6.229E-4,0.009197,9.308E-4,0
1521490796278,true,1517.927,0,0.0399,0.01571,0.01269,0.001217,0.01306,0.001807,0.01148,0.001953,0.003122,0.02296,0.01141,3.883E-4,0.01122,6.274E-4,0.009246,9.232E-4,0
1521490796312,true,1517.985,0,0.03852,0.01559,0.01273,0.001217,0.01305,0.001806,0.01151,0.001956,0.002772,0.02337,0.01144,3.853E-4,0.01125,6.282E-4,0.009254,9.304E-4,0
1521490796348,true,1518.042,0,0.0378,0.01503,0.01277,0.001217,0.01309,0.001798,0.01153,0.001962,0.003126,0.02337,0.01144,3.907E-4,0.01129,6.202E-4,0.009265,9.373E-4,0
1521490796483,true,1518.087,0,0.03849,0.01479,0.01276,0.001221,0.01314,0.001797,0.01152,0.001964,0.004095,0.0226,0.01145,3.953E-4,0.01134,6.099E-4,0.009316,9.371E-4,0
1521490796517,true,1518.145,0,0.03916,0.0152,0.01274,0.00122,0.01317,0.001799,0.01155,0.00196,0.004954,0.02187,0.0115,3.926E-4,0.01135,6.141E-4,0.00937,9.314E-4,0
1521490796553,true,1518.202,0,0.04008,0.01556,0.01278,0.001209,0.01319,0.001805,0.0116,0.001956,0.00455,0.02218,0.01154,3.835E-4,0.01135,6.208E-4,0.009422,9.217E-4,0
1521490796588,true,1518.26,0,0.03949,0.01601,0.01283,0.001204,0.01317,0.001804,0.01164,0.001956,0.003763,0.02284,0.0116,3.706E-4,0.01138,6.236E-4,0.009456,9.186E-4,0
1521490796623,true,1518.317,0,0.03841,0.01576,0.01288,0.001201,0.01318,0.001795,0.01167,0.001957,0.003584,0.02338,0.01162,3.699E-4,0.01141,6.219E-4,0.009455,9.277E-4,0
1521490796783,true,1518.387,0,0.03862,0.01524,0.01292,0.001199,0.01322,0.00179,0.01167,0.001961,0.003972,0.02331,0.01162,3.743E-4,0.01146,6.113E-4,0.009457,9.344E-4,0
1521490796818,true,1518.445,0,0.03993,0.01522,0.01291,0.0012,0.01325,0.001794,0.01166,0.001958,0.004939,0.02256,0.01164,3.747E-4,0.01149,6.044E-4,0.009494,9.315E-4,0
1521490796853,true,1518.502,0,0.04063,0.01562,0.01291,0.001196,0.01328,0.001795,0.01168,0.001956,0.004968,0.02243,0.01168,3.712E-4,0.01148,6.1E-4,0.009538,9.196E-4,0
1521490796888,true,1518.56,0,0.04067,0.01604,0.01295,0.00119,0.01328,0.0018,0.01172,0.001956,0.003997,0.02308,0.01172,3.636E-4,0.01149,6.152E-4,0.009578,9.125E-4,0
1521490796923,true,1518.617,0,0.03926,0.01614,0.013,0.001189,0.01328,0.001798,0.01176,0.001961,0.003523,0.02356,0.01176,3.58E-4,0.01154,6.159E-4,0.009606,9.134E-4,0
1521490797058,true,1518.663,0,0.03824,0.01565,0.01306,0.001189,0.01332,0.00179,0.0118,0.001963,0.003731,0.02374,0.01177,3.646E-4,0.01158,6.097E-4,0.009621,9.207E-4,0
1521490797093,true,1518.721,0,0.03886,0.01517,0.01307,0.001192,0.01338,0.001786,0.01182,0.001965,0.004679,0.02308,0.01178,3.726E-4,0.01163,6.009E-4,0.009657,9.249E-4,0
1521490797128,true,1518.778,0,0.03973,0.01546,0.01307,0.001193,0.01344,0.001787,0.01185,0.00196,0.005748,0.02218,0.01183,3.729E-4,0.01165,6.016E-4,0.009722,9.202E-4,0
1521490797163,true,1518.836,0,0.04057,0.01586,0.01309,0.001186,0.01349,0.001788,0.0119,0.001959,0.005554,0.02226,0.01189,3.63E-4,0.01166,6.13E-4,0.009784,9.126E-4,0
1521490797198,true,1518.893,0,0.04031,0.01645,0.01315,0.001183,0.0135,0.001787,0.01195,0.00196,0.004743,0.02294,0.01196,3.469E-4,0.01169,6.157E-4,0.009829,9.094E-4,0
1521490797332,true,1518.937,0,0.03908,0.01638,0.01322,0.001179,0.0135,0.001781,0.012,0.001961,0.004427,0.02347,0.01201,3.414E-4,0.01175,6.096E-4,0.009837,9.185E-4,0
1521490797368,true,1518.995,0,0.03875,0.01593,0.01328,0.001176,0.01356,0.001772,0.01202,0.001963,0.004652,0.02363,0.01202,3.507E-4,0.0118,5.995E-4,0.009845,9.254E-4,0
1521490797403,true,1519.052,0,0.03985,0.01577,0.01328,0.001181,0.0136,0.001773,0.01203,0.00196,0.005441,0.023,0.01205,3.51E-4,0.01186,5.898E-4,0.009886,9.257E-4,0
1521490797438,true,1519.11,0,0.04054,0.01624,0.01328,0.001178,0.01365,0.001776,0.01205,0.001956,0.005879,0.0226,0.01209,3.496E-4,0.01188,5.896E-4,0.009933,9.189E-4,0
1521490797473,true,1519.167,0,0.04097,0.01656,0.01332,0.001171,0.01367,0.001777,0.01209,0.001955,0.005053,0.02315,0.01213,3.426E-4,0.01188,5.958E-4,0.009985,9.067E-4,0
1521490797633,true,1519.238,0,0.0397,0.01685,0.01336,0.001173,0.01366,0.00178,0.01212,0.001959,0.00429,0.02373,0.01215,3.394E-4,0.0119,5.994E-4,0.009989,9.075E-4,0
1521490797668,true,1519.296,0,0.0384,0.01644,0.0134,0.001175,0.01369,0.001773,0.01216,0.001965,0.004178,0.02408,0.01216,3.463E-4,0.01194,5.99E-4,0.009991,9.164E-4,0
1521490797703,true,1519.353,0,0.03868,0.01586,0.01342,0.001182,0.01375,0.001773,0.01217,0.001969,0.004831,0.02366,0.01216,3.583E-4,0.012,5.923E-4,0.01003,9.184E-4,0
1521490797738,true,1519.411,0,0.03987,0.01588,0.01341,0.001186,0.0138,0.001776,0.01219,0.001968,0.00594,0.02281,0.01219,3.608E-4,0.01202,5.927E-4,0.01009,9.177E-4,0
1521490797773,true,1519.468,0,0.04073,0.01624,0.01342,0.001184,0.01386,0.001776,0.01224,0.001967,0.006149,0.02258,0.01225,3.558E-4,0.01203,6.019E-4,0.01015,9.112E-4,0
1521490797933,true,1519.537,0,0.04099,0.01679,0.01348,0.001178,0.01386,0.001781,0.01229,0.001968,0.005302,0.02331,0.01232,3.429E-4,0.01205,6.068E-4,0.01021,9.037E-4,0
1521490797968,true,1519.595,0,0.03988,0.017,0.01354,0.001179,0.01387,0.001777,0.01234,0.00197,0.004856,0.02393,0.01236,3.386E-4,0.0121,6.056E-4,0.01023,9.101E-4,0
1521490798003,true,1519.652,0,0.03933,0.01661,0.01361,0.001179,0.01392,0.001768,0.01235,0.001977,0.004829,0.02437,0.01238,3.428E-4,0.01217,5.906E-4,0.01025,9.142E-4,0
1521490798038,true,1519.71,0,0.04022,0.01636,0.01362,0.001187,0.01398,0.001769,0.01235,0.001978,0.005411,0.02398,0.0124,3.461E-4,0.01224,5.758E-4,0.0103,9.129E-4,0
1521490798073,true,1519.767,0,0.04122,0.01672,0.01362,0.001186,0.01403,0.001771,0.01237,0.001972,0.006093,0.02343,0.01244,3.453E-4,0.01226,5.739E-4,0.01035,9.042E-4,0
1521490798207,true,1519.812,0,0.04181,0.01705,0.01364,0.00118,0.01406,0.001775,0.01241,0.001972,0.005456,0.02381,0.01248,3.387E-4,0.01226,5.803E-4,0.0104,8.944E-4,0
1521490798242,true,1519.87,0,0.0411,0.01743,0.01368,0.001182,0.01405,0.001781,0.01245,0.001976,0.004478,0.02454,0.01252,3.296E-4,0.01229,5.805E-4,0.01043,8.899E-4,0
1521490798277,true,1519.927,0,0.03976,0.01715,0.01371,0.001183,0.01405,0.001776,0.01248,0.001981,0.004203,0.02501,0.01252,3.333E-4,0.01232,5.796E-4,0.01041,8.992E-4,0
1521490798312,true,1519.985,0,0.03973,0.01646,0.01372,0.001192,0.01407,0.001775,0.01247,0.001989,0.004619,0.02481,0.01249,3.47E-4,0.01235,5.713E-4,0.01041,9.051E-4,0
1521490798347,true,1520.042,0,0.0409,0.01635,0.01369,0.001202,0.01412,0.001779,0.01246,0.001991,0.005636,0.02394,0.01249,3.551E-4,0.01238,5.676E-4,0.01045,9.07E-4,0
1521490798508,true,1520.112,0,0.04181,0.01675,0.01368,0.001198,0.01416,0.001784,0.01249,0.001986,0.006123,0.02356,0.01253,3.54E-4,0.01239,5.726E-4,0.01051,9.005E-4,0
1521490798543,true,1520.17,0,0.04262,0.01709,0.01372,0.001192,0.01416,0.00179,0.01252,0.00199,0.005278,0.0242,0.0126,3.422E-4,0.0124,5.796E-4,0.01057,8.888E-4,0
1521490798578,true,1520.227,0,0.04172,0.01739,0.01377,0.001193,0.01414,0.001791,0.01255,0.001994,0.004556,0.02491,0.01265,3.325E-4,0.01243,5.804E-4,0.01059,8.922E-4,0
1521490798613,true,1520.285,0,0.04107,0.01697,0.01382,0.001195,0.01416,0.001788,0.01258,0.001999,0.004396,0.02549,0.01267,3.316E-4,0.01249,5.689E-4,0.01059,9.037E-4,0
1521490798648,true,1520.342,0,0.04166,0.01654,0.01383,0.001204,0.01421,0.001787,0.01258,0.002001,0.004957,0.02526,0.01269,3.375E-4,0.01255,5.544E-4,0.01062,9.089E-4,0
1521490798783,true,1520.388,0,0.04274,0.01678,0.01381,0.001205,0.01426,0.00179,0.01258,0.001998,0.005726,0.02465,0.01273,3.37E-4,0.01258,5.505E-4,0.01067,9.042E-4,0
1521490798818,true,1520.446,0,0.04353,0.01711,0.01383,0.001201,0.01431,0.001793,0.0126,0.001996,0.005402,0.02479,0.01276,3.343E-4,0.01259,5.55E-4,0.01073,8.876E-4,0
1521490798853,true,1520.503,0,0.04312,0.01757,0.01388,0.001194,0.01429,0.001801,0.01265,0.001996,0.004485,0.02547,0.0128,3.264E-4,0.0126,5.565E-4,0.01078,8.77E-4,0
1521490798888,true,1520.561,0,0.04175,0.01743,0.01391,0.001195,0.01428,0.001796,0.01268,0.001998,0.004023,0.02597,0.01281,3.245E-4,0.01264,5.524E-4,0.01078,8.794E-4,0
1521490798923,true,1520.618,0,0.04106,0.01686,0.01393,0.001198,0.0143,0.001794,0.01267,0.002003,0.004433,0.02592,0.01279,3.328E-4,0.01267,5.434E-4,0.01077,8.872E-4,0
1521490799083,true,1520.687,0,0.04197,0.0165,0.01391,0.001199,0.01432,0.001798,0.01265,0.002005,0.005452,0.0251,0.01278,3.369E-4,0.01268,5.353E-4,0.01078,8.878E-4,0
1521490799118,true,1520.745,0,0.0428,0.0168,0.01386,0.001203,0.01433,0.001807,0.01264,0.002003,0.00628,0.02433,0.01279,3.361E-4,0.01265,5.411E-4,0.0108,8.826E-4,0
1521490799153,true,1520.802,0,0.04372,0.01715,0.01387,0.001197,0.01433,0.001814,0.01266,0.002006,0.005862,0.02462,0.01282,3.271E-4,0.01264,5.476E-4,0.01083,8.757E-4,0
1521490799188,true,1520.86,0,0.0431,0.01764,0.0139,0.001199,0.0143,0.001817,0.01268,0.00201,0.005103,0.02521,0.01286,3.138E-4,0.01266,5.515E-4,0.01085,8.736E-4,0
1521490799223,true,1520.917,0,0.04207,0.01739,0.01394,0.001203,0.0143,0.001812,0.0127,0.002013,0.004857,0.02572,0.01288,3.097E-4,0.01269,5.452E-4,0.01085,8.821E-4,0
1521490799358,true,1520.963,0,0.04247,0.01679,0.01395,0.001207,0.01434,0.001807,0.01269,0.002018,0.005315,0.02558,0.01288,3.15E-4,0.01273,5.32E-4,0.01085,8.866E-4,0
1521490799393,true,1521.021,0,0.04354,0.01684,0.01394,0.001211,0.01438,0.00181,0.01267,0.002017,0.006225,0.02487,0.01289,3.197E-4,0.01277,5.22E-4,0.01089,8.82E-4,0
1521490799428,true,1521.078,0,0.04419,0.01721,0.01392,0.001211,0.01441,0.001813,0.0127,0.00201,0.006222,0.02472,0.01293,3.155E-4,0.01276,5.266E-4,0.01094,8.746E-4,0
1521490799463,true,1521.136,0,0.04438,0.01755,0.01396,0.001207,0.0144,0.001822,0.01272,0.002011,0.005325,0.02528,0.01297,3.052E-4,0.01276,5.29E-4,0.01098,8.615E-4,0
1521490799498,true,1521.193,0,0.04299,0.01764,0.014,0.001205,0.01438,0.001821,0.01276,0.002009,0.004773,0.02576,0.01299,2.974E-4,0.01278,5.302E-4,0.01097,8.633E-4,0
1521490799656,true,1521.261,0,0.042,0.01708,0.01403,0.001204,0.0144,0.001814,0.01276,0.002013,0.004919,0.02587,0.01297,3.025E-4,0.0128,5.256E-4,0.01095,8.712E-4,0
1521490799691,true,1521.319,0,0.0426,0.01657,0.01401,0.001207,0.01442,0.001813,0.01274,0.002013,0.005816,0.02516,0.01294,3.095E-4,0.01283,5.104E-4,0.01095,8.76E-4,0
1521490799726,true,1521.376,0,0.04327,0.0169,0.01395,0.00121,0.01444,0.001817,0.01273,0.002007,0.006794,0.02427,0.01293,3.113E-4,0.01281,5.131E-4,0.01096,8.751E-4,0
1521490799761,true,1521.434,0,0.04399,0.01725,0.01394,0.001204,0.01443,0.001822,0.01274,0.002004,0.00659,0.02425,0.01294,3.048E-4,0.01276,5.265E-4,0.01096,8.669E-4,0
1521490799796,true,1521.491,0,0.04357,0.0178,0.01395,0.001202,0.01438,0.001828,0.01275,0.002008,0.00576,0.02485,0.01295,2.929E-4,0.01274,5.299E-4,0.01096,8.613E-4,0
1521490799957,true,1521.562,0,0.04234,0.01778,0.01398,0.001201,0.01434,0.001826,0.01276,0.002009,0.005342,0.02541,0.01296,2.871E-4,0.01275,5.281E-4,0.01094,8.704E-4,0
1521490799992,true,1521.62,0,0.04207,0.01723,0.01401,0.0012,0.01436,0.001821,0.01275,0.002014,0.005541,0.02549,0.01294,2.926E-4,0.01278,5.182E-4,0.01092,8.76E-4,0
1521490800027,true,1521.677,0,0.04316,0.01702,0.014,0.001203,0.01438,0.001822,0.01273,0.002014,0.006328,0.02484,0.01294,2.948E-4,0.01281,5.08E-4,0.01094,8.759E-4,0
1521490800062,true,1521.735,0,0.04371,0.01746,0.01397,0.001204,0.01442,0.00182,0.01273,0.002008,0.006676,0.02446,0.01296,2.937E-4,0.01281,5.085E-4,0.01097,8.677E-4,0
1521490800097,true,1521.792,0,0.04418,0.01777,0.014,0.001197,0.01442,0.001825,0.01276,0.002008,0.005778,0.02502,0.01299,2.86E-4,0.0128,5.142E-4,0.011,8.557E-4,0
1521490800232,true,1521.838,0,0.04306,0.018,0.01404,0.001195,0.0144,0.001824,0.01279,0.002009,0.005005,0.02558,0.01302,2.745E-4,0.0128,5.192E-4,0.01101,8.499E-4,0
1521490800267,true,1521.896,0,0.04186,0.01755,0.01407,0.001194,0.01439,0.001818,0.01281,0.002011,0.004844,0.02597,0.01301,2.718E-4,0.01282,5.143E-4,0.01099,8.565E-4,0
1521490800302,true,1521.953,0,0.04218,0.01696,0.01407,0.001199,0.01443,0.001811,0.01279,0.002012,0.005585,0.02542,0.01298,2.785E-4,0.01284,5.01E-4,0.01098,8.603E-4,0
1521490800337,true,1522.011,0,0.0434,0.01697,0.01402,0.001203,0.01446,0.001812,0.01278,0.002006,0.006631,0.02449,0.01298,2.783E-4,0.01284,4.937E-4,0.011,8.541E-4,0
1521490800372,true,1522.068,0,0.04433,0.01733,0.01399,0.001203,0.01447,0.001813,0.0128,0.001997,0.006631,0.02429,0.01299,2.71E-4,0.0128,5.022E-4,0.01101,8.443E-4,0
1521490800532,true,1522.137,0,0.04461,0.01785,0.01401,0.001195,0.01443,0.001814,0.01281,0.001996,0.005768,0.02494,0.013,2.61E-4,0.01278,5.063E-4,0.01102,8.345E-4,0
1521490800567,true,1522.195,0,0.04352,0.01799,0.01402,0.001194,0.01439,0.001811,0.01282,0.001993,0.005161,0.02554,0.013,2.529E-4,0.01278,5.036E-4,0.01096,8.434E-4,0
1521490800602,true,1522.252,0,0.04283,0.01751,0.01404,0.001196,0.01438,0.001807,0.0128,0.001996,0.005059,0.02589,0.01296,2.585E-4,0.01278,4.96E-4,0.01091,8.514E-4,0
1521490800637,true,1522.31,0,0.0437,0.01722,0.01402,0.001203,0.0144,0.001806,0.01277,0.001998,0.005737,0.02544,0.01293,2.69E-4,0.0128,4.835E-4,0.01091,8.534E-4,0
1521490800672,true,1522.367,0,0.04453,0.01761,0.014,0.001206,0.01443,0.001805,0.01276,0.001993,0.006276,0.0249,0.01295,2.675E-4,0.0128,4.801E-4,0.01094,8.479E-4,0
1521490800806,true,1522.411,0,0.04512,0.01793,0.01401,0.0012,0.01445,0.001807,0.01278,0.001989,0.00564,0.02529,0.01298,2.585E-4,0.01279,4.856E-4,0.01097,8.347E-4,0
1521490800842,true,1522.469,0,0.04442,0.01822,0.01405,0.001195,0.01442,0.001809,0.01281,0.001989,0.004767,0.02588,0.01301,2.374E-4,0.0128,4.825E-4,0.01098,8.19E-4,0
1521490800877,true,1522.526,0,0.04294,0.0178,0.0141,0.001197,0.01441,0.001804,0.01284,0.001989,0.004562,0.02611,0.013,2.258E-4,0.01282,4.754E-4,0.01095,8.161E-4,0
1521490800912,true,1522.584,0,0.04266,0.01703,0.01414,0.001199,0.01445,0.001797,0.01284,0.001991,0.005069,0.02574,0.01296,2.254E-4,0.01284,4.624E-4,0.01093,8.149E-4,0
1521490800947,true,1522.641,0,0.0435,0.01679,0.01414,0.001205,0.01449,0.001802,0.01283,0.001985,0.006118,0.02473,0.01295,2.198E-4,0.01284,4.528E-4,0.01093,8.075E-4,0
1521490801083,true,1522.687,0,0.04422,0.01707,0.01412,0.001209,0.01453,0.001803,0.01285,0.001978,0.006561,0.02417,0.01296,2.092E-4,0.01282,4.557E-4,0.01094,7.938E-4,0
1521490801117,true,1522.745,0,0.04478,0.01749,0.01418,0.001202,0.01454,0.001808,0.01288,0.001978,0.005783,0.02462,0.01299,1.924E-4,0.01279,4.572E-4,0.01094,7.794E-4,0
1521490801152,true,1522.802,0,0.04386,0.01777,0.01424,0.0012,0.01452,0.001806,0.0129,0.001977,0.004964,0.0253,0.013,1.819E-4,0.0128,4.533E-4,0.01091,7.76E-4,0
1521490801187,true,1522.86,0,0.04281,0.01737,0.01429,0.001197,0.01453,0.0018,0.0129,0.001978,0.004704,0.02588,0.01297,1.836E-4,0.01281,4.438E-4,0.01086,7.836E-4,0
1521490801222,true,1522.917,0,0.04327,0.01689,0.01429,0.001205,0.01457,0.001799,0.01286,0.00198,0.005137,0.02563,0.01294,1.893E-4,0.01283,4.309E-4,0.01082,7.857E-4,0
1521490801382,true,1522.988,0,0.04429,0.01712,0.01427,0.00121,0.01461,0.001805,0.01284,0.001975,0.005921,0.02495,0.01294,1.935E-4,0.01282,4.267E-4,0.01082,7.816E-4,0
1521490801417,true,1523.046,0,0.04497,0.01748,0.01427,0.00121,0.01465,0.001808,0.01286,0.001973,0.005547,0.02507,0.01294,1.936E-4,0.0128,4.318E-4,0.01085,7.697E-4,0
1521490801453,true,1523.103,0,0.04468,0.01801,0.01433,0.001205,0.01465,0.001814,0.01289,0.001972,0.004512,0.02582,0.01297,1.825E-4,0.01279,4.366E-4,0.01087,7.581E-4,0
1521490801488,true,1523.161,0,0.04342,0.01791,0.01439,0.001206,0.01465,0.001812,0.01293,0.001972,0.004093,0.0263,0.01299,1.746E-4,0.01282,4.361E-4,0.01085,7.638E-4,0
1521490801523,true,1523.218,0,0.04284,0.01734,0.01443,0.00121,0.01468,0.001808,0.01293,0.001975,0.004304,0.02637,0.01298,1.831E-4,0.01284,4.311E-4,0.01084,7.669E-4,0
1521490801682,true,1523.288,0,0.04388,0.01701,0.01442,0.001219,0.01472,0.00181,0.01293,0.001973,0.005347,0.02555,0.01298,1.832E-4,0.01286,4.234E-4,0.01086,7.648E-4,0
1521490801717,true,1523.346,0,0.04477,0.01748,0.0144,0.00122,0.01477,0.001813,0.01294,0.001966,0.006097,0.02488,0.013,1.84E-4,0.01285,4.29E-4,0.01089,7.534E-4,0
1521490801752,true,1523.403,0,0.04589,0.01776,0.01443,0.001214,0.01477,0.001819,0.01297,0.001961,0.005643,0.02518,0.01302,1.792E-4,0.01282,4.371E-4,0.01091,7.454E-4,0
1521490801787,true,1523.461,0,0.04519,0.01823,0.01449,0.001205,0.01476,0.00182,0.013,0.001959,0.00492,0.02581,0.01304,1.646E-4,0.01282,4.426E-4,0.01091,7.39E-4,0
1521490801822,true,1523.518,0,0.0441,0.01801,0.01453,0.001207,0.01475,0.001812,0.013,0.00196,0.00464,0.02637,0.01303,1.651E-4,0.01283,4.395E-4,0.01086,7.483E-4,0
1521490801957,true,1523.563,0,0.04429,0.01749,0.01455,0.001209,0.01478,0.001807,0.01298,0.00196,0.005065,0.02622,0.01299,1.74E-4,0.01285,4.284E-4,0.01084,7.523E-4,0
1521490801992,true,1523.621,0,0.0453,0.01754,0.01452,0.001215,0.0148,0.00181,0.01295,0.001955,0.005867,0.02547,0.01296,1.82E-4,0.01284,4.251E-4,0.01084,7.499E-4,0
1521490802027,true,1523.678,0,0.04576,0.01797,0.0145,0.001213,0.01481,0.001814,0.01295,0.001947,0.005745,0.02537,0.01296,1.853E-4,0.0128,4.362E-4,0.01084,7.419E-4,0
1521490802062,true,1523.736,0,0.04608,0.01829,0.01452,0.001208,0.01478,0.001823,0.01296,0.001945,0.004789,0.02602,0.01297,1.848E-4,0.01277,4.46E-4,0.01085,7.294E-4,0
1521490802097,true,1523.793,0,0.04499,0.01838,0.01455,0.001206,0.01476,0.001821,0.01297,0.00195,0.004136,0.02661,0.01299,1.794E-4,0.01278,4.5E-4,0.01084,7.314E-4,0
1521490802232,true,1523.837,0,0.04405,0.01789,0.01459,0.001205,0.01477,0.001813,0.01297,0.001954,0.004153,0.02693,0.01297,1.868E-4,0.0128,4.496E-4,0.01082,7.407E-4,0
1521490802267,true,1523.895,0,0.04462,0.01746,0.01459,0.001205,0.0148,0.001811,0.01295,0.001954,0.005064,0.02627,0.01294,2.0E-4,0.01281,4.446E-4,0.01084,7.432E-4,0
1521490802302,true,1523.952,0,0.04581,0.01771,0.01455,0.001202,0.01482,0.00181,0.01295,0.001944,0.00612,0.02542,0.01295,2.048E-4,0.0128,4.482E-4,0.01086,7.39E-4,0
1521490802338,true,1524.01,0,0.04665,0.01808,0.01456,0.001191,0.01483,0.001807,0.01297,0.001935,0.005959,0.02543,0.01297,2.007E-4,0.01277,4.585E-4,0.01089,7.282E-4,0
1521490802372,true,1524.067,0,0.04625,0.01855,0.01458,0.001179,0.01479,0.001806,0.01298,0.001929,0.005128,0.02602,0.013,1.909E-4,0.01276,4.63E-4,0.01089,7.218E-4,0
1521490802532,true,1524.138,0,0.04489,0.01839,0.01461,0.001172,0.01475,0.001795,0.01298,0.001927,0.00478,0.02648,0.013,1.872E-4,0.01277,4.631E-4,0.01085,7.291E-4,0
1521490802567,true,1524.196,0,0.04451,0.01769,0.01462,0.001167,0.01475,0.00178,0.01295,0.001926,0.004965,0.02648,0.01295,1.96E-4,0.01278,4.533E-4,0.01081,7.347E-4,0
1521490802602,true,1524.253,0,0.04531,0.01735,0.01458,0.001167,0.01475,0.001776,0.0129,0.001921,0.005802,0.0257,0.01293,1.962E-4,0.01278,4.45E-4,0.0108,7.354E-4,0
1521490802637,true,1524.311,0,0.04566,0.01763,0.01452,0.001162,0.01476,0.001769,0.01288,0.001912,0.006158,0.02507,0.01291,1.962E-4,0.01274,4.495E-4,0.01079,7.281E-4,0
1521490802672,true,1524.368,0,0.04586,0.01779,0.0145,0.001153,0.01473,0.001773,0.01288,0.001909,0.005378,0.02535,0.0129,1.885E-4,0.01268,4.619E-4,0.01079,7.149E-4,0
1521490802807,true,1524.414,0,0.04452,0.01793,0.01451,0.001149,0.01465,0.001772,0.01287,0.00191,0.00455,0.02579,0.01288,1.818E-4,0.01265,4.671E-4,0.01076,7.122E-4,0
1521490802842,true,1524.472,0,0.0431,0.01738,0.01451,0.001147,0.01462,0.001762,0.01286,0.001911,0.004413,0.02597,0.01283,1.903E-4,0.01265,4.653E-4,0.01072,7.233E-4,0
1521490802877,true,1524.529,0,0.04322,0.01662,0.0145,0.001149,0.01463,0.001756,0.01283,0.001913,0.005154,0.02538,0.0128,1.971E-4,0.01266,4.563E-4,0.01071,7.29E-4,0
1521490802912,true,1524.587,0,0.04401,0.01662,0.01445,0.00115,0.01463,0.001755,0.0128,0.00191,0.006338,0.02431,0.01279,1.978E-4,0.01264,4.588E-4,0.01072,7.293E-4,0
1521490802947,true,1524.644,0,0.04472,0.01693,0.01442,0.001145,0.01462,0.001754,0.01281,0.001904,0.006454,0.02402,0.0128,1.951E-4,0.0126,4.679E-4,0.01075,7.215E-4,0
1521490803106,true,1524.713,0,0.04493,0.01733,0.01446,0.001135,0.01459,0.001755,0.01282,0.001904,0.005564,0.02461,0.01281,1.859E-4,0.01258,4.751E-4,0.01075,7.167E-4,0
1521490803142,true,1524.771,0,0.04375,0.01738,0.01449,0.001132,0.01454,0.001746,0.01283,0.001905,0.004905,0.02525,0.01282,1.778E-4,0.01258,4.741E-4,0.01072,7.248E-4,0
1521490803176,true,1524.828,0,0.04303,0.01681,0.0145,0.001131,0.01454,0.001732,0.01281,0.001909,0.004852,0.0256,0.01281,1.784E-4,0.01261,4.633E-4,0.01069,7.313E-4,0
1521490803212,true,1524.886,0,0.04363,0.0165,0.01448,0.001134,0.01456,0.001727,0.01277,0.001907,0.005466,0.02501,0.01277,1.866E-4,0.01262,4.523E-4,0.01068,7.35E-4,0
1521490803247,true,1524.943,0,0.04432,0.01674,0.01442,0.001136,0.01456,0.001725,0.01275,0.0019,0.006081,0.02434,0.01276,1.874E-4,0.01261,4.525E-4,0.01067,7.316E-4,0
1521490803407,true,1525.013,0,0.04486,0.01696,0.01441,0.001126,0.01454,0.001727,0.01276,0.001893,0.005488,0.02453,0.01275,1.834E-4,0.01256,4.656E-4,0.01067,7.21E-4,0
1521490803442,true,1525.071,0,0.04385,0.01728,0.01442,0.00112,0.01449,0.00172,0.01275,0.001893,0.004605,0.02507,0.01274,1.764E-4,0.01253,4.724E-4,0.01064,7.203E-4,0
1521490803477,true,1525.128,0,0.0423,0.01693,0.01441,0.001121,0.01444,0.001711,0.01275,0.001895,0.004447,0.02534,0.0127,1.803E-4,0.01251,4.741E-4,0.01057,7.324E-4,0
1521490803512,true,1525.186,0,0.04196,0.01628,0.01438,0.001125,0.01444,0.001703,0.0127,0.001901,0.00491,0.02507,0.01263,1.92E-4,0.01249,4.68E-4,0.01051,7.45E-4,0
1521490803547,true,1525.243,0,0.04299,0.01607,0.01432,0.001131,0.01444,0.001704,0.01266,0.001901,0.005956,0.02414,0.0126,1.982E-4,0.01248,4.676E-4,0.0105,7.518E-4,0
1521490803682,true,1525.288,0,0.04377,0.01649,0.01428,0.001128,0.01445,0.001701,0.01265,0.001896,0.006359,0.0237,0.01262,1.944E-4,0.01243,4.796E-4,0.0105,7.501E-4,0
1521490803717,true,1525.346,0,0.04449,0.01693,0.01428,0.00112,0.01442,0.001701,0.01266,0.001896,0.00561,0.02423,0.01263,1.875E-4,0.0124,4.896E-4,0.01051,7.419E-4,0
1521490803752,true,1525.403,0,0.04345,0.01726,0.0143,0.00112,0.01436,0.0017,0.01267,0.001896,0.00488,0.02491,0.01264,1.808E-4,0.01239,4.904E-4,0.01048,7.492E-4,0
1521490803787,true,1525.461,0,0.04241,0.01692,0.01432,0.00112,0.01434,0.001691,0.01266,0.001899,0.004543,0.02551,0.01261,1.903E-4,0.01239,4.892E-4,0.01043,7.623E-4,0
1521490803822,true,1525.518,0,0.04296,0.01645,0.01431,0.001123,0.01436,0.001688,0.01262,0.0019,0.005071,0.02516,0.01257,2.033E-4,0.0124,4.821E-4,0.01041,7.701E-4,0
1521490803982,true,1525.588,0,0.04384,0.01666,0.01426,0.001127,0.01437,0.001688,0.01259,0.001896,0.005831,0.02448,0.01256,2.107E-4,0.01238,4.797E-4,0.01041,7.706E-4,0
1521490804017,true,1525.646,0,0.04437,0.01706,0.01423,0.001122,0.01436,0.001689,0.01259,0.001893,0.005589,0.02445,0.01255,2.133E-4,0.01235,4.887E-4,0.01041,7.624E-4,0
1521490804052,true,1525.703,0,0.04409,0.01751,0.01423,0.001118,0.01431,0.001693,0.0126,0.001892,0.004593,0.02502,0.01255,2.082E-4,0.01232,4.962E-4,0.01041,7.581E-4,0
1521490804087,true,1525.761,0,0.04282,0.01743,0.01423,0.001118,0.01426,0.001688,0.01259,0.001893,0.004273,0.02537,0.01252,2.09E-4,0.0123,5.023E-4,0.01036,7.676E-4,0
1521490804122,true,1525.818,0,0.04205,0.01691,0.01422,0.001117,0.01425,0.001681,0.01256,0.001899,0.004563,0.02536,0.01246,2.2E-4,0.01228,5.008E-4,0.0103,7.771E-4,0
1521490804257,true,1525.863,0,0.04294,0.01668,0.01416,0.001122,0.01424,0.001683,0.0125,0.0019,0.005451,0.02461,0.01241,2.286E-4,0.01226,4.955E-4,0.01027,7.841E-4,0
1521490804292,true,1525.921,0,0.04378,0.01714,0.01409,0.001126,0.01422,0.001687,0.01248,0.001896,0.006238,0.02393,0.0124,2.33E-4,0.01221,5.039E-4,0.01025,7.882E-4,0
1521490804327,true,1525.978,0,0.04478,0.01757,0.01407,0.001122,0.01418,0.001695,0.01248,0.001893,0.005626,0.02432,0.0124,2.309E-4,0.01215,5.207E-4,0.01025,7.812E-4,0
1521490804362,true,1526.036,0,0.04413,0.01814,0.01409,0.00112,0.01413,0.001697,0.01248,0.001895,0.004773,0.02504,0.01242,2.246E-4,0.01214,5.263E-4,0.01024,7.839E-4,0
1521490804397,true,1526.093,0,0.04304,0.01796,0.0141,0.001119,0.01409,0.001686,0.01248,0.001897,0.00436,0.02576,0.01239,2.304E-4,0.01215,5.246E-4,0.01019,7.981E-4,0
1521490804557,true,1526.162,0,0.04315,0.01749,0.0141,0.001122,0.0141,0.001682,0.01244,0.001901,0.004733,0.02558,0.01235,2.458E-4,0.01216,5.188E-4,0.01016,8.088E-4,0
1521490804592,true,1526.22,0,0.04431,0.0175,0.01405,0.001127,0.0141,0.001683,0.0124,0.0019,0.005459,0.02486,0.01234,2.551E-4,0.01216,5.137E-4,0.01016,8.123E-4,0
1521490804627,true,1526.277,0,0.04487,0.01784,0.014,0.001124,0.01411,0.001686,0.0124,0.001894,0.005425,0.02469,0.01235,2.558E-4,0.01213,5.217E-4,0.01017,8.059E-4,0
1521490804661,true,1526.335,0,0.04512,0.01817,0.01401,0.001117,0.01407,0.00169,0.0124,0.001894,0.004499,0.02535,0.01234,2.535E-4,0.01209,5.301E-4,0.01018,7.954E-4,0
1521490804697,true,1526.392,0,0.04384,0.01821,0.01401,0.001116,0.01402,0.001688,0.0124,0.001896,0.003945,0.02576,0.01233,2.507E-4,0.01207,5.41E-4,0.01015,8.008E-4,0
1521490804832,true,1526.438,0,0.0429,0.01763,0.014,0.001117,0.014,0.00168,0.01237,0.0019,0.004032,0.02588,0.01228,2.611E-4,0.01206,5.383E-4,0.0101,8.184E-4,0
1521490804867,true,1526.496,0,0.04359,0.0171,0.01395,0.001121,0.01399,0.001682,0.01231,0.001906,0.004873,0.02514,0.01222,2.704E-4,0.01205,5.314E-4,0.01006,8.254E-4,0
1521490804902,true,1526.553,0,0.04447,0.01734,0.01387,0.001122,0.01396,0.001684,0.01227,0.001902,0.00588,0.0242,0.01219,2.733E-4,0.01201,5.35E-4,0.01005,8.252E-4,0
1521490804937,true,1526.611,0,0.04518,0.01774,0.01382,0.001121,0.01393,0.001689,0.01225,0.001901,0.005604,0.02423,0.01218,2.691E-4,0.01195,5.477E-4,0.01004,8.199E-4,0
1521490804972,true,1526.668,0,0.04478,0.01826,0.01383,0.001117,0.01388,0.001693,0.01223,0.001906,0.004588,0.02495,0.01218,2.593E-4,0.01191,5.533E-4,0.01003,8.165E-4,0
1521490805132,true,1526.739,0,0.04349,0.01809,0.01385,0.001116,0.01383,0.001689,0.01223,0.001909,0.004044,0.02558,0.01217,2.569E-4,0.01193,5.5E-4,0.009988,8.282E-4,0
1521490805167,true,1526.797,0,0.04305,0.0175,0.01385,0.001117,0.01383,0.001682,0.01219,0.001918,0.004193,0.02563,0.01214,2.656E-4,0.01194,5.418E-4,0.009958,8.395E-4,0
1521490805202,true,1526.854,0,0.04387,0.01732,0.01382,0.001123,0.01384,0.001685,0.01213,0.001919,0.004877,0.02495,0.01212,2.704E-4,0.01194,5.363E-4,0.009962,8.409E-4,0
1521490805237,true,1526.912,0,0.04425,0.01769,0.01377,0.001123,0.01386,0.001685,0.01211,0.001917,0.005191,0.02449,0.01212,2.73E-4,0.01192,5.423E-4,0.009979,8.336E-4,0
1521490805273,true,1526.969,0,0.04454,0.01799,0.01378,0.001116,0.01383,0.001694,0.01213,0.001914,0.004418,0.02485,0.01213,2.657E-4,0.01189,5.509E-4,0.01,8.245E-4,0
1521490805432,true,1527.039,0,0.04339,0.01821,0.01379,0.001115,0.01379,0.001695,0.01213,0.00192,0.003607,0.02537,0.01214,2.585E-4,0.01188,5.518E-4,0.009991,8.266E-4,0
1521490805467,true,1527.097,0,0.04214,0.01771,0.0138,0.001114,0.01376,0.001686,0.01213,0.001925,0.003498,0.02563,0.0121,2.619E-4,0.01188,5.5E-4,0.009955,8.373E-4,0
1521490805502,true,1527.154,0,0.0425,0.017,0.01378,0.001119,0.01377,0.001682,0.0121,0.001931,0.004066,0.02514,0.01205,2.732E-4,0.01189,5.396E-4,0.009933,8.454E-4,0
1521490805537,true,1527.212,0,0.04361,0.01696,0.01372,0.001121,0.01377,0.001682,0.01206,0.00193,0.005071,0.02423,0.01203,2.756E-4,0.01187,5.399E-4,0.009931,8.468E-4,0
1521490805572,true,1527.269,0,0.04438,0.01726,0.01366,0.00112,0.01376,0.001685,0.01204,0.001928,0.005181,0.02395,0.01202,2.727E-4,0.01182,5.503E-4,0.009924,8.438E-4,0
1521490805707,true,1527.314,0,0.04455,0.01776,0.01366,0.001119,0.01371,0.001695,0.01203,0.001933,0.004093,0.02466,0.01202,2.646E-4,0.01178,5.574E-4,0.009917,8.369E-4,0
1521490805742,true,1527.372,0,0.0433,0.01785,0.01368,0.001119,0.01366,0.001694,0.01202,0.001937,0.003416,0.02528,0.01202,2.602E-4,0.01179,5.563E-4,0.009892,8.426E-4,0
1521490805778,true,1527.429,0,0.04252,0.01732,0.01369,0.001122,0.01367,0.001686,0.01199,0.001948,0.003411,0.02555,0.012,2.653E-4,0.01181,5.492E-4,0.009847,8.561E-4,0
1521490805812,true,1527.487,0,0.04317,0.01693,0.01368,0.001127,0.01368,0.001688,0.01196,0.001951,0.004035,0.02498,0.01199,2.729E-4,0.01184,5.379E-4,0.009847,8.609E-4,0
1521490805848,true,1527.544,0,0.04378,0.0172,0.01363,0.00113,0.01371,0.001689,0.01195,0.001946,0.004661,0.0243,0.01199,2.783E-4,0.01183,5.385E-4,0.009878,8.524E-4,0
1521490805982,true,1527.588,0,0.04413,0.01746,0.01362,0.001127,0.01371,0.001697,0.01196,0.001946,0.004219,0.02447,0.012,2.739E-4,0.0118,5.475E-4,0.009897,8.445E-4,0
1521490806017,true,1527.646,0,0.04348,0.01772,0.01364,0.001125,0.01367,0.0017,0.01198,0.001951,0.003413,0.02492,0.01201,2.651E-4,0.01179,5.542E-4,0.009904,8.409E-4,0
1521490806052,true,1527.703,0,0.04207,0.01741,0.01364,0.001127,0.01364,0.001697,0.01199,0.001954,0.003113,0.02525,0.01201,2.661E-4,0.01181,5.517E-4,0.009876,8.496E-4,0
1521490806087,true,1527.761,0,0.04167,0.01678,0.01364,0.001129,0.01365,0.001694,0.01197,0.001961,0.003572,0.025,0.01196,2.769E-4,0.01182,5.449E-4,0.009846,8.606E-4,0
1521490806122,true,1527.818,0,0.04267,0.01664,0.01359,0.001134,0.01365,0.001698,0.01193,0.001961,0.004623,0.02405,0.01194,2.808E-4,0.01182,5.402E-4,0.009848,8.625E-4,0
1521490806283,true,1527.89,0,0.04343,0.01706,0.01355,0.001133,0.01365,0.001706,0.01193,0.001959,0.005088,0.02354,0.01194,2.805E-4,0.01178,5.457E-4,0.009852,8.589E-4,0
1521490806318,true,1527.948,0,0.04416,0.01739,0.01355,0.001127,0.0136,0.001714,0.01193,0.00196,0.004178,0.02409,0.01195,2.701E-4,0.01174,5.539E-4,0.009848,8.524E-4,0
1521490806353,true,1528.005,0,0.04303,0.01767,0.01356,0.001131,0.01355,0.001717,0.01193,0.001966,0.003317,0.02477,0.01196,2.615E-4,0.01173,5.549E-4,0.009804,8.586E-4,0
1521490806388,true,1528.063,0,0.04189,0.01725,0.01359,0.001132,0.01353,0.001712,0.01192,0.001971,0.003102,0.0253,0.01194,2.649E-4,0.01174,5.479E-4,0.009774,8.671E-4,0
1521490806423,true,1528.12,0,0.04242,0.01671,0.01359,0.001137,0.01355,0.001716,0.01189,0.001976,0.003619,0.0249,0.01191,2.736E-4,0.01177,5.359E-4,0.009762,8.747E-4,0
1521490806557,true,1528.163,0,0.04318,0.01689,0.01356,0.001138,0.01357,0.001721,0.01186,0.001974,0.004414,0.02417,0.01191,2.786E-4,0.01177,5.338E-4,0.009785,8.732E-4,0
1521490806592,true,1528.221,0,0.0436,0.01719,0.01354,0.001135,0.01359,0.001727,0.01188,0.001969,0.004158,0.02413,0.01192,2.787E-4,0.01173,5.475E-4,0.009813,8.647E-4,0
1521490806627,true,1528.278,0,0.04334,0.01755,0.01356,0.001131,0.01355,0.001732,0.0119,0.001975,0.003282,0.02463,0.01193,2.759E-4,0.01173,5.517E-4,0.009832,8.541E-4,0
1521490806662,true,1528.336,0,0.04181,0.01741,0.01358,0.00113,0.01352,0.001729,0.01192,0.001976,0.003089,0.02489,0.01192,2.723E-4,0.01174,5.505E-4,0.00982,8.571E-4,0
1521490806697,true,1528.393,0,0.04106,0.0168,0.01359,0.001131,0.01353,0.001723,0.01191,0.001981,0.003564,0.02477,0.0119,2.797E-4,0.01175,5.442E-4,0.009791,8.684E-4,0
1521490806857,true,1528.464,0,0.04192,0.0165,0.01356,0.001136,0.01354,0.001727,0.01189,0.001979,0.004638,0.02393,0.01187,2.856E-4,0.01176,5.347E-4,0.009794,8.724E-4,0
1521490806892,true,1528.522,0,0.04274,0.0169,0.01351,0.001137,0.01355,0.001728,0.01187,0.001978,0.005381,0.02319,0.01188,2.852E-4,0.01174,5.387E-4,0.009805,8.681E-4,0
1521490806927,true,1528.579,0,0.0435,0.0173,0.0135,0.001131,0.01353,0.001733,0.01189,0.001976,0.004857,0.02351,0.01189,2.77E-4,0.0117,5.457E-4,0.009813,8.587E-4,0
1521490806962,true,1528.637,0,0.04268,0.01771,0.01352,0.001129,0.01348,0.001733,0.01189,0.00198,0.003783,0.02427,0.0119,2.658E-4,0.01168,5.496E-4,0.009795,8.548E-4,0
1521490806997,true,1528.694,0,0.04137,0.01744,0.01353,0.001131,0.01344,0.00173,0.01188,0.001982,0.003423,0.02482,0.01188,2.673E-4,0.01168,5.445E-4,0.009742,8.655E-4,0
1521490807133,true,1528.74,0,0.04136,0.01684,0.01354,0.001136,0.01346,0.001727,0.01186,0.001985,0.003778,0.02467,0.01183,2.815E-4,0.0117,5.332E-4,0.009722,8.713E-4,0
1521490807168,true,1528.798,0,0.04216,0.01687,0.0135,0.001139,0.01348,0.00173,0.01183,0.001984,0.004618,0.02386,0.01183,2.849E-4,0.01172,5.269E-4,0.009739,8.704E-4,0
1521490807203,true,1528.855,0,0.04256,0.01724,0.01348,0.001137,0.01349,0.001733,0.01184,0.001977,0.004731,0.02356,0.01185,2.838E-4,0.0117,5.345E-4,0.009782,8.562E-4,0
1521490807238,true,1528.913,0,0.04279,0.01752,0.0135,0.00113,0.01347,0.001742,0.01186,0.001979,0.00394,0.02403,0.01186,2.744E-4,0.01168,5.408E-4,0.009814,8.431E-4,0
1521490807273,true,1528.97,0,0.04155,0.01754,0.01351,0.001131,0.01343,0.001739,0.01188,0.001981,0.003473,0.02439,0.01186,2.69E-4,0.01168,5.453E-4,0.009805,8.441E-4,0
1521490807432,true,1529.039,0,0.04068,0.01699,0.01353,0.001129,0.01344,0.001731,0.01189,0.001984,0.003579,0.02461,0.01184,2.724E-4,0.01171,5.392E-4,0.009781,8.499E-4,0
1521490807467,true,1529.097,0,0.04123,0.01654,0.01351,0.00113,0.01346,0.001729,0.01186,0.001986,0.004356,0.02402,0.01181,2.785E-4,0.01172,5.308E-4,0.009789,8.493E-4,0
1521490807503,true,1529.154,0,0.04227,0.01684,0.01347,0.001131,0.01347,0.001731,0.01184,0.00198,0.005285,0.02319,0.01181,2.792E-4,0.01171,5.309E-4,0.009798,8.475E-4,0
1521490807538,true,1529.212,0,0.04312,0.01728,0.01345,0.001125,0.01347,0.001732,0.01185,0.001978,0.005024,0.02331,0.01182,2.734E-4,0.01166,5.394E-4,0.009807,8.356E-4,0
1521490807573,true,1529.269,0,0.04271,0.01783,0.01347,0.001119,0.01343,0.001732,0.01185,0.00198,0.004105,0.02404,0.01183,2.594E-4,0.01165,5.389E-4,0.009799,8.279E-4,0
1521490807708,true,1529.315,0,0.04139,0.0177,0.01348,0.001117,0.01338,0.001729,0.01184,0.00198,0.003505,0.02468,0.01181,2.559E-4,0.01165,5.359E-4,0.009749,8.348E-4,0
1521490807743,true,1529.373,0,0.0409,0.01711,0.01348,0.001119,0.01338,0.001723,0.01181,0.001985,0.003688,0.02474,0.01176,2.655E-4,0.01165,5.322E-4,0.009705,8.406E-4,0
1521490807785,true,1529.43,0,0.04174,0.0169,0.01344,0.001127,0.01341,0.001726,0.01178,0.001984,0.004382,0.02404,0.01174,2.698E-4,0.01165,5.24E-4,0.009708,8.415E-4,0
1521490807820,true,1529.488,0,0.04211,0.01729,0.0134,0.001122,0.01343,0.001724,0.01178,0.001976,0.004762,0.02353,0.01175,2.713E-4,0.01164,5.272E-4,0.00973,8.325E-4,0
1521490807855,true,1529.545,0,0.04282,0.01744,0.0134,0.001116,0.01342,0.001728,0.0118,0.001972,0.004048,0.02386,0.01176,2.633E-4,0.0116,5.354E-4,0.009756,8.206E-4,0
1521490808007,true,1529.614,0,0.04176,0.01767,0.01341,0.001113,0.01338,0.001727,0.01182,0.001969,0.003365,0.02435,0.01177,2.534E-4,0.0116,5.382E-4,0.009753,8.184E-4,0
1521490808042,true,1529.672,0,0.04057,0.01724,0.01343,0.00111,0.01337,0.001719,0.01183,0.00197,0.003299,0.02462,0.01175,2.541E-4,0.01161,5.335E-4,0.009718,8.276E-4,0
1521490808077,true,1529.729,0,0.04067,0.0167,0.01341,0.001114,0.01339,0.001715,0.01181,0.001969,0.004019,0.0241,0.01172,2.589E-4,0.01162,5.221E-4,0.009703,8.32E-4,0
1521490808112,true,1529.787,0,0.04204,0.01671,0.01336,0.001118,0.01339,0.001718,0.01178,0.001966,0.004988,0.02324,0.01172,2.597E-4,0.01162,5.18E-4,0.009707,8.326E-4,0
1521490808147,true,1529.844,0,0.04292,0.01714,0.01332,0.001113,0.01341,0.001716,0.01178,0.001962,0.004971,0.02306,0.01172,2.544E-4,0.01157,5.27E-4,0.009721,8.208E-4,0
1521490808308,true,1529.915,0,0.04309,0.01765,0.01334,0.001105,0.01337,0.001715,0.01179,0.001962,0.00397,0.02371,0.01173,2.421E-4,0.01155,5.342E-4,0.009718,8.109E-4,0
1521490808343,true,1529.973,0,0.04195,0.01773,0.01335,0.001104,0.01333,0.001707,0.01179,0.001963,0.003217,0.02438,0.01173,2.349E-4,0.01155,5.321E-4,0.009682,8.128E-4,0
1521490808378,true,1530.03,0,0.04105,0.01724,0.01335,0.001107,0.01332,0.001701,0.01176,0.001968,0.003035,0.02474,0.01168,2.459E-4,0.01155,5.243E-4,0.009638,8.193E-4,0
1521490808413,true,1530.088,0,0.04172,0.01686,0.01332,0.001111,0.01333,0.001699,0.01172,0.001968,0.003536,0.0242,0.01164,2.551E-4,0.01156,5.156E-4,0.00962,8.216E-4,0
1521490808448,true,1530.145,0,0.04237,0.01713,0.01327,0.001112,0.01335,0.001701,0.01171,0.001962,0.004193,0.02347,0.01164,2.603E-4,0.01153,5.177E-4,0.009639,8.151E-4,0
1521490808582,true,1530.189,0,0.04281,0.0174,0.01326,0.001103,0.01334,0.001705,0.01173,0.001956,0.003584,0.02366,0.01165,2.553E-4,0.01149,5.275E-4,0.00966,8.056E-4,0
1521490808618,true,1530.247,0,0.04215,0.01773,0.01328,0.001097,0.0133,0.001707,0.01174,0.001956,0.002774,0.02419,0.01165,2.47E-4,0.01147,5.334E-4,0.009646,8.036E-4,0
1521490808653,true,1530.304,0,0.04084,0.01746,0.01329,0.001096,0.01328,0.0017,0.01175,0.001957,0.002692,0.02438,0.01164,2.438E-4,0.01148,5.32E-4,0.009607,8.112E-4,0
1521490808688,true,1530.362,0,0.04068,0.01679,0.01329,0.001096,0.01328,0.001693,0.01172,0.00196,0.003261,0.02402,0.01162,2.474E-4,0.01149,5.249E-4,0.009586,8.168E-4,0
1521490808723,true,1530.419,0,0.04188,0.01667,0.01325,0.001098,0.01329,0.001694,0.01169,0.001958,0.004231,0.02316,0.0116,2.501E-4,0.01148,5.159E-4,0.009581,8.193E-4,0
1521490808883,true,1530.49,0,0.0427,0.01711,0.01321,0.001094,0.0133,0.001694,0.01168,0.00195,0.004633,0.02268,0.01161,2.471E-4,0.01145,5.187E-4,0.009598,8.098E-4,0
1521490808918,true,1530.548,0,0.0433,0.01756,0.0132,0.001091,0.01327,0.001697,0.01169,0.001949,0.003746,0.02325,0.01162,2.379E-4,0.01142,5.216E-4,0.00961,7.974E-4,0
1521490808953,true,1530.605,0,0.04224,0.01781,0.01322,0.001088,0.01321,0.001696,0.01169,0.001949,0.002811,0.02398,0.01162,2.297E-4,0.01142,5.205E-4,0.009576,7.987E-4,0
1521490808988,true,1530.663,0,0.04115,0.01735,0.01323,0.001088,0.01319,0.001686,0.01168,0.00195,0.002576,0.02439,0.01158,2.366E-4,0.01143,5.15E-4,0.009531,8.053E-4,0
1521490809023,true,1530.72,0,0.04163,0.01674,0.0132,0.001094,0.01321,0.001682,0.01164,0.001954,0.003085,0.02392,0.01154,2.503E-4,0.01144,5.023E-4,0.00952,8.087E-4,0
1521490809158,true,1530.765,0,0.04253,0.01676,0.01316,0.001096,0.01323,0.001686,0.01162,0.001947,0.003884,0.02312,0.01153,2.571E-4,0.01143,4.988E-4,0.009548,8.012E-4,0
1521490809193,true,1530.823,0,0.04295,0.01706,0.01314,0.00109,0.01324,0.001687,0.01163,0.00194,0.003752,0.023,0.01154,2.523E-4,0.01139,5.086E-4,0.009567,7.924E-4,0
1521490809228,true,1530.88,0,0.04268,0.01736,0.01315,0.001082,0.0132,0.001693,0.01164,0.001941,0.002912,0.02351,0.01155,2.459E-4,0.01137,5.175E-4,0.009586,7.841E-4,0
1521490809263,true,1530.938,0,0.04123,0.01725,0.01317,0.00108,0.01315,0.001693,0.01166,0.00194,0.0026,0.02386,0.01155,2.43E-4,0.01137,5.181E-4,0.009559,7.884E-4,0
1521490809298,true,1530.995,0,0.04047,0.01668,0.01318,0.00108,0.01315,0.001686,0.01165,0.001945,0.002951,0.0238,0.01152,2.507E-4,0.01139,5.089E-4,0.009535,7.948E-4,0
1521490809433,true,1531.04,0,0.04148,0.01634,0.01315,0.001084,0.01316,0.001687,0.01161,0.001945,0.003867,0.02305,0.0115,2.566E-4,0.0114,4.97E-4,0.009536,7.985E-4,0
1521490809467,true,1531.098,0,0.04227,0.01686,0.01311,0.001086,0.01316,0.001687,0.01161,0.001937,0.004624,0.0224,0.0115,2.53E-4,0.01138,4.987E-4,0.009552,7.928E-4,0
1521490809503,true,1531.155,0,0.04305,0.01726,0.01311,0.001078,0.01314,0.001692,0.01163,0.001931,0.004009,0.02278,0.01152,2.443E-4,0.01135,5.055E-4,0.00957,7.769E-4,0
1521490809538,true,1531.213,0,0.04222,0.0177,0.01313,0.001077,0.01309,0.001695,0.01163,0.00193,0.002949,0.02363,0.01153,2.335E-4,0.01134,5.04E-4,0.009556,7.739E-4,0
1521490809573,true,1531.27,0,0.04083,0.01743,0.01314,0.00108,0.01306,0.00169,0.01162,0.001934,0.002628,0.02415,0.01152,2.312E-4,0.01135,4.988E-4,0.009505,7.858E-4,0
1521490809733,true,1531.34,0,0.04078,0.01689,0.01314,0.001085,0.01308,0.001688,0.0116,0.001938,0.002965,0.02402,0.0115,2.402E-4,0.01138,4.86E-4,0.009489,7.931E-4,0
1521490809768,true,1531.398,0,0.04168,0.01689,0.01311,0.001087,0.01311,0.00169,0.01157,0.001936,0.003838,0.02326,0.01148,2.486E-4,0.01141,4.774E-4,0.009513,7.908E-4,0
1521490809802,true,1531.455,0,0.04225,0.01714,0.0131,0.001082,0.01313,0.001695,0.0116,0.001926,0.003923,0.02301,0.0115,2.464E-4,0.0114,4.842E-4,0.009546,7.808E-4,0
1521490809838,true,1531.513,0,0.04236,0.01747,0.01312,0.001076,0.01312,0.001699,0.01162,0.001926,0.003161,0.0235,0.01152,2.43E-4,0.01138,4.948E-4,0.009578,7.7E-4,0
1521490809873,true,1531.57,0,0.04109,0.01752,0.01314,0.001076,0.01308,0.001698,0.01165,0.001925,0.002751,0.02388,0.01154,2.354E-4,0.01138,4.996E-4,0.009572,7.718E-4,0
1521490810033,true,1531.64,0,0.04013,0.01695,0.01318,0.001075,0.01309,0.00169,0.01167,0.001926,0.00301,0.02398,0.01152,2.402E-4,0.0114,4.922E-4,0.00955,7.811E-4,0
1521490810068,true,1531.698,0,0.04086,0.01644,0.01317,0.001079,0.01312,0.001687,0.01164,0.001927,0.003978,0.02333,0.01151,2.451E-4,0.01143,4.795E-4,0.009563,7.826E-4,0
1521490810103,true,1531.755,0,0.04211,0.01668,0.01312,0.00108,0.01314,0.00169,0.01163,0.001922,0.004935,0.02256,0.01153,2.425E-4,0.01143,4.757E-4,0.009576,7.809E-4,0
1521490810138,true,1531.813,0,0.04301,0.01705,0.01312,0.001073,0.01315,0.001691,0.01165,0.001914,0.004662,0.02266,0.01156,2.346E-4,0.0114,4.837E-4,0.009598,7.703E-4,0
1521490810173,true,1531.87,0,0.04264,0.01762,0.01316,0.001068,0.01312,0.001692,0.01167,0.001914,0.00359,0.0235,0.01159,2.197E-4,0.01141,4.826E-4,0.009604,7.652E-4,0
1521490810307,true,1531.914,0,0.04122,0.01749,0.01318,0.001072,0.01309,0.001688,0.01169,0.001914,0.003081,0.02411,0.01158,2.165E-4,0.01143,4.788E-4,0.009586,7.681E-4,0
1521490810342,true,1531.972,0,0.04061,0.01695,0.0132,0.001077,0.01311,0.001685,0.01168,0.00192,0.003295,0.02416,0.01156,2.256E-4,0.01146,4.663E-4,0.00957,7.762E-4,0
1521490810377,true,1532.029,0,0.04139,0.01674,0.01319,0.001082,0.01315,0.001688,0.01167,0.001919,0.004097,0.02345,0.01157,2.315E-4,0.0115,4.567E-4,0.009598,7.771E-4,0
1521490810412,true,1532.087,0,0.04208,0.01701,0.01318,0.00108,0.01319,0.001687,0.01169,0.001914,0.004506,0.02297,0.0116,2.312E-4,0.0115,4.591E-4,0.009648,7.673E-4,0
1521490810447,true,1532.144,0,0.0426,0.01726,0.01321,0.001073,0.01321,0.001691,0.01175,0.001911,0.003835,0.02332,0.01164,2.228E-4,0.0115,4.678E-4,0.009693,7.578E-4,0
1521490810608,true,1532.215,0,0.04158,0.01745,0.01325,0.00107,0.0132,0.00169,0.01179,0.001915,0.003294,0.02371,0.01168,2.114E-4,0.01152,4.71E-4,0.009713,7.573E-4,0
1521490810643,true,1532.273,0,0.04041,0.01701,0.01328,0.001067,0.01321,0.00168,0.01183,0.001916,0.003288,0.024,0.01168,2.148E-4,0.01155,4.704E-4,0.0097,7.683E-4,0
1521490810678,true,1532.33,0,0.0408,0.01628,0.01329,0.001074,0.01326,0.001675,0.01183,0.001917,0.004055,0.02353,0.01168,2.227E-4,0.01159,4.598E-4,0.009719,7.743E-4,0
1521490810713,true,1532.388,0,0.04196,0.01633,0.01326,0.001078,0.01329,0.001676,0.01183,0.001913,0.005013,0.02273,0.0117,2.232E-4,0.01161,4.536E-4,0.009748,7.786E-4,0
1521490810748,true,1532.445,0,0.04285,0.01665,0.01325,0.001073,0.01332,0.001678,0.01186,0.001908,0.005145,0.02253,0.01174,2.169E-4,0.0116,4.612E-4,0.009782,7.689E-4,0
1521490810883,true,1532.491,0,0.04294,0.0171,0.0133,0.001064,0.01331,0.001681,0.01189,0.001908,0.004159,0.02325,0.01178,2.063E-4,0.0116,4.679E-4,0.009812,7.607E-4,0
1521490810918,true,1532.549,0,0.04158,0.01714,0.01334,0.001062,0.01329,0.001676,0.01192,0.001906,0.003445,0.02402,0.0118,1.975E-4,0.01163,4.634E-4,0.009814,7.606E-4,0
1521490810953,true,1532.606,0,0.04057,0.01657,0.01338,0.001062,0.01331,0.001669,0.01192,0.001913,0.003291,0.02442,0.01179,2.045E-4,0.01166,4.577E-4,0.009798,7.704E-4,0
1521490810988,true,1532.664,0,0.04104,0.01616,0.01338,0.001069,0.01336,0.001665,0.01192,0.001913,0.003979,0.0238,0.01178,2.163E-4,0.01171,4.482E-4,0.009832,7.718E-4,0
1521490811023,true,1532.721,0,0.04166,0.01635,0.01336,0.001069,0.01341,0.001666,0.01193,0.001909,0.004709,0.02306,0.01181,2.191E-4,0.01173,4.512E-4,0.009902,7.613E-4,0
1521490811183,true,1532.79,0,0.04215,0.01654,0.01338,0.001061,0.01345,0.001672,0.01199,0.001905,0.00433,0.02311,0.01185,2.145E-4,0.01172,4.625E-4,0.009965,7.474E-4,0
1521490811218,true,1532.848,0,0.04142,0.01686,0.01344,0.001056,0.01345,0.00167,0.01205,0.001905,0.003578,0.02366,0.0119,2.068E-4,0.01174,4.671E-4,0.01,7.428E-4,0
1521490811253,true,1532.905,0,0.03998,0.01659,0.01348,0.001053,0.01345,0.001665,0.0121,0.001907,0.003418,0.02397,0.01192,2.061E-4,0.01178,4.681E-4,0.01,7.565E-4,0
1521490811288,true,1532.963,0,0.03972,0.01596,0.01351,0.001053,0.0135,0.00166,0.01211,0.001912,0.003998,0.02367,0.01193,2.098E-4,0.01183,4.617E-4,0.01002,7.631E-4,0
1521490811323,true,1533.02,0,0.04098,0.01575,0.01351,0.001055,0.01355,0.001661,0.01212,0.001909,0.005126,0.02274,0.01196,2.124E-4,0.01187,4.559E-4,0.01006,7.645E-4,0
1521490811458,true,1533.064,0,0.04201,0.01613,0.0135,0.001048,0.0136,0.001662,0.01215,0.001904,0.005635,0.0223,0.012,2.109E-4,0.01188,4.597E-4,0.01011,7.56E-4,0
1521490811492,true,1533.122,0,0.04272,0.01643,0.01354,0.001038,0.01361,0.001666,0.01218,0.001901,0.004726,0.02285,0.01206,1.977E-4,0.01188,4.655E-4,0.01016,7.438E-4,0
1521490811527,true,1533.179,0,0.04168,0.01662,0.01359,0.001035,0.01359,0.001665,0.01222,0.001901,0.0039,0.02355,0.0121,1.887E-4,0.01191,4.673E-4,0.01017,7.403E-4,0
1521490811562,true,1533.237,0,0.04047,0.01616,0.01363,0.001031,0.0136,0.001656,0.01225,0.001901,0.003539,0.02411,0.0121,1.925E-4,0.01195,4.636E-4,0.01016,7.473E-4,0
1521490811597,true,1533.294,0,0.04065,0.01555,0.01363,0.001036,0.01364,0.001654,0.01223,0.001906,0.004049,0.02375,0.01208,2.043E-4,0.01197,4.557E-4,0.01016,7.537E-4,0
1521490811757,true,1533.365,0,0.04153,0.01557,0.0136,0.001039,0.01369,0.001657,0.01222,0.001903,0.004902,0.02294,0.0121,2.078E-4,0.01198,4.557E-4,0.01021,7.493E-4,0
1521490811792,true,1533.423,0,0.04197,0.01582,0.0136,0.001033,0.01373,0.001661,0.01226,0.001902,0.004874,0.0228,0.01215,2.042E-4,0.01198,4.674E-4,0.01027,7.368E-4,0
1521490811827,true,1533.48,0,0.04168,0.01617,0.01365,0.001025,0.01373,0.001663,0.01231,0.001902,0.004154,0.02324,0.0122,1.927E-4,0.01199,4.73E-4,0.01032,7.25E-4,0
1521490811862,true,1533.538,0,0.04031,0.01599,0.0137,0.001024,0.01372,0.001661,0.01236,0.001904,0.00394,0.02351,0.01223,1.887E-4,0.01203,4.746E-4,0.01033,7.289E-4,0
1521490811897,true,1533.595,0,0.03963,0.01537,0.01374,0.001023,0.01375,0.001652,0.01238,0.001908,0.004247,0.02352,0.01224,1.943E-4,0.01207,4.675E-4,0.01034,7.351E-4,0
1521490812033,true,1533.641,0,0.04064,0.01502,0.01374,0.001026,0.0138,0.001652,0.01236,0.00191,0.005256,0.02272,0.01226,1.997E-4,0.0121,4.611E-4,0.01038,7.342E-4,0
1521490812068,true,1533.699,0,0.0417,0.01534,0.01372,0.001024,0.01383,0.001659,0.01237,0.001908,0.005931,0.0221,0.0123,1.96E-4,0.01212,4.609E-4,0.01043,7.264E-4,0
1521490812103,true,1533.756,0,0.04245,0.01568,0.01375,0.001013,0.01385,0.001659,0.01241,0.001906,0.005235,0.02252,0.01236,1.847E-4,0.01212,4.671E-4,0.01048,7.166E-4,0
1521490812138,true,1533.814,0,0.04147,0.01614,0.0138,0.001006,0.01383,0.00166,0.01245,0.001905,0.004225,0.02327,0.0124,1.732E-4,0.01214,4.691E-4,0.01049,7.142E-4,0
1521490812173,true,1533.871,0,0.0401,0.01581,0.01383,0.001006,0.01383,0.001652,0.01248,0.001903,0.003767,0.02391,0.0124,1.73E-4,0.01218,4.641E-4,0.01048,7.193E-4,0
1521490812333,true,1533.941,0,0.04002,0.01511,0.01384,0.001008,0.01385,0.001649,0.01245,0.001907,0.004046,0.02369,0.01239,1.784E-4,0.01222,4.496E-4,0.01048,7.209E-4,0
1521490812368,true,1533.999,0,0.04078,0.01492,0.01381,0.00101,0.01388,0.00165,0.01243,0.001906,0.004849,0.02286,0.01238,1.804E-4,0.01223,4.418E-4,0.01051,7.153E-4,0
1521490812403,true,1534.056,0,0.04129,0.01511,0.01377,0.001007,0.0139,0.001654,0.01244,0.0019,0.005149,0.0224,0.01239,1.794E-4,0.01221,4.471E-4,0.01053,7.029E-4,0
1521490812438,true,1534.114,0,0.04143,0.01536,0.01377,0.001004,0.01388,0.001661,0.01245,0.001902,0.004398,0.02276,0.0124,1.711E-4,0.01219,4.565E-4,0.01055,6.956E-4,0
1521490812473,true,1534.171,0,0.0401,0.01545,0.01379,0.001004,0.01384,0.001659,0.01247,0.001907,0.00394,0.02307,0.01242,1.625E-4,0.01219,4.603E-4,0.01055,6.962E-4,0
1521490812608,true,1534.216,0,0.03897,0.01496,0.01382,0.001003,0.01385,0.001652,0.01249,0.00191,0.004085,0.02331,0.01241,1.676E-4,0.01221,4.543E-4,0.01053,7.054E-4,0
1521490812643,true,1534.274,0,0.03942,0.01447,0.01381,0.001006,0.01389,0.001649,0.01247,0.001911,0.00497,0.02263,0.01241,1.723E-4,0.01224,4.408E-4,0.01054,7.079E-4,0
1521490812678,true,1534.331,0,0.04046,0.01473,0.01378,0.001007,0.01392,0.001649,0.01247,0.001904,0.005846,0.02183,0.01243,1.725E-4,0.01224,4.404E-4,0.01057,7.043E-4,0
1521490812713,true,1534.389,0,0.04119,0.01504,0.01378,9.997E-4,0.01393,0.001651,0.01248,0.001901,0.005589,0.02191,0.01246,1.656E-4,0.01222,4.485E-4,0.0106,6.918E-4,0
1521490812748,true,1534.446,0,0.0407,0.01555,0.01381,9.954E-4,0.01391,0.001652,0.0125,0.001902,0.004392,0.02274,0.0125,1.51E-4,0.01222,4.488E-4,0.01062,6.839E-4,0
1521490812908,true,1534.515,0,0.03905,0.01546,0.01383,9.975E-4,0.01388,0.001648,0.01252,0.001904,0.003864,0.02329,0.01251,1.448E-4,0.01225,4.449E-4,0.0106,6.91E-4,0
1521490812943,true,1534.573,0,0.03833,0.01479,0.01386,9.975E-4,0.01391,0.001641,0.0125,0.001908,0.0041,0.02327,0.01248,1.528E-4,0.01229,4.291E-4,0.01058,6.963E-4,0
1521490812977,true,1534.63,0,0.03885,0.0145,0.01381,0.001007,0.01393,0.001644,0.01246,0.001908,0.004949,0.02243,0.01245,1.604E-4,0.01231,4.147E-4,0.0106,6.933E-4,0
1521490813013,true,1534.688,0,0.03937,0.01472,0.01375,0.001008,0.01395,0.001646,0.01245,0.001901,0.005499,0.02173,0.01244,1.609E-4,0.01228,4.179E-4,0.01062,6.849E-4,0
1521490813048,true,1534.745,0,0.03966,0.0149,0.01373,0.001002,0.01393,0.001652,0.01247,0.001899,0.004836,0.02199,0.01245,1.516E-4,0.01225,4.241E-4,0.01064,6.719E-4,0
1521490813183,true,1534.791,0,0.03849,0.01512,0.01373,9.998E-4,0.01387,0.001655,0.01247,0.001901,0.004216,0.02242,0.01245,1.413E-4,0.01224,4.232E-4,0.01062,6.716E-4,0
1521490813218,true,1534.849,0,0.0372,0.01472,0.01373,0.001004,0.01384,0.001648,0.01246,0.001905,0.004338,0.02257,0.01241,1.453E-4,0.01224,4.183E-4,0.01057,6.859E-4,0
1521490813253,true,1534.906,0,0.03737,0.01414,0.0137,0.00101,0.01386,0.001644,0.01242,0.00191,0.004969,0.02212,0.01238,1.531E-4,0.01226,4.049E-4,0.01055,6.919E-4,0
1521490813288,true,1534.964,0,0.03844,0.01422,0.01365,0.001013,0.01387,0.001643,0.0124,0.001904,0.006051,0.02114,0.01236,1.583E-4,0.01226,3.986E-4,0.01057,6.904E-4,0
1521490813323,true,1535.021,0,0.03928,0.01458,0.01362,0.001013,0.01388,0.001645,0.01239,0.0019,0.00608,0.02097,0.01238,1.53E-4,0.01224,3.977E-4,0.01059,6.818E-4,0
1521490813483,true,1535.091,0,0.03928,0.01506,0.01364,0.00101,0.01386,0.001647,0.0124,0.001904,0.004933,0.02175,0.0124,1.401E-4,0.01223,4.021E-4,0.0106,6.765E-4,0
1521490813518,true,1535.149,0,0.03775,0.01518,0.01366,0.001014,0.01382,0.001642,0.01241,0.001905,0.004273,0.02235,0.01243,1.305E-4,0.01225,3.99E-4,0.01058,6.808E-4,0
1521490813553,true,1535.206,0,0.03658,0.01463,0.01366,0.001015,0.01382,0.001638,0.0124,0.001909,0.004237,0.02263,0.0124,1.381E-4,0.01227,3.878E-4,0.01055,6.89E-4,0
1521490813588,true,1535.264,0,0.03692,0.01417,0.01364,0.001021,0.01384,0.001638,0.01236,0.001909,0.005052,0.02192,0.01236,1.462E-4,0.01229,3.76E-4,0.01055,6.882E-4,0
1521490813623,true,1535.321,0,0.03752,0.01429,0.01358,0.001023,0.01385,0.001641,0.01234,0.001902,0.00584,0.0211,0.01235,1.47E-4,0.01228,3.723E-4,0.01057,6.778E-4,0
1521490813783,true,1535.391,0,0.03781,0.0145,0.01354,0.001017,0.01384,0.001646,0.01234,0.001899,0.005485,0.02106,0.01235,1.413E-4,0.01224,3.811E-4,0.0106,6.649E-4,0
1521490813818,true,1535.449,0,0.03695,0.01488,0.01354,0.001015,0.01378,0.001649,0.01235,0.001899,0.004798,0.0214,0.01235,1.295E-4,0.01222,3.855E-4,0.01058,6.61E-4,0
1521490813853,true,1535.506,0,0.0356,0.0146,0.01353,0.001017,0.01374,0.001643,0.01234,0.0019,0.004677,0.02159,0.01232,1.272E-4,0.01221,3.861E-4,0.01053,6.728E-4,0
1521490813888,true,1535.564,0,0.03542,0.01394,0.01352,0.00102,0.01373,0.001641,0.01229,0.001905,0.005058,0.02142,0.01226,1.376E-4,0.01221,3.762E-4,0.01047,6.831E-4,0
1521490813923,true,1535.621,0,0.03663,0.01375,0.01346,0.001029,0.01373,0.001644,0.01225,0.001903,0.005943,0.02058,0.01223,1.446E-4,0.0122,3.687E-4,0.01047,6.843E-4,0
1521490814058,true,1535.666,0,0.03749,0.01409,0.01341,0.00103,0.01372,0.001648,0.01224,0.001895,0.006247,0.02015,0.01223,1.432E-4,0.01218,3.701E-4,0.01048,6.756E-4,0
1521490814093,true,1535.724,0,0.03808,0.01443,0.01341,0.001027,0.01369,0.001654,0.01225,0.001893,0.005401,0.02073,0.01225,1.345E-4,0.01216,3.745E-4,0.0105,6.629E-4,0
1521490814128,true,1535.781,0,0.03694,0.01466,0.01343,0.001029,0.01364,0.001653,0.01226,0.001893,0.004567,0.02131,0.01226,1.26E-4,0.01216,3.731E-4,0.01049,6.603E-4,0
1521490814163,true,1535.839,0,0.03572,0.01418,0.01344,0.001032,0.01363,0.001645,0.01225,0.001898,0.004282,0.02175,0.01224,1.299E-4,0.01218,3.653E-4,0.01044,6.713E-4,0
1521490814198,true,1535.896,0,0.03581,0.0136,0.01341,0.00104,0.01364,0.001641,0.0122,0.001901,0.004838,0.02124,0.0122,1.397E-4,0.0122,3.539E-4,0.01042,6.762E-4,0
1521490814333,true,1535.941,0,0.03653,0.01369,0.01335,0.001045,0.01366,0.001642,0.01217,0.001898,0.005768,0.02037,0.01219,1.427E-4,0.01219,3.524E-4,0.01043,6.737E-4,0
1521490814368,true,1535.999,0,0.03704,0.0139,0.01331,0.001042,0.01365,0.001646,0.01218,0.001892,0.005574,0.02026,0.01219,1.391E-4,0.01215,3.596E-4,0.01045,6.637E-4,0
1521490814403,true,1536.056,0,0.03681,0.01425,0.01332,0.001036,0.0136,0.001651,0.01219,0.001891,0.004772,0.02066,0.01219,1.324E-4,0.0121,3.706E-4,0.01044,6.567E-4,0
1521490814438,true,1536.114,0,0.03546,0.01415,0.01331,0.001038,0.01354,0.001645,0.01219,0.001893,0.004397,0.02102,0.01217,1.266E-4,0.0121,3.671E-4,0.0104,6.636E-4,0
1521490814473,true,1536.171,0,0.03473,0.0136,0.01329,0.001042,0.01352,0.001638,0.01215,0.001896,0.004584,0.02109,0.01212,1.344E-4,0.01209,3.603E-4,0.01034,6.731E-4,0
1521490814633,true,1536.242,0,0.03566,0.01329,0.01322,0.001052,0.0135,0.001642,0.01209,0.001895,0.005504,0.02029,0.01207,1.405E-4,0.01208,3.526E-4,0.01031,6.773E-4,0
1521490814668,true,1536.3,0,0.03652,0.01369,0.01315,0.001057,0.01349,0.001644,0.01206,0.001891,0.006071,0.01963,0.01205,1.429E-4,0.01203,3.571E-4,0.01028,6.763E-4,0
1521490814703,true,1536.357,0,0.03728,0.01408,0.01314,0.001051,0.01346,0.001651,0.01206,0.00189,0.005277,0.02008,0.01206,1.368E-4,0.01199,3.635E-4,0.01029,6.65E-4,0
1521490814738,true,1536.415,0,0.03643,0.01453,0.01315,0.001052,0.01341,0.001654,0.01206,0.001889,0.004185,0.02079,0.01207,1.258E-4,0.01198,3.657E-4,0.01028,6.588E-4,0
1521490814773,true,1536.472,0,0.0351,0.01423,0.01316,0.001052,0.01339,0.001645,0.01206,0.00189,0.003735,0.02129,0.01205,1.291E-4,0.01199,3.605E-4,0.01024,6.639E-4,0
1521490814908,true,1536.516,0,0.03506,0.01357,0.01316,0.001058,0.01339,0.001642,0.01202,0.001894,0.004042,0.02104,0.012,1.42E-4,0.012,3.507E-4,0.01021,6.685E-4,0
1521490814943,true,1536.574,0,0.03583,0.01345,0.01309,0.001064,0.01339,0.001647,0.01198,0.001892,0.004838,0.02018,0.01196,1.496E-4,0.01199,3.467E-4,0.01022,6.646E-4,0
1521490814978,true,1536.631,0,0.03641,0.01369,0.01304,0.001063,0.01339,0.001649,0.01197,0.001885,0.005149,0.01968,0.01195,1.531E-4,0.01195,3.573E-4,0.01022,6.555E-4,0
1521490815013,true,1536.689,0,0.03664,0.014,0.01303,0.00106,0.01335,0.001656,0.01198,0.001886,0.004355,0.02011,0.01196,1.428E-4,0.0119,3.685E-4,0.01022,6.433E-4,0
1521490815048,true,1536.746,0,0.0353,0.01413,0.01303,0.001063,0.01328,0.001653,0.01196,0.001892,0.003819,0.02053,0.01195,1.348E-4,0.01189,3.711E-4,0.01019,6.434E-4,0
1521490815208,true,1536.817,0,0.03426,0.01359,0.01303,0.001065,0.01326,0.001643,0.01193,0.001898,0.0039,0.02072,0.01191,1.395E-4,0.01188,3.646E-4,0.01013,6.516E-4,0
1521490815243,true,1536.875,0,0.03506,0.01312,0.01299,0.001074,0.01325,0.001642,0.01188,0.0019,0.004612,0.02019,0.01186,1.476E-4,0.01187,3.559E-4,0.01009,6.551E-4,0
1521490815277,true,1536.932,0,0.03605,0.01344,0.01291,0.001079,0.01324,0.001643,0.01182,0.001895,0.005388,0.01942,0.01183,1.522E-4,0.01183,3.565E-4,0.01007,6.517E-4,0
1521490815313,true,1536.99,0,0.03655,0.01389,0.01286,0.001083,0.01321,0.001649,0.0118,0.001892,0.004927,0.01962,0.01182,1.491E-4,0.01176,3.673E-4,0.01006,6.406E-4,0
1521490815348,true,1537.047,0,0.03627,0.01438,0.01287,0.001085,0.01316,0.001654,0.01178,0.001897,0.003673,0.02042,0.01182,1.416E-4,0.01174,3.708E-4,0.01005,6.314E-4,0
1521490815508,true,1537.117,0,0.03486,0.01425,0.01288,0.001087,0.01311,0.001653,0.01177,0.001897,0.002969,0.02107,0.0118,1.424E-4,0.01174,3.702E-4,0.01001,6.349E-4,0
1521490815543,true,1537.175,0,0.03425,0.01365,0.01288,0.001093,0.01311,0.001649,0.01173,0.001901,0.003083,0.02112,0.01176,1.546E-4,0.01175,3.592E-4,0.009964,6.428E-4,0
1521490815578,true,1537.232,0,0.03496,0.01336,0.01283,0.0011,0.01311,0.001655,0.01169,0.001902,0.003797,0.02041,0.01172,1.64E-4,0.01175,3.508E-4,0.009955,6.406E-4,0
1521490815613,true,1537.29,0,0.0355,0.01374,0.01278,0.001101,0.01311,0.001662,0.01167,0.001897,0.004411,0.01972,0.0117,1.679E-4,0.01171,3.564E-4,0.009961,6.324E-4,0
1521490815648,true,1537.347,0,0.03617,0.014,0.01277,0.001097,0.01309,0.00167,0.01167,0.001898,0.003842,0.02,0.01169,1.659E-4,0.01166,3.699E-4,0.009969,6.197E-4,0
1521490815783,true,1537.392,0,0.03508,0.01443,0.01277,0.001099,0.01304,0.001671,0.01166,0.001902,0.003227,0.02042,0.01169,1.563E-4,0.01164,3.708E-4,0.009938,6.188E-4,0
1521490815818,true,1537.45,0,0.03394,0.01411,0.01277,0.001102,0.01301,0.001666,0.01164,0.001908,0.003276,0.02072,0.01165,1.594E-4,0.01164,3.667E-4,0.009874,6.313E-4,0
1521490815853,true,1537.507,0,0.03427,0.01352,0.01274,0.00111,0.01299,0.001668,0.01159,0.001912,0.003893,0.02033,0.0116,1.662E-4,0.01163,3.572E-4,0.009825,6.387E-4,0
1521490815888,true,1537.565,0,0.03565,0.0136,0.01268,0.001116,0.01299,0.00167,0.01153,0.001914,0.004754,0.01951,0.01157,1.693E-4,0.0116,3.525E-4,0.009794,6.402E-4,0
1521490815923,true,1537.622,0,0.03639,0.01407,0.01264,0.001116,0.01298,0.001676,0.0115,0.001912,0.004597,0.01937,0.01155,1.705E-4,0.01153,3.657E-4,0.009764,6.349E-4,0
1521490816083,true,1537.692,0,0.03653,0.01458,0.01263,0.001115,0.01292,0.001686,0.01148,0.001915,0.003376,0.02013,0.01154,1.646E-4,0.01149,3.763E-4,0.009753,6.27E-4,0
1521490816118,true,1537.75,0,0.03522,0.01469,0.01265,0.001116,0.01287,0.001691,0.01148,0.001918,0.002549,0.02081,0.01153,1.619E-4,0.01148,3.796E-4,0.009709,6.322E-4,0
1521490816153,true,1537.807,0,0.03424,0.01415,0.01266,0.001118,0.01287,0.001684,0.01145,0.001922,0.002529,0.02107,0.01148,1.745E-4,0.01148,3.745E-4,0.009655,6.44E-4,0
1521490816188,true,1537.865,0,0.03485,0.0137,0.01262,0.001127,0.01289,0.001689,0.01141,0.001923,0.003287,0.02036,0.01142,1.856E-4,0.01149,3.664E-4,0.009636,6.465E-4,0
1521490816223,true,1537.922,0,0.03554,0.01397,0.01256,0.001133,0.0129,0.001693,0.01138,0.001918,0.004186,0.01949,0.01141,1.899E-4,0.01145,3.71E-4,0.009635,6.422E-4,0
1521490816358,true,1537.967,0,0.03615,0.01428,0.01254,0.001128,0.01289,0.001701,0.01138,0.001917,0.003905,0.01952,0.0114,1.86E-4,0.01139,3.884E-4,0.009644,6.322E-4,0
1521490816393,true,1538.025,0,0.0356,0.01475,0.01256,0.001126,0.01283,0.00171,0.01138,0.001922,0.003138,0.01998,0.0114,1.796E-4,0.01136,3.968E-4,0.009626,6.293E-4,0
1521490816428,true,1538.082,0,0.03441,0.01452,0.01257,0.001127,0.01278,0.001709,0.01138,0.001924,0.002967,0.02026,0.01137,1.792E-4,0.01136,3.963E-4,0.009567,6.419E-4,0
1521490816463,true,1538.14,0,0.03453,0.01388,0.01257,0.00113,0.01278,0.001705,0.01134,0.001929,0.003375,0.02017,0.01133,1.86E-4,0.01135,3.905E-4,0.009508,6.555E-4,0
1521490816498,true,1538.197,0,0.03582,0.0138,0.01252,0.001137,0.01278,0.001711,0.0113,0.001927,0.004236,0.01945,0.01129,1.927E-4,0.01134,3.863E-4,0.009485,6.604E-4,0
1521490816633,true,1538.243,0,0.03667,0.01425,0.01247,0.001134,0.01278,0.001716,0.01127,0.001922,0.004463,0.01912,0.01127,1.929E-4,0.01129,3.952E-4,0.009465,6.575E-4,0
1521490816668,true,1538.301,0,0.03726,0.01465,0.01246,0.001131,0.01274,0.001726,0.01126,0.001926,0.003441,0.01983,0.01126,1.891E-4,0.01123,4.099E-4,0.009451,6.481E-4,0
1521490816703,true,1538.358,0,0.03608,0.01491,0.01248,0.001134,0.0127,0.00173,0.01126,0.00193,0.002572,0.02048,0.01125,1.883E-4,0.01122,4.16E-4,0.009429,6.488E-4,0
1521490816738,true,1538.416,0,0.03492,0.01446,0.01249,0.001137,0.01269,0.001726,0.01126,0.00193,0.002357,0.02086,0.01121,1.987E-4,0.01123,4.114E-4,0.009389,6.579E-4,0
1521490816773,true,1538.473,0,0.03512,0.01394,0.01248,0.001144,0.01271,0.001726,0.01122,0.001936,0.002905,0.02036,0.01117,2.099E-4,0.01124,4.038E-4,0.00937,6.617E-4,0
1521490816934,true,1538.543,0,0.03621,0.01395,0.01242,0.00115,0.01272,0.001732,0.0112,0.001933,0.003824,0.01947,0.01114,2.206E-4,0.01121,4.082E-4,0.00937,6.624E-4,0
1521490816969,true,1538.601,0,0.03691,0.01425,0.01239,0.001147,0.01273,0.001734,0.01121,0.001927,0.003861,0.01927,0.01114,2.212E-4,0.01116,4.224E-4,0.00938,6.556E-4,0
1521490817004,true,1538.658,0,0.03698,0.01472,0.0124,0.001144,0.01269,0.001741,0.01123,0.001928,0.003054,0.01982,0.01113,2.175E-4,0.01113,4.35E-4,0.009377,6.507E-4,0
1521490817039,true,1538.716,0,0.03593,0.01467,0.01241,0.001146,0.01265,0.001737,0.01124,0.001929,0.002701,0.0202,0.01112,2.137E-4,0.01112,4.408E-4,0.009324,6.611E-4,0
1521490817074,true,1538.773,0,0.03549,0.01413,0.01242,0.001148,0.01266,0.001728,0.01122,0.001934,0.002982,0.02035,0.0111,2.196E-4,0.01112,4.38E-4,0.00927,6.757E-4,0
1521490817232,true,1538.841,0,0.0365,0.01386,0.01239,0.001157,0.01266,0.00173,0.01118,0.001934,0.003811,0.01967,0.01106,2.264E-4,0.01112,4.298E-4,0.00925,6.841E-4,0
1521490817267,true,1538.899,0,0.03742,0.01432,0.01233,0.001162,0.01266,0.001735,0.01116,0.00193,0.004431,0.01911,0.01105,2.313E-4,0.01109,4.343E-4,0.009237,6.825E-4,0
1521490817302,true,1538.956,0,0.03805,0.01472,0.01232,0.001157,0.01265,0.001743,0.01117,0.001927,0.00371,0.01956,0.01105,2.314E-4,0.01104,4.48E-4,0.009239,6.745E-4,0
1521490817338,true,1539.014,0,0.03711,0.01522,0.01235,0.001159,0.01261,0.001745,0.01119,0.001926,0.002717,0.02026,0.01106,2.266E-4,0.01103,4.572E-4,0.009237,6.738E-4,0
1521490817373,true,1539.071,0,0.03589,0.01492,0.01238,0.001159,0.01259,0.00174,0.0112,0.001929,0.002359,0.02079,0.01104,2.326E-4,0.01103,4.586E-4,0.009203,6.834E-4,0
1521490817507,true,1539.117,0,0.03582,0.01431,0.01239,0.001162,0.01262,0.001737,0.01119,0.001933,0.002713,0.02055,0.01101,2.457E-4,0.01105,4.524E-4,0.009193,6.923E-4,0
1521490817542,true,1539.175,0,0.03696,0.01411,0.01234,0.001172,0.01265,0.001736,0.01116,0.001928,0.003655,0.01973,0.01099,2.538E-4,0.01105,4.482E-4,0.009202,6.938E-4,0
1521490817577,true,1539.232,0,0.03764,0.01442,0.01231,0.001171,0.01266,0.00174,0.01117,0.001923,0.004057,0.01927,0.011,2.583E-4,0.01101,4.639E-4,0.009218,6.891E-4,0
1521490817612,true,1539.29,0,0.03796,0.01484,0.01232,0.001166,0.01264,0.001747,0.01119,0.001926,0.003386,0.01969,0.01101,2.52E-4,0.01097,4.786E-4,0.009237,6.823E-4,0
1521490817648,true,1539.347,0,0.0369,0.01503,0.01235,0.001165,0.0126,0.001747,0.01121,0.001923,0.002828,0.02019,0.01103,2.451E-4,0.01096,4.863E-4,0.009218,6.871E-4,0
1521490817782,true,1539.391,0,0.0361,0.01457,0.01236,0.001167,0.01258,0.001742,0.01121,0.001928,0.002805,0.02059,0.01101,2.518E-4,0.01097,4.833E-4,0.00918,6.984E-4,0
1521490817817,true,1539.449,0,0.0369,0.01413,0.01235,0.001172,0.0126,0.001738,0.01117,0.00193,0.003478,0.02014,0.01099,2.594E-4,0.01097,4.789E-4,0.00916,7.068E-4,0
1521490817852,true,1539.506,0,0.03796,0.01443,0.0123,0.001176,0.01261,0.001739,0.01115,0.001924,0.00423,0.01955,0.01099,2.622E-4,0.01095,4.814E-4,0.009166,7.08E-4,0
1521490817887,true,1539.564,0,0.03853,0.01491,0.0123,0.00117,0.01261,0.001743,0.01116,0.00192,0.00388,0.01975,0.01101,2.61E-4,0.01092,4.916E-4,0.009179,7.007E-4,0
1521490817922,true,1539.621,0,0.03809,0.01542,0.01234,0.001168,0.01259,0.001746,0.01118,0.001922,0.002778,0.02057,0.01102,2.587E-4,0.01092,4.978E-4,0.009199,6.954E-4,0
1521490818082,true,1539.692,0,0.03668,0.0153,0.01236,0.001172,0.01257,0.001743,0.0112,0.001925,0.002191,0.0212,0.01103,2.592E-4,0.01094,5.002E-4,0.009186,7.021E-4,0
1521490818117,true,1539.75,0,0.03597,0.0147,0.0124,0.001172,0.01259,0.001739,0.0112,0.001929,0.002523,0.0212,0.011,2.723E-4,0.01097,4.925E-4,0.009176,7.13E-4,0
1521490818153,true,1539.807,0,0.03677,0.01442,0.01237,0.00118,0.01261,0.001746,0.01119,0.001925,0.003429,0.02048,0.011,2.826E-4,0.011,4.878E-4,0.009192,7.178E-4,0
1521490818188,true,1539.865,0,0.03731,0.01477,0.01234,0.001183,0.01264,0.001751,0.01121,0.001919,0.004088,0.01982,0.01102,2.894E-4,0.01099,4.97E-4,0.009231,7.149E-4,0
1521490818223,true,1539.922,0,0.03803,0.01509,0.01235,0.001176,0.01263,0.001759,0.01124,0.001918,0.003666,0.02004,0.01105,2.836E-4,0.01096,5.109E-4,0.009266,7.083E-4,0
1521490818382,true,1539.991,0,0.03722,0.01545,0.01238,0.001179,0.01259,0.001761,0.01126,0.001922,0.003029,0.02055,0.01109,2.73E-4,0.01097,5.198E-4,0.009268,7.12E-4,0
1521490818417,true,1540.049,0,0.03603,0.01513,0.01241,0.001179,0.01258,0.001755,0.01127,0.001925,0.002965,0.02097,0.0111,2.75E-4,0.011,5.163E-4,0.009239,7.253E-4,0
1521490818453,true,1540.106,0,0.03639,0.01454,0.01241,0.001181,0.0126,0.00175,0.01125,0.001931,0.003443,0.02077,0.01108,2.843E-4,0.01102,5.109E-4,0.009236,7.316E-4,0
1521490818487,true,1540.164,0,0.03764,0.0146,0.01239,0.001183,0.01262,0.001752,0.01123,0.001925,0.004346,0.02001,0.01108,2.899E-4,0.01103,5.102E-4,0.00925,7.336E-4,0
1521490818523,true,1540.221,0,0.03829,0.01504,0.01237,0.001183,0.01265,0.001752,0.01124,0.001921,0.004357,0.01995,0.0111,2.937E-4,0.011,5.244E-4,0.009273,7.279E-4,0
1521490818657,true,1540.266,0,0.0384,0.01549,0.01242,0.001177,0.01264,0.001762,0.01127,0.001922,0.00326,0.02074,0.01112,2.938E-4,0.011,5.355E-4,0.009303,7.227E-4,0
1521490818692,true,1540.324,0,0.03703,0.01559,0.01247,0.001177,0.01262,0.001762,0.0113,0.001928,0.002694,0.02137,0.01115,2.91E-4,0.01103,5.382E-4,0.009315,7.272E-4,0
1521490818731,true,1540.381,0,0.03614,0.01502,0.01251,0.001178,0.01264,0.001758,0.01132,0.001932,0.002738,0.02166,0.01115,3.0E-4,0.01108,5.356E-4,0.009316,7.394E-4,0
1521490818766,true,1540.439,0,0.03665,0.0146,0.01252,0.001183,0.01269,0.001757,0.01132,0.001934,0.003492,0.02107,0.01115,3.108E-4,0.01112,5.322E-4,0.00934,7.467E-4,0
1521490818801,true,1540.496,0,0.0374,0.01485,0.0125,0.001183,0.01273,0.001761,0.01134,0.001926,0.004429,0.02027,0.01118,3.168E-4,0.01113,5.386E-4,0.009382,7.472E-4,0
1521490818957,true,1540.566,0,0.03802,0.01519,0.01252,0.001177,0.01276,0.001766,0.01139,0.001922,0.004276,0.02036,0.01122,3.154E-4,0.01113,5.512E-4,0.009442,7.399E-4,0
1521490818992,true,1540.624,0,0.03749,0.01569,0.01257,0.001172,0.01274,0.00177,0.01144,0.001923,0.003539,0.02094,0.01127,3.074E-4,0.01114,5.58E-4,0.009475,7.37E-4,0
1521490819028,true,1540.681,0,0.03632,0.01555,0.01262,0.001173,0.01274,0.001764,0.01149,0.001923,0.003374,0.02145,0.01129,3.079E-4,0.01118,5.597E-4,0.009463,7.527E-4,0
1521490819063,true,1540.739,0,0.03625,0.01496,0.01265,0.001175,0.01277,0.001757,0.01149,0.001926,0.003807,0.02141,0.01129,3.155E-4,0.01123,5.518E-4,0.009461,7.643E-4,0
1521490819098,true,1540.796,0,0.03769,0.01473,0.01264,0.001181,0.0128,0.001761,0.01148,0.001924,0.004721,0.02073,0.0113,3.247E-4,0.01126,5.459E-4,0.00949,7.666E-4,0
1521490819232,true,1540.842,0,0.03848,0.0151,0.01262,0.00118,0.01284,0.001762,0.0115,0.001919,0.005017,0.02042,0.01133,3.269E-4,0.01126,5.522E-4,0.009528,7.62E-4,0
1521490819267,true,1540.9,0,0.03884,0.0155,0.01265,0.001176,0.01284,0.001771,0.01154,0.001916,0.004107,0.02105,0.01135,3.234E-4,0.01125,5.631E-4,0.009565,7.553E-4,0
1521490819302,true,1540.957,0,0.03783,0.01567,0.0127,0.001173,0.01282,0.001773,0.01158,0.001918,0.003359,0.02165,0.01139,3.174E-4,0.01128,5.703E-4,0.009588,7.567E-4,0
1521490819338,true,1541.015,0,0.03654,0.01518,0.01274,0.001174,0.01285,0.001766,0.01162,0.00192,0.003386,0.022,0.01141,3.242E-4,0.01132,5.699E-4,0.00959,7.678E-4,0
1521490819373,true,1541.072,0,0.03679,0.0145,0.01277,0.001176,0.01291,0.001764,0.01163,0.001922,0.004137,0.02154,0.01142,3.33E-4,0.01137,5.649E-4,0.009626,7.704E-4,0
1521490819533,true,1541.141,0,0.03776,0.01453,0.01276,0.001179,0.01296,0.001767,0.01165,0.001917,0.005195,0.02069,0.01145,3.377E-4,0.01139,5.683E-4,0.009681,7.701E-4,0
1521490819568,true,1541.199,0,0.03839,0.01484,0.01279,0.00117,0.01301,0.001768,0.0117,0.00191,0.005276,0.02047,0.01149,3.394E-4,0.01139,5.8E-4,0.009745,7.623E-4,0
1521490819603,true,1541.256,0,0.03842,0.01524,0.01284,0.001166,0.01302,0.001774,0.01175,0.001914,0.004511,0.02101,0.01155,3.287E-4,0.01141,5.896E-4,0.009804,7.537E-4,0
1521490819638,true,1541.314,0,0.03725,0.01526,0.0129,0.001165,0.01302,0.00177,0.0118,0.001913,0.004153,0.02153,0.0116,3.235E-4,0.01145,5.896E-4,0.009827,7.596E-4,0
1521490819672,true,1541.371,0,0.03659,0.01479,0.01295,0.001166,0.01306,0.001761,0.01183,0.001913,0.004302,0.02183,0.01161,3.289E-4,0.01151,5.805E-4,0.009838,7.683E-4,0
1521490819807,true,1541.417,0,0.03751,0.01453,0.01296,0.001172,0.01312,0.00176,0.01184,0.001911,0.005113,0.0213,0.01163,3.365E-4,0.01157,5.66E-4,0.009868,7.74E-4,0
1521490819843,true,1541.475,0,0.03837,0.0149,0.01295,0.001171,0.01317,0.001762,0.01186,0.001904,0.005776,0.02076,0.01166,3.397E-4,0.01157,5.706E-4,0.009914,7.709E-4,0
1521490819878,true,1541.532,0,0.03887,0.01528,0.01299,0.00116,0.0132,0.001763,0.0119,0.001899,0.005076,0.02117,0.0117,3.337E-4,0.01158,5.749E-4,0.009964,7.611E-4,0
1521490819912,true,1541.59,0,0.03791,0.01567,0.01303,0.001155,0.0132,0.001761,0.01194,0.001897,0.004171,0.02181,0.01174,3.247E-4,0.0116,5.797E-4,0.009979,7.6E-4,0
1521490819948,true,1541.647,0,0.03657,0.01526,0.01308,0.001157,0.01321,0.001757,0.01198,0.001898,0.003889,0.02225,0.01174,3.284E-4,0.01162,5.817E-4,0.009965,7.726E-4,0
1521490820107,true,1541.716,0,0.03642,0.01456,0.01311,0.001162,0.01326,0.001751,0.01199,0.001901,0.004425,0.02196,0.01174,3.398E-4,0.01166,5.734E-4,0.009985,7.797E-4,0
1521490820142,true,1541.774,0,0.03746,0.01435,0.0131,0.001166,0.01333,0.00175,0.01201,0.001897,0.005536,0.02102,0.01176,3.457E-4,0.0117,5.7E-4,0.01004,7.786E-4,0
1521490820180,true,1541.831,0,0.03831,0.01465,0.01309,0.001164,0.01339,0.001751,0.01206,0.001889,0.006005,0.02058,0.01181,3.419E-4,0.01172,5.749E-4,0.01011,7.731E-4,0
1521490820216,true,1541.889,0,0.03882,0.01501,0.01314,0.001156,0.0134,0.001756,0.01211,0.001888,0.00522,0.02108,0.01186,3.333E-4,0.01172,5.842E-4,0.01017,7.63E-4,0
1521490820251,true,1541.946,0,0.03779,0.0152,0.01319,0.001155,0.0134,0.001754,0.01216,0.001889,0.004789,0.02157,0.01192,3.236E-4,0.01176,5.861E-4,0.01018,7.698E-4,0
1521490820383,true,1541.992,0,0.03688,0.01478,0.01325,0.001154,0.01344,0.001743,0.01219,0.001892,0.00472,0.02204,0.01193,3.274E-4,0.01181,5.797E-4,0.01018,7.832E-4,0
1521490820418,true,1542.05,0,0.03754,0.01434,0.01327,0.001159,0.0135,0.001737,0.01219,0.001892,0.00552,0.02157,0.01195,3.341E-4,0.01186,5.665E-4,0.01021,7.857E-4,0
1521490820453,true,1542.107,0,0.03859,0.01452,0.01325,0.001161,0.01356,0.001736,0.0122,0.001885,0.006341,0.02089,0.01199,3.333E-4,0.01188,5.645E-4,0.01026,7.834E-4,0
1521490820487,true,1542.165,0,0.03924,0.01482,0.01327,0.001155,0.0136,0.001739,0.01224,0.001879,0.00597,0.02104,0.01203,3.279E-4,0.01189,5.677E-4,0.01031,7.731E-4,0
1521490820522,true,1542.222,0,0.03868,0.01532,0.01331,0.001151,0.01361,0.001738,0.01228,0.00188,0.004911,0.02177,0.01207,3.173E-4,0.0119,5.701E-4,0.01035,7.66E-4,0
1521490820683,true,1542.293,0,0.03718,0.01522,0.01335,0.001152,0.01361,0.001731,0.01231,0.001878,0.00448,0.02227,0.01208,3.155E-4,0.01193,5.695E-4,0.01034,7.705E-4,0
1521490820718,true,1542.351,0,0.03662,0.01455,0.01337,0.001151,0.01364,0.001725,0.01231,0.001885,0.004893,0.02213,0.01205,3.255E-4,0.01196,5.617E-4,0.01033,7.797E-4,0
1521490820756,true,1542.408,0,0.03748,0.01427,0.01334,0.001161,0.01368,0.00173,0.01229,0.001889,0.005909,0.02126,0.01205,3.339E-4,0.01198,5.545E-4,0.01034,7.832E-4,0
1521490820791,true,1542.466,0,0.03837,0.0146,0.01331,0.001163,0.01372,0.001732,0.01231,0.001883,0.006686,0.02054,0.01207,3.392E-4,0.01197,5.616E-4,0.01038,7.793E-4,0
1521490820826,true,1542.523,0,0.03908,0.01495,0.01333,0.001158,0.01373,0.001739,0.01236,0.001882,0.006167,0.02085,0.01211,3.336E-4,0.01195,5.725E-4,0.01042,7.709E-4,0
1521490820982,true,1542.592,0,0.03819,0.01545,0.01338,0.001154,0.0137,0.001741,0.01239,0.001886,0.005394,0.02147,0.01216,3.23E-4,0.01197,5.75E-4,0.01044,7.717E-4,0
1521490821018,true,1542.65,0,0.03701,0.01517,0.01343,0.001153,0.01371,0.001732,0.01242,0.001885,0.005206,0.02197,0.01218,3.204E-4,0.01201,5.688E-4,0.01043,7.816E-4,0
1521490821053,true,1542.707,0,0.03722,0.01462,0.01345,0.001157,0.01376,0.001725,0.01241,0.00189,0.005702,0.02173,0.01218,3.293E-4,0.01206,5.567E-4,0.01043,7.914E-4,0
1521490821088,true,1542.765,0,0.03838,0.01469,0.01343,0.001162,0.01381,0.001726,0.0124,0.001886,0.006571,0.02105,0.01219,3.373E-4,0.01209,5.498E-4,0.01046,7.929E-4,0
1521490821123,true,1542.822,0,0.03904,0.01508,0.01342,0.001162,0.01385,0.001726,0.01243,0.001878,0.006565,0.02096,0.01222,3.355E-4,0.01208,5.552E-4,0.0105,7.834E-4,0
1521490821232,true,1542.842,0,0.03904,0.01542,0.01345,0.001156,0.01385,0.001731,0.01247,0.001877,0.005493,0.02167,0.01225,3.287E-4,0.01208,5.579E-4,0.01054,7.717E-4,0
1521490821268,true,1542.9,0,0.03762,0.01548,0.01349,0.001158,0.01382,0.00173,0.0125,0.001878,0.00485,0.02221,0.01226,3.221E-4,0.01209,5.58E-4,0.01052,7.766E-4,0
1521490821306,true,1542.957,0,0.03657,0.01492,0.0135,0.001161,0.01383,0.001724,0.01249,0.001883,0.004897,0.02246,0.01222,3.352E-4,0.01211,5.52E-4,0.0105,7.866E-4,0
1521490821341,true,1543.015,0,0.03711,0.01444,0.01346,0.001171,0.01387,0.00172,0.01247,0.001885,0.005768,0.02179,0.01219,3.431E-4,0.01213,5.415E-4,0.0105,7.898E-4,0
1521490821376,true,1543.072,0,0.03785,0.01474,0.01341,0.001175,0.01388,0.00172,0.01245,0.001879,0.006682,0.02099,0.01219,3.44E-4,0.01211,5.45E-4,0.01051,7.877E-4,0
1521490821533,true,1543.142,0,0.03862,0.01514,0.01338,0.001173,0.01388,0.001724,0.01247,0.001877,0.006507,0.02099,0.01219,3.433E-4,0.01207,5.579E-4,0.01053,7.805E-4,0
1521490821567,true,1543.2,0,0.03807,0.01571,0.01341,0.00117,0.01384,0.001729,0.01249,0.001882,0.005767,0.02155,0.01222,3.303E-4,0.01206,5.646E-4,0.01053,7.774E-4,0
1521490821606,true,1543.257,0,0.03693,0.01555,0.01345,0.00117,0.01381,0.001724,0.0125,0.001884,0.005404,0.02211,0.01222,3.274E-4,0.01208,5.652E-4,0.01051,7.892E-4,0
1521490821641,true,1543.315,0,0.03675,0.01498,0.01347,0.001169,0.01383,0.001718,0.01249,0.001888,0.005684,0.02216,0.0122,3.372E-4,0.0121,5.554E-4,0.01049,7.981E-4,0
1521490821676,true,1543.372,0,0.03772,0.01491,0.01344,0.001175,0.01385,0.001717,0.01246,0.001885,0.006501,0.02144,0.0122,3.43E-4,0.01213,5.465E-4,0.0105,8.005E-4,0
1521490821833,true,1543.443,0,0.03847,0.01527,0.01341,0.001174,0.01387,0.00172,0.01246,0.00188,0.006773,0.02103,0.01222,3.398E-4,0.01211,5.494E-4,0.01053,7.913E-4,0
1521490821868,true,1543.501,0,0.03887,0.01563,0.01341,0.001171,0.01385,0.001728,0.01248,0.001878,0.005819,0.02156,0.01224,3.332E-4,0.01208,5.578E-4,0.01055,7.795E-4,0
1521490821902,true,1543.558,0,0.03769,0.01578,0.01344,0.00117,0.01381,0.001729,0.0125,0.001881,0.00498,0.02213,0.01226,3.236E-4,0.01209,5.603E-4,0.01055,7.783E-4,0
1521490821937,true,1543.616,0,0.03641,0.01526,0.01345,0.001174,0.0138,0.001722,0.01251,0.001882,0.004699,0.02255,0.01223,3.285E-4,0.0121,5.553E-4,0.01051,7.875E-4,0
1521490821973,true,1543.673,0,0.03661,0.01464,0.01343,0.00118,0.01382,0.001716,0.01247,0.001885,0.005323,0.02203,0.01219,3.333E-4,0.01212,5.43E-4,0.01049,7.934E-4,0
1521490822132,true,1543.742,0,0.03766,0.01461,0.01337,0.001181,0.01382,0.001719,0.01244,0.001883,0.006415,0.02105,0.01216,3.365E-4,0.01209,5.424E-4,0.01048,7.973E-4,0
1521490822168,true,1543.8,0,0.03831,0.01503,0.01333,0.001179,0.0138,0.001721,0.01243,0.001879,0.006369,0.02087,0.01216,3.322E-4,0.01204,5.532E-4,0.01048,7.894E-4,0
1521490822203,true,1543.857,0,0.03827,0.01549,0.01332,0.001179,0.01375,0.001724,0.01243,0.001879,0.005434,0.02146,0.01216,3.223E-4,0.012,5.63E-4,0.01046,7.868E-4,0
1521490822238,true,1543.915,0,0.03699,0.01558,0.01333,0.001182,0.01368,0.001724,0.01242,0.00188,0.004779,0.02206,0.01216,3.148E-4,0.01199,5.641E-4,0.0104,8.013E-4,0
1521490822273,true,1543.972,0,0.03638,0.01507,0.01334,0.001184,0.01368,0.001717,0.0124,0.001884,0.00473,0.02237,0.01212,3.214E-4,0.012,5.585E-4,0.01035,8.127E-4,0
1521490822408,true,1544.018,0,0.03722,0.01477,0.01331,0.001191,0.0137,0.001715,0.01236,0.001884,0.005418,0.02177,0.01208,3.3E-4,0.01201,5.486E-4,0.01033,8.165E-4,0
1521490822443,true,1544.076,0,0.03802,0.0151,0.01326,0.001192,0.01371,0.001715,0.01234,0.001875,0.005898,0.02124,0.01208,3.351E-4,0.01199,5.511E-4,0.01035,8.114E-4,0
1521490822478,true,1544.133,0,0.03849,0.01547,0.01324,0.001189,0.01371,0.00172,0.01236,0.001871,0.005174,0.02159,0.01209,3.315E-4,0.01196,5.585E-4,0.01036,7.98E-4,0
1521490822512,true,1544.191,0,0.03765,0.01587,0.01326,0.001188,0.01367,0.001723,0.01237,0.00187,0.00426,0.02219,0.01209,3.218E-4,0.01195,5.645E-4,0.01036,7.928E-4,0
1521490822548,true,1544.248,0,0.03641,0.01547,0.01328,0.001187,0.01364,0.001715,0.01238,0.001868,0.003984,0.02252,0.01208,3.224E-4,0.01196,5.633E-4,0.01032,8.02E-4,0
1521490822682,true,1544.293,0,0.03631,0.01472,0.01327,0.001189,0.01365,0.001709,0.01234,0.001875,0.004459,0.02221,0.01203,3.334E-4,0.01196,5.562E-4,0.01028,8.105E-4,0
1521490822718,true,1544.351,0,0.03738,0.0145,0.01321,0.001196,0.01364,0.001709,0.0123,0.001869,0.005562,0.02117,0.012,3.368E-4,0.01195,5.515E-4,0.01028,8.131E-4,0
1521490822753,true,1544.408,0,0.03825,0.0147,0.01315,0.001192,0.01363,0.001708,0.01228,0.001862,0.005952,0.02062,0.012,3.351E-4,0.0119,5.615E-4,0.01027,8.051E-4,0
1521490822788,true,1544.466,0,0.03877,0.01492,0.01314,0.001187,0.01357,0.001712,0.01227,0.001864,0.005261,0.0209,0.01199,3.244E-4,0.01185,5.678E-4,0.01025,7.941E-4,0
1521490822823,true,1544.523,0,0.03757,0.01497,0.01313,0.001187,0.01349,0.001706,0.01225,0.001865,0.004623,0.02131,0.01197,3.136E-4,0.01182,5.7E-4,0.01019,7.976E-4,0
1521490822983,true,1544.593,0,0.03636,0.0144,0.01311,0.00119,0.01344,0.001696,0.01221,0.001867,0.004475,0.02158,0.01191,3.177E-4,0.0118,5.621E-4,0.0101,8.104E-4,0
1521490823018,true,1544.651,0,0.03651,0.01381,0.01308,0.001196,0.01344,0.001691,0.01214,0.001867,0.005075,0.021,0.01185,3.272E-4,0.0118,5.462E-4,0.01006,8.141E-4,0
1521490823053,true,1544.708,0,0.03701,0.01394,0.013,0.001202,0.01343,0.001692,0.01208,0.001865,0.005894,0.02015,0.01182,3.294E-4,0.01177,5.412E-4,0.01004,8.096E-4,0
1521490823088,true,1544.766,0,0.03722,0.01413,0.01295,0.001198,0.0134,0.001696,0.01206,0.001861,0.005509,0.02005,0.01181,3.241E-4,0.01172,5.499E-4,0.01004,7.975E-4,0
1521490823123,true,1544.823,0,0.03639,0.01439,0.01295,0.001194,0.01335,0.001695,0.01204,0.001865,0.004538,0.02047,0.01182,3.11E-4,0.01168,5.544E-4,0.01002,7.862E-4,0
1521490823258,true,1544.868,0,0.03466,0.01408,0.01294,0.001194,0.01329,0.001689,0.01203,0.001867,0.004091,0.02068,0.01179,3.104E-4,0.01166,5.54E-4,0.009969,7.872E-4,0
1521490823293,true,1544.926,0,0.03374,0.01333,0.01292,0.001195,0.01327,0.001683,0.01199,0.001872,0.004521,0.02042,0.01173,3.168E-4,0.01165,5.487E-4,0.009909,7.964E-4,0
1521490823337,true,1544.983,0,0.03423,0.01288,0.01286,0.001198,0.01326,0.001683,0.01193,0.001871,0.00548,0.01941,0.01169,3.247E-4,0.01165,5.37E-4,0.009889,7.99E-4,0
1521490823372,true,1545.041,0,0.03468,0.01304,0.01279,0.001197,0.01324,0.001683,0.0119,0.001865,0.006264,0.01849,0.01167,3.257E-4,0.01159,5.431E-4,0.009872,7.951E-4,0
1521490823407,true,1545.098,0,0.03518,0.01323,0.01276,0.00119,0.01319,0.001686,0.01189,0.001864,0.005755,0.01857,0.01167,3.152E-4,0.01153,5.489E-4,0.009846,7.876E-4,0
