1504814520214,true,1613.275,0,0.004408,-5.896E-4,0.002324,5.158E-4,0.002787,8.591E-4,0.002564,0.001078,0.01231,-0.004753,0.00244,4.203E-4,0.003657,6.632E-4,0.003076,6.913E-4,1
1504814520249,true,1613.333,0,0.004571,-7.499E-4,0.002357,5.147E-4,0.002833,8.569E-4,0.002593,0.001078,0.01264,-0.004986,0.002494,4.179E-4,0.003704,6.625E-4,0.003139,6.834E-4,1
1504814520284,true,1613.39,0,0.004659,-6.81E-4,0.002383,5.101E-4,0.002862,8.621E-4,0.002628,0.001074,0.01306,-0.005355,0.002543,4.131E-4,0.003741,6.644E-4,0.003186,6.778E-4,1
1504814520445,true,1613.459,0,0.004803,-6.505E-4,0.002409,5.074E-4,0.002881,8.664E-4,0.002654,0.001074,0.01301,-0.005267,0.002582,4.108E-4,0.003782,6.593E-4,0.003229,6.699E-4,1
1504814520479,true,1613.517,0,0.004739,-8.061E-4,0.002438,5.057E-4,0.002902,8.648E-4,0.002677,0.001075,0.013,-0.00521,0.002623,4.051E-4,0.003825,6.524E-4,0.003261,6.634E-4,1
1504814520514,true,1613.574,0,0.004331,-9.961E-4,0.002463,5.023E-4,0.002923,8.614E-4,0.00269,0.001077,0.0129,-0.004984,0.002659,3.978E-4,0.003845,6.514E-4,0.003282,6.607E-4,1
1504814520549,true,1613.632,0,0.004594,-0.001185,0.002484,5.004E-4,0.002939,8.583E-4,0.002697,0.001081,0.01303,-0.005081,0.002683,3.926E-4,0.003871,6.484E-4,0.003294,6.59E-4,1
1504814520583,true,1613.689,0,0.00509,-0.001054,0.002498,5.009E-4,0.002971,8.596E-4,0.002711,0.001078,0.01348,-0.005482,0.002721,3.866E-4,0.003912,6.469E-4,0.003317,6.578E-4,1
1504814520744,true,1613.76,0,0.005287,-7.51E-4,0.002529,4.983E-4,0.003005,8.585E-4,0.002741,0.001075,0.01352,-0.005481,0.00276,3.827E-4,0.003958,6.479E-4,0.003365,6.551E-4,1
1504814520779,true,1613.818,0,0.005414,-5.924E-4,0.002557,4.973E-4,0.003039,8.588E-4,0.002787,0.00107,0.01304,-0.005004,0.002807,3.735E-4,0.004011,6.467E-4,0.003417,6.518E-4,1
1504814520814,true,1613.875,0,0.005187,-6.507E-4,0.002597,4.932E-4,0.003088,8.529E-4,0.00283,0.001067,0.01269,-0.004602,0.002862,3.656E-4,0.004084,6.426E-4,0.003467,6.503E-4,1
1504814520849,true,1613.933,0,0.004843,-9.626E-4,0.002636,4.907E-4,0.00314,8.464E-4,0.00286,0.001066,0.01267,-0.004491,0.002903,3.604E-4,0.004144,6.41E-4,0.003517,6.463E-4,1
1504814520883,true,1613.99,0,0.005122,-0.001219,0.002669,4.87E-4,0.003191,8.429E-4,0.002893,0.001061,0.01299,-0.004756,0.002947,3.509E-4,0.004199,6.397E-4,0.003571,6.435E-4,1
1504814521019,true,1614.033,0,0.005212,-0.001138,0.002691,4.811E-4,0.00323,8.369E-4,0.002928,0.001056,0.01356,-0.005293,0.002985,3.453E-4,0.004244,6.407E-4,0.003629,6.361E-4,1
1504814521054,true,1614.091,0,0.005318,-0.001037,0.002713,4.755E-4,0.003268,8.349E-4,0.002956,0.001051,0.01347,-0.005266,0.00302,3.386E-4,0.004279,6.392E-4,0.003676,6.348E-4,1
1504814521089,true,1614.148,0,0.004856,-7.892E-4,0.002734,4.689E-4,0.003289,8.326E-4,0.002981,0.001048,0.01354,-0.005334,0.003045,3.321E-4,0.004317,6.403E-4,0.003711,6.303E-4,1
1504814521123,true,1614.206,0,0.00465,-9.614E-4,0.002754,4.665E-4,0.003301,8.306E-4,0.003003,0.001042,0.01364,-0.005321,0.003061,3.272E-4,0.004352,6.399E-4,0.003734,6.276E-4,1
1504814521158,true,1614.263,0,0.004873,-0.001272,0.002765,4.645E-4,0.003317,8.244E-4,0.003011,0.001042,0.01399,-0.005576,0.003076,3.209E-4,0.004382,6.368E-4,0.003743,6.273E-4,1
1504814521320,true,1614.335,0,0.00541,-0.001284,0.002772,4.62E-4,0.00333,8.224E-4,0.003018,0.001033,0.01437,-0.005943,0.00309,3.112E-4,0.00441,6.309E-4,0.003751,6.217E-4,1
1504814521355,true,1614.393,0,0.005545,-9.663E-4,0.002772,4.581E-4,0.003342,8.164E-4,0.003018,0.001025,0.01452,-0.00617,0.003107,3.021E-4,0.004415,6.276E-4,0.003753,6.171E-4,1
1504814521389,true,1614.45,0,0.005662,-7.42E-4,0.002774,4.542E-4,0.003359,8.098E-4,0.003017,0.00102,0.01436,-0.00607,0.003114,2.933E-4,0.004424,6.248E-4,0.003738,6.117E-4,1
1504814521424,true,1614.508,0,0.005321,-7.85E-4,0.002764,4.526E-4,0.003358,8.015E-4,0.003013,0.001013,0.01394,-0.005758,0.003101,2.871E-4,0.004422,6.205E-4,0.003719,6.06E-4,1
1504814521459,true,1614.565,0,0.004821,-0.001087,0.002761,4.509E-4,0.003349,7.973E-4,0.002998,0.00101,0.01382,-0.005681,0.003084,2.828E-4,0.004414,6.167E-4,0.003691,6.053E-4,1
1504814521595,true,1614.609,0,0.004779,-0.001386,0.002747,4.556E-4,0.003354,7.962E-4,0.003004,0.001002,0.01406,-0.005902,0.003072,2.815E-4,0.004421,6.15E-4,0.003674,6.109E-4,1
1504814521629,true,1614.667,0,0.005009,-0.001368,0.002753,4.5E-4,0.003373,7.925E-4,0.003005,9.966E-4,0.01455,-0.006509,0.003079,2.753E-4,0.004451,6.114E-4,0.003692,6.108E-4,1
1504814521664,true,1614.724,0,0.005159,-0.001233,0.002761,4.467E-4,0.003385,7.916E-4,0.003019,9.951E-4,0.01465,-0.006675,0.003092,2.689E-4,0.004482,6.081E-4,0.003724,6.051E-4,1
1504814521699,true,1614.782,0,0.005067,-0.001135,0.002784,4.416E-4,0.003402,7.915E-4,0.003043,9.889E-4,0.0145,-0.00666,0.003114,2.622E-4,0.004524,6.025E-4,0.003746,6.006E-4,1
1504814521733,true,1614.839,0,0.004686,-0.001135,0.002797,4.376E-4,0.003428,7.812E-4,0.00306,9.835E-4,0.01442,-0.006597,0.003124,2.556E-4,0.004545,6.04E-4,0.003771,5.945E-4,1
1504814521894,true,1614.91,0,0.004522,-0.001361,0.002812,4.347E-4,0.003438,7.765E-4,0.003059,9.823E-4,0.0145,-0.006643,0.003134,2.522E-4,0.004583,5.992E-4,0.003781,5.946E-4,1
1504814521929,true,1614.968,0,0.005046,-0.001433,0.002819,4.289E-4,0.003451,7.706E-4,0.003052,9.799E-4,0.01491,-0.007034,0.003142,2.477E-4,0.00461,5.917E-4,0.003794,5.937E-4,1
1504814521964,true,1615.025,0,0.004976,-0.001113,0.002813,4.278E-4,0.003461,7.651E-4,0.003056,9.73E-4,0.01521,-0.007394,0.003139,2.453E-4,0.00463,5.879E-4,0.003805,5.906E-4,1
1504814521999,true,1615.083,0,0.005294,-0.001001,0.002814,4.249E-4,0.003462,7.621E-4,0.003062,9.69E-4,0.01483,-0.007118,0.003144,2.39E-4,0.004647,5.837E-4,0.00382,5.857E-4,1
1504814522033,true,1615.14,0,0.005041,-9.373E-4,0.002814,4.229E-4,0.00345,7.595E-4,0.003055,9.65E-4,0.01439,-0.006715,0.00314,2.304E-4,0.00465,5.84E-4,0.003818,5.845E-4,1
1504814522170,true,1615.184,0,0.004389,-0.001167,0.002819,4.189E-4,0.003439,7.577E-4,0.003061,9.572E-4,0.01417,-0.006521,0.003133,2.242E-4,0.004669,5.799E-4,0.003799,5.86E-4,1
1504814522204,true,1615.242,0,0.004144,-0.001492,0.002812,4.178E-4,0.003442,7.526E-4,0.00304,9.523E-4,0.01428,-0.006754,0.003111,2.221E-4,0.004673,5.739E-4,0.003782,5.875E-4,1
1504814522239,true,1615.299,0,0.004181,-0.001626,0.002791,4.158E-4,0.003434,7.5E-4,0.003021,9.497E-4,0.01476,-0.007337,0.003087,2.207E-4,0.004662,5.726E-4,0.003768,5.851E-4,1
1504814522274,true,1615.357,0,0.004263,-0.001485,0.002772,4.081E-4,0.003413,7.484E-4,0.003017,9.409E-4,0.01481,-0.007554,0.003064,2.168E-4,0.004645,5.722E-4,0.003748,5.808E-4,1
1504814522309,true,1615.414,0,0.004331,-0.001444,0.002745,4.054E-4,0.003384,7.481E-4,0.002995,9.385E-4,0.01475,-0.007528,0.003033,2.145E-4,0.004611,5.742E-4,0.003712,5.804E-4,1
1504814522469,true,1615.484,0,0.003726,-0.001379,0.002716,4.073E-4,0.003342,7.473E-4,0.002956,9.414E-4,0.01445,-0.007313,0.003009,2.116E-4,0.004583,5.756E-4,0.003657,5.854E-4,1
1504814522503,true,1615.542,0,0.003688,-0.001638,0.002704,4.041E-4,0.003326,7.424E-4,0.002937,9.398E-4,0.01431,-0.007231,0.002984,2.107E-4,0.004584,5.711E-4,0.003623,5.904E-4,1
1504814522539,true,1615.599,0,0.003972,-0.001678,0.002691,4.058E-4,0.003323,7.423E-4,0.002921,9.419E-4,0.01452,-0.007543,0.002971,2.084E-4,0.004595,5.69E-4,0.00363,5.901E-4,1
1504814522573,true,1615.657,0,0.004342,-0.001416,0.002681,4.038E-4,0.003317,7.416E-4,0.002905,9.395E-4,0.01489,-0.007968,0.002961,2.067E-4,0.00461,5.658E-4,0.003631,5.915E-4,1
1504814522608,true,1615.714,0,0.004601,-0.001225,0.002681,4.009E-4,0.003318,7.391E-4,0.002912,9.328E-4,0.01456,-0.007729,0.002958,2.046E-4,0.004621,5.657E-4,0.003648,5.862E-4,1
1504814522745,true,1615.76,0,0.004509,-9.372E-4,0.002689,3.964E-4,0.003308,7.345E-4,0.002906,9.297E-4,0.01402,-0.007206,0.002954,1.996E-4,0.004639,5.635E-4,0.00365,5.83E-4,1
1504814522780,true,1615.818,0,0.004077,-9.573E-4,0.002686,3.928E-4,0.003298,7.345E-4,0.002899,9.266E-4,0.01371,-0.006917,0.002936,1.967E-4,0.004647,5.649E-4,0.003649,5.872E-4,1
1504814522814,true,1615.875,0,0.003894,-0.001242,0.002695,3.875E-4,0.003291,7.304E-4,0.002891,9.245E-4,0.0137,-0.006867,0.002924,1.964E-4,0.004658,5.652E-4,0.003652,5.862E-4,1
1504814522849,true,1615.933,0,0.004121,-0.001354,0.002686,3.862E-4,0.003278,7.313E-4,0.002887,9.152E-4,0.01405,-0.007338,0.002907,1.945E-4,0.004664,5.627E-4,0.003643,5.848E-4,1
1504814522884,true,1615.99,0,0.004278,-0.001233,0.002671,3.835E-4,0.003267,7.278E-4,0.00287,9.107E-4,0.01432,-0.007765,0.002892,1.914E-4,0.004667,5.594E-4,0.003628,5.871E-4,1
1504814523045,true,1616.06,0,0.004329,-0.001044,0.002657,3.81E-4,0.003247,7.269E-4,0.002868,9.065E-4,0.01424,-0.007832,0.002872,1.893E-4,0.004651,5.608E-4,0.003616,5.863E-4,1
1504814523079,true,1616.118,0,0.004148,-9.673E-4,0.002653,3.78E-4,0.003224,7.23E-4,0.002844,9.091E-4,0.01408,-0.007756,0.002846,1.888E-4,0.004628,5.614E-4,0.00359,5.887E-4,1
1504814523114,true,1616.175,0,0.00373,-0.001073,0.002638,3.746E-4,0.003193,7.189E-4,0.002828,9.047E-4,0.014,-0.007714,0.002818,1.88E-4,0.004602,5.619E-4,0.003566,5.878E-4,1
1504814523148,true,1616.233,0,0.003748,-0.001155,0.002616,3.712E-4,0.00317,7.147E-4,0.002795,9.044E-4,0.01402,-0.007797,0.002785,1.851E-4,0.004568,5.628E-4,0.00353,5.884E-4,1
1504814523183,true,1616.29,0,0.004404,-0.001047,0.002584,3.693E-4,0.003137,7.114E-4,0.002761,9.02E-4,0.01428,-0.008127,0.002742,1.869E-4,0.00454,5.57E-4,0.003489,5.869E-4,1
1504814523345,true,1616.359,0,0.004707,-8.031E-4,0.002565,3.629E-4,0.003099,7.112E-4,0.002731,8.98E-4,0.01413,-0.008102,0.002706,1.843E-4,0.004493,5.561E-4,0.003433,5.874E-4,1
1504814523379,true,1616.417,0,0.004789,-6.892E-4,0.002537,3.679E-4,0.003057,7.157E-4,0.002705,8.955E-4,0.01357,-0.007657,0.002666,1.866E-4,0.004449,5.64E-4,0.003384,5.905E-4,1
1504814523414,true,1616.474,0,0.00431,-6.316E-4,0.002526,3.674E-4,0.003033,7.135E-4,0.002684,8.994E-4,0.01292,-0.007066,0.002651,1.839E-4,0.004441,5.617E-4,0.003358,5.951E-4,1
1504814523449,true,1616.532,0,0.004095,-9.425E-4,0.002522,3.655E-4,0.00302,7.105E-4,0.002671,8.98E-4,0.01271,-0.006917,0.002623,1.871E-4,0.004436,5.642E-4,0.003342,5.978E-4,1
1504814523483,true,1616.589,0,0.004444,-0.001278,0.002521,3.659E-4,0.003014,7.098E-4,0.002651,8.969E-4,0.01306,-0.007419,0.0026,1.881E-4,0.00443,5.662E-4,0.003336,5.992E-4,1
1504814523619,true,1616.635,0,0.004507,-0.001108,0.002508,3.634E-4,0.003008,7.092E-4,0.002644,8.906E-4,0.01346,-0.007931,0.002572,1.895E-4,0.004431,5.607E-4,0.003333,5.985E-4,1
1504814523654,true,1616.693,0,0.004477,-0.001006,0.002489,3.632E-4,0.002992,7.107E-4,0.002635,8.902E-4,0.01337,-0.007905,0.002555,1.868E-4,0.004413,5.639E-4,0.003315,6.011E-4,1
1504814523689,true,1616.75,0,0.004494,-9.208E-4,0.002486,3.576E-4,0.002971,7.077E-4,0.002624,8.899E-4,0.0132,-0.007844,0.002528,1.865E-4,0.004395,5.656E-4,0.003294,6.067E-4,1
1504814523724,true,1616.808,0,0.004072,-0.001099,0.00248,3.573E-4,0.002944,7.034E-4,0.002606,8.921E-4,0.01291,-0.007573,0.002499,1.85E-4,0.004385,5.604E-4,0.003272,6.094E-4,1
1504814523759,true,1616.865,0,0.003937,-0.001431,0.002478,3.569E-4,0.00292,7.045E-4,0.002583,8.906E-4,0.01315,-0.007762,0.00246,1.897E-4,0.00437,5.578E-4,0.003255,6.111E-4,1
1504814523895,true,1616.911,0,0.004598,-0.001468,0.002459,3.584E-4,0.002906,6.995E-4,0.002554,8.908E-4,0.01343,-0.008189,0.002421,1.925E-4,0.004337,5.604E-4,0.003231,6.109E-4,1
1504814523930,true,1616.969,0,0.004923,-0.001273,0.002431,3.598E-4,0.002881,6.969E-4,0.002534,8.873E-4,0.01349,-0.008372,0.002392,1.923E-4,0.0043,5.604E-4,0.003193,6.114E-4,1
1504814523964,true,1617.026,0,0.004869,-9.172E-4,0.002418,3.566E-4,0.002846,6.973E-4,0.002507,8.876E-4,0.01286,-0.007829,0.002355,1.927E-4,0.004259,5.627E-4,0.003148,6.084E-4,1
1504814523999,true,1617.084,0,0.004367,-8.114E-4,0.002394,3.585E-4,0.002814,6.947E-4,0.002478,8.85E-4,0.01241,-0.007523,0.002317,1.949E-4,0.00421,5.613E-4,0.003091,6.083E-4,1
1504814524034,true,1617.141,0,0.003907,-0.001042,0.002365,3.592E-4,0.00278,6.924E-4,0.002439,8.868E-4,0.01211,-0.007301,0.00227,2.0E-4,0.004153,5.622E-4,0.003034,6.053E-4,1
1504814524195,true,1617.21,0,0.00393,-0.001367,0.002327,3.654E-4,0.002744,6.926E-4,0.002391,8.884E-4,0.01225,-0.007627,0.002219,2.032E-4,0.004084,5.652E-4,0.002966,6.073E-4,1
1504814524229,true,1617.268,0,0.004224,-0.001561,0.002294,3.688E-4,0.002707,6.964E-4,0.002351,8.889E-4,0.01249,-0.008104,0.002175,2.088E-4,0.00403,5.73E-4,0.002914,6.147E-4,1
1504814524264,true,1617.325,0,0.004064,-0.001476,0.002271,3.716E-4,0.002691,6.969E-4,0.002337,8.899E-4,0.01263,-0.00837,0.002142,2.109E-4,0.003998,5.759E-4,0.002893,6.185E-4,1
1504814524299,true,1617.383,0,0.004081,-0.001478,0.002265,3.731E-4,0.002664,6.992E-4,0.002327,8.93E-4,0.01239,-0.008248,0.002111,2.148E-4,0.003982,5.768E-4,0.002879,6.237E-4,1
1504814524334,true,1617.44,0,0.00372,-0.001539,0.002274,3.699E-4,0.002648,6.965E-4,0.002318,8.941E-4,0.01222,-0.008116,0.002089,2.169E-4,0.003981,5.742E-4,0.002856,6.34E-4,1
1504814524495,true,1617.511,0,0.003597,-0.001864,0.00227,3.679E-4,0.00264,6.957E-4,0.002312,8.956E-4,0.01221,-0.008144,0.00206,2.222E-4,0.003972,5.705E-4,0.002827,6.417E-4,1
1504814524529,true,1617.569,0,0.003917,-0.001887,0.002253,3.714E-4,0.002624,6.992E-4,0.002284,8.981E-4,0.01256,-0.008518,0.002037,2.26E-4,0.003957,5.689E-4,0.002803,6.477E-4,1
1504814524564,true,1617.626,0,0.004166,-0.001621,0.002236,3.714E-4,0.002602,6.983E-4,0.002274,8.951E-4,0.0129,-0.008827,0.002021,2.252E-4,0.003931,5.72E-4,0.00279,6.499E-4,1
1504814524599,true,1617.684,0,0.004092,-0.001307,0.002227,3.701E-4,0.002582,6.999E-4,0.002262,8.919E-4,0.01248,-0.008428,0.001997,2.284E-4,0.003899,5.704E-4,0.002765,6.525E-4,1
1504814524634,true,1617.741,0,0.003837,-0.001173,0.002219,3.701E-4,0.002551,7.015E-4,0.002255,8.87E-4,0.01216,-0.008117,0.001958,2.325E-4,0.003869,5.708E-4,0.002741,6.539E-4,1
1504814524769,true,1617.785,0,0.003289,-0.001308,0.002207,3.714E-4,0.002528,7.002E-4,0.002238,8.841E-4,0.01185,-0.007791,0.001927,2.376E-4,0.003829,5.743E-4,0.0027,6.582E-4,1
1504814524804,true,1617.843,0,0.003224,-0.001658,0.002188,3.737E-4,0.002499,7.014E-4,0.002206,8.876E-4,0.01173,-0.007769,0.001884,2.442E-4,0.003793,5.738E-4,0.002647,6.646E-4,1
1504814524839,true,1617.9,0,0.003476,-0.001786,0.00216,3.753E-4,0.00247,7.01E-4,0.002177,8.851E-4,0.01209,-0.008293,0.001842,2.494E-4,0.003748,5.779E-4,0.002605,6.684E-4,1
1504814524873,true,1617.958,0,0.003607,-0.001627,0.002127,3.745E-4,0.002433,7.024E-4,0.002153,8.821E-4,0.01218,-0.008524,0.001803,2.529E-4,0.003687,5.831E-4,0.002554,6.694E-4,1
1504814524908,true,1618.015,0,0.003555,-0.001417,0.002097,3.748E-4,0.00238,7.079E-4,0.00213,8.811E-4,0.01191,-0.00841,0.00176,2.579E-4,0.003621,5.871E-4,0.0025,6.686E-4,1
1504814525046,true,1618.061,0,0.003148,-0.001367,0.002067,3.771E-4,0.002342,7.08E-4,0.002093,8.856E-4,0.01192,-0.008523,0.001708,2.651E-4,0.003553,5.909E-4,0.00242,6.799E-4,1
1504814525080,true,1618.119,0,0.002946,-0.001553,0.002045,3.831E-4,0.002299,7.154E-4,0.002073,8.896E-4,0.01189,-0.008499,0.001671,2.728E-4,0.003504,5.983E-4,0.002356,6.928E-4,1
1504814525115,true,1618.176,0,0.003251,-0.001566,0.002033,3.865E-4,0.002288,7.15E-4,0.002059,8.903E-4,0.0123,-0.008903,0.001643,2.804E-4,0.003487,5.978E-4,0.002338,6.995E-4,1
1504814525150,true,1618.234,0,0.003858,-0.001456,0.002029,3.883E-4,0.002279,7.18E-4,0.002049,8.912E-4,0.01254,-0.00918,0.001622,2.854E-4,0.003478,5.978E-4,0.002339,7.05E-4,1
1504814525184,true,1618.291,0,0.004026,-0.001054,0.002035,3.874E-4,0.002275,7.206E-4,0.002051,8.918E-4,0.0124,-0.009048,0.001618,2.866E-4,0.003465,6.026E-4,0.002344,7.08E-4,1
1504814525345,true,1618.36,0,0.003758,-6.73E-4,0.002035,3.887E-4,0.002273,7.179E-4,0.002053,8.939E-4,0.01182,-0.008418,0.001613,2.882E-4,0.003456,6.036E-4,0.002331,7.154E-4,1
1504814525380,true,1618.418,0,0.003246,-7.046E-4,0.002043,3.908E-4,0.002268,7.173E-4,0.002061,8.927E-4,0.01155,-0.008101,0.001599,2.918E-4,0.003447,6.032E-4,0.002318,7.198E-4,1
1504814525414,true,1618.475,0,0.002998,-9.218E-4,0.002037,3.956E-4,0.002267,7.177E-4,0.002047,8.972E-4,0.01148,-0.007925,0.001579,2.952E-4,0.003439,6.057E-4,0.002306,7.259E-4,1
1504814525449,true,1618.533,0,0.003197,-0.001003,0.00203,3.986E-4,0.002257,7.178E-4,0.002037,8.966E-4,0.01185,-0.008389,0.001559,2.974E-4,0.003424,6.049E-4,0.002278,7.354E-4,1
1504814525484,true,1618.59,0,0.003426,-9.297E-4,0.002022,3.991E-4,0.002243,7.226E-4,0.00202,8.958E-4,0.01204,-0.008731,0.001543,3.002E-4,0.003394,6.096E-4,0.00226,7.386E-4,1
1504814525620,true,1618.636,0,0.003433,-7.368E-4,0.002013,4.012E-4,0.002217,7.28E-4,0.002008,8.986E-4,0.01201,-0.008705,0.001521,3.037E-4,0.003342,6.206E-4,0.002235,7.41E-4,1
1504814525655,true,1618.694,0,0.003222,-6.469E-4,0.00201,4.005E-4,0.002189,7.314E-4,0.001995,8.988E-4,0.01174,-0.008435,0.001498,3.063E-4,0.003307,6.257E-4,0.002195,7.48E-4,1
1504814525689,true,1618.751,0,0.002965,-8.181E-4,0.002007,4.027E-4,0.00217,7.305E-4,0.001975,9.035E-4,0.01172,-0.008334,0.001471,3.101E-4,0.003257,6.312E-4,0.002135,7.602E-4,1
1504814525724,true,1618.809,0,0.003446,-0.001027,0.002,4.042E-4,0.002146,7.29E-4,0.001941,9.062E-4,0.01189,-0.008516,0.001434,3.152E-4,0.003204,6.348E-4,0.00208,7.703E-4,1
1504814525759,true,1618.866,0,0.003739,-7.231E-4,0.001983,4.06E-4,0.002117,7.305E-4,0.001906,9.077E-4,0.01206,-0.008705,0.001395,3.202E-4,0.00314,6.398E-4,0.002014,7.765E-4,1
1504814525919,true,1618.935,0,0.003857,-3.431E-4,0.001958,4.1E-4,0.002084,7.338E-4,0.001878,9.108E-4,0.0122,-0.008869,0.001353,3.283E-4,0.003063,6.49E-4,0.001949,7.843E-4,1
1504814525954,true,1618.993,0,0.004039,-5.189E-5,0.001951,4.147E-4,0.002066,7.392E-4,0.001873,9.158E-4,0.01161,-0.008326,0.001328,3.33E-4,0.003026,6.559E-4,0.001919,7.92E-4,1
1504814525989,true,1619.05,0,0.00364,4.801E-5,0.00194,4.216E-4,0.00206,7.4E-4,0.001867,9.171E-4,0.01123,-0.007956,0.001315,3.371E-4,0.003021,6.584E-4,0.001906,7.961E-4,1
1504814526024,true,1619.108,0,0.003289,-2.181E-4,0.001934,4.296E-4,0.002065,7.408E-4,0.001862,9.197E-4,0.0109,-0.007534,0.001305,3.405E-4,0.003011,6.639E-4,0.001897,8.037E-4,1
1504814526058,true,1619.165,0,0.003641,-4.411E-4,0.00194,4.318E-4,0.002075,7.434E-4,0.001863,9.234E-4,0.01111,-0.007747,0.001299,3.428E-4,0.003008,6.687E-4,0.0019,8.1E-4,1
1504814526220,true,1619.236,0,0.003856,-4.196E-4,0.00193,4.35E-4,0.002082,7.452E-4,0.001863,9.223E-4,0.01145,-0.008062,0.001292,3.452E-4,0.002994,6.71E-4,0.001897,8.158E-4,1
1504814526255,true,1619.294,0,0.004056,-4.05E-4,0.001928,4.367E-4,0.002086,7.436E-4,0.001858,9.27E-4,0.01144,-0.008121,0.001285,3.472E-4,0.002982,6.745E-4,0.00189,8.234E-4,1
1504814526289,true,1619.351,0,0.003729,-2.376E-4,0.001927,4.377E-4,0.002075,7.458E-4,0.001858,9.312E-4,0.01104,-0.007768,0.001274,3.501E-4,0.002949,6.851E-4,0.001874,8.283E-4,1
1504814526324,true,1619.409,0,0.003273,-2.411E-4,0.001926,4.378E-4,0.002062,7.48E-4,0.001845,9.373E-4,0.01103,-0.007647,0.001254,3.547E-4,0.002918,6.915E-4,0.001841,8.328E-4,1
1504814526359,true,1619.466,0,0.003192,-4.602E-4,0.001911,4.397E-4,0.002047,7.489E-4,0.001827,9.402E-4,0.0111,-0.007677,0.001232,3.591E-4,0.002885,6.958E-4,0.001805,8.382E-4,1
1504814526495,true,1619.511,0,0.003732,-4.149E-4,0.001896,4.403E-4,0.00204,7.465E-4,0.001805,9.424E-4,0.01157,-0.008123,0.001221,3.592E-4,0.00285,6.977E-4,0.001757,8.484E-4,1
1504814526529,true,1619.569,0,0.004023,-1.691E-4,0.001869,4.42E-4,0.002026,7.481E-4,0.001784,9.411E-4,0.01169,-0.008299,0.001199,3.61E-4,0.002798,7.035E-4,0.001713,8.512E-4,1
1504814526565,true,1619.626,0,0.004366,-1.408E-4,0.001849,4.469E-4,0.002005,7.473E-4,0.001765,9.408E-4,0.0112,-0.00787,0.001173,3.628E-4,0.002734,7.125E-4,0.001669,8.511E-4,1
1504814526599,true,1619.684,0,0.003729,-2.975E-5,0.001833,4.488E-4,0.001977,7.461E-4,0.001731,9.462E-4,0.01084,-0.007547,0.001145,3.656E-4,0.002672,7.178E-4,0.001611,8.543E-4,1
1504814526634,true,1619.741,0,0.002933,-2.034E-4,0.001802,4.539E-4,0.00194,7.489E-4,0.001698,9.518E-4,0.01053,-0.007236,0.001104,3.728E-4,0.002615,7.229E-4,0.001546,8.603E-4,1
1504814526795,true,1619.811,0,0.003044,-5.54E-4,0.001779,4.579E-4,0.001933,7.529E-4,0.001678,9.551E-4,0.01081,-0.007539,0.001081,3.792E-4,0.002572,7.312E-4,0.001508,8.715E-4,1
1504814526830,true,1619.869,0,0.00317,-5.231E-4,0.001759,4.589E-4,0.001935,7.559E-4,0.001683,9.498E-4,0.0113,-0.008116,0.001065,3.864E-4,0.002554,7.35E-4,0.001501,8.74E-4,1
1504814526864,true,1619.926,0,0.003237,-4.118E-4,0.001746,4.613E-4,0.001938,7.568E-4,0.001692,9.498E-4,0.01127,-0.008225,0.001061,3.913E-4,0.002532,7.435E-4,0.001494,8.78E-4,1
1504814526899,true,1619.984,0,0.003213,-2.951E-4,0.001748,4.608E-4,0.001941,7.58E-4,0.001701,9.517E-4,0.01101,-0.007971,0.001054,3.947E-4,0.002526,7.488E-4,0.001493,8.817E-4,1
1504814526934,true,1620.041,0,0.002755,-3.405E-4,0.001742,4.615E-4,0.001941,7.558E-4,0.001701,9.549E-4,0.01082,-0.007778,0.001047,3.983E-4,0.00252,7.512E-4,0.001481,8.849E-4,1
1504814527070,true,1620.086,0,0.002586,-6.947E-4,0.001743,4.58E-4,0.001943,7.534E-4,0.001708,9.546E-4,0.0107,-0.00761,0.001038,4.034E-4,0.002511,7.529E-4,0.001474,8.873E-4,1
1504814527105,true,1620.144,0,0.002964,-8.227E-4,0.001734,4.595E-4,0.001939,7.519E-4,0.001697,9.552E-4,0.01103,-0.007965,0.001038,4.065E-4,0.002496,7.546E-4,0.001455,8.89E-4,1
1504814527139,true,1620.201,0,0.003417,-5.664E-4,0.001719,4.582E-4,0.001926,7.546E-4,0.00168,9.546E-4,0.01116,-0.008134,0.001015,4.149E-4,0.002464,7.578E-4,0.001424,8.937E-4,1
1504814527174,true,1620.259,0,0.003344,-3.134E-4,0.001702,4.588E-4,0.001907,7.574E-4,0.00166,9.584E-4,0.01078,-0.007809,9.956E-4,4.207E-4,0.002427,7.618E-4,0.001398,8.947E-4,1
1504814527209,true,1620.316,0,0.002934,-1.241E-4,0.00168,4.61E-4,0.001883,7.585E-4,0.001641,9.609E-4,0.01035,-0.00744,9.78E-4,4.265E-4,0.002391,7.618E-4,0.001366,8.933E-4,1
1504814527345,true,1620.361,0,0.002194,-2.514E-4,0.00166,4.609E-4,0.001858,7.578E-4,0.001617,9.649E-4,0.009985,-0.007094,9.435E-4,4.351E-4,0.002348,7.656E-4,0.00131,8.969E-4,1
1504814527380,true,1620.419,0,0.002005,-6.278E-4,0.001632,4.631E-4,0.001831,7.582E-4,0.001587,9.679E-4,0.01008,-0.007244,9.083E-4,4.441E-4,0.002293,7.69E-4,0.001253,9.014E-4,1
1504814527415,true,1620.476,0,0.002206,-7.575E-4,0.001589,4.658E-4,0.001803,7.577E-4,0.001548,9.681E-4,0.01047,-0.007801,8.803E-4,4.483E-4,0.00223,7.721E-4,0.001185,9.014E-4,1
1504814527449,true,1620.534,0,0.002213,-6.987E-4,0.001545,4.706E-4,0.001772,7.634E-4,0.001518,9.714E-4,0.01073,-0.008142,8.462E-4,4.556E-4,0.002167,7.786E-4,0.001115,9.077E-4,1
1504814527484,true,1620.591,0,0.002201,-5.654E-4,0.001525,4.748E-4,0.001755,7.688E-4,0.001521,9.724E-4,0.01064,-0.008098,8.334E-4,4.597E-4,0.002146,7.819E-4,0.001094,9.111E-4,1
1504814527645,true,1620.661,0,0.001849,-5.309E-4,0.001518,4.742E-4,0.001743,7.702E-4,0.001526,9.725E-4,0.01038,-0.007841,8.259E-4,4.634E-4,0.002144,7.836E-4,0.001079,9.166E-4,1
1504814527680,true,1620.719,0,0.001729,-7.536E-4,0.00152,4.763E-4,0.00175,7.687E-4,0.001525,9.765E-4,0.01025,-0.007686,8.188E-4,4.699E-4,0.00214,7.895E-4,0.001083,9.193E-4,1
1504814527714,true,1620.776,0,0.002337,-0.001015,0.001514,4.773E-4,0.001753,7.707E-4,0.001526,9.796E-4,0.01046,-0.007933,8.16E-4,4.766E-4,0.002137,7.917E-4,0.001085,9.205E-4,1
1504814527749,true,1620.834,0,0.002868,-7.587E-4,0.001515,4.778E-4,0.001759,7.712E-4,0.001524,9.78E-4,0.01078,-0.008269,8.173E-4,4.822E-4,0.002134,7.947E-4,0.001095,9.205E-4,1
1504814527784,true,1620.891,0,0.002931,-3.885E-4,0.001507,4.789E-4,0.001765,7.716E-4,0.001526,9.772E-4,0.01049,-0.007975,8.164E-4,4.865E-4,0.002123,8.008E-4,0.001096,9.206E-4,1
1504814527945,true,1620.961,0,0.002721,-1.055E-4,0.00151,4.776E-4,0.001764,7.71E-4,0.001522,9.808E-4,0.01014,-0.007635,8.163E-4,4.905E-4,0.002107,8.064E-4,0.00109,9.214E-4,1
1504814527980,true,1621.019,0,0.002238,-1.707E-4,0.001508,4.789E-4,0.00176,7.685E-4,0.001513,9.837E-4,0.009963,-0.00744,8.051E-4,4.951E-4,0.002094,8.075E-4,0.001058,9.238E-4,1
1504814528015,true,1621.076,0,0.002052,-5.73E-4,0.001508,4.754E-4,0.001749,7.688E-4,0.001492,9.884E-4,0.009673,-0.007147,7.88E-4,4.996E-4,0.002071,8.112E-4,0.001028,9.265E-4,1
1504814528049,true,1621.134,0,0.002331,-7.489E-4,0.001497,4.754E-4,0.001734,7.708E-4,0.001468,9.893E-4,0.01012,-0.007662,7.705E-4,5.062E-4,0.002037,8.13E-4,0.001003,9.233E-4,1
1504814528084,true,1621.191,0,0.002347,-6.753E-4,0.001473,4.767E-4,0.001721,7.708E-4,0.001448,9.876E-4,0.01051,-0.008209,7.442E-4,5.14E-4,0.001997,8.165E-4,9.716E-4,9.229E-4,1
1504814528219,true,1621.236,0,0.002442,-6.219E-4,0.001462,4.732E-4,0.001697,7.719E-4,0.001441,9.847E-4,0.01034,-0.008193,7.2E-4,5.167E-4,0.001947,8.21E-4,9.312E-4,9.216E-4,1
1504814528254,true,1621.294,0,0.002231,-5.518E-4,0.001438,4.747E-4,0.001659,7.777E-4,0.001412,9.863E-4,0.01021,-0.008088,6.966E-4,5.201E-4,0.001889,8.249E-4,8.645E-4,9.289E-4,1
1504814528289,true,1621.351,0,0.001905,-7.328E-4,0.00142,4.777E-4,0.001635,7.831E-4,0.001389,9.918E-4,0.01007,-0.0079,6.79E-4,5.262E-4,0.001851,8.306E-4,8.145E-4,9.363E-4,1
1504814528324,true,1621.409,0,0.002063,-8.921E-4,0.00142,4.791E-4,0.001634,7.848E-4,0.001382,9.951E-4,0.01044,-0.008256,6.751E-4,5.298E-4,0.001843,8.35E-4,8.024E-4,9.412E-4,1
1504814528359,true,1621.466,0,0.002432,-7.435E-4,0.001418,4.814E-4,0.001642,7.89E-4,0.001376,9.951E-4,0.01093,-0.00875,6.755E-4,5.362E-4,0.001857,8.367E-4,8.087E-4,9.444E-4,1
1504814528520,true,1621.536,0,0.002633,-4.099E-4,0.001417,4.836E-4,0.001659,7.903E-4,0.001389,9.94E-4,0.01104,-0.008878,6.826E-4,5.386E-4,0.001873,8.393E-4,8.249E-4,9.459E-4,1
1504814528555,true,1621.594,0,0.002884,-2.708E-4,0.001422,4.854E-4,0.001668,7.924E-4,0.0014,9.96E-4,0.01066,-0.008498,6.896E-4,5.394E-4,0.001886,8.425E-4,8.417E-4,9.443E-4,1
1504814528590,true,1621.651,0,0.002351,-2.268E-4,0.001436,4.838E-4,0.001681,7.91E-4,0.001405,9.973E-4,0.01043,-0.008236,7.046E-4,5.392E-4,0.001901,8.444E-4,8.586E-4,9.454E-4,1
1504814528624,true,1621.709,0,0.002001,-5.13E-4,0.001445,4.828E-4,0.001693,7.892E-4,0.001405,0.001,0.01026,-0.008005,7.14E-4,5.419E-4,0.001914,8.456E-4,8.691E-4,9.432E-4,1
1504814528659,true,1621.766,0,0.002093,-7.736E-4,0.001444,4.846E-4,0.001708,7.897E-4,0.001411,9.997E-4,0.01078,-0.008525,7.185E-4,5.435E-4,0.001916,8.463E-4,8.72E-4,9.406E-4,1
1504814528795,true,1621.812,0,0.002205,-7.995E-4,0.001439,4.845E-4,0.001706,7.933E-4,0.001407,9.997E-4,0.01133,-0.009052,7.248E-4,5.417E-4,0.001904,8.488E-4,8.642E-4,9.397E-4,1
1504814528830,true,1621.87,0,0.002607,-8.516E-4,0.001427,4.851E-4,0.001707,7.93E-4,0.001404,0.001002,0.01141,-0.009243,7.179E-4,5.436E-4,0.001886,8.539E-4,8.482E-4,9.375E-4,1
1504814528865,true,1621.927,0,0.002348,-7.001E-4,0.001418,4.831E-4,0.001692,7.944E-4,0.0014,0.001002,0.01125,-0.009194,7.104E-4,5.439E-4,0.001857,8.606E-4,8.251E-4,9.381E-4,1
1504814528899,true,1621.985,0,0.001969,-8.34E-4,0.001419,4.788E-4,0.001667,7.966E-4,0.001388,9.994E-4,0.01119,-0.00914,7.012E-4,5.432E-4,0.001825,8.64E-4,7.908E-4,9.393E-4,1
1504814528934,true,1622.042,0,0.00189,-0.001061,0.001403,4.805E-4,0.001649,7.956E-4,0.001362,0.001,0.01128,-0.009178,6.834E-4,5.439E-4,0.00178,8.688E-4,7.446E-4,9.44E-4,1
1504814529095,true,1622.111,0,0.00224,-0.001024,0.00138,4.856E-4,0.001614,8.043E-4,0.001327,0.001006,0.01178,-0.0097,6.623E-4,5.479E-4,0.001739,8.699E-4,6.996E-4,9.48E-4,1
1504814529130,true,1622.169,0,0.002446,-7.812E-4,0.001367,4.883E-4,0.001614,8.061E-4,0.001321,0.001007,0.01198,-0.009965,6.621E-4,5.509E-4,0.00172,8.807E-4,6.849E-4,9.537E-4,1
1504814529164,true,1622.226,0,0.002438,-5.494E-4,0.001374,4.882E-4,0.001621,8.081E-4,0.001325,0.00101,0.01152,-0.0095,6.675E-4,5.524E-4,0.001727,8.841E-4,6.874E-4,9.543E-4,1
1504814529198,true,1622.284,0,0.002099,-4.347E-4,0.001384,4.917E-4,0.001627,8.105E-4,0.001331,0.001014,0.01111,-0.009023,6.784E-4,5.54E-4,0.001747,8.847E-4,7.112E-4,9.528E-4,1
1504814529232,true,1622.341,0,0.001712,-7.502E-4,0.001394,4.961E-4,0.001641,8.112E-4,0.001347,0.001018,0.01097,-0.008761,6.898E-4,5.548E-4,0.001783,8.856E-4,7.266E-4,9.55E-4,1
1504814529370,true,1622.387,0,0.001589,-9.969E-4,0.001403,4.969E-4,0.001668,8.079E-4,0.00135,0.001021,0.01135,-0.00906,7.038E-4,5.58E-4,0.001808,8.861E-4,7.588E-4,9.528E-4,1
1504814529405,true,1622.445,0,0.001817,-0.001037,0.001405,4.986E-4,0.001689,8.065E-4,0.00137,0.001019,0.01183,-0.009505,7.147E-4,5.578E-4,0.001836,8.834E-4,7.829E-4,9.479E-4,1
1504814529439,true,1622.502,0,0.001978,-9.849E-4,0.001414,4.952E-4,0.001701,8.055E-4,0.001389,0.001019,0.01199,-0.009757,7.233E-4,5.569E-4,0.001845,8.846E-4,8.019E-4,9.426E-4,1
1504814529474,true,1622.56,0,0.001942,-9.358E-4,0.001415,4.955E-4,0.001707,8.064E-4,0.001401,0.001018,0.01195,-0.009652,7.28E-4,5.583E-4,0.001841,8.862E-4,8.126E-4,9.365E-4,1
1504814529509,true,1622.617,0,0.001666,-0.00104,0.001408,4.99E-4,0.001689,8.079E-4,0.001409,0.001019,0.01163,-0.009285,7.376E-4,5.536E-4,0.001833,8.844E-4,7.999E-4,9.334E-4,1
1504814529670,true,1622.686,0,0.001549,-0.001297,0.001409,4.976E-4,0.001687,8.04E-4,0.001395,0.001021,0.01177,-0.009307,7.289E-4,5.547E-4,0.001819,8.838E-4,7.685E-4,9.34E-4,1
1504814529705,true,1622.744,0,0.00221,-0.001432,0.001387,5.024E-4,0.001668,8.054E-4,0.001386,0.001017,0.012,-0.009626,7.118E-4,5.584E-4,0.001787,8.83E-4,7.306E-4,9.367E-4,1
1504814529739,true,1622.801,0,0.002402,-0.00116,0.001376,4.997E-4,0.001649,8.072E-4,0.001353,0.00102,0.01224,-0.009847,7.016E-4,5.559E-4,0.001762,8.79E-4,7.018E-4,9.34E-4,1
1504814529774,true,1622.859,0,0.002708,-9.96E-4,0.001358,4.997E-4,0.00162,8.131E-4,0.001327,0.001024,0.01193,-0.009543,6.817E-4,5.55E-4,0.001714,8.823E-4,6.573E-4,9.342E-4,1
1504814529809,true,1622.916,0,0.002312,-7.937E-4,0.001355,5.037E-4,0.001597,8.159E-4,0.001304,0.001032,0.01146,-0.009122,6.677E-4,5.571E-4,0.001678,8.881E-4,6.218E-4,9.381E-4,1
1504814529946,true,1622.962,0,0.001693,-9.789E-4,0.001368,5.047E-4,0.001594,8.16E-4,0.001303,0.001036,0.01121,-0.008778,6.72E-4,5.58E-4,0.001695,8.861E-4,6.168E-4,9.417E-4,1
1504814529980,true,1623.02,0,0.002008,-0.001429,0.001375,5.052E-4,0.001603,8.194E-4,0.001306,0.001038,0.01133,-0.008889,6.699E-4,5.647E-4,0.001712,8.858E-4,6.306E-4,9.432E-4,1
1504814530015,true,1623.077,0,0.002487,-0.001579,0.00138,5.054E-4,0.001622,8.18E-4,0.001301,0.001039,0.01185,-0.009373,6.732E-4,5.679E-4,0.001733,8.88E-4,6.563E-4,9.425E-4,1
1504814530050,true,1623.135,0,0.002576,-0.001444,0.001384,5.042E-4,0.001629,8.193E-4,0.001312,0.001039,0.01199,-0.00961,6.806E-4,5.694E-4,0.001761,8.871E-4,6.728E-4,9.403E-4,1
1504814530084,true,1623.192,0,0.003056,-0.001564,0.001391,5.038E-4,0.001643,8.177E-4,0.001329,0.001038,0.01182,-0.009402,6.953E-4,5.676E-4,0.001767,8.869E-4,6.917E-4,9.366E-4,1
1504814530245,true,1623.261,0,0.002904,-0.001714,0.001395,5.046E-4,0.001647,8.16E-4,0.001334,0.00104,0.01165,-0.009272,7.128E-4,5.651E-4,0.001791,8.82E-4,6.951E-4,9.359E-4,1
1504814530280,true,1623.319,0,0.002612,-0.002102,0.001404,5.013E-4,0.001653,8.143E-4,0.00133,0.00104,0.01163,-0.009105,7.144E-4,5.655E-4,0.001787,8.825E-4,6.795E-4,9.397E-4,1
1504814530315,true,1623.376,0,0.00294,-0.002314,0.0014,5.011E-4,0.001657,8.123E-4,0.001316,0.001042,0.01192,-0.009267,7.069E-4,5.672E-4,0.001784,8.794E-4,6.623E-4,9.385E-4,1
1504814530349,true,1623.434,0,0.003355,-0.002047,0.001389,5.029E-4,0.001643,8.145E-4,0.001303,0.001038,0.01235,-0.009677,7.049E-4,5.668E-4,0.001773,8.749E-4,6.36E-4,9.398E-4,1
1504814530384,true,1623.491,0,0.003335,-0.00178,0.001375,5.03E-4,0.001627,8.163E-4,0.001291,0.001038,0.01216,-0.009661,6.988E-4,5.649E-4,0.001748,8.725E-4,6.033E-4,9.387E-4,1
1504814530520,true,1623.537,0,0.003523,-0.001652,0.001372,4.986E-4,0.001602,8.174E-4,0.001273,0.001034,0.01165,-0.009202,6.847E-4,5.632E-4,0.001712,8.686E-4,5.678E-4,9.364E-4,1
1504814530555,true,1623.595,0,0.003093,-0.0018,0.001349,5.027E-4,0.001574,8.212E-4,0.001249,0.001035,0.01142,-0.009033,6.591E-4,5.66E-4,0.001669,8.703E-4,5.201E-4,9.401E-4,1
1504814530590,true,1623.652,0,0.002847,-0.002149,0.001344,5.063E-4,0.001575,8.205E-4,0.001242,0.001038,0.0114,-0.008972,6.454E-4,5.691E-4,0.001654,8.711E-4,5.006E-4,9.438E-4,1
1504814530624,true,1623.71,0,0.003087,-0.002309,0.00134,5.054E-4,0.001573,8.244E-4,0.001239,0.001036,0.01174,-0.00938,6.427E-4,5.708E-4,0.00167,8.695E-4,5.051E-4,9.441E-4,1
1504814530659,true,1623.767,0,0.003144,-0.002273,0.001335,5.042E-4,0.001578,8.276E-4,0.00124,0.001036,0.01201,-0.0097,6.44E-4,5.688E-4,0.001681,8.685E-4,5.228E-4,9.421E-4,1
1504814530820,true,1623.837,0,0.00322,-0.002147,0.001347,4.98E-4,0.001593,8.274E-4,0.001257,0.001034,0.01187,-0.009671,6.562E-4,5.662E-4,0.001699,8.676E-4,5.46E-4,9.421E-4,1
1504814530855,true,1623.895,0,0.002904,-0.002031,0.001347,4.982E-4,0.001608,8.214E-4,0.001278,0.001032,0.01188,-0.009678,6.631E-4,5.681E-4,0.00172,8.671E-4,5.627E-4,9.424E-4,1
1504814530889,true,1623.952,0,0.002721,-0.002218,0.001349,4.958E-4,0.00161,8.187E-4,0.001284,0.001034,0.01193,-0.009705,6.747E-4,5.66E-4,0.001747,8.646E-4,5.743E-4,9.427E-4,1
1504814530924,true,1624.01,0,0.003075,-0.002441,0.001352,4.942E-4,0.001619,8.171E-4,0.001274,0.001033,0.0121,-0.009896,6.724E-4,5.66E-4,0.001764,8.585E-4,5.77E-4,9.384E-4,1
1504814530959,true,1624.067,0,0.003651,-0.002444,0.001355,4.909E-4,0.001624,8.135E-4,0.001266,0.00103,0.01259,-0.01042,6.692E-4,5.657E-4,0.001765,8.556E-4,5.878E-4,9.309E-4,1
1504814531095,true,1624.112,0,0.003893,-0.002298,0.001341,4.88E-4,0.001613,8.169E-4,0.001267,0.001026,0.01252,-0.01048,6.655E-4,5.627E-4,0.001765,8.504E-4,5.76E-4,9.289E-4,1
1504814531130,true,1624.17,0,0.004051,-0.002173,0.001334,4.837E-4,0.0016,8.156E-4,0.001248,0.001025,0.01226,-0.01019,6.615E-4,5.61E-4,0.00174,8.536E-4,5.661E-4,9.246E-4,1
1504814531166,true,1624.227,0,0.003401,-0.002106,0.001322,4.826E-4,0.00158,8.131E-4,0.00123,0.001024,0.01193,-0.009929,6.489E-4,5.573E-4,0.001713,8.543E-4,5.346E-4,9.251E-4,1
1504814531200,true,1624.285,0,0.002812,-0.002389,0.001311,4.811E-4,0.001555,8.119E-4,0.001203,0.001025,0.0119,-0.009888,6.317E-4,5.551E-4,0.001678,8.519E-4,4.843E-4,9.276E-4,1
1504814531235,true,1624.342,0,0.002966,-0.00268,0.001279,4.85E-4,0.001542,8.156E-4,0.001161,0.00103,0.0121,-0.01007,6.032E-4,5.585E-4,0.001641,8.573E-4,4.48E-4,9.318E-4,1
1504814531395,true,1624.413,0,0.003062,-0.002558,0.001269,4.842E-4,0.001545,8.163E-4,0.001157,0.001028,0.01272,-0.01072,5.92E-4,5.617E-4,0.001632,8.614E-4,4.505E-4,9.335E-4,1
1504814531430,true,1624.471,0,0.003367,-0.002516,0.001265,4.817E-4,0.001555,8.188E-4,0.001162,0.001033,0.01269,-0.01081,5.968E-4,5.615E-4,0.001636,8.672E-4,4.593E-4,9.373E-4,1
1504814531465,true,1624.528,0,0.003161,-0.002302,0.001266,4.827E-4,0.001567,8.169E-4,0.001175,0.001032,0.01249,-0.01062,6.014E-4,5.63E-4,0.001659,8.7E-4,4.82E-4,9.355E-4,1
1504814531500,true,1624.586,0,0.002586,-0.002377,0.001271,4.801E-4,0.001573,8.164E-4,0.00119,0.001032,0.01244,-0.01049,6.115E-4,5.599E-4,0.001685,8.692E-4,4.995E-4,9.405E-4,1
1504814531534,true,1624.643,0,0.002757,-0.002713,0.001272,4.795E-4,0.00159,8.156E-4,0.001208,0.001028,0.0125,-0.0105,6.162E-4,5.622E-4,0.001716,8.659E-4,5.223E-4,9.418E-4,1
1504814531695,true,1624.712,0,0.002945,-0.002631,0.00127,4.8E-4,0.001605,8.14E-4,0.00122,0.001025,0.01286,-0.01085,6.251E-4,5.6E-4,0.001751,8.608E-4,5.425E-4,9.423E-4,1
1504814531730,true,1624.77,0,0.002805,-0.002176,0.001264,4.778E-4,0.001617,8.144E-4,0.00122,0.001023,0.013,-0.01105,6.31E-4,5.584E-4,0.001764,8.599E-4,5.647E-4,9.381E-4,1
1504814531764,true,1624.827,0,0.002898,-0.001926,0.001267,4.754E-4,0.001617,8.114E-4,0.001221,0.001023,0.01267,-0.01074,6.38E-4,5.546E-4,0.001777,8.574E-4,5.734E-4,9.356E-4,1
1504814531800,true,1624.885,0,0.002468,-0.001821,0.00127,4.721E-4,0.001612,8.076E-4,0.001229,0.001018,0.01231,-0.0104,6.384E-4,5.515E-4,0.001767,8.602E-4,5.703E-4,9.33E-4,1
1504814531834,true,1624.942,0,0.001778,-0.001961,0.001274,4.685E-4,0.001604,8.055E-4,0.001219,0.001017,0.01224,-0.01026,6.282E-4,5.516E-4,0.001762,8.583E-4,5.625E-4,9.3E-4,1
1504814531970,true,1624.988,0,0.001762,-0.002294,0.001256,4.706E-4,0.001598,8.043E-4,0.001193,0.001018,0.01243,-0.01051,6.093E-4,5.531E-4,0.00174,8.58E-4,5.388E-4,9.273E-4,1
1504814532005,true,1625.046,0,0.001714,-0.002184,0.001225,4.737E-4,0.001587,8.062E-4,0.001178,0.001014,0.01292,-0.01112,5.941E-4,5.531E-4,0.001709,8.584E-4,5.014E-4,9.296E-4,1
1504814532039,true,1625.103,0,0.001617,-0.002051,0.001213,4.717E-4,0.001582,8.083E-4,0.001174,0.001015,0.01302,-0.01135,5.859E-4,5.546E-4,0.00168,8.644E-4,4.783E-4,9.36E-4,1
1504814532074,true,1625.161,0,0.001767,-0.002013,0.001218,4.73E-4,0.001585,8.087E-4,0.001194,0.001016,0.01284,-0.01122,5.854E-4,5.578E-4,0.001685,8.703E-4,4.807E-4,9.405E-4,1
1504814532109,true,1625.218,0,0.001209,-0.001941,0.001231,4.726E-4,0.001598,8.063E-4,0.00121,0.001017,0.01271,-0.01101,5.959E-4,5.577E-4,0.001705,8.733E-4,4.978E-4,9.445E-4,1
1504814532245,true,1625.262,0,0.001137,-0.002248,0.001248,4.713E-4,0.001625,8.011E-4,0.001227,0.001016,0.01266,-0.01087,6.094E-4,5.574E-4,0.001737,8.693E-4,5.24E-4,9.466E-4,1
1504814532280,true,1625.32,0,0.001624,-0.002309,0.001253,4.725E-4,0.001643,8.005E-4,0.001232,0.001015,0.01283,-0.01112,6.247E-4,5.55E-4,0.001774,8.651E-4,5.517E-4,9.515E-4,1
1504814532315,true,1625.377,0,0.002029,-0.002047,0.001256,4.716E-4,0.001663,8.003E-4,0.00125,0.00101,0.01309,-0.01142,6.429E-4,5.569E-4,0.001805,8.646E-4,5.792E-4,9.497E-4,1
1504814532350,true,1625.435,0,0.00229,-0.001849,0.001272,4.664E-4,0.001683,7.967E-4,0.001264,0.001005,0.01291,-0.01115,6.592E-4,5.561E-4,0.001825,8.663E-4,6.162E-4,9.453E-4,1
1504814532384,true,1625.492,0,0.00202,-0.00167,0.001293,4.626E-4,0.001688,7.978E-4,0.001281,0.001001,0.0125,-0.0107,6.768E-4,5.532E-4,0.001845,8.677E-4,6.283E-4,9.446E-4,1
1504814532545,true,1625.563,0,0.001437,-0.001766,0.001302,4.626E-4,0.001694,7.929E-4,0.001286,9.991E-4,0.01215,-0.01035,6.828E-4,5.544E-4,0.001858,8.621E-4,6.245E-4,9.449E-4,1
1504814532580,true,1625.621,0,0.001247,-0.002052,0.001304,4.606E-4,0.0017,7.896E-4,0.001289,9.947E-4,0.01225,-0.0104,6.843E-4,5.527E-4,0.001862,8.588E-4,6.144E-4,9.475E-4,1
1504814532615,true,1625.678,0,0.001203,-0.002158,0.001299,4.623E-4,0.001701,7.868E-4,0.001286,9.893E-4,0.01268,-0.01089,6.814E-4,5.535E-4,0.001855,8.574E-4,6.104E-4,9.439E-4,1
1504814532649,true,1625.736,0,9.271E-4,-0.001973,0.001277,4.634E-4,0.001695,7.834E-4,0.001277,9.874E-4,0.01298,-0.0112,6.716E-4,5.537E-4,0.001826,8.621E-4,5.94E-4,9.406E-4,1
1504814532684,true,1625.793,0,0.001036,-0.001944,0.001264,4.651E-4,0.001679,7.852E-4,0.001273,9.846E-4,0.01266,-0.01103,6.611E-4,5.53E-4,0.001799,8.657E-4,5.683E-4,9.39E-4,1
1504814532821,true,1625.838,0,7.195E-4,-0.001899,0.001261,4.675E-4,0.001675,7.855E-4,0.00127,9.863E-4,0.01258,-0.01096,6.505E-4,5.548E-4,0.001793,8.737E-4,5.538E-4,9.441E-4,1
1504814532855,true,1625.896,0,4.697E-4,-0.002107,0.001283,4.656E-4,0.001679,7.878E-4,0.001276,9.899E-4,0.01253,-0.01084,6.573E-4,5.549E-4,0.001807,8.761E-4,5.658E-4,9.47E-4,1
1504814532890,true,1625.953,0,8.682E-4,-0.002373,0.001294,4.665E-4,0.001696,7.866E-4,0.001289,9.889E-4,0.01286,-0.01112,6.588E-4,5.603E-4,0.001838,8.736E-4,5.857E-4,9.5E-4,1
1504814532924,true,1626.011,0,0.001119,-0.002159,0.001308,4.683E-4,0.001714,7.901E-4,0.001297,9.852E-4,0.01347,-0.01162,6.685E-4,5.612E-4,0.001865,8.731E-4,6.195E-4,9.5E-4,1
1504814532959,true,1626.068,0,0.001278,-0.001826,0.001327,4.682E-4,0.001735,7.911E-4,0.001321,9.795E-4,0.01339,-0.01159,6.773E-4,5.653E-4,0.001894,8.748E-4,6.534E-4,9.449E-4,1
1504814533119,true,1626.137,0,0.001027,-0.001503,0.001357,4.665E-4,0.001753,7.877E-4,0.001341,9.768E-4,0.01297,-0.01113,6.954E-4,5.643E-4,0.001917,8.796E-4,6.865E-4,9.423E-4,1
1504814533154,true,1626.195,0,4.475E-4,-0.001541,0.001375,4.656E-4,0.001767,7.883E-4,0.001356,9.766E-4,0.0126,-0.01073,7.142E-4,5.616E-4,0.001945,8.788E-4,7.108E-4,9.392E-4,1
1504814533188,true,1626.252,0,1.663E-4,-0.001786,0.001375,4.68E-4,0.001783,7.855E-4,0.001363,9.77E-4,0.0125,-0.01055,7.141E-4,5.633E-4,0.001966,8.751E-4,7.205E-4,9.38E-4,1
1504814533223,true,1626.31,0,2.203E-4,-0.0018,0.001374,4.679E-4,0.001793,7.854E-4,0.001364,9.734E-4,0.01288,-0.011,7.206E-4,5.64E-4,0.001978,8.743E-4,7.371E-4,9.335E-4,1
1504814533258,true,1626.367,0,3.647E-4,-0.001687,0.001355,4.684E-4,0.001799,7.829E-4,0.001367,9.682E-4,0.01324,-0.01141,7.156E-4,5.683E-4,0.001978,8.725E-4,7.28E-4,9.318E-4,1
1504814533419,true,1626.437,0,3.992E-4,-0.001611,0.00135,4.66E-4,0.001793,7.822E-4,0.001361,9.653E-4,0.01318,-0.01137,7.11E-4,5.666E-4,0.001957,8.764E-4,7.187E-4,9.281E-4,1
1504814533454,true,1626.495,0,2.521E-5,-0.0015,0.001341,4.676E-4,0.001773,7.812E-4,0.001357,9.639E-4,0.01301,-0.01127,7.01E-4,5.657E-4,0.001933,8.753E-4,6.982E-4,9.275E-4,1
1504814533489,true,1626.552,0,-2.379E-4,-0.001734,0.001335,4.699E-4,0.001764,7.796E-4,0.001349,9.652E-4,0.01295,-0.01117,6.829E-4,5.674E-4,0.001914,8.78E-4,6.598E-4,9.344E-4,1
1504814533524,true,1626.61,0,1.505E-5,-0.002029,0.001345,4.725E-4,0.001778,7.794E-4,0.001352,9.658E-4,0.01325,-0.01142,6.885E-4,5.656E-4,0.001929,8.786E-4,6.625E-4,9.384E-4,1
1504814533558,true,1626.667,0,5.679E-4,-0.00188,0.001341,4.789E-4,0.001788,7.812E-4,0.001354,9.637E-4,0.01356,-0.01177,6.931E-4,5.651E-4,0.001945,8.807E-4,6.825E-4,9.383E-4,1
1504814533694,true,1626.712,0,9.303E-4,-0.00167,0.001355,4.763E-4,0.001813,7.806E-4,0.001371,9.619E-4,0.01352,-0.01171,7.047E-4,5.664E-4,0.001978,8.77E-4,7.143E-4,9.37E-4,1
1504814533729,true,1626.77,0,0.001061,-0.001359,0.001375,4.747E-4,0.001823,7.829E-4,0.001382,9.634E-4,0.01305,-0.01124,7.227E-4,5.613E-4,0.002004,8.73E-4,7.394E-4,9.369E-4,1
1504814533764,true,1626.827,0,7.449E-4,-0.001277,0.001397,4.731E-4,0.001841,7.801E-4,0.001399,9.648E-4,0.01257,-0.01073,7.32E-4,5.607E-4,0.002037,8.731E-4,7.693E-4,9.359E-4,1
1504814533799,true,1626.885,0,3.402E-4,-0.001534,0.001414,4.737E-4,0.001853,7.809E-4,0.001403,9.675E-4,0.01229,-0.01037,7.371E-4,5.634E-4,0.002067,8.724E-4,7.901E-4,9.34E-4,1
1504814533834,true,1626.942,0,3.461E-4,-0.001615,0.001425,4.741E-4,0.001872,7.816E-4,0.001407,9.663E-4,0.01257,-0.01067,7.414E-4,5.646E-4,0.002078,8.748E-4,8.047E-4,9.345E-4,1
1504814533994,true,1627.012,0,3.215E-4,-0.001366,0.00142,4.731E-4,0.001888,7.768E-4,0.001413,9.656E-4,0.01294,-0.01106,7.44E-4,5.64E-4,0.002081,8.767E-4,8.193E-4,9.307E-4,1
1504814534029,true,1627.07,0,5.884E-4,-0.001301,0.001411,4.725E-4,0.001887,7.768E-4,0.001408,9.68E-4,0.01289,-0.01109,7.47E-4,5.601E-4,0.002074,8.771E-4,8.278E-4,9.248E-4,1
1504814534064,true,1627.127,0,4.639E-4,-0.001117,0.00141,4.705E-4,0.00188,7.723E-4,0.001408,9.706E-4,0.01272,-0.01097,7.35E-4,5.595E-4,0.002053,8.792E-4,8.207E-4,9.214E-4,1
1504814534099,true,1627.185,0,1.62E-4,-0.001248,0.001408,4.675E-4,0.001872,7.676E-4,0.001389,9.741E-4,0.01273,-0.01099,7.247E-4,5.58E-4,0.002037,8.804E-4,7.982E-4,9.212E-4,1
1504814534133,true,1627.242,0,3.36E-4,-0.001475,0.001382,4.729E-4,0.001861,7.678E-4,0.001371,9.785E-4,0.01288,-0.01111,7.008E-4,5.594E-4,0.002006,8.841E-4,7.655E-4,9.27E-4,1
1504814534269,true,1627.287,0,0.001035,-0.001452,0.001379,4.731E-4,0.001876,7.672E-4,0.001363,9.836E-4,0.01311,-0.01133,6.981E-4,5.602E-4,0.002017,8.839E-4,7.612E-4,9.313E-4,1
1504814534304,true,1627.345,0,0.001516,-0.001026,0.001387,4.708E-4,0.001889,7.675E-4,0.001373,9.849E-4,0.01315,-0.01145,7.038E-4,5.605E-4,0.002029,8.837E-4,7.86E-4,9.315E-4,1
1504814534339,true,1627.402,0,0.001944,-7.969E-4,0.001407,4.681E-4,0.001907,7.641E-4,0.001392,9.852E-4,0.01252,-0.01081,7.077E-4,5.609E-4,0.00205,8.822E-4,8.189E-4,9.304E-4,1
1504814534374,true,1627.46,0,0.001671,-5.393E-4,0.001435,4.658E-4,0.001916,7.642E-4,0.001413,9.839E-4,0.01209,-0.01028,7.29E-4,5.586E-4,0.002073,8.818E-4,8.553E-4,9.296E-4,1
1504814534408,true,1627.517,0,0.001431,-7.561E-4,0.001457,4.642E-4,0.001934,7.63E-4,0.001428,9.841E-4,0.01164,-0.009848,7.352E-4,5.592E-4,0.0021,8.84E-4,8.74E-4,9.343E-4,1
1504814534569,true,1627.586,0,0.00188,-0.001105,0.00147,4.605E-4,0.00197,7.555E-4,0.001431,9.879E-4,0.01173,-0.009904,7.436E-4,5.59E-4,0.002126,8.833E-4,9.029E-4,9.326E-4,1
1504814534604,true,1627.644,0,0.002249,-0.001098,0.001481,4.574E-4,0.001986,7.546E-4,0.00145,9.863E-4,0.01209,-0.01025,7.444E-4,5.61E-4,0.002148,8.825E-4,9.297E-4,9.304E-4,1
1504814534638,true,1627.701,0,0.002613,-0.001021,0.00148,4.543E-4,0.002001,7.544E-4,0.001469,9.866E-4,0.01224,-0.0104,7.454E-4,5.577E-4,0.002157,8.817E-4,9.511E-4,9.262E-4,1
1504814534673,true,1627.759,0,0.002568,-7.895E-4,0.001492,4.484E-4,0.002006,7.508E-4,0.001475,9.88E-4,0.01186,-0.01014,7.435E-4,5.557E-4,0.002166,8.79E-4,9.622E-4,9.217E-4,1
1504814534708,true,1627.816,0,0.002195,-9.032E-4,0.001499,4.462E-4,0.002002,7.455E-4,0.001483,9.895E-4,0.0118,-0.01005,7.482E-4,5.505E-4,0.002156,8.797E-4,9.464E-4,9.256E-4,1
1504814534845,true,1627.863,0,0.00215,-0.001163,0.001493,4.452E-4,0.002004,7.408E-4,0.00148,9.909E-4,0.01171,-0.009818,7.307E-4,5.504E-4,0.002147,8.756E-4,9.292E-4,9.256E-4,1
1504814534880,true,1627.921,0,0.002728,-0.001194,0.001475,4.481E-4,0.001992,7.424E-4,0.001458,9.929E-4,0.01207,-0.0102,7.204E-4,5.511E-4,0.002129,8.743E-4,9.035E-4,9.286E-4,1
1504814534915,true,1627.978,0,0.003205,-9.758E-4,0.00147,4.452E-4,0.001989,7.438E-4,0.001445,9.966E-4,0.01222,-0.01041,7.11E-4,5.517E-4,0.00212,8.777E-4,8.961E-4,9.336E-4,1
1504814534949,true,1628.036,0,0.003404,-6.636E-4,0.001494,4.392E-4,0.002004,7.419E-4,0.001469,9.93E-4,0.01201,-0.01017,7.152E-4,5.496E-4,0.002132,8.799E-4,9.207E-4,9.339E-4,1
1504814534984,true,1628.093,0,0.003329,-3.565E-4,0.001514,4.384E-4,0.002013,7.426E-4,0.001486,9.968E-4,0.01161,-0.009749,7.282E-4,5.485E-4,0.00216,8.803E-4,9.548E-4,9.344E-4,1
1504814535144,true,1628.163,0,0.002803,-4.609E-4,0.001543,4.364E-4,0.002035,7.402E-4,0.001516,9.934E-4,0.01101,-0.009116,7.403E-4,5.473E-4,0.002206,8.737E-4,9.93E-4,9.35E-4,1
1504814535179,true,1628.221,0,0.002709,-6.963E-4,0.001559,4.382E-4,0.002057,7.393E-4,0.00153,9.938E-4,0.01101,-0.009038,7.47E-4,5.491E-4,0.002236,8.728E-4,0.00103,9.368E-4,1
1504814535214,true,1628.278,0,0.002873,-7.624E-4,0.001573,4.363E-4,0.002083,7.378E-4,0.001549,9.926E-4,0.01122,-0.00931,7.569E-4,5.517E-4,0.002272,8.726E-4,0.001068,9.356E-4,1
1504814535248,true,1628.336,0,0.002905,-6.2E-4,0.001585,4.349E-4,0.002108,7.366E-4,0.001573,9.906E-4,0.01149,-0.009598,7.651E-4,5.506E-4,0.002302,8.713E-4,0.001109,9.335E-4,1
1504814535283,true,1628.393,0,0.003174,-6.072E-4,0.001598,4.324E-4,0.002124,7.347E-4,0.001596,9.897E-4,0.01144,-0.009516,7.845E-4,5.498E-4,0.002322,8.715E-4,0.001136,9.293E-4,1
1504814535420,true,1628.437,0,0.002606,-5.73E-4,0.001604,4.32E-4,0.002128,7.33E-4,0.001621,9.88E-4,0.01144,-0.009459,7.911E-4,5.446E-4,0.002336,8.716E-4,0.001142,9.3E-4,1
1504814535454,true,1628.495,0,0.002367,-8.762E-4,0.001612,4.265E-4,0.002137,7.285E-4,0.001632,9.872E-4,0.01148,-0.00941,7.863E-4,5.465E-4,0.00234,8.775E-4,0.00114,9.319E-4,1
1504814535489,true,1628.552,0,0.002758,-0.001064,0.001618,4.244E-4,0.00214,7.278E-4,0.00163,9.84E-4,0.01171,-0.009621,7.749E-4,5.437E-4,0.002331,8.784E-4,0.001134,9.325E-4,1
1504814535523,true,1628.61,0,0.003294,-0.001002,0.001613,4.211E-4,0.002144,7.233E-4,0.001625,9.786E-4,0.01204,-0.009992,7.636E-4,5.414E-4,0.002316,8.761E-4,0.001123,9.299E-4,1
1504814535558,true,1628.667,0,0.003427,-6.439E-4,0.001597,4.223E-4,0.002134,7.277E-4,0.001625,9.772E-4,0.01187,-0.009907,7.543E-4,5.421E-4,0.002294,8.81E-4,0.001095,9.351E-4,1
1504814535695,true,1628.713,0,0.003145,-2.951E-4,0.001611,4.22E-4,0.002129,7.325E-4,0.001639,9.753E-4,0.01141,-0.009428,7.554E-4,5.435E-4,0.0023,8.868E-4,0.00111,9.326E-4,1
1504814535729,true,1628.771,0,0.002902,-5.131E-4,0.001625,4.235E-4,0.002147,7.317E-4,0.001673,9.702E-4,0.01094,-0.008961,7.594E-4,5.419E-4,0.002323,8.893E-4,0.001127,9.358E-4,1
1504814535764,true,1628.828,0,0.002659,-9.095E-4,0.001654,4.226E-4,0.00217,7.315E-4,0.001679,9.751E-4,0.01094,-0.008857,7.687E-4,5.421E-4,0.002359,8.871E-4,0.001161,9.365E-4,1
1504814535799,true,1628.886,0,0.002789,-0.001088,0.001664,4.254E-4,0.002197,7.322E-4,0.001713,9.692E-4,0.01146,-0.009363,7.74E-4,5.44E-4,0.002397,8.851E-4,0.001203,9.339E-4,1
1504814535834,true,1628.943,0,0.002861,-9.757E-4,0.001684,4.25E-4,0.002225,7.333E-4,0.001739,9.628E-4,0.0118,-0.009785,7.876E-4,5.443E-4,0.002421,8.855E-4,0.001234,9.354E-4,1
1504814535995,true,1629.012,0,0.002981,-9.243E-4,0.001713,4.196E-4,0.002255,7.318E-4,0.001769,9.613E-4,0.01172,-0.009765,7.963E-4,5.456E-4,0.002446,8.869E-4,0.001271,9.314E-4,1
1504814536029,true,1629.07,0,0.002365,-7.575E-4,0.001735,4.176E-4,0.002272,7.333E-4,0.001786,9.651E-4,0.01158,-0.009667,8.024E-4,5.451E-4,0.002465,8.864E-4,0.001306,9.266E-4,1
1504814536064,true,1629.127,0,0.001972,-9.648E-4,0.001747,4.172E-4,0.002285,7.313E-4,0.001808,9.636E-4,0.01156,-0.009628,8.121E-4,5.43E-4,0.002477,8.852E-4,0.001314,9.272E-4,1
1504814536099,true,1629.185,0,0.00223,-0.001404,0.001753,4.188E-4,0.00229,7.312E-4,0.001817,9.623E-4,0.01161,-0.009691,8.053E-4,5.427E-4,0.002492,8.781E-4,0.001312,9.292E-4,1
1504814536133,true,1629.242,0,0.002583,-0.001387,0.001759,4.189E-4,0.002293,7.32E-4,0.001822,9.602E-4,0.0122,-0.01026,8.005E-4,5.412E-4,0.002489,8.76E-4,0.001314,9.254E-4,1
1504814536294,true,1629.313,0,0.00288,-0.001182,0.001762,4.146E-4,0.002295,7.325E-4,0.001827,9.58E-4,0.01223,-0.01037,7.949E-4,5.379E-4,0.002478,8.717E-4,0.001309,9.193E-4,1
1504814536329,true,1629.371,0,0.003006,-9.363E-4,0.001767,4.095E-4,0.002282,7.332E-4,0.001829,9.568E-4,0.01171,-0.009887,7.808E-4,5.363E-4,0.002461,8.688E-4,0.001282,9.164E-4,1
1504814536364,true,1629.428,0,0.002252,-7.427E-4,0.001763,4.112E-4,0.002272,7.337E-4,0.001822,9.574E-4,0.01126,-0.009502,7.611E-4,5.372E-4,0.002441,8.709E-4,0.001255,9.155E-4,1
1504814536399,true,1629.486,0,0.002007,-0.001056,0.001775,4.087E-4,0.002279,7.359E-4,0.001831,9.554E-4,0.01092,-0.009217,7.487E-4,5.403E-4,0.002442,8.711E-4,0.00125,9.196E-4,1
1504814536434,true,1629.543,0,0.002071,-0.001457,0.001779,4.134E-4,0.002308,7.36E-4,0.001854,9.5E-4,0.01112,-0.009507,7.425E-4,5.426E-4,0.002458,8.704E-4,0.001267,9.176E-4,1
1504814536569,true,1629.587,0,0.00198,-0.001362,0.001792,4.115E-4,0.002327,7.366E-4,0.001873,9.5E-4,0.01155,-0.01005,7.404E-4,5.42E-4,0.002474,8.703E-4,0.001294,9.156E-4,1
1504814536604,true,1629.645,0,0.001826,-0.001308,0.001813,4.079E-4,0.002336,7.418E-4,0.001901,9.473E-4,0.01136,-0.009919,7.396E-4,5.442E-4,0.002483,8.733E-4,0.00133,9.106E-4,1
1504814536638,true,1629.702,0,0.001575,-0.001236,0.001828,4.087E-4,0.00235,7.406E-4,0.00192,9.494E-4,0.01121,-0.009773,7.489E-4,5.414E-4,0.002502,8.726E-4,0.00136,9.056E-4,1
1504814536673,true,1629.76,0,0.001191,-0.001395,0.001855,4.041E-4,0.002364,7.388E-4,0.001944,9.487E-4,0.01125,-0.009814,7.479E-4,5.421E-4,0.002514,8.719E-4,0.001379,9.036E-4,1
1504814536708,true,1629.817,0,0.001317,-0.001755,0.001863,4.04E-4,0.00239,7.334E-4,0.001957,9.477E-4,0.0115,-0.00998,7.465E-4,5.412E-4,0.002529,8.657E-4,0.001391,8.987E-4,1
1504814536870,true,1629.888,0,0.001864,-0.001816,0.001866,4.043E-4,0.002407,7.311E-4,0.001964,9.456E-4,0.01195,-0.01046,7.373E-4,5.404E-4,0.002522,8.639E-4,0.001387,8.957E-4,1
1504814536905,true,1629.946,0,0.002559,-0.001669,0.001861,4.024E-4,0.002419,7.307E-4,0.001968,9.431E-4,0.01226,-0.01078,7.292E-4,5.4E-4,0.002512,8.561E-4,0.00138,8.949E-4,1
1504814536939,true,1630.003,0,0.002731,-0.001341,0.001856,4.025E-4,0.00241,7.326E-4,0.001967,9.426E-4,0.01178,-0.01031,7.206E-4,5.358E-4,0.002494,8.539E-4,0.001363,8.904E-4,1
1504814536974,true,1630.061,0,0.002559,-0.001291,0.001865,3.994E-4,0.0024,7.322E-4,0.001953,9.464E-4,0.01125,-0.00988,7.026E-4,5.339E-4,0.002473,8.532E-4,0.001337,8.897E-4,1
1504814537009,true,1630.118,0,0.001969,-0.001472,0.001857,4.0E-4,0.002387,7.299E-4,0.001937,9.497E-4,0.01114,-0.009737,6.725E-4,5.346E-4,0.002446,8.51E-4,0.0013,8.892E-4,1
1504814537145,true,1630.164,0,0.001991,-0.001736,0.001848,4.022E-4,0.002391,7.341E-4,0.001933,9.504E-4,0.01137,-0.009995,6.437E-4,5.382E-4,0.002434,8.471E-4,0.001279,8.918E-4,1
1504814537180,true,1630.222,0,0.00222,-0.001778,0.001848,4.045E-4,0.002403,7.358E-4,0.001946,9.457E-4,0.0117,-0.01046,6.313E-4,5.386E-4,0.002439,8.437E-4,0.00129,8.888E-4,1
1504814537214,true,1630.279,0,0.001931,-0.001604,0.001859,4.032E-4,0.002416,7.383E-4,0.001975,9.386E-4,0.01181,-0.01061,6.199E-4,5.409E-4,0.002438,8.451E-4,0.001309,8.869E-4,1
1504814537249,true,1630.337,0,0.001864,-0.001458,0.001876,4.013E-4,0.002442,7.352E-4,0.001996,9.408E-4,0.01151,-0.01037,6.171E-4,5.411E-4,0.002448,8.432E-4,0.001317,8.861E-4,1
1504814537284,true,1630.394,0,0.00137,-0.001529,0.001892,4.014E-4,0.002459,7.335E-4,0.00202,9.401E-4,0.01146,-0.01033,6.101E-4,5.419E-4,0.002449,8.439E-4,0.001334,8.818E-4,1
1504814537445,true,1630.463,0,0.001209,-0.001782,0.001908,4.008E-4,0.002482,7.329E-4,0.002037,9.411E-4,0.01144,-0.01025,6.117E-4,5.408E-4,0.002465,8.382E-4,0.001348,8.79E-4,1
1504814537480,true,1630.521,0,0.001564,-0.001866,0.001923,4.003E-4,0.002508,7.301E-4,0.002054,9.389E-4,0.01171,-0.01054,6.107E-4,5.401E-4,0.002477,8.319E-4,0.001354,8.78E-4,1
1504814537514,true,1630.578,0,0.001831,-0.001564,0.001933,3.974E-4,0.002519,7.268E-4,0.002059,9.374E-4,0.01195,-0.0108,6.005E-4,5.407E-4,0.002471,8.272E-4,0.001361,8.752E-4,1
1504814537549,true,1630.636,0,0.002094,-0.00132,0.001938,3.947E-4,0.002528,7.242E-4,0.002067,9.339E-4,0.01178,-0.0106,5.948E-4,5.398E-4,0.002455,8.274E-4,0.001359,8.689E-4,1
1504814537584,true,1630.693,0,0.002126,-0.001072,0.001935,3.942E-4,0.002521,7.226E-4,0.002067,9.322E-4,0.01149,-0.01031,5.807E-4,5.367E-4,0.002441,8.214E-4,0.001335,8.662E-4,1
1504814537720,true,1630.739,0,0.001746,-0.001167,0.001929,3.945E-4,0.002514,7.183E-4,0.002062,9.312E-4,0.01114,-0.009947,5.612E-4,5.369E-4,0.002418,8.162E-4,0.001308,8.649E-4,1
1504814537754,true,1630.797,0,0.001721,-0.001488,0.001927,3.926E-4,0.002511,7.144E-4,0.00205,9.297E-4,0.01103,-0.009832,5.3E-4,5.38E-4,0.002383,8.124E-4,0.001264,8.654E-4,1
1504814537789,true,1630.854,0,0.001928,-0.001497,0.001897,3.984E-4,0.002502,7.163E-4,0.002029,9.304E-4,0.01138,-0.01025,4.932E-4,5.427E-4,0.002338,8.13E-4,0.001221,8.69E-4,1
1504814537824,true,1630.912,0,0.002126,-0.0014,0.001892,3.978E-4,0.002513,7.175E-4,0.002024,9.318E-4,0.01164,-0.01058,4.758E-4,5.464E-4,0.002317,8.141E-4,0.001216,8.668E-4,1
1504814537858,true,1630.969,0,0.002394,-0.001284,0.001892,3.959E-4,0.002523,7.156E-4,0.002024,9.392E-4,0.01144,-0.01053,4.646E-4,5.439E-4,0.00231,8.125E-4,0.001226,8.65E-4,1
1504814538019,true,1631.038,0,0.001911,-0.001268,0.001898,3.98E-4,0.002538,7.15E-4,0.002042,9.387E-4,0.0114,-0.01052,4.532E-4,5.456E-4,0.002317,8.102E-4,0.001229,8.67E-4,1
1504814538054,true,1631.096,0,0.001688,-0.001447,0.001917,3.948E-4,0.00255,7.119E-4,0.002055,9.364E-4,0.01137,-0.01042,4.461E-4,5.478E-4,0.002325,8.082E-4,0.001236,8.711E-4,1
1504814538089,true,1631.153,0,0.002244,-0.001686,0.001929,3.934E-4,0.002565,7.124E-4,0.002066,9.332E-4,0.01181,-0.0108,4.431E-4,5.497E-4,0.002329,8.033E-4,0.001244,8.723E-4,1
1504814538123,true,1631.211,0,0.002582,-0.001403,0.00193,3.946E-4,0.002588,7.108E-4,0.002072,9.319E-4,0.01216,-0.01116,4.439E-4,5.506E-4,0.002334,8.033E-4,0.001255,8.721E-4,1
1504814538158,true,1631.268,0,0.002917,-0.001131,0.001934,3.933E-4,0.002606,7.087E-4,0.002078,9.294E-4,0.01216,-0.01114,4.484E-4,5.496E-4,0.002331,8.023E-4,0.001262,8.688E-4,1
1504814538320,true,1631.338,0,0.002769,-8.499E-4,0.001944,3.911E-4,0.002615,7.075E-4,0.002082,9.302E-4,0.01169,-0.01066,4.456E-4,5.501E-4,0.002319,8.055E-4,0.001262,8.665E-4,1
1504814538354,true,1631.396,0,0.002662,-9.375E-4,0.001942,3.911E-4,0.002611,7.069E-4,0.002086,9.279E-4,0.01133,-0.01022,4.361E-4,5.507E-4,0.002314,8.019E-4,0.00125,8.666E-4,1
1504814538389,true,1631.453,0,0.002686,-0.001307,0.00194,3.902E-4,0.002608,7.064E-4,0.002068,9.3E-4,0.01142,-0.01025,4.222E-4,5.507E-4,0.002296,7.981E-4,0.001229,8.657E-4,1
1504814538424,true,1631.511,0,0.003148,-0.001638,0.001935,3.859E-4,0.002608,7.058E-4,0.002054,9.281E-4,0.01177,-0.01069,4.108E-4,5.487E-4,0.002262,7.96E-4,0.001202,8.637E-4,1
1504814538459,true,1631.568,0,0.00314,-0.001471,0.001914,3.843E-4,0.002591,7.043E-4,0.00204,9.248E-4,0.01208,-0.01118,3.985E-4,5.465E-4,0.002221,7.913E-4,0.001176,8.591E-4,1
1504814538594,true,1631.613,0,0.003098,-0.00138,0.001885,3.878E-4,0.002561,7.097E-4,0.002022,9.306E-4,0.01215,-0.01132,3.755E-4,5.52E-4,0.002174,7.942E-4,0.001127,8.607E-4,1
1504814538629,true,1631.671,0,0.002874,-0.001357,0.001884,3.875E-4,0.002558,7.101E-4,0.002025,9.343E-4,0.01206,-0.01132,3.667E-4,5.537E-4,0.002149,8.016E-4,0.001106,8.656E-4,1
1504814538664,true,1631.728,0,0.002556,-0.001643,0.0019,3.851E-4,0.002561,7.094E-4,0.002031,9.377E-4,0.01196,-0.01118,3.619E-4,5.553E-4,0.002153,8.032E-4,0.001105,8.691E-4,1
1504814538699,true,1631.786,0,0.00262,-0.001947,0.00191,3.868E-4,0.002571,7.112E-4,0.002033,9.4E-4,0.01237,-0.01141,3.593E-4,5.594E-4,0.002159,8.035E-4,0.001116,8.7E-4,1
1504814538734,true,1631.843,0,0.002865,-0.001776,0.001912,3.861E-4,0.002587,7.089E-4,0.002047,9.367E-4,0.01274,-0.01174,3.746E-4,5.604E-4,0.002173,8.005E-4,0.001134,8.667E-4,1
1504814538895,true,1631.914,0,0.00316,-0.00157,0.001922,3.855E-4,0.002599,7.078E-4,0.002061,9.351E-4,0.01283,-0.01187,3.948E-4,5.602E-4,0.002178,7.996E-4,0.001152,8.644E-4,1
1504814538929,true,1631.972,0,0.003502,-0.001363,0.001941,3.827E-4,0.002612,7.056E-4,0.002063,9.372E-4,0.01261,-0.01165,4.098E-4,5.576E-4,0.00218,8.02E-4,0.001173,8.596E-4,1
1504814538964,true,1632.029,0,0.003127,-0.001373,0.001952,3.828E-4,0.002619,7.002E-4,0.002075,9.355E-4,0.0122,-0.01112,4.248E-4,5.576E-4,0.002183,8.067E-4,0.001179,8.577E-4,1
1504814538999,true,1632.087,0,0.00288,-0.00177,0.00196,3.843E-4,0.002626,6.984E-4,0.002076,9.333E-4,0.01208,-0.01091,4.274E-4,5.601E-4,0.002184,8.051E-4,0.001174,8.579E-4,1
1504814539034,true,1632.144,0,0.002962,-0.00211,0.001962,3.86E-4,0.002624,7.002E-4,0.002063,9.309E-4,0.01248,-0.01128,4.27E-4,5.606E-4,0.002173,8.03E-4,0.001166,8.572E-4,1
1504814539170,true,1632.188,0,0.003289,-0.002173,0.001952,3.851E-4,0.002615,7.012E-4,0.002054,9.282E-4,0.01298,-0.01182,4.307E-4,5.597E-4,0.002149,8.047E-4,0.001151,8.556E-4,1
1504814539204,true,1632.246,0,0.003694,-0.002292,0.001923,3.87E-4,0.002601,7.012E-4,0.002045,9.269E-4,0.01293,-0.01173,4.26E-4,5.6E-4,0.002106,8.084E-4,0.001131,8.485E-4,1
1504814539239,true,1632.303,0,0.003669,-0.002236,0.001914,3.818E-4,0.002567,7.026E-4,0.002019,9.317E-4,0.01291,-0.01173,4.145E-4,5.6E-4,0.002073,8.097E-4,0.001091,8.478E-4,1
1504814539274,true,1632.361,0,0.003155,-0.002397,0.001884,3.877E-4,0.002532,7.072E-4,0.001993,9.392E-4,0.01289,-0.01161,3.99E-4,5.629E-4,0.002027,8.145E-4,0.00103,8.531E-4,1
1504814539309,true,1632.418,0,0.003203,-0.002783,0.001872,3.911E-4,0.002524,7.067E-4,0.00199,9.38E-4,0.01319,-0.01175,4.028E-4,5.637E-4,0.002026,8.123E-4,0.001013,8.565E-4,1
1504814539445,true,1632.464,0,0.003783,-0.002914,0.001857,3.962E-4,0.002531,7.064E-4,0.001986,9.363E-4,0.01361,-0.01218,4.053E-4,5.672E-4,0.002033,8.126E-4,0.00101,8.596E-4,1
1504814539480,true,1632.522,0,0.003884,-0.002629,0.001855,3.97E-4,0.00253,7.076E-4,0.001996,9.339E-4,0.01398,-0.01247,4.276E-4,5.682E-4,0.002041,8.128E-4,0.001027,8.632E-4,1
1504814539514,true,1632.579,0,0.004029,-0.002423,0.001863,3.969E-4,0.002529,7.096E-4,0.002003,9.353E-4,0.01356,-0.01207,4.469E-4,5.663E-4,0.002049,8.163E-4,0.001046,8.598E-4,1
1504814539549,true,1632.637,0,0.003489,-0.002306,0.001881,3.974E-4,0.002525,7.093E-4,0.002022,9.316E-4,0.0131,-0.01147,4.765E-4,5.631E-4,0.002058,8.194E-4,0.001067,8.583E-4,1
1504814539584,true,1632.694,0,0.003267,-0.002501,0.001885,3.986E-4,0.00253,7.089E-4,0.002034,9.284E-4,0.0127,-0.01096,4.947E-4,5.641E-4,0.002086,8.154E-4,0.001078,8.581E-4,1
1504814539745,true,1632.764,0,0.003274,-0.002768,0.001894,3.96E-4,0.002537,7.06E-4,0.002026,9.291E-4,0.013,-0.01116,5.065E-4,5.629E-4,0.002103,8.136E-4,0.001092,8.566E-4,1
1504814539780,true,1632.822,0,0.003247,-0.002685,0.001883,3.948E-4,0.002536,7.054E-4,0.002024,9.272E-4,0.01339,-0.01163,5.159E-4,5.656E-4,0.002107,8.141E-4,0.001095,8.54E-4,1
1504814539815,true,1632.879,0,0.003264,-0.002641,0.001875,3.909E-4,0.002533,7.026E-4,0.002011,9.278E-4,0.0136,-0.01185,5.269E-4,5.646E-4,0.002092,8.164E-4,0.001097,8.467E-4,1
1504814539849,true,1632.937,0,0.003232,-0.002446,0.001869,3.883E-4,0.002502,7.076E-4,0.001997,9.287E-4,0.01343,-0.01168,5.289E-4,5.642E-4,0.002074,8.171E-4,0.001077,8.43E-4,1
1504814539884,true,1632.994,0,0.002868,-0.002491,0.001856,3.875E-4,0.002477,7.058E-4,0.001984,9.315E-4,0.01326,-0.01143,5.316E-4,5.611E-4,0.00205,8.18E-4,0.001048,8.438E-4,1
1504814540045,true,1633.064,0,0.002571,-0.002735,0.001835,3.892E-4,0.00244,7.075E-4,0.001952,9.365E-4,0.01334,-0.01141,5.228E-4,5.614E-4,0.002013,8.214E-4,9.949E-4,8.481E-4,1
1504814540079,true,1633.122,0,0.002952,-0.00292,0.001815,3.946E-4,0.00242,7.096E-4,0.001933,9.387E-4,0.01367,-0.01176,5.026E-4,5.662E-4,0.001999,8.213E-4,9.709E-4,8.494E-4,1
1504814540114,true,1633.179,0,0.003496,-0.002649,0.001808,3.956E-4,0.002414,7.096E-4,0.00194,9.307E-4,0.01399,-0.01204,5.147E-4,5.682E-4,0.002002,8.215E-4,9.73E-4,8.49E-4,1
1504814540149,true,1633.237,0,0.003989,-0.002419,0.001797,3.971E-4,0.002405,7.133E-4,0.001935,9.318E-4,0.01374,-0.01177,5.265E-4,5.678E-4,0.002012,8.224E-4,9.759E-4,8.504E-4,1
1504814540184,true,1633.294,0,0.003824,-0.002083,0.001813,3.932E-4,0.002409,7.081E-4,0.001951,9.3E-4,0.0132,-0.01117,5.441E-4,5.68E-4,0.002036,8.193E-4,9.895E-4,8.512E-4,1
1504814540319,true,1633.338,0,0.003373,-0.002068,0.001819,3.934E-4,0.002406,7.056E-4,0.001958,9.297E-4,0.01274,-0.01068,5.564E-4,5.712E-4,0.002051,8.227E-4,9.994E-4,8.554E-4,1
1504814540354,true,1633.396,0,0.003359,-0.002304,0.001825,3.961E-4,0.002411,7.058E-4,0.001967,9.284E-4,0.0127,-0.01055,5.698E-4,5.746E-4,0.00208,8.186E-4,0.001004,8.585E-4,1
1504814540389,true,1633.453,0,0.003617,-0.002281,0.001817,3.97E-4,0.002417,7.055E-4,0.00197,9.251E-4,0.01309,-0.01096,5.853E-4,5.749E-4,0.002096,8.156E-4,0.00103,8.564E-4,1
1504814540423,true,1633.511,0,0.003792,-0.002232,0.001814,3.94E-4,0.002418,7.058E-4,0.001982,9.201E-4,0.01326,-0.01119,6.079E-4,5.715E-4,0.002109,8.156E-4,0.001042,8.511E-4,1
1504814540458,true,1633.568,0,0.003694,-0.002013,0.001812,3.881E-4,0.002407,7.039E-4,0.001979,9.202E-4,0.01303,-0.01106,6.216E-4,5.687E-4,0.002096,8.177E-4,0.001039,8.507E-4,1
1504814540595,true,1633.614,0,0.003248,-0.001896,0.001807,3.856E-4,0.002394,7.004E-4,0.001977,9.203E-4,0.01289,-0.01093,6.258E-4,5.646E-4,0.002091,8.198E-4,0.001026,8.504E-4,1
1504814540630,true,1633.672,0,0.003008,-0.002109,0.001792,3.842E-4,0.002372,6.973E-4,0.00197,9.198E-4,0.01285,-0.01079,6.209E-4,5.648E-4,0.002078,8.19E-4,0.001001,8.517E-4,1
1504814540664,true,1633.729,0,0.003255,-0.002294,0.001781,3.816E-4,0.002353,6.993E-4,0.00196,9.168E-4,0.01324,-0.01119,6.173E-4,5.64E-4,0.002058,8.166E-4,9.735E-4,8.526E-4,1
1504814540699,true,1633.787,0,0.003694,-0.002117,0.001761,3.815E-4,0.002334,7.0E-4,0.001944,9.15E-4,0.01374,-0.01179,6.143E-4,5.677E-4,0.002041,8.184E-4,9.532E-4,8.553E-4,1
1504814540734,true,1633.844,0,0.003886,-0.001812,0.001758,3.802E-4,0.002334,6.999E-4,0.001943,9.151E-4,0.01368,-0.01174,6.2E-4,5.706E-4,0.002045,8.235E-4,9.522E-4,8.568E-4,1
1504814540895,true,1633.915,0,0.003743,-0.001452,0.00177,3.791E-4,0.00233,7.002E-4,0.00195,9.175E-4,0.01322,-0.01128,6.418E-4,5.682E-4,0.002054,8.305E-4,9.71E-4,8.568E-4,1
1504814540930,true,1633.973,0,0.003407,-0.00145,0.001783,3.796E-4,0.002343,6.955E-4,0.001959,9.184E-4,0.01287,-0.01094,6.659E-4,5.65E-4,0.002086,8.326E-4,9.785E-4,8.632E-4,1
1504814540964,true,1634.03,0,0.003253,-0.001686,0.001789,3.807E-4,0.002353,6.945E-4,0.001966,9.187E-4,0.01261,-0.01059,6.863E-4,5.631E-4,0.002113,8.328E-4,9.941E-4,8.664E-4,1
1504814540999,true,1634.088,0,0.003654,-0.001837,0.001793,3.824E-4,0.002356,6.965E-4,0.001974,9.158E-4,0.01279,-0.01073,6.994E-4,5.668E-4,0.002147,8.321E-4,0.001022,8.649E-4,1
1504814541033,true,1634.145,0,0.003719,-0.00168,0.001797,3.801E-4,0.002373,6.94E-4,0.001984,9.123E-4,0.01308,-0.01114,7.198E-4,5.665E-4,0.002184,8.275E-4,0.001054,8.627E-4,1
1504814541170,true,1634.189,0,0.003664,-0.001579,0.001797,3.817E-4,0.002365,6.963E-4,0.001998,9.102E-4,0.01299,-0.01103,7.388E-4,5.668E-4,0.002194,8.323E-4,0.001069,8.6E-4,1
1504814541205,true,1634.247,0,0.003418,-0.001473,0.001797,3.82E-4,0.002357,6.973E-4,0.002,9.101E-4,0.01297,-0.01109,7.575E-4,5.635E-4,0.002217,8.308E-4,0.001082,8.598E-4,1
1504814541239,true,1634.304,0,0.003137,-0.00179,0.001787,3.839E-4,0.002347,6.96E-4,0.002005,9.105E-4,0.01278,-0.01089,7.601E-4,5.652E-4,0.00222,8.332E-4,0.001087,8.601E-4,1
1504814541274,true,1634.362,0,0.003256,-0.002143,0.00177,3.863E-4,0.002335,6.963E-4,0.001998,9.06E-4,0.01301,-0.01107,7.573E-4,5.688E-4,0.002228,8.309E-4,0.00108,8.601E-4,1
1504814541309,true,1634.419,0,0.003696,-0.002196,0.001759,3.871E-4,0.002324,6.949E-4,0.00198,9.042E-4,0.01344,-0.01159,7.605E-4,5.676E-4,0.002223,8.294E-4,0.001071,8.592E-4,1
1504814541470,true,1634.488,0,0.003825,-0.001979,0.001747,3.877E-4,0.00231,6.972E-4,0.001962,9.067E-4,0.01357,-0.01176,7.639E-4,5.668E-4,0.002194,8.371E-4,0.001046,8.631E-4,1
1504814541504,true,1634.546,0,0.003869,-0.00167,0.001751,3.868E-4,0.002302,6.996E-4,0.001963,9.091E-4,0.01307,-0.01123,7.749E-4,5.654E-4,0.002201,8.396E-4,0.001058,8.631E-4,1
1504814541539,true,1634.603,0,0.003374,-0.00152,0.00176,3.889E-4,0.002301,6.978E-4,0.001968,9.095E-4,0.01272,-0.01082,7.878E-4,5.659E-4,0.002225,8.462E-4,0.001084,8.662E-4,1
1504814541574,true,1634.661,0,0.002964,-0.001691,0.001769,3.914E-4,0.002319,6.924E-4,0.001972,9.092E-4,0.01251,-0.01057,7.995E-4,5.694E-4,0.002257,8.458E-4,0.001102,8.711E-4,1
1504814541609,true,1634.718,0,0.00324,-0.001943,0.001772,3.936E-4,0.00233,6.941E-4,0.001966,9.137E-4,0.01268,-0.0107,8.189E-4,5.694E-4,0.002296,8.453E-4,0.001145,8.672E-4,1
1504814541770,true,1634.789,0,0.003221,-0.001879,0.001763,3.982E-4,0.002348,6.956E-4,0.001973,9.116E-4,0.01303,-0.01105,8.397E-4,5.728E-4,0.002328,8.491E-4,0.00119,8.671E-4,1
1504814541805,true,1634.847,0,0.003524,-0.001982,0.001776,3.953E-4,0.00236,6.96E-4,0.001988,9.084E-4,0.01287,-0.0109,8.645E-4,5.738E-4,0.002361,8.533E-4,0.001227,8.693E-4,1
1504814541840,true,1634.904,0,0.003011,-0.001855,0.001778,3.999E-4,0.002365,6.96E-4,0.001995,9.112E-4,0.01269,-0.01071,8.813E-4,5.748E-4,0.002384,8.593E-4,0.001256,8.711E-4,1
1504814541874,true,1634.962,0,0.002348,-0.001852,0.001783,4.0E-4,0.002364,6.93E-4,0.001994,9.15E-4,0.01259,-0.01064,8.964E-4,5.752E-4,0.002408,8.619E-4,0.001276,8.732E-4,1
1504814541909,true,1635.019,0,0.002126,-0.00207,0.001784,4.025E-4,0.00237,6.894E-4,0.001985,9.166E-4,0.01274,-0.01082,9.024E-4,5.755E-4,0.002431,8.609E-4,0.001287,8.741E-4,1
1504814542045,true,1635.065,0,0.002346,-0.002007,0.001784,3.994E-4,0.00237,6.889E-4,0.001975,9.164E-4,0.01307,-0.01114,9.083E-4,5.756E-4,0.002439,8.62E-4,0.001297,8.762E-4,1
1504814542080,true,1635.123,0,0.002672,-0.001782,0.001757,4.044E-4,0.002354,6.898E-4,0.00196,9.177E-4,0.01342,-0.01145,9.166E-4,5.73E-4,0.00244,8.593E-4,0.00129,8.79E-4,1
1504814542114,true,1635.18,0,0.003009,-0.001632,0.001749,4.053E-4,0.002339,6.89E-4,0.00194,9.176E-4,0.01312,-0.01122,9.148E-4,5.733E-4,0.00242,8.616E-4,0.00128,8.8E-4,1
1504814542149,true,1635.238,0,0.002384,-0.001388,0.001743,4.113E-4,0.002317,6.96E-4,0.00192,9.204E-4,0.01277,-0.01089,9.157E-4,5.748E-4,0.0024,8.721E-4,0.001262,8.864E-4,1
1504814542184,true,1635.295,0,0.00217,-0.001662,0.001749,4.138E-4,0.00233,6.91E-4,0.001915,9.263E-4,0.01249,-0.01057,9.236E-4,5.759E-4,0.002423,8.732E-4,0.001276,8.93E-4,1
1504814542345,true,1635.364,0,0.002147,-0.001882,0.001757,4.147E-4,0.002337,6.926E-4,0.001904,9.324E-4,0.01256,-0.0106,9.316E-4,5.79E-4,0.002456,8.748E-4,0.001303,8.961E-4,1
1504814542380,true,1635.422,0,0.002353,-0.001891,0.001769,4.146E-4,0.002348,6.979E-4,0.001909,9.314E-4,0.01297,-0.01106,9.511E-4,5.801E-4,0.002487,8.746E-4,0.001341,8.961E-4,1
1504814542414,true,1635.479,0,0.002379,-0.001788,0.001778,4.139E-4,0.002361,6.967E-4,0.001926,9.253E-4,0.01294,-0.01105,9.815E-4,5.753E-4,0.002512,8.781E-4,0.001383,8.969E-4,1
1504814542449,true,1635.537,0,0.002269,-0.001653,0.00179,4.119E-4,0.002365,7.004E-4,0.001944,9.244E-4,0.01268,-0.01081,0.001005,5.736E-4,0.002533,8.846E-4,0.00143,8.945E-4,1
1504814542484,true,1635.594,0,0.001769,-0.0017,0.001803,4.11E-4,0.002371,6.998E-4,0.001962,9.22E-4,0.0126,-0.01068,0.001022,5.735E-4,0.002559,8.87E-4,0.001471,8.934E-4,1
1504814542620,true,1635.64,0,0.001643,-0.002059,0.001813,4.086E-4,0.002378,6.989E-4,0.001963,9.243E-4,0.01262,-0.01063,0.001038,5.724E-4,0.002587,8.865E-4,0.001493,8.972E-4,1
1504814542655,true,1635.698,0,0.002088,-0.002278,0.001818,4.092E-4,0.002379,6.989E-4,0.001956,9.269E-4,0.01312,-0.0111,0.001037,5.736E-4,0.002603,8.844E-4,0.001512,9.008E-4,1
1504814542689,true,1635.755,0,0.002141,-0.002036,0.001816,4.108E-4,0.002383,6.956E-4,0.001949,9.23E-4,0.01357,-0.01156,0.001043,5.732E-4,0.002607,8.838E-4,0.001526,9.018E-4,1
1504814542724,true,1635.813,0,0.002533,-0.001838,0.001822,4.046E-4,0.002369,6.966E-4,0.001942,9.23E-4,0.01336,-0.01138,0.001042,5.721E-4,0.002602,8.838E-4,0.001524,9.02E-4,1
1504814542759,true,1635.87,0,0.002298,-0.001643,0.001813,4.06E-4,0.002363,6.918E-4,0.001926,9.209E-4,0.01281,-0.01083,0.001038,5.718E-4,0.002592,8.835E-4,0.001514,9.021E-4,1
1504814542920,true,1635.939,0,0.001671,-0.001686,0.001819,4.038E-4,0.002336,6.965E-4,0.001902,9.244E-4,0.01254,-0.01052,0.00103,5.734E-4,0.002576,8.875E-4,0.001488,9.058E-4,1
1504814542955,true,1635.997,0,0.001591,-0.001922,0.001826,4.021E-4,0.002345,6.929E-4,0.001892,9.236E-4,0.01238,-0.01041,0.001022,5.771E-4,0.002586,8.89E-4,0.001498,9.078E-4,1
1504814542989,true,1636.054,0,0.002033,-0.002029,0.001827,4.015E-4,0.002352,6.932E-4,0.001887,9.24E-4,0.0128,-0.0109,0.001034,5.779E-4,0.002601,8.903E-4,0.001534,9.061E-4,1
1504814543024,true,1636.112,0,0.002049,-0.001917,0.001835,3.974E-4,0.002367,6.93E-4,0.001899,9.207E-4,0.01298,-0.01112,0.001042,5.798E-4,0.00262,8.93E-4,0.001562,9.069E-4,1
1504814543059,true,1636.169,0,0.002179,-0.001845,0.001848,3.931E-4,0.002377,6.943E-4,0.001914,9.187E-4,0.01287,-0.01102,0.001054,5.791E-4,0.002638,8.979E-4,0.001599,9.044E-4,1
1504814543195,true,1636.215,0,0.001687,-0.001752,0.001854,3.952E-4,0.002393,6.917E-4,0.001927,9.189E-4,0.0127,-0.01088,0.001059,5.774E-4,0.002665,8.992E-4,0.001621,9.062E-4,1
1504814543230,true,1636.273,0,0.001452,-0.002087,0.001872,3.925E-4,0.002405,6.888E-4,0.001929,9.193E-4,0.01268,-0.01089,0.001072,5.76E-4,0.002694,8.98E-4,0.001652,9.038E-4,1
1504814543265,true,1636.33,0,0.001683,-0.002303,0.001879,3.92E-4,0.002418,6.884E-4,0.001937,9.148E-4,0.01321,-0.01131,0.00107,5.769E-4,0.002715,8.947E-4,0.001674,9.032E-4,1
1504814543299,true,1636.388,0,0.002182,-0.002143,0.00188,3.889E-4,0.00243,6.843E-4,0.001933,9.125E-4,0.01362,-0.0117,0.001069,5.765E-4,0.002724,8.94E-4,0.001696,8.992E-4,1
1504814543334,true,1636.445,0,0.002594,-0.001894,0.001876,3.86E-4,0.002436,6.812E-4,0.001936,9.069E-4,0.01362,-0.01168,0.001069,5.742E-4,0.002727,8.915E-4,0.001706,8.958E-4,1
1504814543495,true,1636.515,0,0.002452,-0.001542,0.001876,3.829E-4,0.002425,6.804E-4,0.001936,9.024E-4,0.01311,-0.0112,0.001068,5.715E-4,0.002718,8.904E-4,0.001706,8.911E-4,1
1504814543530,true,1636.573,0,0.002227,-0.001611,0.001873,3.807E-4,0.002413,6.75E-4,0.001934,8.978E-4,0.01277,-0.01089,0.001056,5.689E-4,0.002702,8.908E-4,0.001693,8.882E-4,1
1504814543564,true,1636.63,0,0.002196,-0.001928,0.00187,3.792E-4,0.002396,6.779E-4,0.001902,9.024E-4,0.01263,-0.01074,0.001031,5.721E-4,0.00268,8.883E-4,0.001671,8.884E-4,1
1504814543599,true,1636.688,0,0.002243,-0.001956,0.001866,3.827E-4,0.002393,6.812E-4,0.001882,9.05E-4,0.01285,-0.01099,0.00102,5.718E-4,0.002683,8.85E-4,0.001669,8.901E-4,1
1504814543634,true,1636.745,0,0.002255,-0.001774,0.001868,3.824E-4,0.002402,6.84E-4,0.001897,8.991E-4,0.01314,-0.01128,0.001013,5.728E-4,0.002687,8.869E-4,0.001684,8.901E-4,1
1504814543795,true,1636.815,0,0.002159,-0.001621,0.001872,3.82E-4,0.002412,6.87E-4,0.001902,9.0E-4,0.01289,-0.01108,0.001011,5.693E-4,0.002694,8.897E-4,0.001708,8.871E-4,1
1504814543830,true,1636.873,0,0.001783,-0.001501,0.001881,3.807E-4,0.002414,6.889E-4,0.00191,8.999E-4,0.0127,-0.01092,0.001013,5.667E-4,0.002716,8.878E-4,0.001724,8.9E-4,1
1504814543864,true,1636.93,0,0.001532,-0.001737,0.001887,3.79E-4,0.002427,6.861E-4,0.001924,9.013E-4,0.01277,-0.01091,0.001015,5.646E-4,0.002736,8.87E-4,0.00175,8.863E-4,1
1504814543899,true,1636.988,0,0.00195,-0.002088,0.0019,3.79E-4,0.002449,6.82E-4,0.001936,8.992E-4,0.01294,-0.01111,0.001011,5.651E-4,0.002755,8.848E-4,0.001775,8.844E-4,1
1504814543934,true,1637.045,0,0.002346,-0.001981,0.001902,3.792E-4,0.00246,6.814E-4,0.001945,8.954E-4,0.01349,-0.01164,0.001012,5.649E-4,0.002773,8.794E-4,0.001784,8.86E-4,1
1504814544070,true,1637.09,0,0.002878,-0.00173,0.0019,3.788E-4,0.002468,6.82E-4,0.001947,8.939E-4,0.01374,-0.01181,0.001013,5.591E-4,0.002772,8.753E-4,0.001796,8.837E-4,1
1504814544105,true,1637.148,0,0.003002,-0.0014,0.001901,3.793E-4,0.002463,6.842E-4,0.001944,8.957E-4,0.01336,-0.01146,0.001012,5.558E-4,0.002763,8.758E-4,0.001792,8.822E-4,1
1504814544140,true,1637.205,0,0.002632,-0.001273,0.001897,3.835E-4,0.002454,6.843E-4,0.001936,8.973E-4,0.01311,-0.01114,9.92E-4,5.547E-4,0.002754,8.717E-4,0.001775,8.825E-4,1
1504814544174,true,1637.263,0,0.002188,-0.00144,0.001892,3.842E-4,0.002458,6.798E-4,0.001922,8.981E-4,0.01297,-0.01099,9.717E-4,5.543E-4,0.002756,8.656E-4,0.001758,8.802E-4,1
1504814544209,true,1637.32,0,0.002235,-0.001614,0.001879,3.866E-4,0.002447,6.815E-4,0.001907,8.945E-4,0.01312,-0.0112,9.428E-4,5.57E-4,0.002737,8.6E-4,0.001733,8.807E-4,1
1504814544345,true,1637.365,0,0.002304,-0.001492,0.001867,3.879E-4,0.002427,6.865E-4,0.001899,8.913E-4,0.01336,-0.01155,9.07E-4,5.64E-4,0.002703,8.61E-4,0.001706,8.831E-4,1
1504814544380,true,1637.423,0,0.0021,-0.001366,0.001859,3.889E-4,0.002424,6.892E-4,0.001898,8.945E-4,0.01325,-0.01153,9.042E-4,5.609E-4,0.002699,8.643E-4,0.001712,8.793E-4,1
1504814544415,true,1637.48,0,0.001921,-0.001239,0.001863,3.894E-4,0.002426,6.922E-4,0.0019,8.981E-4,0.01309,-0.01141,8.906E-4,5.631E-4,0.002692,8.686E-4,0.001714,8.797E-4,1
1504814544449,true,1637.538,0,0.001392,-0.001283,0.001873,3.887E-4,0.00244,6.898E-4,0.001911,9.029E-4,0.01301,-0.01124,8.84E-4,5.626E-4,0.002705,8.673E-4,0.00172,8.845E-4,1
1504814544484,true,1637.595,0,0.001269,-0.001569,0.001888,3.88E-4,0.002454,6.915E-4,0.001923,9.035E-4,0.01325,-0.01138,8.734E-4,5.635E-4,0.002722,8.588E-4,0.001731,8.861E-4,1
1504814544646,true,1637.665,0,0.001553,-0.001568,0.001895,3.906E-4,0.002463,6.937E-4,0.001934,9.017E-4,0.01367,-0.01179,8.634E-4,5.66E-4,0.002736,8.556E-4,0.001756,8.857E-4,1
1504814544680,true,1637.723,0,0.001844,-0.001356,0.0019,3.914E-4,0.00247,6.981E-4,0.001944,8.972E-4,0.0141,-0.01222,8.545E-4,5.663E-4,0.002742,8.535E-4,0.001772,8.829E-4,1
1504814544715,true,1637.78,0,0.002221,-0.001101,0.001903,3.922E-4,0.002477,7.008E-4,0.001959,8.955E-4,0.01384,-0.01196,8.525E-4,5.62E-4,0.002741,8.525E-4,0.001783,8.814E-4,1
1504814544750,true,1637.838,0,0.002039,-0.001006,0.001909,3.953E-4,0.002481,6.977E-4,0.001966,8.971E-4,0.01336,-0.01143,8.477E-4,5.609E-4,0.002742,8.505E-4,0.001787,8.774E-4,1
1504814544784,true,1637.895,0,0.001479,-0.001225,0.00191,4.01E-4,0.002487,6.973E-4,0.001963,8.993E-4,0.01312,-0.01108,8.427E-4,5.571E-4,0.002741,8.453E-4,0.001782,8.766E-4,1
1504814544919,true,1637.94,0,0.00145,-0.001478,0.001909,4.021E-4,0.002485,7.001E-4,0.001958,8.979E-4,0.01319,-0.01126,8.203E-4,5.588E-4,0.002724,8.404E-4,0.00177,8.732E-4,1
1504814544954,true,1637.998,0,0.001974,-0.001703,0.001901,4.025E-4,0.002478,7.021E-4,0.001947,8.966E-4,0.01353,-0.01173,7.903E-4,5.6E-4,0.002703,8.345E-4,0.001748,8.74E-4,1
1504814544989,true,1638.055,0,0.002229,-0.001819,0.001888,4.038E-4,0.002468,7.034E-4,0.001938,8.958E-4,0.0135,-0.01186,7.733E-4,5.584E-4,0.002671,8.343E-4,0.001727,8.688E-4,1
1504814545024,true,1638.113,0,0.00196,-0.001723,0.001879,4.042E-4,0.002447,7.052E-4,0.001922,8.985E-4,0.0133,-0.01177,7.376E-4,5.6E-4,0.002621,8.355E-4,0.001688,8.654E-4,1
1504814545059,true,1638.17,0,0.001472,-0.001818,0.00187,4.075E-4,0.002427,7.118E-4,0.001918,9.044E-4,0.01305,-0.01162,7.126E-4,5.622E-4,0.002599,8.405E-4,0.001659,8.684E-4,1
1504814545220,true,1638.239,0,0.001106,-0.002111,0.001871,4.08E-4,0.002427,7.142E-4,0.001915,9.096E-4,0.01312,-0.01172,7.021E-4,5.65E-4,0.002602,8.351E-4,0.001657,8.703E-4,1
1504814545254,true,1638.297,0,0.001449,-0.002303,0.001873,4.103E-4,0.002434,7.178E-4,0.001923,9.083E-4,0.01343,-0.01199,6.833E-4,5.698E-4,0.002609,8.325E-4,0.001672,8.69E-4,1
1504814545289,true,1638.354,0,0.001979,-0.002157,0.001879,4.105E-4,0.002447,7.209E-4,0.001947,9.052E-4,0.01372,-0.0123,6.846E-4,5.707E-4,0.002623,8.29E-4,0.00169,8.65E-4,1
1504814545324,true,1638.412,0,0.002163,-0.001986,0.001889,4.122E-4,0.002464,7.208E-4,0.001955,9.092E-4,0.01369,-0.01228,6.83E-4,5.684E-4,0.002629,8.28E-4,0.001715,8.613E-4,1
1504814545359,true,1638.469,0,0.002136,-0.001767,0.001905,4.127E-4,0.00248,7.214E-4,0.001966,9.11E-4,0.01316,-0.01179,6.932E-4,5.623E-4,0.002636,8.268E-4,0.00172,8.608E-4,1
1504814545495,true,1638.515,0,0.001702,-0.001821,0.001921,4.13E-4,0.002489,7.168E-4,0.001973,9.157E-4,0.01281,-0.01138,6.906E-4,5.607E-4,0.002637,8.247E-4,0.001733,8.576E-4,1
1504814545530,true,1638.573,0,0.001497,-0.002057,0.00193,4.117E-4,0.002506,7.117E-4,0.001967,9.18E-4,0.01259,-0.01116,6.812E-4,5.627E-4,0.002644,8.181E-4,0.001727,8.59E-4,1
1504814545565,true,1638.63,0,0.001818,-0.002099,0.001918,4.138E-4,0.002518,7.083E-4,0.001965,9.171E-4,0.01286,-0.01153,6.675E-4,5.642E-4,0.002634,8.137E-4,0.001721,8.554E-4,1
1504814545599,true,1638.688,0,0.002032,-0.002068,0.001907,4.112E-4,0.002522,7.086E-4,0.001958,9.188E-4,0.01292,-0.01173,6.539E-4,5.65E-4,0.002602,8.164E-4,0.001716,8.496E-4,1
1504814545634,true,1638.745,0,0.001867,-0.00199,0.001902,4.104E-4,0.002518,7.072E-4,0.001959,9.166E-4,0.01268,-0.01155,6.346E-4,5.665E-4,0.002565,8.202E-4,0.001691,8.458E-4,1
1504814545795,true,1638.816,0,0.001418,-0.002064,0.001895,4.103E-4,0.002505,7.054E-4,0.001956,9.183E-4,0.01253,-0.01144,6.196E-4,5.625E-4,0.002536,8.174E-4,0.001653,8.452E-4,1
1504814545830,true,1638.874,0,0.001007,-0.002364,0.001887,4.067E-4,0.002486,7.016E-4,0.00194,9.223E-4,0.01248,-0.01138,5.918E-4,5.623E-4,0.002489,8.177E-4,0.0016,8.456E-4,1
1504814545865,true,1638.931,0,0.001144,-0.002546,0.001859,4.12E-4,0.002468,7.028E-4,0.001911,9.268E-4,0.01274,-0.01161,5.509E-4,5.683E-4,0.002435,8.207E-4,0.001552,8.481E-4,1
1504814545900,true,1638.989,0,0.001728,-0.00241,0.001852,4.115E-4,0.002458,7.067E-4,0.001904,9.305E-4,0.01324,-0.01215,5.355E-4,5.683E-4,0.002415,8.188E-4,0.00154,8.442E-4,1
1504814545934,true,1639.046,0,0.002015,-0.00211,0.001849,4.12E-4,0.002458,7.087E-4,0.001917,9.301E-4,0.01314,-0.01204,5.271E-4,5.695E-4,0.002409,8.18E-4,0.001538,8.391E-4,1
1504814546070,true,1639.09,0,0.002194,-0.001829,0.001855,4.085E-4,0.002465,7.095E-4,0.001929,9.329E-4,0.01266,-0.01162,5.282E-4,5.694E-4,0.002416,8.179E-4,0.001542,8.376E-4,1
1504814546105,true,1639.148,0,0.00195,-0.001797,0.001864,4.056E-4,0.002481,7.081E-4,0.001937,9.356E-4,0.01217,-0.01107,5.294E-4,5.701E-4,0.002426,8.144E-4,0.001554,8.357E-4,1
1504814546140,true,1639.205,0,0.002047,-0.002012,0.00188,4.002E-4,0.002492,7.09E-4,0.001932,9.406E-4,0.01205,-0.01076,5.293E-4,5.716E-4,0.002429,8.117E-4,0.001544,8.38E-4,1
1504814546174,true,1639.263,0,0.002337,-0.002051,0.001875,3.999E-4,0.002505,7.103E-4,0.001934,9.415E-4,0.01241,-0.0111,5.299E-4,5.719E-4,0.002439,8.069E-4,0.001547,8.376E-4,1
1504814546209,true,1639.32,0,0.00262,-0.001914,0.001876,3.998E-4,0.002515,7.09E-4,0.001939,9.377E-4,0.01268,-0.01132,5.283E-4,5.745E-4,0.002435,8.046E-4,0.001555,8.304E-4,1
1504814546370,true,1639.391,0,0.002655,-0.001764,0.001873,3.969E-4,0.002515,7.088E-4,0.001938,9.398E-4,0.01263,-0.01128,5.257E-4,5.715E-4,0.002407,8.068E-4,0.001539,8.293E-4,1
1504814546405,true,1639.449,0,0.002349,-0.001596,0.001865,3.942E-4,0.002504,7.053E-4,0.001922,9.42E-4,0.01246,-0.01117,5.187E-4,5.718E-4,0.002385,8.06E-4,0.00151,8.296E-4,1
1504814546439,true,1639.506,0,0.001915,-0.0017,0.001862,3.917E-4,0.002494,7.006E-4,0.001914,9.415E-4,0.01251,-0.01118,4.977E-4,5.757E-4,0.00235,8.062E-4,0.001479,8.289E-4,1
1504814546474,true,1639.564,0,0.001997,-0.00196,0.001835,3.936E-4,0.002482,6.973E-4,0.0019,9.401E-4,0.01298,-0.01161,4.798E-4,5.734E-4,0.002317,8.043E-4,0.001438,8.251E-4,1
1504814546509,true,1639.621,0,0.002699,-0.002007,0.001828,3.86E-4,0.002462,6.969E-4,0.001873,9.424E-4,0.01351,-0.01216,4.557E-4,5.739E-4,0.002273,8.024E-4,0.001388,8.235E-4,1
1504814546645,true,1639.666,0,0.003133,-0.001773,0.001802,3.834E-4,0.002439,6.966E-4,0.00184,9.454E-4,0.01365,-0.01235,4.374E-4,5.734E-4,0.002202,8.054E-4,0.001336,8.233E-4,1
1504814546680,true,1639.724,0,0.003433,-0.001537,0.001795,3.796E-4,0.002419,6.995E-4,0.001827,9.477E-4,0.01328,-0.01198,4.142E-4,5.784E-4,0.002162,8.082E-4,0.001293,8.225E-4,1
1504814546715,true,1639.781,0,0.003129,-0.00146,0.001798,3.795E-4,0.002412,6.968E-4,0.001825,9.504E-4,0.01269,-0.01137,4.115E-4,5.792E-4,0.00215,8.087E-4,0.001278,8.207E-4,1
1504814546750,true,1639.839,0,0.002808,-0.001556,0.001797,3.799E-4,0.002413,6.948E-4,0.001827,9.526E-4,0.01226,-0.01081,4.116E-4,5.814E-4,0.002139,8.107E-4,0.001271,8.214E-4,1
1504814546784,true,1639.896,0,0.00288,-0.001605,0.001812,3.748E-4,0.002415,6.956E-4,0.001822,9.529E-4,0.01246,-0.01096,4.172E-4,5.837E-4,0.002143,8.079E-4,0.001269,8.205E-4,1
1504814546945,true,1639.966,0,0.003244,-0.001503,0.001804,3.748E-4,0.002423,6.965E-4,0.001818,9.522E-4,0.01287,-0.01136,4.21E-4,5.849E-4,0.002137,8.089E-4,0.001271,8.171E-4,1
1504814546980,true,1640.024,0,0.003385,-0.001376,0.001804,3.728E-4,0.002424,6.978E-4,0.001813,9.552E-4,0.01276,-0.01122,4.254E-4,5.885E-4,0.002138,8.085E-4,0.001279,8.126E-4,1
1504814547015,true,1640.081,0,0.003109,-0.001249,0.001813,3.686E-4,0.002419,6.982E-4,0.001815,9.545E-4,0.01246,-0.01084,4.304E-4,5.894E-4,0.002137,8.075E-4,0.001278,8.063E-4,1
1504814547049,true,1640.139,0,0.002764,-0.00138,0.001815,3.661E-4,0.002414,6.931E-4,0.001818,9.543E-4,0.01225,-0.01063,4.311E-4,5.891E-4,0.002127,8.088E-4,0.001255,8.026E-4,1
1504814547084,true,1640.196,0,0.002866,-0.001718,0.001803,3.645E-4,0.002397,6.92E-4,0.001809,9.555E-4,0.01248,-0.01082,4.178E-4,5.954E-4,0.002109,8.058E-4,0.001219,8.022E-4,1
1504814547245,true,1640.266,0,0.003372,-0.001835,0.001779,3.598E-4,0.002376,6.931E-4,0.001784,9.568E-4,0.01305,-0.01133,4.077E-4,5.959E-4,0.002083,8.014E-4,0.001189,7.994E-4,1
1504814547280,true,1640.324,0,0.003934,-0.001762,0.001771,3.574E-4,0.002347,6.898E-4,0.001767,9.55E-4,0.01337,-0.01165,3.945E-4,5.986E-4,0.002032,8.062E-4,0.001154,7.954E-4,1
1504814547315,true,1640.381,0,0.004139,-0.001553,0.001749,3.553E-4,0.00232,6.87E-4,0.001739,9.544E-4,0.01318,-0.01152,3.756E-4,6.004E-4,0.001979,8.096E-4,0.001104,7.914E-4,1
1504814547350,true,1640.439,0,0.003654,-0.001313,0.001729,3.552E-4,0.002281,6.882E-4,0.001707,9.567E-4,0.01285,-0.01124,3.508E-4,6.014E-4,0.001926,8.108E-4,0.001044,7.903E-4,1
1504814547384,true,1640.496,0,0.003088,-0.001453,0.001696,3.598E-4,0.002241,6.915E-4,0.001675,9.587E-4,0.01251,-0.01087,3.228E-4,6.061E-4,0.001859,8.183E-4,9.749E-4,7.95E-4,1
1504814547520,true,1640.541,0,0.003047,-0.001682,0.001688,3.595E-4,0.002236,6.894E-4,0.001648,9.604E-4,0.01252,-0.01087,3.17E-4,6.1E-4,0.001846,8.171E-4,9.541E-4,7.95E-4,1
1504814547555,true,1640.599,0,0.003283,-0.001671,0.001674,3.596E-4,0.002229,6.901E-4,0.001645,9.58E-4,0.01298,-0.01132,3.191E-4,6.11E-4,0.001831,8.182E-4,9.494E-4,7.954E-4,1
1504814547590,true,1640.656,0,0.003057,-0.00153,0.001666,3.573E-4,0.002228,6.934E-4,0.001642,9.608E-4,0.01296,-0.01129,3.265E-4,6.125E-4,0.001821,8.25E-4,9.519E-4,7.934E-4,1
1504814547625,true,1640.714,0,0.002779,-0.001364,0.001667,3.567E-4,0.002217,6.937E-4,0.00164,9.627E-4,0.01269,-0.01099,3.359E-4,6.143E-4,0.001825,8.262E-4,9.595E-4,7.895E-4,1
1504814547660,true,1640.771,0,0.002195,-0.001451,0.001676,3.522E-4,0.002211,6.939E-4,0.001642,9.652E-4,0.01258,-0.01075,3.425E-4,6.135E-4,0.001828,8.279E-4,9.508E-4,7.927E-4,1
1504814547795,true,1640.817,0,0.002016,-0.001811,0.001685,3.504E-4,0.002209,6.916E-4,0.001634,9.673E-4,0.01267,-0.01071,3.536E-4,6.154E-4,0.001839,8.262E-4,9.533E-4,7.932E-4,1
1504814547830,true,1640.875,0,0.002385,-0.002055,0.001673,3.552E-4,0.00221,6.896E-4,0.001623,9.668E-4,0.01324,-0.01118,3.576E-4,6.157E-4,0.001839,8.226E-4,9.463E-4,7.927E-4,1
1504814547865,true,1640.932,0,0.002644,-0.001927,0.00166,3.558E-4,0.002193,6.928E-4,0.001619,9.615E-4,0.01365,-0.01156,3.647E-4,6.159E-4,0.00182,8.226E-4,9.296E-4,7.941E-4,1
1504814547900,true,1640.99,0,0.003087,-0.001804,0.00166,3.529E-4,0.002169,6.929E-4,0.001606,9.599E-4,0.01342,-0.01128,3.672E-4,6.14E-4,0.001789,8.265E-4,9.053E-4,7.941E-4,1
1504814547935,true,1641.047,0,0.002949,-0.001612,0.001647,3.52E-4,0.002132,6.956E-4,0.001589,9.577E-4,0.01322,-0.0111,3.657E-4,6.107E-4,0.001764,8.247E-4,8.645E-4,7.968E-4,1
1504814548095,true,1641.116,0,0.002347,-0.001587,0.001622,3.548E-4,0.002098,6.938E-4,0.001574,9.548E-4,0.01287,-0.0107,3.438E-4,6.159E-4,0.001723,8.279E-4,8.218E-4,7.946E-4,1
1504814548130,true,1641.174,0,0.002185,-0.001968,0.001602,3.54E-4,0.00206,6.939E-4,0.001551,9.487E-4,0.01284,-0.0106,3.229E-4,6.177E-4,0.001684,8.298E-4,7.65E-4,7.97E-4,1
1504814548165,true,1641.231,0,0.002219,-0.002076,0.001567,3.612E-4,0.002024,6.963E-4,0.001516,9.487E-4,0.01325,-0.01102,3.002E-4,6.197E-4,0.001645,8.285E-4,7.196E-4,7.99E-4,1
1504814548200,true,1641.289,0,0.00189,-0.001875,0.001534,3.691E-4,0.001991,7.025E-4,0.001501,9.481E-4,0.01326,-0.01114,2.848E-4,6.235E-4,0.001598,8.41E-4,6.814E-4,8.042E-4,1
1504814548234,true,1641.346,0,0.001924,-0.001949,0.001535,3.694E-4,0.001975,7.067E-4,0.001492,9.494E-4,0.01314,-0.01101,2.933E-4,6.213E-4,0.001594,8.466E-4,6.82E-4,8.051E-4,1
1504814548395,true,1641.416,0,0.001448,-0.001962,0.001527,3.74E-4,0.001967,7.094E-4,0.001495,9.498E-4,0.01293,-0.01082,3.093E-4,6.189E-4,0.00161,8.488E-4,6.976E-4,8.064E-4,1
1504814548430,true,1641.474,0,9.722E-4,-0.002172,0.001524,3.766E-4,0.001956,7.11E-4,0.001495,9.521E-4,0.01299,-0.01084,3.255E-4,6.177E-4,0.001634,8.49E-4,7.107E-4,8.091E-4,1
1504814548465,true,1641.531,0,0.001068,-0.002391,0.001522,3.788E-4,0.001954,7.13E-4,0.0015,9.517E-4,0.01348,-0.01129,3.405E-4,6.193E-4,0.001655,8.491E-4,7.362E-4,8.067E-4,1
1504814548500,true,1641.589,0,0.001649,-0.002455,0.00152,3.818E-4,0.001958,7.12E-4,0.001512,9.466E-4,0.01398,-0.01179,3.583E-4,6.188E-4,0.001673,8.495E-4,7.627E-4,8.054E-4,1
1504814548534,true,1641.646,0,0.001647,-0.002147,0.001528,3.829E-4,0.001951,7.108E-4,0.001518,9.433E-4,0.01417,-0.01192,3.746E-4,6.191E-4,0.001687,8.503E-4,7.754E-4,8.048E-4,1
1504814548670,true,1641.691,0,0.001756,-0.001985,0.001543,3.793E-4,0.001948,7.088E-4,0.001519,9.404E-4,0.01364,-0.01141,3.815E-4,6.185E-4,0.00169,8.542E-4,7.908E-4,7.984E-4,1
1504814548705,true,1641.749,0,0.001263,-0.001837,0.001546,3.791E-4,0.001924,7.083E-4,0.00151,9.383E-4,0.0134,-0.01101,3.993E-4,6.17E-4,0.001703,8.479E-4,7.824E-4,7.988E-4,1
1504814548739,true,1641.806,0,0.001106,-0.002094,0.001543,3.807E-4,0.001914,7.054E-4,0.001493,9.416E-4,0.01328,-0.01072,4.016E-4,6.159E-4,0.001703,8.42E-4,7.734E-4,7.988E-4,1
1504814548774,true,1641.864,0,0.001512,-0.002254,0.001529,3.821E-4,0.001905,7.009E-4,0.00148,9.397E-4,0.01358,-0.01107,3.91E-4,6.17E-4,0.001688,8.435E-4,7.52E-4,8.007E-4,1
1504814548809,true,1641.921,0,0.001712,-0.002198,0.001511,3.847E-4,0.001887,7.006E-4,0.001458,9.401E-4,0.01395,-0.01141,3.833E-4,6.159E-4,0.001668,8.437E-4,7.317E-4,7.977E-4,1
1504814548970,true,1641.992,0,0.001712,-0.002204,0.00149,3.881E-4,0.001842,7.094E-4,0.00144,9.42E-4,0.01379,-0.01134,3.795E-4,6.138E-4,0.001636,8.436E-4,7.079E-4,7.952E-4,1
1504814549005,true,1642.05,0,0.001478,-0.002206,0.001479,3.927E-4,0.001818,7.16E-4,0.001421,9.496E-4,0.01355,-0.01122,3.739E-4,6.118E-4,0.001615,8.474E-4,6.863E-4,7.995E-4,1
1504814549040,true,1642.107,0,0.001081,-0.002539,0.001477,3.948E-4,0.00181,7.163E-4,0.001422,9.515E-4,0.01343,-0.01106,3.736E-4,6.127E-4,0.001634,8.505E-4,6.94E-4,8.024E-4,1
1504814549075,true,1642.165,0,0.001274,-0.002948,0.001485,3.944E-4,0.001802,7.177E-4,0.001427,9.542E-4,0.01375,-0.01131,3.8E-4,6.157E-4,0.001657,8.524E-4,7.197E-4,8.03E-4,1
1504814549109,true,1642.222,0,0.001748,-0.002945,0.001481,3.979E-4,0.001808,7.192E-4,0.001429,9.526E-4,0.01438,-0.01189,3.935E-4,6.172E-4,0.001695,8.508E-4,7.473E-4,8.041E-4,1
1504814549246,true,1642.267,0,0.002313,-0.00276,0.001479,3.987E-4,0.001822,7.183E-4,0.00144,9.522E-4,0.01458,-0.01212,4.116E-4,6.162E-4,0.001718,8.559E-4,7.865E-4,8.038E-4,1
1504814549280,true,1642.325,0,0.002672,-0.002493,0.001492,3.977E-4,0.001825,7.194E-4,0.001456,9.522E-4,0.01437,-0.0119,4.42E-4,6.14E-4,0.001751,8.55E-4,8.193E-4,8.015E-4,1
1504814549315,true,1642.382,0,0.002389,-0.002326,0.001512,3.935E-4,0.001822,7.191E-4,0.001456,9.586E-4,0.01405,-0.01149,4.695E-4,6.093E-4,0.001774,8.568E-4,8.338E-4,8.061E-4,1
1504814549350,true,1642.44,0,0.002268,-0.002518,0.001526,3.91E-4,0.001823,7.167E-4,0.001471,9.576E-4,0.01372,-0.01108,4.742E-4,6.125E-4,0.001801,8.517E-4,8.477E-4,8.048E-4,1
1504814549385,true,1642.497,0,0.002695,-0.002727,0.001531,3.927E-4,0.001827,7.161E-4,0.001467,9.57E-4,0.0139,-0.01117,4.795E-4,6.108E-4,0.001819,8.472E-4,8.653E-4,7.983E-4,1
1504814549545,true,1642.567,0,0.003015,-0.002691,0.001526,3.902E-4,0.00182,7.187E-4,0.001461,9.549E-4,0.01431,-0.01159,4.807E-4,6.095E-4,0.001826,8.415E-4,8.689E-4,7.958E-4,1
1504814549580,true,1642.625,0,0.003074,-0.002456,0.001513,3.919E-4,0.001807,7.185E-4,0.001452,9.55E-4,0.01414,-0.0115,4.803E-4,6.09E-4,0.001814,8.399E-4,8.537E-4,7.94E-4,1
1504814549615,true,1642.682,0,0.002986,-0.002336,0.001508,3.892E-4,0.001778,7.26E-4,0.001437,9.594E-4,0.01399,-0.01138,4.778E-4,6.054E-4,0.001796,8.416E-4,8.443E-4,7.899E-4,1
1504814549650,true,1642.74,0,0.002545,-0.002413,0.001489,3.934E-4,0.001753,7.298E-4,0.001429,9.623E-4,0.01407,-0.01139,4.708E-4,6.046E-4,0.001777,8.454E-4,8.185E-4,7.943E-4,1
1504814549684,true,1642.797,0,0.002554,-0.002798,0.001487,3.95E-4,0.001755,7.297E-4,0.001426,9.671E-4,0.0141,-0.01142,4.708E-4,6.076E-4,0.001788,8.485E-4,8.138E-4,7.989E-4,1
1504814549820,true,1642.841,0,0.0028,-0.002638,0.00149,3.975E-4,0.001753,7.318E-4,0.001441,9.665E-4,0.01447,-0.01179,4.801E-4,6.09E-4,0.001814,8.485E-4,8.324E-4,8.023E-4,1
1504814549855,true,1642.899,0,0.003249,-0.002518,0.001492,3.971E-4,0.001762,7.316E-4,0.001455,9.668E-4,0.01465,-0.01197,5.037E-4,6.074E-4,0.001845,8.484E-4,8.528E-4,8.059E-4,1
1504814549889,true,1642.956,0,0.003559,-0.002191,0.001504,3.938E-4,0.001776,7.315E-4,0.001477,9.662E-4,0.01432,-0.01161,5.244E-4,6.053E-4,0.001869,8.489E-4,8.921E-4,8.032E-4,1
1504814549924,true,1643.014,0,0.003487,-0.002007,0.001521,3.92E-4,0.001785,7.323E-4,0.001507,9.651E-4,0.01408,-0.01134,5.465E-4,6.043E-4,0.001905,8.46E-4,9.231E-4,8.045E-4,1
1504814549959,true,1643.071,0,0.003195,-0.002074,0.001536,3.913E-4,0.001803,7.276E-4,0.00152,9.669E-4,0.01365,-0.01078,5.732E-4,6.018E-4,0.001956,8.411E-4,9.499E-4,8.034E-4,1
1504814550120,true,1643.142,0,0.003329,-0.002141,0.001546,3.907E-4,0.001821,7.226E-4,0.001528,9.673E-4,0.0136,-0.0107,5.864E-4,6.022E-4,0.001997,8.332E-4,9.722E-4,8.037E-4,1
1504814550154,true,1643.2,0,0.003596,-0.002008,0.001546,3.916E-4,0.001835,7.228E-4,0.001528,9.651E-4,0.01381,-0.01094,5.915E-4,6.028E-4,0.002024,8.283E-4,0.001004,7.961E-4,1
