1504813500056,true,592.843,0,-0.004259,-0.005734,-3.751E-4,5.029E-4,1.182E-4,5.358E-4,2.514E-5,7.969E-4,0.01173,-0.0135,-7.895E-4,2.483E-4,4.332E-4,6.58E-4,-8.806E-4,8.706E-4,0
1504813500092,true,592.901,0,-0.004057,-0.005891,-3.696E-4,5.05E-4,1.319E-4,5.336E-4,3.224E-5,7.977E-4,0.01174,-0.01346,-7.806E-4,2.488E-4,4.452E-4,6.566E-4,-8.692E-4,8.76E-4,0
1504813500128,true,592.958,0,-0.003553,-0.005848,-3.563E-4,5.04E-4,1.403E-4,5.367E-4,4.357E-5,7.974E-4,0.01205,-0.01377,-7.65E-4,2.48E-4,4.668E-4,6.581E-4,-8.467E-4,8.769E-4,0
1504813500164,true,593.016,0,-0.003486,-0.005654,-3.448E-4,5.054E-4,1.554E-4,5.377E-4,5.749E-5,7.942E-4,0.01232,-0.01394,-7.485E-4,2.517E-4,4.966E-4,6.56E-4,-8.24E-4,8.766E-4,0
1504813500200,true,593.073,0,-0.003568,-0.005416,-3.292E-4,5.038E-4,1.639E-4,5.381E-4,8.214E-5,7.922E-4,0.01204,-0.01375,-7.414E-4,2.536E-4,5.242E-4,6.565E-4,-8.107E-4,8.825E-4,0
1504813500355,true,593.142,0,-0.003941,-0.005308,-3.097E-4,5.035E-4,1.74E-4,5.383E-4,9.926E-5,7.921E-4,0.01175,-0.0134,-7.276E-4,2.547E-4,5.517E-4,6.547E-4,-7.778E-4,8.818E-4,0
1504813500392,true,593.2,0,-0.004593,-0.005405,-2.965E-4,5.062E-4,1.82E-4,5.362E-4,1.03E-4,7.927E-4,0.01141,-0.013,-7.234E-4,2.557E-4,5.782E-4,6.523E-4,-7.599E-4,8.819E-4,0
1504813500427,true,593.257,0,-0.004867,-0.005547,-2.875E-4,5.049E-4,1.84E-4,5.381E-4,1.112E-4,7.898E-4,0.0115,-0.01312,-7.193E-4,2.557E-4,5.918E-4,6.504E-4,-7.463E-4,8.785E-4,0
1504813500464,true,593.315,0,-0.004604,-0.005542,-2.87E-4,5.034E-4,1.935E-4,5.36E-4,1.183E-4,7.868E-4,0.01208,-0.01375,-7.167E-4,2.577E-4,6.013E-4,6.48E-4,-7.394E-4,8.774E-4,0
1504813500499,true,593.372,0,-0.004732,-0.005444,-2.887E-4,5.003E-4,1.88E-4,5.389E-4,1.179E-4,7.854E-4,0.01222,-0.01395,-7.151E-4,2.58E-4,5.966E-4,6.489E-4,-7.286E-4,8.745E-4,0
1504813500631,true,593.418,0,-0.004458,-0.005459,-2.866E-4,4.991E-4,1.757E-4,5.402E-4,1.093E-4,7.877E-4,0.01216,-0.01394,-7.151E-4,2.56E-4,5.89E-4,6.504E-4,-7.332E-4,8.738E-4,0
1504813500667,true,593.476,0,-0.004733,-0.005557,-2.84E-4,5.029E-4,1.713E-4,5.417E-4,9.431E-5,7.929E-4,0.0121,-0.01376,-7.133E-4,2.548E-4,5.919E-4,6.495E-4,-7.36E-4,8.787E-4,0
1504813500703,true,593.533,0,-0.004827,-0.005781,-2.673E-4,5.022E-4,1.869E-4,5.394E-4,9.628E-5,7.977E-4,0.01222,-0.01375,-7.097E-4,2.572E-4,6.162E-4,6.451E-4,-7.064E-4,8.78E-4,0
1504813500739,true,593.591,0,-0.004618,-0.005798,-2.56E-4,5.034E-4,2.064E-4,5.398E-4,9.991E-5,8.018E-4,0.01244,-0.014,-6.955E-4,2.59E-4,6.504E-4,6.419E-4,-6.842E-4,8.797E-4,0
1504813500775,true,593.648,0,-0.004413,-0.005397,-2.451E-4,5.02E-4,2.321E-4,5.405E-4,1.173E-4,8.015E-4,0.01261,-0.01422,-6.761E-4,2.591E-4,6.83E-4,6.377E-4,-6.443E-4,8.773E-4,0
1504813500931,true,593.717,0,-0.004238,-0.005108,-2.245E-4,5.008E-4,2.536E-4,5.407E-4,1.453E-4,7.996E-4,0.01239,-0.01401,-6.498E-4,2.592E-4,7.233E-4,6.342E-4,-6.055E-4,8.731E-4,0
1504813500967,true,593.775,0,-0.004428,-0.004767,-2.057E-4,5.025E-4,2.671E-4,5.412E-4,1.698E-4,8.028E-4,0.01205,-0.01363,-6.259E-4,2.579E-4,7.644E-4,6.321E-4,-5.6E-4,8.682E-4,0
1504813501003,true,593.832,0,-0.004404,-0.005033,-1.778E-4,5.03E-4,2.958E-4,5.392E-4,1.954E-4,8.01E-4,0.01175,-0.01328,-5.963E-4,2.54E-4,8.095E-4,6.281E-4,-5.259E-4,8.671E-4,0
1504813501039,true,593.89,0,-0.004701,-0.005328,-1.668E-4,5.042E-4,3.098E-4,5.399E-4,2.052E-4,8.045E-4,0.01179,-0.01334,-5.778E-4,2.513E-4,8.465E-4,6.249E-4,-4.882E-4,8.652E-4,0
1504813501075,true,593.947,0,-0.00453,-0.005465,-1.48E-4,5.024E-4,3.265E-4,5.394E-4,2.147E-4,8.05E-4,0.01228,-0.01394,-5.601E-4,2.519E-4,8.738E-4,6.205E-4,-4.632E-4,8.652E-4,0
1504813501231,true,594.018,0,-0.004569,-0.00539,-1.37E-4,5.014E-4,3.4E-4,5.387E-4,2.222E-4,8.029E-4,0.0125,-0.01417,-5.438E-4,2.528E-4,8.895E-4,6.209E-4,-4.32E-4,8.604E-4,0
1504813501267,true,594.076,0,-0.004712,-0.005285,-1.343E-4,4.994E-4,3.51E-4,5.378E-4,2.396E-4,7.983E-4,0.01242,-0.01411,-5.318E-4,2.476E-4,8.964E-4,6.21E-4,-4.112E-4,8.533E-4,0
1504813501303,true,594.133,0,-0.005063,-0.005175,-1.361E-4,5.009E-4,3.542E-4,5.398E-4,2.406E-4,7.994E-4,0.01213,-0.01387,-5.273E-4,2.453E-4,9.037E-4,6.228E-4,-4.039E-4,8.508E-4,0
1504813501339,true,594.191,0,-0.005278,-0.005377,-1.278E-4,5.029E-4,3.593E-4,5.404E-4,2.416E-4,8.043E-4,0.01216,-0.01378,-5.194E-4,2.452E-4,9.15E-4,6.229E-4,-3.958E-4,8.517E-4,0
1504813501375,true,594.248,0,-0.005059,-0.005471,-1.144E-4,5.032E-4,3.746E-4,5.421E-4,2.532E-4,8.047E-4,0.01246,-0.01409,-5.016E-4,2.459E-4,9.402E-4,6.232E-4,-3.694E-4,8.499E-4,0
1504813501505,true,594.291,0,-0.004752,-0.005227,-1.04E-4,5.057E-4,3.946E-4,5.445E-4,2.67E-4,8.047E-4,0.01269,-0.01435,-4.731E-4,2.466E-4,9.736E-4,6.221E-4,-3.349E-4,8.512E-4,0
1504813501541,true,594.349,0,-0.004753,-0.004837,-8.403E-5,5.037E-4,4.244E-4,5.455E-4,2.95E-4,8.029E-4,0.01278,-0.01441,-4.319E-4,2.432E-4,0.001013,6.204E-4,-2.815E-4,8.435E-4,0
1504813501577,true,594.406,0,-0.004825,-0.004575,-5.208E-5,5.001E-4,4.491E-4,5.468E-4,3.243E-4,8.003E-4,0.01216,-0.01377,-3.971E-4,2.389E-4,0.001043,6.222E-4,-2.407E-4,8.442E-4,0
1504813501613,true,594.464,0,-0.005272,-0.0045,-2.368E-5,5.015E-4,4.788E-4,5.459E-4,3.484E-4,8.003E-4,0.01166,-0.01323,-3.743E-4,2.387E-4,0.001087,6.217E-4,-1.978E-4,8.406E-4,0
1504813501649,true,594.521,0,-0.005719,-0.004643,7.14E-7,5.005E-4,5.136E-4,5.438E-4,3.8E-4,7.987E-4,0.01165,-0.01323,-3.43E-4,2.381E-4,0.001132,6.147E-4,-1.579E-4,8.407E-4,0
1504813501780,true,594.567,0,-0.005478,-0.004714,1.013E-5,5.036E-4,5.432E-4,5.432E-4,3.908E-4,7.966E-4,0.01194,-0.0135,-3.15E-4,2.387E-4,0.001174,6.099E-4,-1.102E-4,8.341E-4,0
1504813501816,true,594.625,0,-0.005398,-0.004662,1.315E-5,5.042E-4,5.644E-4,5.458E-4,4.031E-4,7.956E-4,0.0122,-0.01386,-2.969E-4,2.373E-4,0.001194,6.101E-4,-7.385E-5,8.277E-4,0
1504813501852,true,594.682,0,-0.005344,-0.004594,1.348E-5,5.065E-4,5.84E-4,5.451E-4,4.172E-4,7.973E-4,0.01218,-0.01389,-2.803E-4,2.331E-4,0.001216,6.1E-4,-3.43E-5,8.199E-4,0
1504813501888,true,594.74,0,-0.005648,-0.004453,1.534E-5,5.085E-4,5.819E-4,5.483E-4,4.284E-4,7.969E-4,0.0122,-0.01391,-2.641E-4,2.29E-4,0.001232,6.093E-4,-1.468E-5,8.158E-4,0
1504813501924,true,594.797,0,-0.005929,-0.004595,1.207E-5,5.083E-4,5.935E-4,5.428E-4,4.339E-4,7.985E-4,0.01219,-0.01388,-2.54E-4,2.251E-4,0.001242,6.065E-4,-4.565E-6,8.139E-4,0
1504813502080,true,594.866,0,-0.005657,-0.00483,2.006E-6,5.119E-4,5.945E-4,5.432E-4,4.219E-4,8.022E-4,0.01251,-0.01412,-2.634E-4,2.273E-4,0.001243,6.059E-4,-1.31E-5,8.162E-4,0
1504813502116,true,594.924,0,-0.005222,-0.004662,-2.962E-6,5.167E-4,6.069E-4,5.436E-4,4.232E-4,8.014E-4,0.01289,-0.01453,-2.523E-4,2.269E-4,0.001259,6.054E-4,1.451E-5,8.129E-4,0
1504813502152,true,594.981,0,-0.004884,-0.004399,-1.381E-6,5.19E-4,6.347E-4,5.436E-4,4.359E-4,8.003E-4,0.01275,-0.01444,-2.351E-4,2.241E-4,0.001283,6.082E-4,4.57E-5,8.111E-4,0
1504813502188,true,595.039,0,-0.004593,-0.004199,1.45E-5,5.206E-4,6.555E-4,5.461E-4,4.592E-4,7.983E-4,0.01235,-0.01401,-2.072E-4,2.233E-4,0.001313,6.081E-4,8.897E-5,8.04E-4,0
1504813502223,true,595.096,0,-0.004824,-0.004026,3.301E-5,5.216E-4,6.776E-4,5.432E-4,4.83E-4,7.998E-4,0.01186,-0.01353,-1.798E-4,2.211E-4,0.00136,6.026E-4,1.287E-4,8.026E-4,0
1504813502380,true,595.167,0,-0.005166,-0.004103,4.89E-5,5.231E-4,7.055E-4,5.443E-4,5.045E-4,8.003E-4,0.0117,-0.01331,-1.549E-4,2.215E-4,0.001409,5.956E-4,1.686E-4,7.943E-4,0
1504813502415,true,595.225,0,-0.004968,-0.004192,6.118E-5,5.237E-4,7.411E-4,5.434E-4,5.216E-4,7.956E-4,0.01188,-0.01348,-1.342E-4,2.198E-4,0.001446,5.897E-4,1.997E-4,7.931E-4,0
1504813502450,true,595.282,0,-0.004898,-0.004165,6.307E-5,5.238E-4,7.711E-4,5.413E-4,5.429E-4,7.902E-4,0.01229,-0.01389,-1.115E-4,2.183E-4,0.001483,5.859E-4,2.366E-4,7.885E-4,0
1504813502484,true,595.34,0,-0.004761,-0.004038,6.992E-5,5.242E-4,7.866E-4,5.436E-4,5.623E-4,7.866E-4,0.01241,-0.01404,-9.594E-5,2.167E-4,0.001514,5.802E-4,2.712E-4,7.811E-4,0
1504813502520,true,595.397,0,-0.004857,-0.003948,7.647E-5,5.253E-4,8.064E-4,5.41E-4,5.744E-4,7.847E-4,0.01252,-0.01412,-8.158E-5,2.131E-4,0.001522,5.801E-4,2.895E-4,7.794E-4,0
1504813502655,true,595.441,0,-0.005256,-0.004014,8.269E-5,5.248E-4,8.147E-4,5.375E-4,5.861E-4,7.864E-4,0.01252,-0.01409,-7.624E-5,2.106E-4,0.001526,5.793E-4,3.011E-4,7.72E-4,0
1504813502689,true,595.499,0,-0.004976,-0.004356,9.202E-5,5.207E-4,8.228E-4,5.326E-4,5.822E-4,7.852E-4,0.01252,-0.01409,-7.623E-5,2.092E-4,0.00153,5.758E-4,2.966E-4,7.707E-4,0
1504813502724,true,595.556,0,-0.004213,-0.004434,7.371E-5,5.195E-4,8.248E-4,5.29E-4,5.679E-4,7.822E-4,0.01282,-0.01439,-7.331E-5,2.026E-4,0.001511,5.772E-4,2.892E-4,7.683E-4,0
1504813502759,true,595.614,0,-0.003824,-0.004189,5.983E-5,5.177E-4,8.183E-4,5.292E-4,5.543E-4,7.789E-4,0.013,-0.01463,-8.243E-5,1.986E-4,0.001489,5.739E-4,2.887E-4,7.591E-4,0
1504813502794,true,595.671,0,-0.003615,-0.003919,4.711E-5,5.2E-4,8.074E-4,5.321E-4,5.402E-4,7.807E-4,0.0126,-0.01424,-9.807E-5,2.007E-4,0.001467,5.763E-4,2.758E-4,7.609E-4,0
1504813502931,true,595.717,0,-0.004066,-0.003604,5.717E-5,5.187E-4,8.179E-4,5.271E-4,5.543E-4,7.755E-4,0.01208,-0.0137,-9.558E-5,1.978E-4,0.001473,5.71E-4,2.828E-4,7.598E-4,0
1504813502965,true,595.775,0,-0.00411,-0.003797,6.686E-5,5.197E-4,8.314E-4,5.215E-4,5.503E-4,7.755E-4,0.01183,-0.01341,-8.808E-5,1.962E-4,0.001487,5.648E-4,3.008E-4,7.575E-4,0
1504813503000,true,595.832,0,-0.003977,-0.004016,6.565E-5,5.244E-4,8.497E-4,5.203E-4,5.534E-4,7.739E-4,0.01185,-0.01345,-8.553E-5,1.943E-4,0.001519,5.561E-4,3.292E-4,7.532E-4,0
1504813503035,true,595.89,0,-0.003673,-0.004061,6.538E-5,5.24E-4,8.692E-4,5.181E-4,5.678E-4,7.691E-4,0.01202,-0.01375,-7.666E-5,1.909E-4,0.001542,5.508E-4,3.41E-4,7.554E-4,0
1504813503070,true,595.947,0,-0.003549,-0.003996,7.384E-5,5.206E-4,8.845E-4,5.157E-4,5.819E-4,7.672E-4,0.0121,-0.01388,-7.47E-5,1.881E-4,0.001565,5.502E-4,3.642E-4,7.481E-4,0
1504813503230,true,596.018,0,-0.003467,-0.00392,7.676E-5,5.188E-4,8.906E-4,5.127E-4,5.851E-4,7.688E-4,0.01172,-0.01362,-6.809E-5,1.825E-4,0.001573,5.496E-4,3.814E-4,7.432E-4,0
1504813503265,true,596.076,0,-0.003696,-0.003943,8.051E-5,5.164E-4,8.838E-4,5.127E-4,5.874E-4,7.676E-4,0.01133,-0.01325,-6.526E-5,1.786E-4,0.001581,5.459E-4,3.909E-4,7.383E-4,0
1504813503299,true,596.133,0,-0.00364,-0.004197,8.775E-5,5.098E-4,8.846E-4,5.109E-4,5.866E-4,7.656E-4,0.01139,-0.0132,-6.238E-5,1.718E-4,0.001578,5.433E-4,3.871E-4,7.351E-4,0
1504813503335,true,596.191,0,-0.003245,-0.004388,7.78E-5,5.105E-4,8.873E-4,5.073E-4,5.729E-4,7.619E-4,0.01171,-0.01357,-6.779E-5,1.69E-4,0.001574,5.39E-4,3.807E-4,7.319E-4,0
1504813503369,true,596.248,0,-0.003039,-0.00424,5.91E-5,5.102E-4,8.794E-4,5.045E-4,5.582E-4,7.579E-4,0.01205,-0.01388,-7.88E-5,1.659E-4,0.001573,5.289E-4,3.751E-4,7.281E-4,0
1504813503530,true,596.318,0,-0.002892,-0.004011,4.978E-5,5.078E-4,8.688E-4,4.986E-4,5.46E-4,7.546E-4,0.01188,-0.01373,-9.296E-5,1.629E-4,0.00155,5.295E-4,3.608E-4,7.205E-4,0
1504813503566,true,596.376,0,-0.003247,-0.003788,3.793E-5,5.075E-4,8.444E-4,4.984E-4,5.287E-4,7.533E-4,0.0113,-0.01325,-1.113E-4,1.575E-4,0.001519,5.26E-4,3.332E-4,7.172E-4,0
1504813503600,true,596.433,0,-0.003556,-0.004074,2.274E-5,5.069E-4,8.212E-4,4.944E-4,5.118E-4,7.502E-4,0.01083,-0.0128,-1.313E-4,1.522E-4,0.001476,5.254E-4,2.97E-4,7.164E-4,0
1504813503635,true,596.491,0,-0.003788,-0.004318,1.098E-5,5.063E-4,8.037E-4,4.95E-4,4.922E-4,7.466E-4,0.01063,-0.01261,-1.548E-4,1.507E-4,0.001441,5.286E-4,2.611E-4,7.219E-4,0
1504813503670,true,596.548,0,-0.003391,-0.004541,2.73E-6,5.073E-4,8.042E-4,4.941E-4,4.865E-4,7.417E-4,0.01088,-0.01294,-1.602E-4,1.475E-4,0.001434,5.268E-4,2.674E-4,7.191E-4,0
1504813503805,true,596.591,0,-0.003296,-0.004575,-7.597E-6,5.076E-4,7.998E-4,4.959E-4,4.821E-4,7.401E-4,0.01095,-0.01317,-1.609E-4,1.445E-4,0.001428,5.263E-4,2.74E-4,7.177E-4,0
1504813503841,true,596.649,0,-0.003332,-0.004575,2.514E-6,5.054E-4,8.009E-4,4.959E-4,4.792E-4,7.417E-4,0.01071,-0.01309,-1.523E-4,1.378E-4,0.001425,5.245E-4,2.873E-4,7.132E-4,0
1504813503875,true,596.706,0,-0.003733,-0.004604,4.446E-6,5.06E-4,7.99E-4,4.918E-4,4.956E-4,7.369E-4,0.01053,-0.01305,-1.411E-4,1.314E-4,0.001427,5.216E-4,2.841E-4,7.142E-4,0
1504813503911,true,596.764,0,-0.003991,-0.00489,1.08E-5,5.035E-4,7.979E-4,4.884E-4,4.928E-4,7.376E-4,0.01024,-0.01277,-1.375E-4,1.251E-4,0.001428,5.194E-4,2.882E-4,7.158E-4,0
1504813503945,true,596.821,0,-0.003712,-0.005095,1.566E-5,4.992E-4,7.977E-4,4.855E-4,4.788E-4,7.358E-4,0.01054,-0.01309,-1.535E-4,1.247E-4,0.00143,5.163E-4,2.845E-4,7.159E-4,0
1504813504105,true,596.892,0,-0.003284,-0.004987,6.959E-6,4.976E-4,7.904E-4,4.833E-4,4.67E-4,7.341E-4,0.01074,-0.01344,-1.6E-4,1.196E-4,0.001417,5.125E-4,2.726E-4,7.144E-4,0
1504813504140,true,596.95,0,-0.003105,-0.00467,2.665E-7,4.924E-4,7.77E-4,4.847E-4,4.535E-4,7.317E-4,0.01055,-0.01334,-1.726E-4,1.161E-4,0.001394,5.116E-4,2.677E-4,7.104E-4,0
1504813504175,true,597.007,0,-0.003166,-0.004478,-1.112E-5,4.918E-4,7.572E-4,4.826E-4,4.462E-4,7.246E-4,0.01016,-0.01295,-1.839E-4,1.102E-4,0.001365,5.114E-4,2.443E-4,7.057E-4,0
1504813504211,true,597.065,0,-0.003745,-0.00454,-2.388E-5,4.927E-4,7.357E-4,4.808E-4,4.224E-4,7.25E-4,0.009871,-0.01264,-2.024E-4,1.065E-4,0.001334,5.124E-4,2.214E-4,7.038E-4,0
1504813504247,true,597.122,0,-0.004072,-0.004866,-3.507E-5,4.913E-4,7.154E-4,4.799E-4,4.062E-4,7.23E-4,0.009968,-0.01265,-2.319E-4,1.053E-4,0.001309,5.096E-4,1.751E-4,7.046E-4,0
1504813504380,true,597.168,0,-0.004001,-0.00517,-4.526E-5,4.879E-4,6.988E-4,4.77E-4,3.716E-4,7.192E-4,0.01027,-0.01301,-2.594E-4,1.032E-4,0.001277,5.034E-4,1.344E-4,7.05E-4,0
1504813504416,true,597.226,0,-0.003791,-0.005235,-7.914E-5,4.903E-4,6.65E-4,4.801E-4,3.55E-4,7.129E-4,0.01047,-0.0134,-2.985E-4,1.05E-4,0.001221,5.043E-4,8.844E-5,7.074E-4,0
1504813504453,true,597.283,0,-0.00374,-0.005381,-9.581E-5,4.92E-4,6.351E-4,4.867E-4,3.4E-4,7.136E-4,0.01037,-0.01343,-3.267E-4,1.058E-4,0.00118,5.084E-4,4.769E-5,7.116E-4,0
1504813504489,true,597.341,0,-0.004235,-0.005344,-9.811E-5,4.909E-4,6.207E-4,4.888E-4,3.376E-4,7.147E-4,0.01035,-0.01345,-3.4E-4,1.054E-4,0.001171,5.085E-4,3.888E-5,7.099E-4,0
1504813504524,true,597.398,0,-0.004512,-0.005552,-1.047E-4,4.929E-4,6.157E-4,4.893E-4,3.381E-4,7.14E-4,0.01038,-0.01342,-3.406E-4,1.015E-4,0.001172,5.063E-4,2.596E-5,7.132E-4,0
1504813504681,true,597.467,0,-0.004535,-0.005662,-1.049E-4,4.931E-4,6.258E-4,4.858E-4,3.339E-4,7.137E-4,0.01058,-0.01359,-3.488E-4,1.015E-4,0.001168,5.069E-4,2.522E-5,7.149E-4,0
1504813504716,true,597.525,0,-0.004327,-0.005529,-1.123E-4,4.944E-4,6.273E-4,4.842E-4,3.275E-4,7.124E-4,0.01089,-0.01396,-3.551E-4,1.032E-4,0.001162,5.041E-4,3.391E-5,7.142E-4,0
1504813504753,true,597.582,0,-0.004141,-0.005291,-1.152E-4,4.918E-4,6.229E-4,4.863E-4,3.264E-4,7.08E-4,0.01098,-0.01403,-3.578E-4,1.034E-4,0.001155,5.019E-4,2.728E-5,7.122E-4,0
1504813504789,true,597.64,0,-0.003997,-0.004948,-1.199E-4,4.932E-4,6.151E-4,4.853E-4,3.218E-4,7.12E-4,0.01064,-0.01369,-3.61E-4,1.036E-4,0.001146,4.994E-4,2.86E-5,7.063E-4,0
1504813504825,true,597.697,0,-0.004483,-0.004831,-1.139E-4,4.908E-4,6.066E-4,4.833E-4,3.168E-4,7.124E-4,0.0102,-0.01321,-3.65E-4,1.011E-4,0.00114,4.954E-4,1.055E-5,7.107E-4,0
1504813504959,true,597.743,0,-0.004771,-0.005066,-1.194E-4,4.903E-4,6.012E-4,4.812E-4,3.118E-4,7.102E-4,0.009959,-0.01287,-3.797E-4,1.005E-4,0.001137,4.87E-4,-1.173E-5,7.135E-4,0
1504813504992,true,597.801,0,-0.004723,-0.005233,-1.21E-4,4.879E-4,5.936E-4,4.792E-4,2.931E-4,7.084E-4,0.01012,-0.01312,-3.947E-4,1.017E-4,0.001113,4.852E-4,-2.653E-5,7.152E-4,0
1504813505028,true,597.858,0,-0.004565,-0.005265,-1.414E-4,4.888E-4,5.778E-4,4.811E-4,2.74E-4,7.065E-4,0.01042,-0.01342,-4.108E-4,1.034E-4,0.001087,4.834E-4,-5.224E-5,7.135E-4,0
1504813505064,true,597.916,0,-0.004276,-0.005217,-1.607E-4,4.88E-4,5.538E-4,4.83E-4,2.591E-4,7.028E-4,0.01054,-0.01365,-4.276E-4,1.043E-4,0.001059,4.809E-4,-6.906E-5,7.089E-4,0
1504813505100,true,597.973,0,-0.004329,-0.005361,-1.789E-4,4.875E-4,5.266E-4,4.824E-4,2.429E-4,7.035E-4,0.0104,-0.01355,-4.488E-4,1.036E-4,0.001026,4.783E-4,-9.964E-5,7.049E-4,0
1504813505230,true,598.017,0,-0.005024,-0.005535,-1.96E-4,4.88E-4,4.896E-4,4.835E-4,2.171E-4,7.04E-4,0.01046,-0.01362,-4.783E-4,1.057E-4,9.722E-4,4.811E-4,-1.42E-4,7.055E-4,0
1504813505266,true,598.075,0,-0.00518,-0.005808,-2.088E-4,4.879E-4,4.553E-4,4.851E-4,1.806E-4,7.119E-4,0.01049,-0.01363,-5.112E-4,1.079E-4,9.232E-4,4.836E-4,-2.01E-4,7.112E-4,0
1504813505303,true,598.132,0,-0.004805,-0.005851,-2.292E-4,4.919E-4,4.417E-4,4.881E-4,1.627E-4,7.123E-4,0.01095,-0.01412,-5.31E-4,1.11E-4,9.08E-4,4.78E-4,-2.213E-4,7.112E-4,0
1504813505339,true,598.19,0,-0.004543,-0.005618,-2.39E-4,4.928E-4,4.333E-4,4.896E-4,1.605E-4,7.114E-4,0.01138,-0.01449,-5.341E-4,1.106E-4,8.934E-4,4.768E-4,-2.225E-4,7.141E-4,0
1504813505375,true,598.247,0,-0.004605,-0.005208,-2.319E-4,4.878E-4,4.281E-4,4.919E-4,1.618E-4,7.122E-4,0.01119,-0.01428,-5.291E-4,1.104E-4,8.913E-4,4.788E-4,-2.251E-4,7.155E-4,0
1504813505530,true,598.318,0,-0.004893,-0.004988,-2.193E-4,4.859E-4,4.252E-4,4.899E-4,1.613E-4,7.139E-4,0.01075,-0.01366,-5.281E-4,1.107E-4,9.009E-4,4.763E-4,-2.16E-4,7.15E-4,0
1504813505566,true,598.376,0,-0.005364,-0.005072,-2.144E-4,4.878E-4,4.191E-4,4.912E-4,1.615E-4,7.142E-4,0.01066,-0.01342,-5.349E-4,1.152E-4,9.043E-4,4.734E-4,-2.14E-4,7.146E-4,0
1504813505603,true,598.433,0,-0.005326,-0.005249,-2.153E-4,4.87E-4,4.31E-4,4.87E-4,1.431E-4,7.166E-4,0.01068,-0.01345,-5.398E-4,1.164E-4,8.977E-4,4.737E-4,-2.075E-4,7.139E-4,0
1504813505638,true,598.491,0,-0.005171,-0.005189,-2.167E-4,4.82E-4,4.329E-4,4.871E-4,1.394E-4,7.144E-4,0.01099,-0.01372,-5.366E-4,1.18E-4,8.88E-4,4.734E-4,-2.059E-4,7.119E-4,0
1504813505675,true,598.548,0,-0.005101,-0.005121,-2.229E-4,4.807E-4,4.152E-4,4.89E-4,1.34E-4,7.147E-4,0.01096,-0.01372,-5.371E-4,1.185E-4,8.707E-4,4.715E-4,-2.115E-4,7.091E-4,0
1504813505830,true,598.618,0,-0.005202,-0.005006,-2.239E-4,4.793E-4,3.926E-4,4.922E-4,1.28E-4,7.16E-4,0.01078,-0.01347,-5.407E-4,1.156E-4,8.491E-4,4.715E-4,-2.215E-4,7.059E-4,0
1504813505866,true,598.676,0,-0.005354,-0.005073,-2.36E-4,4.79E-4,3.675E-4,4.913E-4,1.081E-4,7.247E-4,0.01093,-0.01353,-5.635E-4,1.184E-4,8.249E-4,4.692E-4,-2.356E-4,7.034E-4,0
1504813505903,true,598.733,0,-0.005546,-0.005362,-2.519E-4,4.783E-4,3.538E-4,4.879E-4,9.011E-5,7.264E-4,0.01103,-0.01348,-5.902E-4,1.232E-4,7.99E-4,4.657E-4,-2.656E-4,7.032E-4,0
1504813505939,true,598.791,0,-0.005148,-0.005471,-2.637E-4,4.741E-4,3.221E-4,4.922E-4,5.915E-5,7.271E-4,0.01145,-0.01391,-6.066E-4,1.252E-4,7.55E-4,4.655E-4,-3.009E-4,7.047E-4,0
1504813505975,true,598.848,0,-0.004878,-0.005266,-2.934E-4,4.744E-4,2.887E-4,4.935E-4,2.659E-5,7.279E-4,0.01177,-0.01415,-6.28E-4,1.274E-4,7.152E-4,4.628E-4,-3.452E-4,7.045E-4,0
1504813506130,true,598.918,0,-0.004703,-0.005026,-3.166E-4,4.725E-4,2.507E-4,4.949E-4,-6.3E-6,7.314E-4,0.01147,-0.01385,-6.482E-4,1.261E-4,6.554E-4,4.659E-4,-3.962E-4,7.02E-4,0
1504813506166,true,598.976,0,-0.004959,-0.00463,-3.381E-4,4.742E-4,2.009E-4,5.003E-4,-4.472E-5,7.403E-4,0.01124,-0.01358,-6.749E-4,1.28E-4,5.947E-4,4.723E-4,-4.552E-4,7.054E-4,0
1504813506203,true,599.033,0,-0.005371,-0.004581,-3.348E-4,4.734E-4,1.842E-4,5.002E-4,-5.182E-5,7.446E-4,0.01094,-0.01325,-6.853E-4,1.298E-4,5.702E-4,4.744E-4,-4.736E-4,7.094E-4,0
1504813506239,true,599.091,0,-0.005383,-0.004763,-3.472E-4,4.771E-4,1.788E-4,4.99E-4,-5.919E-5,7.456E-4,0.01088,-0.01315,-6.933E-4,1.321E-4,5.633E-4,4.72E-4,-4.81E-4,7.108E-4,0
1504813506275,true,599.148,0,-0.004995,-0.00479,-3.416E-4,4.743E-4,1.788E-4,4.968E-4,-6.824E-5,7.445E-4,0.01111,-0.01342,-6.997E-4,1.345E-4,5.615E-4,4.714E-4,-4.851E-4,7.146E-4,0
1504813506405,true,599.193,0,-0.004848,-0.004668,-3.424E-4,4.709E-4,1.788E-4,4.961E-4,-7.154E-5,7.45E-4,0.01123,-0.01348,-7.05E-4,1.366E-4,5.485E-4,4.752E-4,-4.87E-4,7.139E-4,0
1504813506442,true,599.251,0,-0.004904,-0.004751,-3.497E-4,4.719E-4,1.697E-4,4.986E-4,-7.917E-5,7.466E-4,0.01125,-0.01352,-6.989E-4,1.344E-4,5.308E-4,4.802E-4,-4.84E-4,7.139E-4,0
1504813506478,true,599.308,0,-0.005507,-0.004765,-3.522E-4,4.727E-4,1.465E-4,5.023E-4,-8.508E-5,7.489E-4,0.01124,-0.01347,-7.018E-4,1.347E-4,5.217E-4,4.815E-4,-4.873E-4,7.14E-4,0
1504813506514,true,599.366,0,-0.005844,-0.004947,-3.613E-4,4.728E-4,1.338E-4,4.996E-4,-9.17E-5,7.504E-4,0.01144,-0.01358,-7.086E-4,1.346E-4,5.055E-4,4.801E-4,-5.065E-4,7.172E-4,0
1504813506550,true,599.423,0,-0.005656,-0.005098,-3.798E-4,4.741E-4,1.164E-4,4.984E-4,-1.116E-4,7.513E-4,0.01178,-0.01383,-7.216E-4,1.36E-4,4.839E-4,4.801E-4,-5.238E-4,7.179E-4,0
1504813506680,true,599.468,0,-0.005128,-0.005024,-3.953E-4,4.724E-4,1.012E-4,4.992E-4,-1.278E-4,7.534E-4,0.01217,-0.01421,-7.385E-4,1.363E-4,4.528E-4,4.821E-4,-5.486E-4,7.176E-4,0
1504813506716,true,599.526,0,-0.004861,-0.004795,-4.143E-4,4.732E-4,7.849E-5,5.02E-4,-1.497E-4,7.532E-4,0.01219,-0.01421,-7.479E-4,1.318E-4,4.066E-4,4.883E-4,-5.893E-4,7.18E-4,0
1504813506753,true,599.583,0,-0.004962,-0.00459,-4.25E-4,4.735E-4,4.704E-5,5.029E-4,-1.783E-4,7.572E-4,0.01176,-0.01379,-7.682E-4,1.327E-4,3.603E-4,4.912E-4,-6.196E-4,7.16E-4,0
1504813506789,true,599.641,0,-0.005383,-0.004578,-4.349E-4,4.712E-4,9.762E-6,4.999E-4,-2.05E-4,7.562E-4,0.0114,-0.0134,-7.892E-4,1.322E-4,3.176E-4,4.923E-4,-6.647E-4,7.188E-4,0
1504813506825,true,599.698,0,-0.005677,-0.00485,-4.577E-4,4.724E-4,-1.93E-5,4.962E-4,-2.361E-4,7.572E-4,0.0111,-0.01303,-8.227E-4,1.344E-4,2.711E-4,4.921E-4,-7.253E-4,7.215E-4,0
1504813506981,true,599.769,0,-0.005446,-0.005009,-4.941E-4,4.788E-4,-6.223E-5,5.014E-4,-2.818E-4,7.603E-4,0.01143,-0.01331,-8.555E-4,1.362E-4,2.038E-4,4.999E-4,-7.916E-4,7.264E-4,0
1504813507017,true,599.827,0,-0.005501,-0.004885,-5.159E-4,4.815E-4,-8.059E-5,5.05E-4,-2.942E-4,7.606E-4,0.01175,-0.01364,-8.836E-4,1.434E-4,1.593E-4,5.076E-4,-8.268E-4,7.294E-4,0
1504813507053,true,599.884,0,-0.005587,-0.004703,-5.223E-4,4.806E-4,-9.444E-5,5.087E-4,-2.963E-4,7.647E-4,0.01145,-0.01337,-8.958E-4,1.451E-4,1.443E-4,5.134E-4,-8.393E-4,7.297E-4,0
1504813507089,true,599.942,0,-0.005729,-0.00475,-5.221E-4,4.818E-4,-1.045E-4,5.062E-4,-2.906E-4,7.642E-4,0.01123,-0.01321,-9.044E-4,1.466E-4,1.369E-4,5.184E-4,-8.509E-4,7.334E-4,0
1504813507125,true,599.999,0,-0.00626,-0.004959,-5.152E-4,4.803E-4,-1.102E-4,5.041E-4,-2.793E-4,7.64E-4,0.01107,-0.01302,-9.119E-4,1.481E-4,1.324E-4,5.228E-4,-8.517E-4,7.367E-4,0
1504813507256,true,600.043,0,-0.006006,-0.005297,-5.132E-4,4.838E-4,-1.094E-4,5.043E-4,-2.781E-4,7.616E-4,0.0113,-0.01312,-9.21E-4,1.498E-4,1.366E-4,5.23E-4,-8.645E-4,7.418E-4,0
1504813507292,true,600.101,0,-0.005604,-0.005249,-5.226E-4,4.857E-4,-1.097E-4,5.045E-4,-2.752E-4,7.579E-4,0.01186,-0.01361,-9.19E-4,1.485E-4,1.284E-4,5.254E-4,-8.607E-4,7.414E-4,0
1504813507328,true,600.158,0,-0.004918,-0.005163,-5.224E-4,4.847E-4,-1.151E-4,5.023E-4,-2.737E-4,7.564E-4,0.01215,-0.01391,-9.207E-4,1.47E-4,1.215E-4,5.269E-4,-8.63E-4,7.408E-4,0
1504813507364,true,600.216,0,-0.004667,-0.004975,-5.287E-4,4.847E-4,-1.382E-4,5.035E-4,-2.763E-4,7.528E-4,0.01178,-0.01358,-9.271E-4,1.487E-4,1.046E-4,5.297E-4,-8.715E-4,7.396E-4,0
1504813507400,true,600.273,0,-0.005168,-0.004782,-5.403E-4,4.835E-4,-1.529E-4,5.021E-4,-2.894E-4,7.555E-4,0.01127,-0.01304,-9.358E-4,1.46E-4,8.924E-5,5.321E-4,-8.951E-4,7.371E-4,0
1504813507555,true,600.342,0,-0.005241,-0.005039,-5.485E-4,4.804E-4,-1.676E-4,4.982E-4,-3.107E-4,7.578E-4,0.01097,-0.01268,-9.551E-4,1.463E-4,6.802E-5,5.35E-4,-9.335E-4,7.404E-4,0
1504813507591,true,600.4,0,-0.004895,-0.005442,-5.633E-4,4.825E-4,-1.829E-4,4.969E-4,-3.325E-4,7.589E-4,0.01111,-0.01284,-9.748E-4,1.483E-4,5.036E-5,5.3E-4,-9.617E-4,7.39E-4,0
1504813507627,true,600.457,0,-0.004882,-0.005506,-5.802E-4,4.836E-4,-2.104E-4,4.976E-4,-3.566E-4,7.579E-4,0.01141,-0.01322,-9.952E-4,1.465E-4,1.012E-5,5.333E-4,-9.986E-4,7.388E-4,0
1504813507663,true,600.515,0,-0.00488,-0.005579,-6.015E-4,4.826E-4,-2.4E-4,4.983E-4,-3.786E-4,7.572E-4,0.01145,-0.01336,-0.001021,1.481E-4,-2.951E-5,5.353E-4,-0.001041,7.38E-4,0
1504813507700,true,600.572,0,-0.00523,-0.005505,-6.185E-4,4.82E-4,-2.74E-4,4.987E-4,-4.073E-4,7.608E-4,0.01133,-0.01337,-0.001049,1.492E-4,-8.24E-5,5.398E-4,-0.001091,7.389E-4,0
1504813507856,true,600.644,0,-0.005546,-0.00563,-6.353E-4,4.837E-4,-3.071E-4,5.025E-4,-4.247E-4,7.669E-4,0.01128,-0.01334,-0.001075,1.541E-4,-1.166E-4,5.47E-4,-0.00114,7.48E-4,0
1504813507892,true,600.702,0,-0.005889,-0.005739,-6.362E-4,4.863E-4,-3.226E-4,5.048E-4,-4.153E-4,7.665E-4,0.01157,-0.01352,-0.001084,1.571E-4,-1.212E-4,5.518E-4,-0.001145,7.509E-4,0
1504813507928,true,600.759,0,-0.005599,-0.005777,-6.331E-4,4.873E-4,-3.231E-4,5.089E-4,-4.04E-4,7.673E-4,0.01206,-0.01397,-0.001091,1.591E-4,-1.1E-4,5.484E-4,-0.001143,7.563E-4,0
1504813507964,true,600.817,0,-0.005272,-0.005544,-6.264E-4,4.863E-4,-3.126E-4,5.1E-4,-3.833E-4,7.639E-4,0.01232,-0.0143,-0.001085,1.611E-4,-9.126E-5,5.475E-4,-0.001123,7.557E-4,0
1504813508000,true,600.874,0,-0.004946,-0.005258,-6.164E-4,4.83E-4,-3.063E-4,5.086E-4,-3.568E-4,7.604E-4,0.01203,-0.01402,-0.001078,1.624E-4,-6.992E-5,5.441E-4,-0.001105,7.558E-4,0
1504813508131,true,600.919,0,-0.005089,-0.005049,-6.116E-4,4.841E-4,-3.034E-4,5.08E-4,-3.427E-4,7.596E-4,0.01158,-0.01355,-0.001077,1.633E-4,-5.823E-5,5.471E-4,-0.001094,7.557E-4,0
1504813508167,true,600.977,0,-0.00539,-0.005208,-6.009E-4,4.832E-4,-2.973E-4,5.032E-4,-3.315E-4,7.611E-4,0.01138,-0.01324,-0.001077,1.649E-4,-3.797E-5,5.425E-4,-0.001094,7.564E-4,0
1504813508203,true,601.034,0,-0.005556,-0.005297,-5.967E-4,4.839E-4,-2.989E-4,5.035E-4,-3.346E-4,7.611E-4,0.01132,-0.01322,-0.001084,1.677E-4,-2.389E-5,5.398E-4,-0.001091,7.533E-4,0
1504813508239,true,601.092,0,-0.005119,-0.005385,-5.906E-4,4.797E-4,-3.036E-4,5.037E-4,-3.375E-4,7.606E-4,0.01169,-0.01361,-0.001094,1.719E-4,-2.525E-5,5.374E-4,-0.001096,7.506E-4,0
1504813508275,true,601.149,0,-0.004954,-0.005353,-6.043E-4,4.793E-4,-3.123E-4,5.044E-4,-3.328E-4,7.576E-4,0.01188,-0.01374,-0.001096,1.722E-4,-3.286E-5,5.339E-4,-0.001097,7.457E-4,0
1504813508432,true,601.219,0,-0.00476,-0.005465,-6.124E-4,4.793E-4,-3.317E-4,5.062E-4,-3.364E-4,7.592E-4,0.01167,-0.01355,-0.001107,1.735E-4,-5.106E-5,5.362E-4,-0.001113,7.436E-4,0
1504813508467,true,601.277,0,-0.005353,-0.005584,-6.181E-4,4.779E-4,-3.479E-4,5.027E-4,-3.531E-4,7.632E-4,0.01162,-0.01353,-0.001126,1.753E-4,-5.537E-5,5.32E-4,-0.001137,7.435E-4,0
1504813508503,true,601.334,0,-0.005636,-0.005875,-6.22E-4,4.744E-4,-3.683E-4,5.01E-4,-3.729E-4,7.643E-4,0.01176,-0.01374,-0.001145,1.788E-4,-8.659E-5,5.335E-4,-0.001177,7.459E-4,0
1504813508540,true,601.392,0,-0.005276,-0.005952,-6.425E-4,4.77E-4,-3.967E-4,5.076E-4,-4.023E-4,7.654E-4,0.01221,-0.01426,-0.00118,1.872E-4,-1.192E-4,5.317E-4,-0.001219,7.485E-4,0
1504813508576,true,601.449,0,-0.00502,-0.005691,-6.597E-4,4.769E-4,-4.112E-4,5.137E-4,-4.209E-4,7.721E-4,0.01266,-0.01482,-0.00119,1.907E-4,-1.51E-4,5.376E-4,-0.001246,7.543E-4,0
1504813508706,true,601.494,0,-0.00479,-0.005359,-6.497E-4,4.745E-4,-4.051E-4,5.14E-4,-4.024E-4,7.736E-4,0.01249,-0.0147,-0.001189,1.916E-4,-1.462E-4,5.42E-4,-0.001234,7.547E-4,0
1504813508742,true,601.552,0,-0.00482,-0.005102,-6.363E-4,4.746E-4,-3.971E-4,5.143E-4,-3.893E-4,7.758E-4,0.012,-0.01423,-0.001183,1.929E-4,-1.315E-4,5.45E-4,-0.00122,7.554E-4,0
1504813508778,true,601.609,0,-0.005089,-0.005069,-6.277E-4,4.771E-4,-3.757E-4,5.095E-4,-3.669E-4,7.752E-4,0.01166,-0.01382,-0.001172,1.956E-4,-1.092E-4,5.479E-4,-0.001203,7.592E-4,0
1504813508814,true,601.667,0,-0.004989,-0.005284,-6.162E-4,4.785E-4,-3.59E-4,5.09E-4,-3.47E-4,7.753E-4,0.01164,-0.01377,-0.00116,1.971E-4,-7.476E-5,5.439E-4,-0.00118,7.589E-4,0
1504813508850,true,601.724,0,-0.004637,-0.005345,-6.038E-4,4.788E-4,-3.381E-4,5.096E-4,-3.364E-4,7.755E-4,0.01172,-0.01387,-0.001148,2.002E-4,-4.651E-5,5.433E-4,-0.001145,7.539E-4,0
1504813508981,true,601.768,0,-0.004423,-0.00539,-5.934E-4,4.774E-4,-3.212E-4,5.063E-4,-3.251E-4,7.75E-4,0.01184,-0.01407,-0.001148,2.062E-4,-2.894E-5,5.422E-4,-0.001116,7.485E-4,0
1504813509017,true,601.826,0,-0.004666,-0.005282,-5.904E-4,4.775E-4,-3.121E-4,5.047E-4,-3.22E-4,7.777E-4,0.01167,-0.01401,-0.001139,2.081E-4,-2.083E-5,5.435E-4,-0.001099,7.445E-4,0
1504813509053,true,601.883,0,-0.005063,-0.005333,-5.895E-4,4.799E-4,-3.196E-4,5.037E-4,-3.173E-4,7.779E-4,0.01164,-0.01403,-0.001136,2.089E-4,-1.18E-5,5.446E-4,-0.001106,7.46E-4,0
1504813509089,true,601.941,0,-0.005599,-0.005517,-5.867E-4,4.793E-4,-3.202E-4,5.013E-4,-3.11E-4,7.801E-4,0.01157,-0.01391,-0.001134,2.108E-4,-1.53E-5,5.471E-4,-0.001111,7.452E-4,0
1504813509125,true,601.998,0,-0.00523,-0.005779,-5.978E-4,4.805E-4,-3.176E-4,4.992E-4,-3.232E-4,7.825E-4,0.01194,-0.0143,-0.001146,2.138E-4,-2.695E-5,5.479E-4,-0.001127,7.463E-4,0
1504813509281,true,602.069,0,-0.004918,-0.005536,-6.021E-4,4.795E-4,-3.319E-4,5.023E-4,-3.362E-4,7.817E-4,0.01242,-0.01476,-0.00116,2.174E-4,-4.482E-5,5.475E-4,-0.00114,7.437E-4,0
1504813509317,true,602.127,0,-0.004644,-0.005217,-6.102E-4,4.769E-4,-3.498E-4,5.019E-4,-3.416E-4,7.783E-4,0.01252,-0.01491,-0.001174,2.2E-4,-7.024E-5,5.526E-4,-0.001166,7.428E-4,0
1504813509353,true,602.184,0,-0.004554,-0.004988,-6.251E-4,4.791E-4,-3.786E-4,5.065E-4,-3.524E-4,7.805E-4,0.01214,-0.01445,-0.001193,2.247E-4,-1.051E-4,5.568E-4,-0.001207,7.468E-4,0
1504813509389,true,602.242,0,-0.004982,-0.004996,-6.304E-4,4.817E-4,-3.856E-4,5.1E-4,-3.585E-4,7.861E-4,0.01182,-0.0141,-0.001201,2.264E-4,-1.124E-4,5.626E-4,-0.001213,7.476E-4,0
1504813509425,true,602.299,0,-0.004955,-0.005181,-6.169E-4,4.811E-4,-3.735E-4,5.109E-4,-3.478E-4,7.856E-4,0.01161,-0.01388,-0.001198,2.286E-4,-1.041E-4,5.668E-4,-0.001199,7.506E-4,0
1504813509581,true,602.369,0,-0.004759,-0.005286,-6.207E-4,4.873E-4,-3.549E-4,5.145E-4,-3.322E-4,7.847E-4,0.01188,-0.01418,-0.001196,2.348E-4,-8.603E-5,5.681E-4,-0.001174,7.498E-4,0
1504813509617,true,602.427,0,-0.004848,-0.005026,-6.185E-4,4.906E-4,-3.302E-4,5.16E-4,-3.134E-4,7.838E-4,0.01226,-0.01458,-0.001176,2.345E-4,-6.458E-5,5.699E-4,-0.001141,7.465E-4,0
1504813509653,true,602.484,0,-0.004624,-0.005112,-6.182E-4,4.955E-4,-3.057E-4,5.149E-4,-2.919E-4,7.807E-4,0.01213,-0.01436,-0.00116,2.347E-4,-5.103E-5,5.749E-4,-0.001107,7.45E-4,0
1504813509689,true,602.542,0,-0.004937,-0.005102,-6.162E-4,4.99E-4,-2.856E-4,5.139E-4,-2.732E-4,7.811E-4,0.01182,-0.0141,-0.001152,2.363E-4,-2.332E-5,5.744E-4,-0.001079,7.439E-4,0
1504813509725,true,602.599,0,-0.00552,-0.005253,-6.061E-4,5.012E-4,-2.772E-4,5.151E-4,-2.583E-4,7.798E-4,0.01185,-0.01403,-0.001144,2.386E-4,-8.692E-6,5.762E-4,-0.001055,7.416E-4,0
1504813509856,true,602.644,0,-0.005283,-0.00556,-6.114E-4,5.027E-4,-2.711E-4,5.148E-4,-2.539E-4,7.783E-4,0.01207,-0.01425,-0.001144,2.425E-4,8.189E-6,5.736E-4,-0.001049,7.424E-4,0
1504813509892,true,602.702,0,-0.004777,-0.005422,-6.132E-4,5.006E-4,-2.637E-4,5.119E-4,-2.628E-4,7.815E-4,0.01266,-0.01479,-0.00114,2.42E-4,1.7E-5,5.709E-4,-0.001049,7.421E-4,0
1504813509928,true,602.759,0,-0.004413,-0.005227,-6.165E-4,4.977E-4,-2.692E-4,5.135E-4,-2.603E-4,7.788E-4,0.01278,-0.01493,-0.001143,2.405E-4,6.864E-6,5.73E-4,-0.00104,7.354E-4,0
1504813509964,true,602.817,0,-0.004316,-0.004957,-6.176E-4,4.985E-4,-2.739E-4,5.13E-4,-2.683E-4,7.782E-4,0.01251,-0.01466,-0.001145,2.395E-4,-6.779E-6,5.712E-4,-0.001056,7.302E-4,0
1504813510000,true,602.874,0,-0.004934,-0.004745,-6.175E-4,4.975E-4,-2.943E-4,5.148E-4,-2.861E-4,7.81E-4,0.01214,-0.01421,-0.001148,2.384E-4,-2.048E-5,5.726E-4,-0.001075,7.297E-4,0
1504813510131,true,602.92,0,-0.005331,-0.004967,-6.217E-4,4.986E-4,-3.126E-4,5.171E-4,-3.089E-4,7.834E-4,0.01193,-0.01391,-0.00116,2.381E-4,-3.964E-5,5.735E-4,-0.001106,7.283E-4,0
1504813510167,true,602.978,0,-0.0052,-0.005104,-6.268E-4,5.022E-4,-3.157E-4,5.221E-4,-3.163E-4,7.846E-4,0.012,-0.01403,-0.001173,2.401E-4,-4.584E-5,5.747E-4,-0.001122,7.347E-4,0
1504813510203,true,603.035,0,-0.004893,-0.004993,-6.257E-4,5.034E-4,-3.055E-4,5.246E-4,-3.023E-4,7.849E-4,0.0123,-0.01435,-0.001174,2.445E-4,-2.601E-5,5.752E-4,-0.001105,7.352E-4,0
1504813510239,true,603.093,0,-0.004906,-0.004865,-6.188E-4,5.039E-4,-2.812E-4,5.256E-4,-2.745E-4,7.807E-4,0.01206,-0.01424,-0.001166,2.459E-4,-7.182E-6,5.778E-4,-0.001077,7.333E-4,0
1504813510275,true,603.15,0,-0.005243,-0.004774,-6.12E-4,5.045E-4,-2.601E-4,5.262E-4,-2.477E-4,7.807E-4,0.01174,-0.014,-0.001152,2.433E-4,2.493E-5,5.783E-4,-0.001044,7.295E-4,0
1504813510431,true,603.219,0,-0.005709,-0.004959,-6.027E-4,5.067E-4,-2.499E-4,5.282E-4,-2.222E-4,7.8E-4,0.01168,-0.01384,-0.001144,2.457E-4,5.381E-5,5.761E-4,-0.001015,7.29E-4,0
1504813510467,true,603.277,0,-0.005804,-0.005242,-5.887E-4,5.05E-4,-2.224E-4,5.265E-4,-2.029E-4,7.8E-4,0.01181,-0.01399,-0.001127,2.435E-4,8.6E-5,5.717E-4,-9.897E-4,7.318E-4,0
1504813510503,true,603.334,0,-0.005559,-0.005224,-5.743E-4,5.043E-4,-2.074E-4,5.284E-4,-2.067E-4,7.842E-4,0.01229,-0.01445,-0.001115,2.441E-4,1.201E-4,5.676E-4,-9.638E-4,7.286E-4,0
1504813510539,true,603.392,0,-0.005259,-0.004942,-5.776E-4,5.042E-4,-1.944E-4,5.303E-4,-1.925E-4,7.79E-4,0.01266,-0.01472,-0.001108,2.439E-4,1.371E-4,5.666E-4,-9.441E-4,7.283E-4,0
1504813510575,true,603.449,0,-0.004812,-0.004817,-5.731E-4,5.008E-4,-1.859E-4,5.291E-4,-1.856E-4,7.771E-4,0.01243,-0.01447,-0.001106,2.447E-4,1.453E-4,5.637E-4,-9.438E-4,7.28E-4,0
1504813510731,true,603.519,0,-0.005253,-0.004463,-5.696E-4,5.0E-4,-1.914E-4,5.314E-4,-1.922E-4,7.795E-4,0.0119,-0.01392,-0.001104,2.435E-4,1.416E-4,5.638E-4,-9.428E-4,7.229E-4,0
1504813510767,true,603.577,0,-0.005428,-0.004602,-5.677E-4,4.981E-4,-1.922E-4,5.294E-4,-1.974E-4,7.796E-4,0.01181,-0.01374,-0.001111,2.435E-4,1.269E-4,5.662E-4,-9.557E-4,7.215E-4,0
1504813510803,true,603.634,0,-0.005251,-0.004859,-5.786E-4,4.98E-4,-1.887E-4,5.256E-4,-2.077E-4,7.777E-4,0.01173,-0.01368,-0.001127,2.449E-4,1.147E-4,5.63E-4,-9.729E-4,7.22E-4,0
1504813510839,true,603.692,0,-0.005324,-0.004747,-5.928E-4,5.005E-4,-2.032E-4,5.319E-4,-2.274E-4,7.777E-4,0.01214,-0.01419,-0.00114,2.458E-4,9.303E-5,5.655E-4,-9.903E-4,7.206E-4,0
1504813510875,true,603.749,0,-0.005246,-0.004657,-6.012E-4,5.012E-4,-2.1E-4,5.379E-4,-2.364E-4,7.786E-4,0.01207,-0.01422,-0.001147,2.494E-4,7.891E-5,5.709E-4,-9.997E-4,7.223E-4,0
1504813511006,true,603.794,0,-0.005549,-0.004558,-5.914E-4,5.005E-4,-2.057E-4,5.389E-4,-2.255E-4,7.792E-4,0.01173,-0.01397,-0.001138,2.492E-4,9.413E-5,5.726E-4,-9.845E-4,7.192E-4,0
1504813511042,true,603.852,0,-0.005724,-0.004723,-5.831E-4,5.034E-4,-1.982E-4,5.41E-4,-2.053E-4,7.814E-4,0.01167,-0.01391,-0.001132,2.507E-4,1.215E-4,5.732E-4,-9.639E-4,7.212E-4,0
1504813511078,true,603.909,0,-0.005571,-0.005103,-5.617E-4,4.985E-4,-1.801E-4,5.415E-4,-1.915E-4,7.866E-4,0.01175,-0.01396,-0.001116,2.52E-4,1.56E-4,5.682E-4,-9.236E-4,7.17E-4,0
1504813511114,true,603.967,0,-0.00523,-0.005223,-5.604E-4,5.011E-4,-1.48E-4,5.401E-4,-1.781E-4,7.872E-4,0.0122,-0.0144,-0.0011,2.524E-4,1.889E-4,5.656E-4,-8.982E-4,7.183E-4,0
1504813511150,true,604.024,0,-0.004809,-0.004972,-5.508E-4,4.992E-4,-1.12E-4,5.392E-4,-1.511E-4,7.842E-4,0.0127,-0.0149,-0.001089,2.564E-4,2.232E-4,5.682E-4,-8.641E-4,7.168E-4,0
1504813511306,true,604.095,0,-0.004502,-0.004692,-5.364E-4,4.963E-4,-8.895E-5,5.393E-4,-1.315E-4,7.863E-4,0.01262,-0.01484,-0.00107,2.552E-4,2.567E-4,5.665E-4,-8.289E-4,7.156E-4,0
1504813511342,true,604.153,0,-0.004551,-0.004367,-5.131E-4,4.904E-4,-7.408E-5,5.383E-4,-1.142E-4,7.898E-4,0.01221,-0.01452,-0.001055,2.535E-4,2.791E-4,5.662E-4,-8.147E-4,7.172E-4,0
1504813511378,true,604.21,0,-0.004837,-0.004402,-4.937E-4,4.86E-4,-5.865E-5,5.343E-4,-1.029E-4,7.891E-4,0.01196,-0.01418,-0.001047,2.551E-4,3.017E-4,5.653E-4,-8.132E-4,7.183E-4,0
1504813511414,true,604.268,0,-0.004692,-0.004733,-4.803E-4,4.843E-4,-4.847E-5,5.321E-4,-8.624E-5,7.843E-4,0.01189,-0.0141,-0.001045,2.602E-4,3.22E-4,5.627E-4,-8.171E-4,7.199E-4,0
1504813511450,true,604.325,0,-0.004465,-0.004805,-4.886E-4,4.864E-4,-4.038E-5,5.329E-4,-9.227E-5,7.834E-4,0.01211,-0.01442,-0.001058,2.683E-4,3.28E-4,5.609E-4,-8.128E-4,7.176E-4,0
1504813511581,true,604.369,0,-0.004624,-0.004623,-4.918E-4,4.853E-4,-4.115E-5,5.374E-4,-9.379E-5,7.825E-4,0.01233,-0.01474,-0.001058,2.679E-4,3.07E-4,5.66E-4,-8.101E-4,7.13E-4,0
1504813511617,true,604.427,0,-0.004739,-0.004497,-4.935E-4,4.822E-4,-4.498E-5,5.36E-4,-9.01E-5,7.794E-4,0.01213,-0.01466,-0.001058,2.666E-4,2.982E-4,5.658E-4,-8.199E-4,7.098E-4,0
1504813511653,true,604.484,0,-0.005067,-0.004519,-5.009E-4,4.825E-4,-5.506E-5,5.382E-4,-8.675E-5,7.785E-4,0.01197,-0.01451,-0.001069,2.697E-4,2.748E-4,5.707E-4,-8.398E-4,7.126E-4,0
1504813511689,true,604.542,0,-0.005358,-0.004707,-4.967E-4,4.829E-4,-4.503E-5,5.394E-4,-7.729E-5,7.807E-4,0.01214,-0.01465,-0.00107,2.719E-4,2.84E-4,5.729E-4,-8.41E-4,7.161E-4,0
1504813511725,true,604.599,0,-0.005299,-0.004849,-4.914E-4,4.828E-4,-2.631E-5,5.417E-4,-6.84E-5,7.81E-4,0.0125,-0.01501,-0.001063,2.752E-4,3.038E-4,5.762E-4,-8.163E-4,7.2E-4,0
1504813511881,true,604.67,0,-0.004779,-0.004777,-4.757E-4,4.79E-4,-6.109E-6,5.447E-4,-5.171E-5,7.859E-4,0.01294,-0.01544,-0.001043,2.757E-4,3.296E-4,5.774E-4,-7.765E-4,7.203E-4,0
1504813511917,true,604.728,0,-0.004664,-0.004467,-4.576E-4,4.766E-4,1.405E-5,5.468E-4,-2.057E-5,7.864E-4,0.01292,-0.0154,-0.00102,2.752E-4,3.654E-4,5.779E-4,-7.489E-4,7.227E-4,0
1504813511953,true,604.785,0,-0.004652,-0.004103,-4.305E-4,4.733E-4,3.895E-5,5.476E-4,4.111E-6,7.884E-4,0.01257,-0.0151,-9.966E-4,2.736E-4,4.013E-4,5.764E-4,-7.001E-4,7.166E-4,0
1504813511989,true,604.843,0,-0.004728,-0.004077,-4.106E-4,4.718E-4,6.696E-5,5.46E-4,3.754E-5,7.87E-4,0.01227,-0.01469,-9.697E-4,2.74E-4,4.455E-4,5.75E-4,-6.759E-4,7.183E-4,0
1504813512025,true,604.9,0,-0.00485,-0.004267,-3.836E-4,4.705E-4,9.463E-5,5.442E-4,6.239E-5,7.843E-4,0.01221,-0.01458,-9.577E-4,2.765E-4,4.875E-4,5.705E-4,-6.492E-4,7.184E-4,0
1504813512156,true,604.945,0,-0.004534,-0.004224,-3.658E-4,4.687E-4,1.216E-4,5.435E-4,7.589E-5,7.842E-4,0.0124,-0.01482,-9.489E-4,2.784E-4,5.214E-4,5.652E-4,-6.221E-4,7.148E-4,0
1504813512192,true,605.003,0,-0.004302,-0.004052,-3.559E-4,4.68E-4,1.377E-4,5.441E-4,8.913E-5,7.808E-4,0.01261,-0.01507,-9.354E-4,2.797E-4,5.395E-4,5.667E-4,-5.987E-4,7.1E-4,0
1504813512228,true,605.06,0,-0.004469,-0.003854,-3.398E-4,4.649E-4,1.486E-4,5.44E-4,9.239E-5,7.815E-4,0.0125,-0.01495,-9.224E-4,2.767E-4,5.442E-4,5.695E-4,-5.872E-4,7.076E-4,0
1504813512264,true,605.118,0,-0.004877,-0.003793,-3.283E-4,4.612E-4,1.541E-4,5.433E-4,1.014E-4,7.814E-4,0.01236,-0.01485,-9.243E-4,2.786E-4,5.448E-4,5.717E-4,-5.835E-4,7.017E-4,0
1504813512300,true,605.175,0,-0.005243,-0.004008,-3.309E-4,4.622E-4,1.622E-4,5.386E-4,1.065E-4,7.798E-4,0.01232,-0.01479,-9.202E-4,2.782E-4,5.449E-4,5.725E-4,-5.922E-4,7.057E-4,0
1504813512455,true,605.245,0,-0.005435,-0.004137,-3.396E-4,4.636E-4,1.59E-4,5.366E-4,1.085E-4,7.786E-4,0.01256,-0.01499,-9.314E-4,2.796E-4,5.443E-4,5.686E-4,-6.186E-4,7.101E-4,0
1504813512492,true,605.303,0,-0.005107,-0.004097,-3.579E-4,4.686E-4,1.46E-4,5.4E-4,1.017E-4,7.791E-4,0.01328,-0.01558,-9.407E-4,2.812E-4,5.258E-4,5.732E-4,-6.294E-4,7.123E-4,0
1504813512527,true,605.36,0,-0.004733,-0.003858,-3.528E-4,4.666E-4,1.62E-4,5.404E-4,1.094E-4,7.804E-4,0.01348,-0.01578,-9.329E-4,2.822E-4,5.264E-4,5.797E-4,-6.193E-4,7.149E-4,0
1504813512563,true,605.418,0,-0.004565,-0.003626,-3.423E-4,4.686E-4,1.746E-4,5.431E-4,1.277E-4,7.82E-4,0.01317,-0.01542,-9.178E-4,2.83E-4,5.449E-4,5.824E-4,-5.951E-4,7.157E-4,0
1504813512600,true,605.475,0,-0.005001,-0.003307,-3.222E-4,4.69E-4,1.923E-4,5.458E-4,1.504E-4,7.824E-4,0.01275,-0.01493,-8.956E-4,2.83E-4,5.925E-4,5.782E-4,-5.653E-4,7.166E-4,0
1504813512732,true,605.52,0,-0.004951,-0.003489,-2.998E-4,4.683E-4,2.329E-4,5.42E-4,1.726E-4,7.817E-4,0.01257,-0.01459,-8.82E-4,2.882E-4,6.33E-4,5.791E-4,-5.363E-4,7.178E-4,0
1504813512768,true,605.578,0,-0.004621,-0.003626,-2.876E-4,4.699E-4,2.722E-4,5.416E-4,1.97E-4,7.778E-4,0.0126,-0.0146,-8.593E-4,2.887E-4,6.806E-4,5.762E-4,-5.03E-4,7.186E-4,0
1504813512804,true,605.635,0,-0.004337,-0.003459,-2.719E-4,4.703E-4,3.011E-4,5.401E-4,2.136E-4,7.762E-4,0.0127,-0.01473,-8.444E-4,2.908E-4,7.071E-4,5.764E-4,-4.724E-4,7.191E-4,0
1504813512840,true,605.693,0,-0.004206,-0.003362,-2.588E-4,4.696E-4,3.246E-4,5.38E-4,2.281E-4,7.757E-4,0.01262,-0.01458,-8.281E-4,2.921E-4,7.265E-4,5.82E-4,-4.432E-4,7.156E-4,0
1504813512875,true,605.75,0,-0.004443,-0.003193,-2.511E-4,4.712E-4,3.353E-4,5.36E-4,2.484E-4,7.737E-4,0.01248,-0.0144,-8.2E-4,2.929E-4,7.518E-4,5.8E-4,-4.327E-4,7.162E-4,0
1504813513031,true,605.82,0,-0.004625,-0.003488,-2.374E-4,4.733E-4,3.437E-4,5.344E-4,2.558E-4,7.748E-4,0.01233,-0.01422,-8.147E-4,2.927E-4,7.639E-4,5.81E-4,-4.228E-4,7.156E-4,0
1504813513067,true,605.878,0,-0.004922,-0.003723,-2.383E-4,4.791E-4,3.486E-4,5.362E-4,2.442E-4,7.791E-4,0.01236,-0.01421,-8.12E-4,2.947E-4,7.58E-4,5.853E-4,-4.358E-4,7.216E-4,0
1504813513103,true,605.935,0,-0.004619,-0.003898,-2.39E-4,4.826E-4,3.43E-4,5.358E-4,2.306E-4,7.793E-4,0.01282,-0.01469,-8.2E-4,2.976E-4,7.498E-4,5.859E-4,-4.436E-4,7.258E-4,0
1504813513139,true,605.993,0,-0.004299,-0.003715,-2.477E-4,4.828E-4,3.417E-4,5.353E-4,2.233E-4,7.8E-4,0.01333,-0.01515,-8.206E-4,2.963E-4,7.467E-4,5.833E-4,-4.528E-4,7.254E-4,0
1504813513175,true,606.05,0,-0.004022,-0.003476,-2.462E-4,4.825E-4,3.366E-4,5.354E-4,2.099E-4,7.826E-4,0.01314,-0.01496,-8.242E-4,2.953E-4,7.3E-4,5.818E-4,-4.705E-4,7.229E-4,0
1504813513332,true,606.12,0,-0.004179,-0.00326,-2.514E-4,4.861E-4,3.197E-4,5.393E-4,1.918E-4,7.905E-4,0.01273,-0.01451,-8.261E-4,2.97E-4,7.031E-4,5.918E-4,-4.934E-4,7.262E-4,0
1504813513368,true,606.178,0,-0.004348,-0.003463,-2.453E-4,4.908E-4,3.234E-4,5.386E-4,1.952E-4,7.886E-4,0.01243,-0.0141,-8.255E-4,3.002E-4,7.224E-4,5.924E-4,-4.953E-4,7.325E-4,0
1504813513404,true,606.235,0,-0.004452,-0.003618,-2.319E-4,4.92E-4,3.412E-4,5.379E-4,1.945E-4,7.925E-4,0.01253,-0.01419,-8.222E-4,3.055E-4,7.493E-4,5.885E-4,-4.759E-4,7.335E-4,0
1504813513440,true,606.293,0,-0.004203,-0.003635,-2.266E-4,4.97E-4,3.671E-4,5.377E-4,2.018E-4,7.926E-4,0.01287,-0.01444,-8.092E-4,3.068E-4,7.69E-4,5.919E-4,-4.511E-4,7.381E-4,0
1504813513476,true,606.35,0,-0.003916,-0.003668,-2.081E-4,4.948E-4,3.997E-4,5.352E-4,2.094E-4,7.906E-4,0.01287,-0.01445,-7.86E-4,3.083E-4,7.779E-4,5.985E-4,-4.142E-4,7.315E-4,0
1504813513581,true,606.37,0,-0.00378,-0.003738,-2.004E-4,4.952E-4,4.179E-4,5.338E-4,2.245E-4,7.903E-4,0.01257,-0.0141,-7.662E-4,3.093E-4,7.965E-4,6.012E-4,-3.946E-4,7.33E-4,0
1504813513617,true,606.428,0,-0.004264,-0.003848,-1.928E-4,4.956E-4,4.261E-4,5.336E-4,2.377E-4,7.899E-4,0.01253,-0.01405,-7.505E-4,3.102E-4,8.283E-4,5.997E-4,-3.725E-4,7.351E-4,0
1504813513653,true,606.485,0,-0.004168,-0.004331,-1.89E-4,4.978E-4,4.379E-4,5.322E-4,2.517E-4,7.878E-4,0.01262,-0.01402,-7.475E-4,3.143E-4,8.531E-4,5.959E-4,-3.621E-4,7.377E-4,0
1504813513689,true,606.543,0,-0.003964,-0.004543,-1.939E-4,4.989E-4,4.431E-4,5.307E-4,2.381E-4,7.917E-4,0.01291,-0.0143,-7.454E-4,3.186E-4,8.569E-4,5.966E-4,-3.507E-4,7.366E-4,0
1504813513725,true,606.6,0,-0.00379,-0.004288,-2.1E-4,5.024E-4,4.442E-4,5.303E-4,2.335E-4,7.896E-4,0.01347,-0.01482,-7.491E-4,3.233E-4,8.57E-4,5.989E-4,-3.526E-4,7.37E-4,0
1504813513881,true,606.671,0,-0.003437,-0.004048,-2.099E-4,5.013E-4,4.303E-4,5.338E-4,2.293E-4,7.881E-4,0.01343,-0.01472,-7.456E-4,3.231E-4,8.434E-4,6.022E-4,-3.646E-4,7.364E-4,0
1504813513917,true,606.729,0,-0.003377,-0.003973,-2.076E-4,4.999E-4,4.073E-4,5.372E-4,2.215E-4,7.86E-4,0.01306,-0.01432,-7.47E-4,3.253E-4,8.235E-4,6.05E-4,-3.765E-4,7.355E-4,0
1504813513953,true,606.786,0,-0.00402,-0.004016,-2.186E-4,5.043E-4,3.88E-4,5.348E-4,2.106E-4,7.81E-4,0.01275,-0.0139,-7.592E-4,3.271E-4,8.005E-4,6.066E-4,-4.085E-4,7.37E-4,0
1504813513989,true,606.844,0,-0.00437,-0.004195,-2.322E-4,5.072E-4,3.688E-4,5.36E-4,1.888E-4,7.831E-4,0.01243,-0.01359,-7.77E-4,3.302E-4,7.747E-4,6.07E-4,-4.48E-4,7.417E-4,0
1504813514025,true,606.901,0,-0.00409,-0.004266,-2.345E-4,5.103E-4,3.589E-4,5.409E-4,1.736E-4,7.826E-4,0.0127,-0.01387,-7.748E-4,3.313E-4,7.758E-4,6.083E-4,-4.554E-4,7.479E-4,0
1504813514181,true,606.97,0,-0.003942,-0.004176,-2.336E-4,5.127E-4,3.739E-4,5.412E-4,1.708E-4,7.865E-4,0.01276,-0.01398,-7.661E-4,3.333E-4,7.782E-4,6.175E-4,-4.424E-4,7.508E-4,0
1504813514217,true,607.028,0,-0.004005,-0.004011,-2.16E-4,5.098E-4,3.88E-4,5.418E-4,1.756E-4,7.907E-4,0.01247,-0.01378,-7.59E-4,3.377E-4,7.974E-4,6.199E-4,-4.216E-4,7.526E-4,0
1504813514253,true,607.085,0,-0.004237,-0.004065,-1.944E-4,5.077E-4,4.003E-4,5.407E-4,1.949E-4,7.904E-4,0.01231,-0.01356,-7.457E-4,3.392E-4,8.216E-4,6.183E-4,-3.928E-4,7.546E-4,0
1504813514289,true,607.143,0,-0.004688,-0.004267,-1.863E-4,5.086E-4,4.221E-4,5.376E-4,2.049E-4,7.931E-4,0.01235,-0.01352,-7.405E-4,3.429E-4,8.406E-4,6.227E-4,-3.724E-4,7.578E-4,0
1504813514325,true,607.2,0,-0.004447,-0.00457,-1.785E-4,5.072E-4,4.46E-4,5.317E-4,2.117E-4,7.927E-4,0.01289,-0.01397,-7.218E-4,3.448E-4,8.67E-4,6.217E-4,-3.47E-4,7.574E-4,0
1504813514455,true,607.244,0,-0.003998,-0.004567,-1.735E-4,5.053E-4,4.682E-4,5.288E-4,2.146E-4,7.929E-4,0.01343,-0.0145,-7.038E-4,3.443E-4,8.815E-4,6.218E-4,-3.2E-4,7.556E-4,0
1504813514491,true,607.302,0,-0.003954,-0.004284,-1.714E-4,5.037E-4,4.8E-4,5.284E-4,2.174E-4,7.898E-4,0.01336,-0.01451,-7.01E-4,3.45E-4,8.967E-4,6.232E-4,-3.026E-4,7.523E-4,0
1504813514528,true,607.359,0,-0.003718,-0.004018,-1.668E-4,5.045E-4,4.769E-4,5.27E-4,2.225E-4,7.91E-4,0.0131,-0.01423,-6.991E-4,3.463E-4,8.92E-4,6.271E-4,-2.94E-4,7.524E-4,0
1504813514564,true,607.417,0,-0.004054,-0.003921,-1.643E-4,5.036E-4,4.724E-4,5.254E-4,2.241E-4,7.896E-4,0.01267,-0.01375,-6.963E-4,3.463E-4,8.996E-4,6.274E-4,-2.95E-4,7.526E-4,0
1504813514599,true,607.474,0,-0.00413,-0.004057,-1.656E-4,5.048E-4,4.561E-4,5.285E-4,2.076E-4,7.929E-4,0.01249,-0.01357,-7.059E-4,3.513E-4,9.079E-4,6.231E-4,-3.076E-4,7.544E-4,0
1504813514756,true,607.545,0,-0.003609,-0.004145,-1.808E-4,5.06E-4,4.497E-4,5.285E-4,1.908E-4,7.921E-4,0.01259,-0.01368,-7.139E-4,3.531E-4,9.051E-4,6.223E-4,-3.213E-4,7.552E-4,0
1504813514792,true,607.603,0,-0.003525,-0.004012,-1.871E-4,5.017E-4,4.441E-4,5.28E-4,1.725E-4,7.9E-4,0.01277,-0.01394,-7.314E-4,3.582E-4,8.773E-4,6.265E-4,-3.4E-4,7.548E-4,0
1504813514828,true,607.66,0,-0.003455,-0.003972,-1.879E-4,5.029E-4,4.289E-4,5.344E-4,1.658E-4,7.891E-4,0.01259,-0.01386,-7.391E-4,3.613E-4,8.597E-4,6.331E-4,-3.566E-4,7.582E-4,0
1504813514864,true,607.718,0,-0.003824,-0.003894,-1.731E-4,5.015E-4,4.357E-4,5.355E-4,1.781E-4,7.913E-4,0.01242,-0.01382,-7.327E-4,3.631E-4,8.756E-4,6.346E-4,-3.45E-4,7.618E-4,0
1504813514901,true,607.775,0,-0.004304,-0.004025,-1.558E-4,5.033E-4,4.528E-4,5.347E-4,1.899E-4,7.95E-4,0.01226,-0.01364,-7.277E-4,3.673E-4,8.941E-4,6.408E-4,-3.255E-4,7.637E-4,0
1504813515031,true,607.821,0,-0.004176,-0.004264,-1.427E-4,5.042E-4,4.743E-4,5.319E-4,2.058E-4,7.95E-4,0.01265,-0.01389,-7.16E-4,3.696E-4,9.297E-4,6.403E-4,-3.104E-4,7.676E-4,0
1504813515067,true,607.879,0,-0.003528,-0.004289,-1.333E-4,5.026E-4,4.958E-4,5.347E-4,2.164E-4,7.968E-4,0.01295,-0.01427,-7.013E-4,3.726E-4,9.611E-4,6.393E-4,-2.88E-4,7.717E-4,0
1504813515103,true,607.936,0,-0.003147,-0.004107,-1.254E-4,5.022E-4,5.189E-4,5.343E-4,2.341E-4,7.96E-4,0.01317,-0.01443,-6.771E-4,3.72E-4,9.897E-4,6.429E-4,-2.525E-4,7.717E-4,0
1504813515139,true,607.994,0,-0.002779,-0.003849,-1.083E-4,4.985E-4,5.297E-4,5.324E-4,2.512E-4,7.956E-4,0.01303,-0.01424,-6.631E-4,3.728E-4,0.001009,6.475E-4,-2.182E-4,7.654E-4,0
1504813515175,true,608.051,0,-0.003017,-0.003669,-9.743E-5,4.984E-4,5.373E-4,5.296E-4,2.68E-4,7.918E-4,0.01275,-0.01391,-6.508E-4,3.729E-4,0.001036,6.482E-4,-2.049E-4,7.674E-4,0
1504813515331,true,608.121,0,-0.003108,-0.003799,-7.375E-5,4.949E-4,5.518E-4,5.251E-4,2.74E-4,7.884E-4,0.01253,-0.01362,-6.539E-4,3.75E-4,0.001049,6.443E-4,-2.07E-4,7.715E-4,0
1504813515367,true,608.179,0,-0.002973,-0.003876,-5.746E-5,4.911E-4,5.635E-4,5.261E-4,2.653E-4,7.884E-4,0.01269,-0.01367,-6.468E-4,3.764E-4,0.001072,6.369E-4,-2.042E-4,7.708E-4,0
1504813515404,true,608.236,0,-0.002678,-0.003737,-6.762E-5,4.914E-4,5.689E-4,5.242E-4,2.554E-4,7.876E-4,0.01297,-0.014,-6.42E-4,3.774E-4,0.00107,6.386E-4,-2.051E-4,7.697E-4,0
1504813515439,true,608.294,0,-0.002468,-0.003631,-7.063E-5,4.896E-4,5.696E-4,5.243E-4,2.602E-4,7.831E-4,0.01283,-0.01398,-6.523E-4,3.802E-4,0.001064,6.355E-4,-2.158E-4,7.67E-4,0
1504813515475,true,608.351,0,-0.002407,-0.003771,-6.789E-5,4.891E-4,5.534E-4,5.25E-4,2.448E-4,7.853E-4,0.01254,-0.01368,-6.563E-4,3.809E-4,0.001043,6.373E-4,-2.371E-4,7.687E-4,0
1504813515606,true,608.396,0,-0.002904,-0.003963,-7.302E-5,4.911E-4,5.45E-4,5.255E-4,2.413E-4,7.858E-4,0.01223,-0.0134,-6.715E-4,3.85E-4,0.001023,6.442E-4,-2.585E-4,7.749E-4,0
1504813515642,true,608.454,0,-0.003204,-0.004197,-7.035E-5,4.939E-4,5.433E-4,5.298E-4,2.414E-4,7.895E-4,0.01217,-0.01334,-6.729E-4,3.868E-4,0.001029,6.508E-4,-2.548E-4,7.794E-4,0
1504813515678,true,608.511,0,-0.002601,-0.00441,-6.137E-5,4.933E-4,5.492E-4,5.328E-4,2.495E-4,7.911E-4,0.01276,-0.01388,-6.597E-4,3.882E-4,0.001042,6.503E-4,-2.282E-4,7.812E-4,0
1504813515715,true,608.569,0,-0.002418,-0.004164,-5.007E-5,4.928E-4,5.621E-4,5.382E-4,2.649E-4,7.904E-4,0.01301,-0.01419,-6.507E-4,3.916E-4,0.00106,6.495E-4,-1.999E-4,7.82E-4,0
1504813515751,true,608.626,0,-0.001982,-0.00395,-2.881E-5,4.907E-4,5.829E-4,5.35E-4,2.757E-4,7.909E-4,0.01281,-0.01397,-6.333E-4,3.891E-4,0.001076,6.504E-4,-1.814E-4,7.839E-4,0
1504813515906,true,608.695,0,-0.002106,-0.003784,-7.583E-6,4.887E-4,5.937E-4,5.358E-4,2.984E-4,7.899E-4,0.01247,-0.01356,-6.153E-4,3.894E-4,0.001095,6.552E-4,-1.565E-4,7.843E-4,0
1504813515942,true,608.753,0,-0.002249,-0.004004,1.518E-5,4.879E-4,6.061E-4,5.346E-4,3.132E-4,7.924E-4,0.01219,-0.0132,-5.995E-4,3.878E-4,0.001116,6.556E-4,-1.387E-4,7.86E-4,0
1504813515978,true,608.81,0,-0.002496,-0.004017,2.175E-5,4.911E-4,6.159E-4,5.331E-4,3.187E-4,7.921E-4,0.01228,-0.01318,-5.969E-4,3.942E-4,0.001134,6.536E-4,-1.228E-4,7.871E-4,0
1504813516014,true,608.868,0,-0.002355,-0.003907,1.703E-5,4.921E-4,6.336E-4,5.309E-4,3.145E-4,7.891E-4,0.01251,-0.01341,-5.932E-4,3.949E-4,0.001136,6.572E-4,-1.148E-4,7.854E-4,0
1504813516050,true,608.925,0,-0.002388,-0.003782,9.066E-6,4.934E-4,6.346E-4,5.322E-4,3.101E-4,7.858E-4,0.01252,-0.01349,-5.869E-4,3.935E-4,0.001126,6.591E-4,-1.19E-4,7.864E-4,0
1504813516206,true,608.996,0,-0.002487,-0.003725,1.579E-5,4.893E-4,6.27E-4,5.334E-4,3.142E-4,7.811E-4,0.01207,-0.01308,-5.874E-4,3.889E-4,0.001101,6.662E-4,-1.294E-4,7.863E-4,0
1504813516242,true,609.054,0,-0.002921,-0.003867,9.237E-6,4.905E-4,6.118E-4,5.338E-4,3.063E-4,7.808E-4,0.01168,-0.01275,-5.967E-4,3.867E-4,0.001089,6.676E-4,-1.523E-4,7.866E-4,0
1504813516278,true,609.111,0,-0.003271,-0.004182,1.198E-6,4.897E-4,6.006E-4,5.307E-4,2.913E-4,7.807E-4,0.01181,-0.01282,-6.206E-4,3.902E-4,0.00107,6.681E-4,-1.745E-4,7.878E-4,0
1504813516314,true,609.169,0,-0.003168,-0.004464,-1.821E-5,4.949E-4,5.865E-4,5.339E-4,2.799E-4,7.809E-4,0.01213,-0.01328,-6.365E-4,3.937E-4,0.001047,6.726E-4,-2.039E-4,7.939E-4,0
1504813516351,true,609.226,0,-0.002939,-0.004406,-2.66E-5,4.992E-4,5.824E-4,5.368E-4,2.821E-4,7.783E-4,0.01251,-0.01371,-6.379E-4,3.955E-4,0.001046,6.743E-4,-2.011E-4,8.003E-4,0
1504813516481,true,609.271,0,-0.002546,-0.004319,-2.709E-5,4.999E-4,5.794E-4,5.411E-4,2.875E-4,7.755E-4,0.01237,-0.01361,-6.359E-4,3.969E-4,0.00104,6.795E-4,-1.892E-4,8.013E-4,0
1504813516517,true,609.329,0,-0.002639,-0.004027,-1.071E-5,4.982E-4,5.821E-4,5.403E-4,3.002E-4,7.748E-4,0.012,-0.01328,-6.313E-4,3.989E-4,0.001049,6.823E-4,-1.786E-4,8.054E-4,0
1504813516553,true,609.386,0,-0.003069,-0.003947,7.888E-6,4.96E-4,5.953E-4,5.349E-4,3.124E-4,7.733E-4,0.01169,-0.01288,-6.176E-4,3.982E-4,0.001062,6.848E-4,-1.657E-4,8.108E-4,0
1504813516589,true,609.444,0,-0.003075,-0.004077,2.17E-5,4.94E-4,6.103E-4,5.346E-4,3.133E-4,7.739E-4,0.01151,-0.01267,-6.117E-4,3.968E-4,0.001079,6.81E-4,-1.515E-4,8.156E-4,0
1504813516625,true,609.501,0,-0.002671,-0.004085,2.55E-5,4.977E-4,6.2E-4,5.342E-4,3.086E-4,7.729E-4,0.01174,-0.01296,-6.046E-4,3.981E-4,0.001094,6.805E-4,-1.425E-4,8.173E-4,0
1504813516782,true,609.571,0,-0.002446,-0.003945,2.815E-5,4.961E-4,6.278E-4,5.343E-4,3.1E-4,7.723E-4,0.01182,-0.01309,-6.059E-4,3.983E-4,0.001095,6.825E-4,-1.309E-4,8.184E-4,0
1504813516817,true,609.629,0,-0.002388,-0.003816,2.163E-5,4.946E-4,6.411E-4,5.303E-4,3.205E-4,7.708E-4,0.01151,-0.01281,-6.157E-4,3.995E-4,0.001089,6.846E-4,-1.227E-4,8.168E-4,0
1504813516853,true,609.686,0,-0.002785,-0.003819,1.864E-5,4.928E-4,6.406E-4,5.271E-4,3.253E-4,7.694E-4,0.01116,-0.01243,-6.24E-4,3.978E-4,0.001072,6.878E-4,-1.311E-4,8.175E-4,0
1504813516889,true,609.744,0,-0.00324,-0.004086,3.383E-6,4.932E-4,6.346E-4,5.247E-4,3.164E-4,7.687E-4,0.01109,-0.01239,-6.394E-4,3.974E-4,0.001051,6.901E-4,-1.449E-4,8.182E-4,0
1504813516926,true,609.801,0,-0.003007,-0.004439,-1.633E-5,4.941E-4,6.264E-4,5.226E-4,2.99E-4,7.685E-4,0.01136,-0.01268,-6.623E-4,3.991E-4,0.001035,6.904E-4,-1.684E-4,8.177E-4,0
1504813517056,true,609.847,0,-0.002737,-0.004372,-4.11E-5,4.947E-4,6.061E-4,5.241E-4,2.797E-4,7.63E-4,0.01178,-0.01323,-6.798E-4,3.976E-4,0.001008,6.885E-4,-2.007E-4,8.177E-4,0
1504813517093,true,609.905,0,-0.002492,-0.004215,-6.185E-5,4.983E-4,5.883E-4,5.276E-4,2.717E-4,7.626E-4,0.01185,-0.01342,-7.003E-4,3.978E-4,9.719E-4,6.973E-4,-2.273E-4,8.216E-4,0
1504813517129,true,609.962,0,-0.002324,-0.003949,-6.176E-5,4.969E-4,5.822E-4,5.272E-4,2.721E-4,7.642E-4,0.01145,-0.01316,-6.973E-4,3.932E-4,9.652E-4,7.02E-4,-2.273E-4,8.214E-4,0
1504813517165,true,610.02,0,-0.002435,-0.003951,-6.317E-5,4.988E-4,5.878E-4,5.27E-4,2.81E-4,7.655E-4,0.01109,-0.01283,-7.048E-4,3.952E-4,9.658E-4,7.033E-4,-2.263E-4,8.233E-4,0
1504813517201,true,610.077,0,-0.002656,-0.004094,-5.584E-5,4.982E-4,5.972E-4,5.247E-4,2.85E-4,7.674E-4,0.01097,-0.01267,-7.004E-4,3.941E-4,9.779E-4,7.049E-4,-2.127E-4,8.233E-4,0
1504813517332,true,610.121,0,-0.002574,-0.004051,-4.863E-5,4.978E-4,6.059E-4,5.264E-4,2.947E-4,7.653E-4,0.01095,-0.0127,-7.038E-4,3.964E-4,9.943E-4,7.026E-4,-2.019E-4,8.252E-4,0
1504813517367,true,610.179,0,-0.002739,-0.003768,-4.982E-5,4.968E-4,6.271E-4,5.237E-4,2.986E-4,7.643E-4,0.01114,-0.01301,-7.032E-4,3.961E-4,9.971E-4,7.057E-4,-1.832E-4,8.231E-4,0
1504813517403,true,610.236,0,-0.002419,-0.003708,-4.769E-5,4.946E-4,6.368E-4,5.253E-4,3.119E-4,7.639E-4,0.01082,-0.01276,-7.043E-4,3.954E-4,0.001006,7.061E-4,-1.617E-4,8.171E-4,0
1504813517439,true,610.294,0,-0.002668,-0.003649,-3.681E-5,4.929E-4,6.419E-4,5.231E-4,3.164E-4,7.647E-4,0.01063,-0.01258,-7.028E-4,3.91E-4,0.001015,7.02E-4,-1.468E-4,8.121E-4,0
1504813517475,true,610.351,0,-0.002957,-0.003877,-1.885E-5,4.868E-4,6.422E-4,5.232E-4,3.307E-4,7.638E-4,0.01046,-0.01241,-7.13E-4,3.904E-4,0.001013,7.036E-4,-1.547E-4,8.12E-4,0
1504813517632,true,610.422,0,-0.003024,-0.004145,-2.144E-5,4.855E-4,6.39E-4,5.228E-4,3.292E-4,7.647E-4,0.01082,-0.01273,-7.259E-4,3.914E-4,0.001012,6.993E-4,-1.566E-4,8.107E-4,0
1504813517667,true,610.48,0,-0.002544,-0.004293,-3.523E-5,4.821E-4,6.316E-4,5.233E-4,3.194E-4,7.628E-4,0.01141,-0.01336,-7.381E-4,3.901E-4,0.001001,6.968E-4,-1.625E-4,8.087E-4,0
1504813517704,true,610.537,0,-0.002131,-0.004157,-5.406E-5,4.816E-4,6.181E-4,5.26E-4,3.017E-4,7.648E-4,0.01165,-0.0136,-7.582E-4,3.885E-4,9.796E-4,6.948E-4,-1.801E-4,8.064E-4,0
1504813517740,true,610.595,0,-0.001949,-0.003934,-6.563E-5,4.777E-4,5.937E-4,5.292E-4,2.924E-4,7.627E-4,0.01157,-0.01363,-7.722E-4,3.837E-4,9.506E-4,6.938E-4,-2.058E-4,8.008E-4,0
1504813517776,true,610.652,0,-0.002302,-0.003787,-8.863E-5,4.793E-4,5.656E-4,5.331E-4,2.752E-4,7.643E-4,0.01122,-0.01331,-7.998E-4,3.835E-4,9.01E-4,6.991E-4,-2.507E-4,8.056E-4,0
1504813517931,true,610.721,0,-0.002662,-0.003795,-1.034E-4,4.843E-4,5.568E-4,5.336E-4,2.716E-4,7.656E-4,0.01092,-0.01291,-8.254E-4,3.871E-4,8.843E-4,7.012E-4,-2.762E-4,8.093E-4,0
1504813517968,true,610.779,0,-0.002379,-0.00397,-1.048E-4,4.854E-4,5.633E-4,5.338E-4,2.634E-4,7.66E-4,0.01106,-0.01322,-8.348E-4,3.862E-4,8.915E-4,6.964E-4,-2.739E-4,8.111E-4,0
1504813518004,true,610.836,0,-0.002469,-0.003703,-1.121E-4,4.86E-4,5.725E-4,5.363E-4,2.654E-4,7.669E-4,0.01132,-0.01354,-8.353E-4,3.863E-4,8.977E-4,6.945E-4,-2.645E-4,8.08E-4,0
1504813518040,true,610.894,0,-0.00231,-0.003572,-1.055E-4,4.833E-4,5.774E-4,5.373E-4,2.754E-4,7.692E-4,0.01124,-0.01347,-8.455E-4,3.872E-4,9.005E-4,6.921E-4,-2.479E-4,8.033E-4,0
1504813518076,true,610.951,0,-0.002322,-0.003445,-9.353E-5,4.828E-4,5.873E-4,5.381E-4,3.0E-4,7.699E-4,0.01103,-0.01321,-8.453E-4,3.841E-4,9.104E-4,6.911E-4,-2.334E-4,8.001E-4,0
1504813518205,true,610.997,0,-0.002828,-0.003574,-8.727E-5,4.825E-4,6.019E-4,5.343E-4,3.14E-4,7.714E-4,0.01088,-0.01313,-8.402E-4,3.81E-4,9.113E-4,6.922E-4,-2.287E-4,7.96E-4,0
1504813518242,true,611.055,0,-0.003088,-0.003868,-8.367E-5,4.807E-4,6.104E-4,5.335E-4,3.288E-4,7.706E-4,0.0111,-0.01336,-8.409E-4,3.799E-4,9.126E-4,6.895E-4,-2.275E-4,7.974E-4,0
1504813518278,true,611.112,0,-0.003,-0.003996,-8.838E-5,4.815E-4,6.202E-4,5.303E-4,3.339E-4,7.68E-4,0.01152,-0.01395,-8.463E-4,3.769E-4,9.266E-4,6.816E-4,-2.264E-4,7.963E-4,0
1504813518314,true,611.17,0,-0.002798,-0.003857,-1.023E-4,4.77E-4,6.245E-4,5.264E-4,3.23E-4,7.679E-4,0.01198,-0.01452,-8.517E-4,3.735E-4,9.149E-4,6.822E-4,-2.32E-4,7.919E-4,0
1504813518350,true,611.227,0,-0.002685,-0.003631,-1.134E-4,4.771E-4,6.084E-4,5.282E-4,3.18E-4,7.683E-4,0.0119,-0.01445,-8.595E-4,3.687E-4,8.946E-4,6.818E-4,-2.537E-4,7.913E-4,0
1504813518481,true,611.271,0,-0.002682,-0.003587,-1.141E-4,4.774E-4,5.912E-4,5.23E-4,3.222E-4,7.631E-4,0.01163,-0.01425,-8.741E-4,3.643E-4,8.608E-4,6.849E-4,-2.845E-4,7.922E-4,0
1504813518518,true,611.329,0,-0.003242,-0.003681,-1.188E-4,4.759E-4,5.721E-4,5.208E-4,3.075E-4,7.641E-4,0.01145,-0.01405,-8.978E-4,3.626E-4,8.382E-4,6.806E-4,-3.276E-4,7.91E-4,0
1504813518553,true,611.386,0,-0.003039,-0.003966,-1.342E-4,4.763E-4,5.546E-4,5.186E-4,2.805E-4,7.631E-4,0.01157,-0.01414,-9.269E-4,3.624E-4,8.116E-4,6.727E-4,-3.675E-4,7.893E-4,0
1504813518590,true,611.444,0,-0.002849,-0.003937,-1.537E-4,4.737E-4,5.305E-4,5.18E-4,2.613E-4,7.591E-4,0.01192,-0.01452,-9.542E-4,3.623E-4,7.643E-4,6.711E-4,-4.153E-4,7.903E-4,0
1504813518626,true,611.501,0,-0.003018,-0.003688,-1.83E-4,4.74E-4,5.024E-4,5.191E-4,2.426E-4,7.556E-4,0.012,-0.01465,-9.975E-4,3.649E-4,7.064E-4,6.732E-4,-4.645E-4,7.919E-4,0
1504813518782,true,611.572,0,-0.003266,-0.003557,-1.918E-4,4.736E-4,4.93E-4,5.204E-4,2.253E-4,7.612E-4,0.01169,-0.01449,-0.001016,3.649E-4,6.764E-4,6.763E-4,-4.95E-4,7.939E-4,0
1504813518818,true,611.63,0,-0.0039,-0.003732,-1.953E-4,4.752E-4,4.843E-4,5.211E-4,2.331E-4,7.598E-4,0.01156,-0.0144,-0.001035,3.665E-4,6.764E-4,6.74E-4,-5.089E-4,7.962E-4,0
1504813518854,true,611.687,0,-0.004378,-0.004141,-2.085E-4,4.8E-4,4.803E-4,5.211E-4,2.244E-4,7.638E-4,0.01155,-0.01443,-0.001045,3.673E-4,6.9E-4,6.639E-4,-5.063E-4,7.955E-4,0
1504813518890,true,611.745,0,-0.004404,-0.004411,-2.073E-4,4.797E-4,4.72E-4,5.242E-4,2.224E-4,7.672E-4,0.01203,-0.0149,-0.001052,3.697E-4,7.01E-4,6.575E-4,-4.882E-4,7.922E-4,0
1504813518926,true,611.802,0,-0.004207,-0.004407,-2.153E-4,4.797E-4,4.716E-4,5.262E-4,2.269E-4,7.651E-4,0.01265,-0.01557,-0.001053,3.673E-4,6.957E-4,6.538E-4,-4.805E-4,7.909E-4,0
1504813519056,true,611.846,0,-0.004105,-0.004287,-2.205E-4,4.766E-4,4.696E-4,5.26E-4,2.304E-4,7.658E-4,0.01281,-0.01571,-0.001054,3.623E-4,6.851E-4,6.56E-4,-4.809E-4,7.888E-4,0
1504813519092,true,611.904,0,-0.004107,-0.004133,-2.182E-4,4.716E-4,4.621E-4,5.247E-4,2.182E-4,7.708E-4,0.01252,-0.01547,-0.001066,3.609E-4,6.845E-4,6.509E-4,-4.894E-4,7.864E-4,0
1504813519128,true,611.961,0,-0.004436,-0.004181,-2.212E-4,4.686E-4,4.462E-4,5.222E-4,2.164E-4,7.682E-4,0.01226,-0.01519,-0.001078,3.57E-4,6.668E-4,6.482E-4,-5.072E-4,7.86E-4,0
1504813519164,true,612.019,0,-0.004309,-0.004446,-2.231E-4,4.666E-4,4.385E-4,5.191E-4,2.036E-4,7.678E-4,0.01218,-0.01516,-0.001101,3.579E-4,6.347E-4,6.488E-4,-5.415E-4,7.873E-4,0
1504813519200,true,612.076,0,-0.003908,-0.004542,-2.407E-4,4.659E-4,4.23E-4,5.181E-4,1.801E-4,7.637E-4,0.01245,-0.01553,-0.001123,3.578E-4,6.092E-4,6.459E-4,-5.631E-4,7.835E-4,0
1504813519355,true,612.146,0,-0.003591,-0.004622,-2.71E-4,4.706E-4,4.085E-4,5.162E-4,1.624E-4,7.585E-4,0.01258,-0.01579,-0.00114,3.554E-4,5.802E-4,6.438E-4,-5.954E-4,7.83E-4,0
1504813519391,true,612.204,0,-0.003849,-0.004554,-2.931E-4,4.715E-4,3.906E-4,5.148E-4,1.416E-4,7.561E-4,0.01232,-0.01557,-0.001161,3.532E-4,5.334E-4,6.45E-4,-6.306E-4,7.797E-4,0
1504813519427,true,612.261,0,-0.00443,-0.004554,-3.122E-4,4.724E-4,3.563E-4,5.141E-4,1.198E-4,7.555E-4,0.01203,-0.01537,-0.001186,3.5E-4,4.88E-4,6.47E-4,-6.802E-4,7.798E-4,0
1504813519463,true,612.319,0,-0.005062,-0.004809,-3.35E-4,4.73E-4,3.21E-4,5.157E-4,8.5E-5,7.61E-4,0.01188,-0.01525,-0.001218,3.502E-4,4.393E-4,6.496E-4,-7.294E-4,7.82E-4,0
1504813519499,true,612.376,0,-0.005027,-0.005232,-3.571E-4,4.759E-4,2.98E-4,5.217E-4,7.039E-5,7.628E-4,0.01211,-0.01551,-0.001236,3.51E-4,4.065E-4,6.532E-4,-7.575E-4,7.867E-4,0
1504813519655,true,612.446,0,-0.004766,-0.005247,-3.641E-4,4.763E-4,2.876E-4,5.238E-4,6.006E-5,7.627E-4,0.01253,-0.01602,-0.001248,3.491E-4,3.994E-4,6.531E-4,-7.655E-4,7.867E-4,0
1504813519691,true,612.504,0,-0.004403,-0.005283,-3.702E-4,4.744E-4,2.852E-4,5.262E-4,6.852E-5,7.619E-4,0.01257,-0.01611,-0.00125,3.466E-4,3.916E-4,6.538E-4,-7.725E-4,7.903E-4,0
1504813519728,true,612.561,0,-0.004275,-0.005106,-3.732E-4,4.742E-4,2.816E-4,5.284E-4,7.391E-5,7.643E-4,0.01245,-0.01615,-0.001254,3.454E-4,3.907E-4,6.55E-4,-7.572E-4,7.857E-4,0
1504813519764,true,612.619,0,-0.004475,-0.005192,-3.778E-4,4.735E-4,2.834E-4,5.261E-4,6.94E-5,7.66E-4,0.01198,-0.01564,-0.001253,3.43E-4,3.859E-4,6.577E-4,-7.537E-4,7.842E-4,0
1504813519800,true,612.676,0,-0.004268,-0.005436,-3.828E-4,4.756E-4,2.835E-4,5.233E-4,5.836E-5,7.673E-4,0.01187,-0.01544,-0.001255,3.415E-4,3.854E-4,6.569E-4,-7.596E-4,7.858E-4,0
1504813519930,true,612.721,0,-0.004174,-0.005503,-3.896E-4,4.742E-4,2.796E-4,5.235E-4,5.17E-5,7.646E-4,0.0121,-0.01563,-0.001265,3.418E-4,3.846E-4,6.546E-4,-7.593E-4,7.839E-4,0
1504813519966,true,612.779,0,-0.004055,-0.005379,-4.064E-4,4.722E-4,2.765E-4,5.211E-4,4.566E-5,7.608E-4,0.01231,-0.01581,-0.001271,3.4E-4,3.631E-4,6.58E-4,-7.712E-4,7.809E-4,0
1504813520003,true,612.836,0,-0.003843,-0.005317,-4.151E-4,4.692E-4,2.645E-4,5.203E-4,4.324E-5,7.581E-4,0.01205,-0.0156,-0.001285,3.404E-4,3.361E-4,6.627E-4,-7.864E-4,7.787E-4,0
1504813520039,true,612.894,0,-0.004153,-0.005316,-4.23E-4,4.672E-4,2.457E-4,5.195E-4,4.004E-5,7.578E-4,0.01158,-0.01519,-0.001304,3.417E-4,3.123E-4,6.613E-4,-8.007E-4,7.74E-4,0
1504813520074,true,612.951,0,-0.004673,-0.005496,-4.391E-4,4.671E-4,2.211E-4,5.185E-4,2.705E-5,7.573E-4,0.01134,-0.01496,-0.001323,3.409E-4,2.847E-4,6.602E-4,-8.303E-4,7.748E-4,0
1504813520230,true,613.021,0,-0.004892,-0.005824,-4.575E-4,4.677E-4,1.924E-4,5.207E-4,2.75E-6,7.614E-4,0.01149,-0.01508,-0.001352,3.43E-4,2.478E-4,6.597E-4,-8.572E-4,7.742E-4,0
1504813520267,true,613.079,0,-0.004452,-0.005944,-4.822E-4,4.657E-4,1.641E-4,5.231E-4,-1.946E-5,7.582E-4,0.01177,-0.01546,-0.00138,3.469E-4,2.037E-4,6.584E-4,-9.059E-4,7.756E-4,0
1504813520303,true,613.136,0,-0.00416,-0.005944,-5.164E-4,4.679E-4,1.329E-4,5.273E-4,-4.217E-5,7.617E-4,0.01196,-0.01568,-0.001408,3.494E-4,1.413E-4,6.709E-4,-9.47E-4,7.778E-4,0
1504813520339,true,613.194,0,-0.003992,-0.005717,-5.194E-4,4.68E-4,1.166E-4,5.299E-4,-4.69E-5,7.635E-4,0.01186,-0.01554,-0.001415,3.482E-4,1.183E-4,6.777E-4,-9.601E-4,7.763E-4,0
1504813520377,true,613.251,0,-0.004395,-0.005518,-5.255E-4,4.676E-4,1.061E-4,5.297E-4,-4.234E-5,7.663E-4,0.01175,-0.0154,-0.00142,3.479E-4,1.141E-4,6.795E-4,-9.609E-4,7.772E-4,0
1504813520506,true,613.297,0,-0.00425,-0.005747,-5.211E-4,4.672E-4,1.004E-4,5.308E-4,-3.89E-5,7.665E-4,0.01127,-0.01472,-0.001412,3.463E-4,1.196E-4,6.817E-4,-9.428E-4,7.779E-4,0
1504813520542,true,613.355,0,-0.004081,-0.005739,-5.183E-4,4.661E-4,1.086E-4,5.285E-4,-4.274E-5,7.652E-4,0.01135,-0.01477,-0.001413,3.472E-4,1.329E-4,6.808E-4,-9.237E-4,7.807E-4,0
1504813520578,true,613.412,0,-0.003706,-0.005518,-5.237E-4,4.679E-4,1.142E-4,5.291E-4,-5.024E-5,7.653E-4,0.01159,-0.015,-0.001413,3.481E-4,1.47E-4,6.84E-4,-9.141E-4,7.812E-4,0
1504813520614,true,613.47,0,-0.003517,-0.00535,-5.239E-4,4.682E-4,1.212E-4,5.267E-4,-4.807E-5,7.665E-4,0.01144,-0.01491,-0.001404,3.473E-4,1.61E-4,6.835E-4,-8.932E-4,7.737E-4,0
1504813520650,true,613.527,0,-0.00366,-0.005191,-5.144E-4,4.629E-4,1.237E-4,5.255E-4,-2.45E-5,7.622E-4,0.01089,-0.0144,-0.001414,3.521E-4,1.657E-4,6.845E-4,-8.936E-4,7.719E-4,0
1504813520805,true,613.596,0,-0.004163,-0.005262,-5.201E-4,4.641E-4,1.127E-4,5.257E-4,-2.552E-5,7.672E-4,0.01066,-0.01409,-0.001425,3.558E-4,1.573E-4,6.857E-4,-8.954E-4,7.726E-4,0
1504813520841,true,613.654,0,-0.004344,-0.005625,-5.218E-4,4.618E-4,1.085E-4,5.219E-4,-2.96E-5,7.695E-4,0.01076,-0.01415,-0.001442,3.597E-4,1.464E-4,6.876E-4,-9.129E-4,7.736E-4,0
1504813520877,true,613.711,0,-0.004206,-0.005733,-5.333E-4,4.607E-4,9.642E-5,5.222E-4,-4.518E-5,7.691E-4,0.01124,-0.01468,-0.001462,3.642E-4,1.262E-4,6.895E-4,-9.263E-4,7.753E-4,0
1504813520913,true,613.769,0,-0.004184,-0.005525,-5.476E-4,4.589E-4,8.391E-5,5.211E-4,-6.368E-5,7.694E-4,0.0116,-0.01514,-0.001479,3.681E-4,9.903E-5,6.903E-4,-9.389E-4,7.72E-4,0
1504813520949,true,613.826,0,-0.004045,-0.005272,-5.716E-4,4.607E-4,5.766E-5,5.21E-4,-7.612E-5,7.713E-4,0.01131,-0.01497,-0.001482,3.658E-4,6.014E-5,6.96E-4,-9.779E-4,7.745E-4,0
1504813521081,true,613.871,0,-0.004437,-0.004951,-5.81E-4,4.578E-4,2.035E-5,5.209E-4,-9.876E-5,7.726E-4,0.01112,-0.01478,-0.001501,3.647E-4,3.372E-5,6.956E-4,-0.001012,7.75E-4,0
1504813521117,true,613.929,0,-0.004858,-0.004909,-5.953E-4,4.598E-4,-1.844E-5,5.23E-4,-1.27E-4,7.755E-4,0.01094,-0.01454,-0.001524,3.674E-4,-2.591E-6,6.966E-4,-0.001061,7.786E-4,0
1504813521153,true,613.986,0,-0.004669,-0.005023,-6.048E-4,4.618E-4,-2.977E-5,5.237E-4,-1.555E-4,7.809E-4,0.01105,-0.0146,-0.001544,3.72E-4,-1.991E-5,6.997E-4,-0.001096,7.878E-4,0
1504813521189,true,614.044,0,-0.004369,-0.004902,-6.182E-4,4.655E-4,-3.417E-5,5.282E-4,-1.624E-4,7.804E-4,0.01125,-0.01476,-0.001548,3.746E-4,-1.571E-5,7.009E-4,-0.001089,7.872E-4,0
1504813521225,true,614.101,0,-0.004252,-0.004753,-6.101E-4,4.628E-4,-2.61E-5,5.286E-4,-1.603E-4,7.822E-4,0.01127,-0.01475,-0.001547,3.8E-4,-5.068E-6,7.002E-4,-0.001073,7.896E-4,0
1504813521381,true,614.171,0,-0.004345,-0.004508,-5.986E-4,4.617E-4,-2.168E-5,5.284E-4,-1.468E-4,7.842E-4,0.01114,-0.01456,-0.001539,3.823E-4,6.563E-6,7.018E-4,-0.00105,7.879E-4,0
1504813521417,true,614.229,0,-0.004782,-0.004528,-5.888E-4,4.626E-4,-1.436E-5,5.274E-4,-1.328E-4,7.848E-4,0.01069,-0.0141,-0.001531,3.86E-4,3.735E-5,6.986E-4,-0.001031,7.905E-4,0
1504813521453,true,614.286,0,-0.005121,-0.004949,-5.819E-4,4.654E-4,-1.07E-5,5.256E-4,-1.289E-4,7.858E-4,0.01083,-0.01417,-0.001522,3.888E-4,6.152E-5,6.976E-4,-0.001017,7.919E-4,0
1504813521489,true,614.344,0,-0.005091,-0.005132,-5.796E-4,4.691E-4,1.509E-6,5.234E-4,-1.269E-4,7.838E-4,0.01144,-0.01471,-0.00152,3.924E-4,7.801E-5,6.942E-4,-0.001003,7.947E-4,0
1504813521525,true,614.401,0,-0.004815,-0.005033,-5.863E-4,4.695E-4,5.536E-6,5.222E-4,-1.327E-4,7.81E-4,0.01196,-0.01516,-0.001513,3.948E-4,7.756E-5,6.959E-4,-0.001,7.933E-4,0
1504813521681,true,614.472,0,-0.004507,-0.00494,-5.865E-4,4.691E-4,-1.839E-6,5.23E-4,-1.283E-4,7.802E-4,0.01205,-0.01531,-0.001509,3.949E-4,6.277E-5,6.994E-4,-0.001004,7.934E-4,0
1504813521717,true,614.53,0,-0.004632,-0.004748,-5.844E-4,4.686E-4,-9.149E-6,5.204E-4,-1.373E-4,7.811E-4,0.01176,-0.01507,-0.00151,3.946E-4,5.319E-5,6.994E-4,-0.001019,7.937E-4,0
1504813521753,true,614.587,0,-0.004995,-0.00488,-5.855E-4,4.692E-4,-2.328E-5,5.173E-4,-1.419E-4,7.802E-4,0.01162,-0.01481,-0.001518,3.97E-4,4.093E-5,6.976E-4,-0.00104,7.959E-4,0
1504813521789,true,614.645,0,-0.005079,-0.005029,-5.929E-4,4.725E-4,-3.618E-5,5.148E-4,-1.691E-4,7.827E-4,0.01171,-0.01486,-0.001521,3.968E-4,1.391E-5,6.962E-4,-0.001072,8.009E-4,0
1504813521825,true,614.702,0,-0.004802,-0.004868,-6.111E-4,4.727E-4,-4.378E-5,5.1E-4,-1.995E-4,7.822E-4,0.01199,-0.01514,-0.001539,4.004E-4,-1.984E-5,6.943E-4,-0.001103,7.982E-4,0
1504813521956,true,614.746,0,-0.004805,-0.004584,-6.291E-4,4.733E-4,-7.344E-5,5.125E-4,-2.151E-4,7.763E-4,0.01222,-0.01539,-0.001555,4.044E-4,-5.18E-5,6.915E-4,-0.001134,7.959E-4,0
1504813521992,true,614.804,0,-0.004683,-0.004445,-6.421E-4,4.756E-4,-9.798E-5,5.146E-4,-2.367E-4,7.817E-4,0.01186,-0.01506,-0.001563,4.055E-4,-7.501E-5,6.924E-4,-0.001161,7.985E-4,0
1504813522028,true,614.861,0,-0.005224,-0.004355,-6.389E-4,4.786E-4,-9.836E-5,5.165E-4,-2.272E-4,7.815E-4,0.01154,-0.01473,-0.001568,4.078E-4,-7.317E-5,6.959E-4,-0.001164,7.998E-4,0
1504813522064,true,614.919,0,-0.005474,-0.0046,-6.256E-4,4.765E-4,-8.927E-5,5.168E-4,-2.203E-4,7.827E-4,0.01146,-0.01461,-0.001563,4.094E-4,-5.343E-5,6.956E-4,-0.001155,8.039E-4,0
1504813522100,true,614.976,0,-0.00525,-0.004939,-6.159E-4,4.769E-4,-7.161E-5,5.155E-4,-2.037E-4,7.816E-4,0.0117,-0.01482,-0.001556,4.123E-4,-3.291E-5,6.939E-4,-0.00113,8.012E-4,0
1504813522231,true,615.022,0,-0.005065,-0.004933,-6.078E-4,4.764E-4,-5.982E-5,5.162E-4,-1.918E-4,7.815E-4,0.01222,-0.0153,-0.001539,4.103E-4,-1.84E-5,6.939E-4,-0.001108,8.018E-4,0
1504813522267,true,615.08,0,-0.004699,-0.004864,-5.991E-4,4.721E-4,-5.025E-5,5.153E-4,-1.815E-4,7.823E-4,0.01259,-0.01562,-0.001524,4.094E-4,-7.548E-6,6.955E-4,-0.00108,8.016E-4,0
1504813522303,true,615.137,0,-0.004349,-0.004827,-5.934E-4,4.738E-4,-4.056E-5,5.109E-4,-1.7E-4,7.819E-4,0.01239,-0.01534,-0.001513,4.097E-4,1.317E-6,6.989E-4,-0.001072,8.003E-4,0
1504813522339,true,615.195,0,-0.00464,-0.004823,-5.826E-4,4.751E-4,-4.332E-5,5.1E-4,-1.589E-4,7.791E-4,0.01225,-0.01511,-0.001503,4.103E-4,7.175E-6,6.969E-4,-0.001069,8.003E-4,0
1504813522375,true,615.252,0,-0.004587,-0.00502,-5.78E-4,4.735E-4,-4.198E-5,5.062E-4,-1.573E-4,7.786E-4,0.01218,-0.01493,-0.001494,4.103E-4,7.181E-6,6.947E-4,-0.001075,7.986E-4,0
1504813522531,true,615.321,0,-0.004152,-0.005021,-5.862E-4,4.748E-4,-4.873E-5,5.066E-4,-1.696E-4,7.763E-4,0.01236,-0.01505,-0.001491,4.112E-4,4.668E-6,6.886E-4,-0.00108,7.958E-4,0
1504813522567,true,615.379,0,-0.004066,-0.004795,-5.932E-4,4.736E-4,-6.725E-5,5.09E-4,-1.79E-4,7.736E-4,0.01242,-0.01505,-0.001494,4.102E-4,-8.209E-6,6.85E-4,-0.001086,7.899E-4,0
1504813522603,true,615.436,0,-0.004134,-0.004502,-6.016E-4,4.725E-4,-8.208E-5,5.11E-4,-1.822E-4,7.726E-4,0.01216,-0.01479,-0.001497,4.089E-4,-2.436E-5,6.83E-4,-0.001106,7.859E-4,0
1504813522639,true,615.494,0,-0.004247,-0.0044,-6.08E-4,4.714E-4,-1.023E-4,5.09E-4,-1.981E-4,7.718E-4,0.01174,-0.01437,-0.001501,4.058E-4,-5.863E-5,6.853E-4,-0.001131,7.799E-4,0
1504813522675,true,615.551,0,-0.004717,-0.004595,-6.279E-4,4.755E-4,-1.209E-4,5.064E-4,-2.201E-4,7.733E-4,0.01145,-0.01408,-0.001522,4.088E-4,-8.955E-5,6.871E-4,-0.001158,7.775E-4,0
1504813522805,true,615.596,0,-0.004749,-0.004876,-6.35E-4,4.773E-4,-1.284E-4,5.079E-4,-2.304E-4,7.767E-4,0.01166,-0.01421,-0.001533,4.119E-4,-1.081E-4,6.907E-4,-0.00118,7.818E-4,0
1504813522841,true,615.654,0,-0.00432,-0.004979,-6.392E-4,4.781E-4,-1.241E-4,5.069E-4,-2.226E-4,7.764E-4,0.01227,-0.01474,-0.001529,4.097E-4,-9.322E-5,6.904E-4,-0.001172,7.803E-4,0
1504813522877,true,615.711,0,-0.004189,-0.004806,-6.364E-4,4.764E-4,-1.176E-4,5.099E-4,-2.111E-4,7.752E-4,0.01261,-0.01505,-0.001515,4.1E-4,-7.995E-5,6.923E-4,-0.001147,7.803E-4,0
1504813522913,true,615.769,0,-0.004025,-0.004539,-6.163E-4,4.705E-4,-1.12E-4,5.134E-4,-1.95E-4,7.755E-4,0.01242,-0.0149,-0.001497,4.062E-4,-7.105E-5,6.953E-4,-0.001111,7.746E-4,0
1504813522949,true,615.826,0,-0.004212,-0.004353,-6.141E-4,4.725E-4,-1.107E-4,5.134E-4,-1.81E-4,7.752E-4,0.01213,-0.01459,-0.001474,4.037E-4,-4.788E-5,6.947E-4,-0.001091,7.73E-4,0
1504813523106,true,615.897,0,-0.004341,-0.004438,-5.93E-4,4.678E-4,-1.052E-4,5.134E-4,-1.737E-4,7.78E-4,0.01185,-0.01415,-0.001463,4.047E-4,-3.016E-5,6.935E-4,-0.001076,7.74E-4,0
1504813523142,true,615.955,0,-0.003955,-0.004521,-5.891E-4,4.671E-4,-8.803E-5,5.09E-4,-1.657E-4,7.75E-4,0.01208,-0.01422,-0.001454,4.045E-4,-1.56E-5,6.909E-4,-0.001058,7.716E-4,0
1504813523178,true,616.012,0,-0.003664,-0.004271,-5.945E-4,4.683E-4,-8.821E-5,5.069E-4,-1.709E-4,7.757E-4,0.01219,-0.01432,-0.001435,4.015E-4,-1.539E-5,6.911E-4,-0.001057,7.692E-4,0
1504813523214,true,616.07,0,-0.003559,-0.00401,-6.018E-4,4.681E-4,-9.527E-5,5.106E-4,-1.74E-4,7.755E-4,0.01193,-0.01409,-0.001424,3.975E-4,-2.827E-5,6.902E-4,-0.001067,7.701E-4,0
1504813523250,true,616.127,0,-0.003752,-0.003836,-6.007E-4,4.66E-4,-1.092E-4,5.15E-4,-1.75E-4,7.73E-4,0.01157,-0.01373,-0.001423,3.957E-4,-3.614E-5,6.898E-4,-0.001088,7.71E-4,0
1504813523381,true,616.172,0,-0.004305,-0.003799,-6.024E-4,4.639E-4,-1.239E-4,5.151E-4,-1.831E-4,7.743E-4,0.01127,-0.01343,-0.001426,3.939E-4,-4.819E-5,6.898E-4,-0.001101,7.654E-4,0
1504813523417,true,616.23,0,-0.004338,-0.004193,-6.168E-4,4.642E-4,-1.405E-4,5.155E-4,-2.026E-4,7.758E-4,0.01129,-0.01339,-0.001432,3.922E-4,-7.112E-5,6.889E-4,-0.001125,7.642E-4,0
1504813523453,true,616.287,0,-0.003964,-0.004321,-6.42E-4,4.66E-4,-1.619E-4,5.203E-4,-2.203E-4,7.786E-4,0.01176,-0.01383,-0.00144,3.905E-4,-9.311E-5,6.901E-4,-0.001154,7.642E-4,0
1504813523489,true,616.345,0,-0.003814,-0.004108,-6.544E-4,4.668E-4,-1.604E-4,5.211E-4,-2.218E-4,7.8E-4,0.01215,-0.01429,-0.001439,3.916E-4,-9.977E-5,6.942E-4,-0.001149,7.665E-4,0
1504813523525,true,616.402,0,-0.003537,-0.003977,-6.475E-4,4.678E-4,-1.621E-4,5.25E-4,-2.052E-4,7.794E-4,0.01199,-0.01406,-0.001432,3.91E-4,-9.364E-5,6.999E-4,-0.001133,7.666E-4,0
1504813523681,true,616.472,0,-0.003641,-0.00378,-6.402E-4,4.684E-4,-1.565E-4,5.276E-4,-1.834E-4,7.789E-4,0.01176,-0.01385,-0.00141,3.857E-4,-7.899E-5,7.026E-4,-0.001109,7.653E-4,0
1504813523717,true,616.53,0,-0.003782,-0.003909,-6.346E-4,4.701E-4,-1.436E-4,5.242E-4,-1.727E-4,7.802E-4,0.01161,-0.01356,-0.00139,3.828E-4,-4.369E-5,7.013E-4,-0.001085,7.672E-4,0
1504813523753,true,616.587,0,-0.00334,-0.004112,-6.276E-4,4.747E-4,-1.325E-4,5.248E-4,-1.6E-4,7.796E-4,0.01162,-0.01353,-0.001375,3.815E-4,-1.41E-5,7.034E-4,-0.001063,7.698E-4,0
1504813523789,true,616.645,0,-0.002936,-0.003986,-6.125E-4,4.722E-4,-1.182E-4,5.261E-4,-1.506E-4,7.761E-4,0.01191,-0.01387,-0.00135,3.784E-4,1.621E-5,7.033E-4,-0.001034,7.696E-4,0
1504813523825,true,616.702,0,-0.002638,-0.00371,-6.02E-4,4.693E-4,-1.058E-4,5.24E-4,-1.459E-4,7.751E-4,0.01182,-0.01388,-0.001336,3.758E-4,3.063E-5,7.066E-4,-0.001005,7.685E-4,0
1504813523956,true,616.747,0,-0.002806,-0.003533,-5.862E-4,4.681E-4,-1.039E-4,5.257E-4,-1.332E-4,7.708E-4,0.01149,-0.01363,-0.001318,3.745E-4,3.799E-5,7.093E-4,-9.87E-4,7.656E-4,0
1504813523992,true,616.805,0,-0.003469,-0.003431,-5.816E-4,4.692E-4,-1.064E-4,5.282E-4,-1.334E-4,7.73E-4,0.01123,-0.01334,-0.001306,3.717E-4,4.472E-5,7.069E-4,-9.821E-4,7.676E-4,0
1504813524028,true,616.862,0,-0.003713,-0.003795,-5.791E-4,4.709E-4,-1.14E-4,5.293E-4,-1.41E-4,7.76E-4,0.01119,-0.01318,-0.001309,3.745E-4,4.805E-5,7.077E-4,-9.972E-4,7.72E-4,0
1504813524064,true,616.92,0,-0.003522,-0.004093,-5.836E-4,4.732E-4,-1.186E-4,5.316E-4,-1.516E-4,7.774E-4,0.01154,-0.0136,-0.001307,3.736E-4,4.217E-5,7.061E-4,-0.001007,7.712E-4,0
1504813524100,true,616.977,0,-0.003315,-0.004037,-6.035E-4,4.727E-4,-1.314E-4,5.319E-4,-1.702E-4,7.797E-4,0.01203,-0.01413,-0.001303,3.726E-4,2.637E-5,7.035E-4,-0.001018,7.724E-4,0
1504813524255,true,617.047,0,-0.003204,-0.00399,-6.309E-4,4.781E-4,-1.479E-4,5.333E-4,-1.853E-4,7.82E-4,0.01216,-0.0143,-0.001316,3.743E-4,-1.997E-6,7.052E-4,-0.001045,7.761E-4,0
1504813524292,true,617.105,0,-0.003177,-0.00393,-6.306E-4,4.811E-4,-1.573E-4,5.372E-4,-1.951E-4,7.89E-4,0.01204,-0.01425,-0.001314,3.752E-4,-5.281E-6,7.114E-4,-0.001061,7.826E-4,0
1504813524328,true,617.162,0,-0.003254,-0.004001,-6.204E-4,4.811E-4,-1.525E-4,5.371E-4,-1.829E-4,7.928E-4,0.01187,-0.01408,-0.001303,3.749E-4,2.186E-5,7.104E-4,-0.001042,7.856E-4,0
1504813524364,true,617.22,0,-0.002906,-0.004262,-6.085E-4,4.837E-4,-1.374E-4,5.374E-4,-1.732E-4,7.962E-4,0.01188,-0.01404,-0.001287,3.762E-4,5.462E-5,7.112E-4,-0.001022,7.895E-4,0
1504813524400,true,617.277,0,-0.002639,-0.00412,-5.852E-4,4.818E-4,-1.143E-4,5.398E-4,-1.511E-4,7.909E-4,0.01217,-0.01434,-0.001263,3.724E-4,8.842E-5,7.098E-4,-9.926E-4,7.901E-4,0
1504813524556,true,617.347,0,-0.00244,-0.00388,-5.694E-4,4.776E-4,-9.129E-5,5.393E-4,-1.384E-4,7.871E-4,0.01225,-0.01444,-0.001242,3.724E-4,1.126E-4,7.12E-4,-9.555E-4,7.877E-4,0
1504813524592,true,617.405,0,-0.002608,-0.003682,-5.575E-4,4.78E-4,-7.269E-5,5.402E-4,-1.169E-4,7.835E-4,0.0119,-0.01406,-0.001215,3.697E-4,1.47E-4,7.109E-4,-9.184E-4,7.829E-4,0
1504813524628,true,617.462,0,-0.003148,-0.003577,-5.4E-4,4.774E-4,-5.661E-5,5.395E-4,-1.004E-4,7.828E-4,0.0116,-0.01376,-0.001193,3.663E-4,1.803E-4,7.116E-4,-8.901E-4,7.809E-4,0
1504813524664,true,617.52,0,-0.003467,-0.003831,-5.265E-4,4.768E-4,-4.598E-5,5.403E-4,-9.037E-5,7.853E-4,0.01153,-0.01372,-0.00118,3.655E-4,2.003E-4,7.11E-4,-8.785E-4,7.829E-4,0
1504813524700,true,617.577,0,-0.003309,-0.004294,-5.156E-4,4.759E-4,-3.976E-5,5.415E-4,-8.991E-5,7.875E-4,0.01175,-0.01401,-0.001168,3.648E-4,2.211E-4,7.08E-4,-8.655E-4,7.836E-4,0
1504813524831,true,617.623,0,-0.003178,-0.004448,-5.214E-4,4.766E-4,-3.14E-5,5.418E-4,-9.257E-5,7.841E-4,0.01228,-0.01463,-0.001163,3.629E-4,2.247E-4,7.073E-4,-8.552E-4,7.819E-4,0
1504813524867,true,617.681,0,-0.003355,-0.004386,-5.167E-4,4.736E-4,-3.991E-5,5.428E-4,-9.555E-5,7.842E-4,0.01248,-0.0148,-0.001163,3.625E-4,2.175E-4,7.082E-4,-8.506E-4,7.773E-4,0
1504813524903,true,617.738,0,-0.003687,-0.004212,-5.165E-4,4.74E-4,-4.508E-5,5.412E-4,-1.057E-4,7.854E-4,0.0124,-0.01473,-0.001166,3.622E-4,2.053E-4,7.099E-4,-8.563E-4,7.734E-4,0
1504813524939,true,617.796,0,-0.004122,-0.004306,-5.28E-4,4.75E-4,-6.045E-5,5.401E-4,-1.28E-4,7.879E-4,0.01204,-0.01438,-0.00117,3.614E-4,1.892E-4,7.072E-4,-8.838E-4,7.754E-4,0
1504813524975,true,617.853,0,-0.0042,-0.00453,-5.362E-4,4.751E-4,-7.943E-5,5.455E-4,-1.487E-4,7.931E-4,0.01205,-0.01436,-0.00119,3.682E-4,1.756E-4,7.051E-4,-9.076E-4,7.777E-4,0
1504813525131,true,617.922,0,-0.003753,-0.004679,-5.402E-4,4.775E-4,-7.303E-5,5.451E-4,-1.528E-4,7.933E-4,0.0123,-0.01465,-0.001193,3.734E-4,1.849E-4,7.05E-4,-9.09E-4,7.826E-4,0
1504813525167,true,617.98,0,-0.003247,-0.004679,-5.35E-4,4.78E-4,-5.854E-5,5.453E-4,-1.489E-4,7.945E-4,0.01241,-0.01476,-0.001181,3.743E-4,2.097E-4,7.042E-4,-8.874E-4,7.841E-4,0
1504813525203,true,618.037,0,-0.003113,-0.00459,-5.318E-4,4.802E-4,-4.799E-5,5.459E-4,-1.325E-4,7.923E-4,0.01221,-0.01466,-0.00116,3.726E-4,2.319E-4,7.049E-4,-8.597E-4,7.838E-4,0
1504813525239,true,618.095,0,-0.003446,-0.00452,-5.282E-4,4.857E-4,-2.954E-5,5.44E-4,-1.151E-4,7.935E-4,0.0119,-0.01437,-0.001142,3.728E-4,2.637E-4,7.033E-4,-8.219E-4,7.822E-4,0
1504813525275,true,618.152,0,-0.004106,-0.004749,-5.18E-4,4.877E-4,-1.284E-5,5.426E-4,-1.038E-4,7.914E-4,0.01178,-0.01424,-0.001123,3.724E-4,2.972E-4,7.019E-4,-7.922E-4,7.844E-4,0
1504813525406,true,618.198,0,-0.004263,-0.005127,-5.148E-4,4.896E-4,1.471E-5,5.4E-4,-9.241E-5,7.886E-4,0.01188,-0.01429,-0.001104,3.708E-4,3.222E-4,7.021E-4,-7.697E-4,7.867E-4,0
1504813525442,true,618.256,0,-0.004318,-0.005241,-5.16E-4,4.882E-4,3.099E-5,5.379E-4,-8.762E-5,7.882E-4,0.01238,-0.01487,-0.001091,3.683E-4,3.469E-4,6.999E-4,-7.511E-4,7.884E-4,0
1504813525478,true,618.313,0,-0.004337,-0.005094,-5.22E-4,4.86E-4,3.891E-5,5.379E-4,-8.531E-5,7.87E-4,0.01266,-0.01513,-0.001086,3.697E-4,3.634E-4,6.989E-4,-7.384E-4,7.862E-4,0
1504813525514,true,618.371,0,-0.004174,-0.005004,-5.221E-4,4.821E-4,3.737E-5,5.365E-4,-8.58E-5,7.88E-4,0.0125,-0.01499,-0.001085,3.693E-4,3.716E-4,6.964E-4,-7.359E-4,7.838E-4,0
1504813525550,true,618.428,0,-0.004511,-0.004927,-5.341E-4,4.831E-4,3.342E-5,5.365E-4,-8.728E-5,7.883E-4,0.01238,-0.01494,-0.001093,3.69E-4,3.652E-4,6.997E-4,-7.43E-4,7.83E-4,0
1504813525681,true,618.473,0,-0.005011,-0.005067,-5.418E-4,4.838E-4,2.526E-5,5.329E-4,-1.0E-4,7.915E-4,0.0123,-0.01481,-0.001099,3.695E-4,3.562E-4,7.01E-4,-7.565E-4,7.836E-4,0
1504813525717,true,618.531,0,-0.004767,-0.005277,-5.516E-4,4.832E-4,1.234E-5,5.338E-4,-1.174E-4,7.891E-4,0.01247,-0.01491,-0.001107,3.7E-4,3.478E-4,6.958E-4,-7.742E-4,7.827E-4,0
1504813525753,true,618.588,0,-0.00459,-0.005068,-5.728E-4,4.834E-4,5.063E-6,5.325E-4,-1.39E-4,7.882E-4,0.01276,-0.01522,-0.001115,3.67E-4,3.216E-4,6.962E-4,-7.924E-4,7.808E-4,0
1504813525789,true,618.646,0,-0.004401,-0.004858,-5.91E-4,4.848E-4,-5.149E-6,5.373E-4,-1.528E-4,7.903E-4,0.01255,-0.01505,-0.001122,3.692E-4,3.083E-4,6.994E-4,-8.003E-4,7.8E-4,0
1504813525825,true,618.703,0,-0.004597,-0.004659,-5.881E-4,4.852E-4,1.078E-6,5.356E-4,-1.494E-4,7.927E-4,0.01214,-0.01467,-0.001109,3.667E-4,3.23E-4,6.997E-4,-7.791E-4,7.761E-4,0
1504813525981,true,618.773,0,-0.005088,-0.004825,-5.906E-4,4.873E-4,8.17E-6,5.344E-4,-1.339E-4,7.893E-4,0.01177,-0.01427,-0.001101,3.66E-4,3.466E-4,6.983E-4,-7.603E-4,7.783E-4,0
1504813526017,true,618.831,0,-0.005196,-0.005121,-5.845E-4,4.877E-4,1.984E-5,5.343E-4,-1.172E-4,7.893E-4,0.01167,-0.01411,-0.001092,3.647E-4,3.695E-4,6.98E-4,-7.347E-4,7.798E-4,0
1504813526053,true,618.888,0,-0.004897,-0.005394,-5.857E-4,4.892E-4,3.156E-5,5.349E-4,-1.162E-4,7.869E-4,0.01196,-0.01449,-0.001081,3.655E-4,3.923E-4,6.948E-4,-7.065E-4,7.781E-4,0
1504813526089,true,618.946,0,-0.004793,-0.005413,-5.85E-4,4.9E-4,4.907E-5,5.317E-4,-1.099E-4,7.856E-4,0.01243,-0.01497,-0.001068,3.622E-4,4.105E-4,6.989E-4,-6.777E-4,7.765E-4,0
1504813526126,true,619.003,0,-0.004843,-0.005265,-5.859E-4,4.88E-4,5.338E-5,5.339E-4,-8.938E-5,7.808E-4,0.01246,-0.01502,-0.001054,3.587E-4,4.313E-4,6.969E-4,-6.519E-4,7.721E-4,0
1504813526281,true,619.072,0,-0.004993,-0.005161,-5.848E-4,4.882E-4,5.12E-5,5.341E-4,-8.169E-5,7.806E-4,0.01248,-0.01499,-0.001043,3.543E-4,4.573E-4,6.898E-4,-6.383E-4,7.706E-4,0
1504813526317,true,619.13,0,-0.005223,-0.005254,-5.943E-4,4.886E-4,5.01E-5,5.305E-4,-8.939E-5,7.809E-4,0.01233,-0.01485,-0.001046,3.553E-4,4.589E-4,6.882E-4,-6.402E-4,7.675E-4,0
1504813526353,true,619.187,0,-0.00494,-0.005433,-6.065E-4,4.901E-4,5.358E-5,5.281E-4,-9.829E-5,7.797E-4,0.01226,-0.01481,-0.001053,3.545E-4,4.495E-4,6.876E-4,-6.52E-4,7.689E-4,0
1504813526389,true,619.245,0,-0.004502,-0.005356,-6.265E-4,4.918E-4,4.042E-5,5.311E-4,-1.235E-4,7.801E-4,0.0125,-0.01509,-0.001057,3.518E-4,4.453E-4,6.854E-4,-6.569E-4,7.667E-4,0
1504813526425,true,619.302,0,-0.00419,-0.005127,-6.475E-4,4.925E-4,2.981E-5,5.287E-4,-1.401E-4,7.795E-4,0.01233,-0.01497,-0.001058,3.48E-4,4.289E-4,6.857E-4,-6.753E-4,7.644E-4,0
1504813526556,true,619.348,0,-0.004081,-0.004977,-6.652E-4,4.951E-4,1.215E-5,5.311E-4,-1.563E-4,7.788E-4,0.01182,-0.01452,-0.001067,3.445E-4,3.996E-4,6.88E-4,-7.015E-4,7.664E-4,0
1504813526592,true,619.406,0,-0.004442,-0.004942,-6.731E-4,4.966E-4,-2.809E-6,5.327E-4,-1.717E-4,7.812E-4,0.01129,-0.01403,-0.001073,3.442E-4,3.803E-4,6.965E-4,-7.249E-4,7.679E-4,0
1504813526628,true,619.463,0,-0.004787,-0.005185,-6.708E-4,4.961E-4,8.36E-6,5.279E-4,-1.652E-4,7.809E-4,0.01132,-0.01391,-0.001074,3.454E-4,3.927E-4,6.961E-4,-7.217E-4,7.715E-4,0
1504813526664,true,619.521,0,-0.004393,-0.005557,-6.764E-4,4.977E-4,2.638E-5,5.267E-4,-1.657E-4,7.83E-4,0.01155,-0.01417,-0.001076,3.488E-4,4.084E-4,6.977E-4,-7.071E-4,7.748E-4,0
1504813526700,true,619.578,0,-0.004372,-0.005428,-6.745E-4,4.962E-4,4.057E-5,5.273E-4,-1.519E-4,7.781E-4,0.01192,-0.01459,-0.001067,3.492E-4,4.262E-4,6.955E-4,-6.872E-4,7.737E-4,0
1504813526856,true,619.647,0,-0.004254,-0.005247,-6.764E-4,4.939E-4,5.023E-5,5.284E-4,-1.411E-4,7.802E-4,0.01202,-0.01472,-0.00105,3.451E-4,4.39E-4,6.948E-4,-6.661E-4,7.754E-4,0
1504813526892,true,619.705,0,-0.004361,-0.004973,-6.721E-4,4.929E-4,5.591E-5,5.282E-4,-1.34E-4,7.809E-4,0.01186,-0.01453,-0.00104,3.431E-4,4.64E-4,6.943E-4,-6.499E-4,7.745E-4,0
1504813526928,true,619.762,0,-0.004539,-0.005025,-6.621E-4,4.882E-4,6.26E-5,5.252E-4,-1.26E-4,7.796E-4,0.01167,-0.01432,-0.001035,3.428E-4,4.805E-4,6.957E-4,-6.412E-4,7.761E-4,0
1504813526964,true,619.82,0,-0.004362,-0.005127,-6.582E-4,4.881E-4,6.65E-5,5.259E-4,-1.224E-4,7.796E-4,0.01165,-0.01415,-0.001038,3.419E-4,4.936E-4,6.912E-4,-6.286E-4,7.748E-4,0
1504813527000,true,619.877,0,-0.003921,-0.005102,-6.633E-4,4.896E-4,6.907E-5,5.237E-4,-1.335E-4,7.794E-4,0.01197,-0.01446,-0.001037,3.381E-4,5.001E-4,6.889E-4,-6.236E-4,7.742E-4,0
1504813527131,true,619.923,0,-0.003562,-0.004848,-6.678E-4,4.864E-4,6.95E-5,5.235E-4,-1.536E-4,7.795E-4,0.01211,-0.01453,-0.001035,3.347E-4,4.842E-4,6.912E-4,-6.258E-4,7.733E-4,0
1504813527167,true,619.981,0,-0.003554,-0.004631,-6.77E-4,4.866E-4,6.781E-5,5.225E-4,-1.614E-4,7.791E-4,0.01195,-0.01432,-0.001045,3.341E-4,4.782E-4,6.898E-4,-6.344E-4,7.684E-4,0
1504813527203,true,620.038,0,-0.003879,-0.004526,-6.776E-4,4.853E-4,4.251E-5,5.252E-4,-1.823E-4,7.817E-4,0.01171,-0.01407,-0.001054,3.335E-4,4.602E-4,6.916E-4,-6.548E-4,7.673E-4,0
1504813527239,true,620.096,0,-0.004436,-0.004652,-6.984E-4,4.901E-4,2.535E-5,5.262E-4,-2.008E-4,7.831E-4,0.01162,-0.01392,-0.001074,3.384E-4,4.372E-4,6.918E-4,-6.825E-4,7.702E-4,0
1504813527275,true,620.153,0,-0.004491,-0.004893,-7.068E-4,4.915E-4,1.621E-5,5.304E-4,-2.217E-4,7.87E-4,0.01179,-0.01413,-0.001089,3.428E-4,4.272E-4,6.953E-4,-7.029E-4,7.762E-4,0
1504813527431,true,620.224,0,-0.00441,-0.004989,-7.196E-4,4.94E-4,2.616E-5,5.292E-4,-2.242E-4,7.855E-4,0.01222,-0.01454,-0.001092,3.469E-4,4.384E-4,6.995E-4,-6.992E-4,7.809E-4,0
1504813527467,true,620.282,0,-0.004402,-0.004927,-7.168E-4,4.949E-4,3.82E-5,5.31E-4,-2.16E-4,7.867E-4,0.01232,-0.01468,-0.001085,3.471E-4,4.493E-4,7.034E-4,-6.818E-4,7.836E-4,0
1504813527503,true,620.339,0,-0.004565,-0.004739,-7.053E-4,4.933E-4,5.151E-5,5.296E-4,-2.086E-4,7.917E-4,0.0121,-0.0144,-0.001071,3.465E-4,4.695E-4,7.03E-4,-6.581E-4,7.831E-4,0
1504813527539,true,620.397,0,-0.004949,-0.004619,-6.907E-4,4.903E-4,5.605E-5,5.284E-4,-1.975E-4,7.948E-4,0.01203,-0.01434,-0.001055,3.432E-4,4.842E-4,7.057E-4,-6.525E-4,7.887E-4,0
1504813527575,true,620.454,0,-0.005176,-0.004691,-6.818E-4,4.895E-4,7.104E-5,5.272E-4,-1.908E-4,7.955E-4,0.01203,-0.01428,-0.001045,3.453E-4,4.977E-4,7.098E-4,-6.312E-4,7.912E-4,0
1504813527705,true,620.498,0,-0.004918,-0.004719,-6.79E-4,4.911E-4,8.19E-5,5.292E-4,-1.911E-4,7.937E-4,0.01247,-0.01475,-0.001037,3.45E-4,5.182E-4,7.052E-4,-6.135E-4,7.929E-4,0
1504813527741,true,620.556,0,-0.004655,-0.00454,-6.718E-4,4.925E-4,9.626E-5,5.278E-4,-1.85E-4,7.906E-4,0.01256,-0.01479,-0.001027,3.446E-4,5.293E-4,7.046E-4,-5.986E-4,7.92E-4,0
1504813527777,true,620.613,0,-0.004717,-0.00432,-6.698E-4,4.936E-4,9.5E-5,5.296E-4,-1.746E-4,7.875E-4,0.01234,-0.01462,-0.001028,3.445E-4,5.375E-4,7.053E-4,-5.95E-4,7.923E-4,0
1504813527814,true,620.671,0,-0.005267,-0.004121,-6.682E-4,4.943E-4,9.463E-5,5.276E-4,-1.748E-4,7.893E-4,0.01192,-0.01424,-0.001031,3.432E-4,5.347E-4,7.072E-4,-5.952E-4,7.915E-4,0
1504813527850,true,620.728,0,-0.005854,-0.004316,-6.665E-4,4.932E-4,8.989E-5,5.244E-4,-1.752E-4,7.896E-4,0.01184,-0.01408,-0.001041,3.445E-4,5.383E-4,7.069E-4,-5.999E-4,7.927E-4,0
1504813528005,true,620.798,0,-0.005952,-0.00462,-6.77E-4,4.928E-4,7.977E-5,5.239E-4,-1.884E-4,7.909E-4,0.01216,-0.01433,-0.001055,3.465E-4,5.358E-4,7.057E-4,-6.229E-4,7.977E-4,0
1504813528041,true,620.856,0,-0.005773,-0.004728,-6.969E-4,4.935E-4,6.754E-5,5.27E-4,-2.069E-4,7.901E-4,0.0126,-0.01484,-0.001067,3.483E-4,5.159E-4,7.066E-4,-6.512E-4,7.992E-4,0
1504813528077,true,620.913,0,-0.005599,-0.004615,-7.114E-4,4.944E-4,5.051E-5,5.332E-4,-2.164E-4,7.925E-4,0.01293,-0.01529,-0.001079,3.522E-4,4.906E-4,7.143E-4,-6.768E-4,8.015E-4,0
1504813528114,true,620.971,0,-0.005522,-0.004536,-7.067E-4,4.944E-4,5.037E-5,5.369E-4,-2.029E-4,7.947E-4,0.01293,-0.01529,-0.001079,3.527E-4,4.856E-4,7.207E-4,-6.617E-4,7.979E-4,0
1504813528150,true,621.028,0,-0.005867,-0.004391,-7.045E-4,4.98E-4,6.532E-5,5.396E-4,-1.927E-4,8.002E-4,0.01296,-0.01531,-0.001068,3.519E-4,4.963E-4,7.25E-4,-6.419E-4,8.017E-4,0
1504813528281,true,621.073,0,-0.006153,-0.004553,-6.878E-4,4.993E-4,7.401E-5,5.377E-4,-1.706E-4,7.983E-4,0.01274,-0.01496,-0.001055,3.514E-4,5.274E-4,7.248E-4,-6.24E-4,8.055E-4,0
1504813528317,true,621.131,0,-0.005989,-0.004732,-6.797E-4,5.036E-4,8.891E-5,5.386E-4,-1.532E-4,7.944E-4,0.01302,-0.01518,-0.001037,3.494E-4,5.504E-4,7.252E-4,-6.048E-4,8.093E-4,0
1504813528353,true,621.188,0,-0.0057,-0.004623,-6.607E-4,5.049E-4,9.96E-5,5.408E-4,-1.495E-4,7.933E-4,0.01329,-0.01548,-0.001019,3.474E-4,5.777E-4,7.247E-4,-5.726E-4,8.08E-4,0
1504813528389,true,621.246,0,-0.005844,-0.004313,-6.434E-4,5.03E-4,1.222E-4,5.424E-4,-1.344E-4,7.937E-4,0.01325,-0.0155,-0.001,3.452E-4,6.033E-4,7.219E-4,-5.424E-4,8.064E-4,0
1504813528425,true,621.303,0,-0.006188,-0.004033,-6.205E-4,4.998E-4,1.265E-4,5.435E-4,-1.218E-4,7.923E-4,0.0128,-0.01503,-9.864E-4,3.428E-4,6.237E-4,7.207E-4,-5.209E-4,8.062E-4,0
1504813528581,true,621.374,0,-0.006822,-0.004042,-6.023E-4,4.982E-4,1.338E-4,5.433E-4,-1.057E-4,7.903E-4,0.01262,-0.01482,-9.765E-4,3.389E-4,6.391E-4,7.202E-4,-5.049E-4,8.047E-4,0
1504813528617,true,621.432,0,-0.007019,-0.004381,-5.882E-4,4.982E-4,1.351E-4,5.43E-4,-1.083E-4,7.923E-4,0.01252,-0.01459,-9.76E-4,3.421E-4,6.458E-4,7.185E-4,-4.943E-4,8.031E-4,0
1504813528653,true,621.489,0,-0.006939,-0.004484,-5.903E-4,4.98E-4,1.436E-4,5.418E-4,-1.179E-4,7.935E-4,0.01283,-0.01496,-9.727E-4,3.413E-4,6.461E-4,7.156E-4,-4.912E-4,8.007E-4,0
1504813528690,true,621.547,0,-0.006698,-0.004477,-6.006E-4,5.003E-4,1.457E-4,5.418E-4,-1.144E-4,7.892E-4,0.01321,-0.01535,-9.771E-4,3.428E-4,6.339E-4,7.177E-4,-4.938E-4,7.964E-4,0
1504813528726,true,621.604,0,-0.006501,-0.004437,-6.028E-4,5.012E-4,1.363E-4,5.428E-4,-1.186E-4,7.889E-4,0.01326,-0.0154,-9.873E-4,3.446E-4,6.051E-4,7.208E-4,-5.109E-4,7.958E-4,0
1504813528882,true,621.674,0,-0.00669,-0.00428,-6.07E-4,5.045E-4,1.198E-4,5.426E-4,-1.251E-4,7.906E-4,0.01294,-0.01504,-0.001,3.452E-4,5.664E-4,7.294E-4,-5.326E-4,7.955E-4,0
1504813528918,true,621.732,0,-0.006742,-0.004483,-5.937E-4,5.03E-4,1.116E-4,5.456E-4,-1.231E-4,7.918E-4,0.01288,-0.01483,-0.001002,3.442E-4,5.594E-4,7.295E-4,-5.539E-4,8.012E-4,0
1504813528954,true,621.789,0,-0.006435,-0.004625,-5.799E-4,5.028E-4,1.227E-4,5.456E-4,-1.187E-4,7.926E-4,0.01294,-0.01482,-9.967E-4,3.452E-4,5.785E-4,7.275E-4,-5.543E-4,8.057E-4,0
1504813528990,true,621.847,0,-0.006094,-0.004264,-5.553E-4,5.013E-4,1.443E-4,5.439E-4,-1.14E-4,7.935E-4,0.0131,-0.01502,-9.927E-4,3.49E-4,5.871E-4,7.34E-4,-5.33E-4,8.072E-4,0
1504813529026,true,621.904,0,-0.005645,-0.004002,-5.391E-4,5.021E-4,1.576E-4,5.469E-4,-9.14E-5,7.899E-4,0.01284,-0.01483,-9.686E-4,3.472E-4,6.136E-4,7.321E-4,-5.103E-4,8.087E-4,0
1504813529156,true,621.948,0,-0.005616,-0.003762,-5.092E-4,4.995E-4,1.818E-4,5.457E-4,-7.111E-5,7.91E-4,0.01222,-0.01412,-9.548E-4,3.454E-4,6.324E-4,7.316E-4,-4.975E-4,8.093E-4,0
1504813529192,true,622.006,0,-0.005798,-0.003739,-4.839E-4,4.988E-4,1.932E-4,5.481E-4,-5.762E-5,7.912E-4,0.01184,-0.01371,-9.347E-4,3.437E-4,6.538E-4,7.288E-4,-4.78E-4,8.096E-4,0
1504813529228,true,622.063,0,-0.006015,-0.003961,-4.616E-4,4.962E-4,2.194E-4,5.449E-4,-5.345E-5,7.958E-4,0.01169,-0.01341,-9.312E-4,3.441E-4,6.812E-4,7.27E-4,-4.692E-4,8.112E-4,0
1504813529264,true,622.121,0,-0.005858,-0.004122,-4.609E-4,4.988E-4,2.312E-4,5.446E-4,-5.278E-5,7.954E-4,0.01185,-0.01347,-9.251E-4,3.422E-4,6.819E-4,7.256E-4,-4.539E-4,8.073E-4,0
1504813529300,true,622.178,0,-0.005249,-0.004088,-4.54E-4,4.971E-4,2.353E-4,5.469E-4,-6.354E-5,7.982E-4,0.01227,-0.01389,-9.225E-4,3.418E-4,6.914E-4,7.21E-4,-4.452E-4,8.034E-4,0
1504813529431,true,622.224,0,-0.005129,-0.003911,-4.513E-4,4.961E-4,2.384E-4,5.484E-4,-6.038E-5,7.953E-4,0.01244,-0.01403,-9.237E-4,3.403E-4,6.792E-4,7.261E-4,-4.387E-4,7.957E-4,0
1504813529467,true,622.282,0,-0.005119,-0.003601,-4.463E-4,4.939E-4,2.306E-4,5.465E-4,-6.107E-5,7.942E-4,0.01218,-0.01373,-9.303E-4,3.411E-4,6.588E-4,7.254E-4,-4.47E-4,7.936E-4,0
1504813529503,true,622.339,0,-0.005093,-0.003675,-4.408E-4,4.914E-4,2.109E-4,5.459E-4,-7.006E-5,7.936E-4,0.01203,-0.01351,-9.371E-4,3.399E-4,6.451E-4,7.266E-4,-4.621E-4,7.925E-4,0
1504813529539,true,622.397,0,-0.004722,-0.003925,-4.363E-4,4.888E-4,1.921E-4,5.494E-4,-8.6E-5,7.963E-4,0.01182,-0.0132,-9.609E-4,3.441E-4,6.228E-4,7.248E-4,-4.978E-4,7.952E-4,0
1504813529575,true,622.454,0,-0.004271,-0.003746,-4.437E-4,4.919E-4,1.862E-4,5.562E-4,-9.104E-5,7.967E-4,0.01205,-0.01339,-9.686E-4,3.451E-4,6.182E-4,7.224E-4,-5.048E-4,7.97E-4,0
1504813529732,true,622.524,0,-0.003932,-0.003446,-4.317E-4,4.912E-4,2.027E-4,5.545E-4,-7.586E-5,7.94E-4,0.01192,-0.01324,-9.609E-4,3.448E-4,6.225E-4,7.204E-4,-5.063E-4,7.994E-4,0
1504813529768,true,622.582,0,-0.003586,-0.003201,-4.163E-4,4.909E-4,2.117E-4,5.563E-4,-7.152E-5,7.987E-4,0.01149,-0.01272,-9.541E-4,3.444E-4,6.349E-4,7.199E-4,-4.984E-4,7.991E-4,0
1504813529804,true,622.639,0,-0.003733,-0.003018,-3.948E-4,4.89E-4,2.278E-4,5.555E-4,-5.148E-5,7.969E-4,0.011,-0.01227,-9.335E-4,3.394E-4,6.56E-4,7.21E-4,-4.776E-4,7.979E-4,0
1504813529840,true,622.697,0,-0.004055,-0.003156,-3.793E-4,4.881E-4,2.465E-4,5.535E-4,-3.848E-5,7.984E-4,0.01074,-0.01187,-9.234E-4,3.378E-4,6.71E-4,7.195E-4,-4.712E-4,8.007E-4,0
1504813529876,true,622.754,0,-0.003721,-0.003417,-3.6E-4,4.86E-4,2.744E-4,5.538E-4,-2.996E-5,7.998E-4,0.01091,-0.01202,-9.235E-4,3.41E-4,6.975E-4,7.155E-4,-4.51E-4,8.015E-4,0
