1520868405447,true,1484.818,0,0.01513,0.008041,0.001911,3.75E-4,0.004029,0.00198,0.003524,8.162E-4,0.01193,0.01704,0.002967,5.936E-4,0.002613,8.106E-4,0.005777,0.001769,1
1520868405482,true,1484.876,0,0.01456,0.00797,0.001932,3.773E-4,0.004048,0.001981,0.003524,8.226E-4,0.01159,0.01753,0.002982,5.949E-4,0.00263,8.082E-4,0.005766,0.001773,1
1520868405517,true,1484.933,0,0.01471,0.007632,0.001944,3.801E-4,0.004066,0.001983,0.003532,8.24E-4,0.01178,0.01739,0.002983,6.001E-4,0.002646,8.041E-4,0.005749,0.001778,1
1520868405654,true,1484.979,0,0.01504,0.007614,0.001953,3.828E-4,0.004084,0.001983,0.003531,8.251E-4,0.01237,0.01688,0.002983,6.052E-4,0.00265,8.026E-4,0.005747,0.00178,1
1520868405688,true,1485.037,0,0.01512,0.007785,0.001958,3.832E-4,0.004091,0.001986,0.003537,8.281E-4,0.01237,0.01671,0.002984,6.06E-4,0.002646,8.034E-4,0.005757,0.001779,1
1520868405723,true,1485.094,0,0.01505,0.007874,0.001958,3.884E-4,0.004081,0.001992,0.003538,8.319E-4,0.0119,0.01695,0.002984,6.094E-4,0.002632,8.078E-4,0.005757,0.001777,1
1520868405758,true,1485.152,0,0.01439,0.007869,0.001963,3.956E-4,0.004087,0.001995,0.003537,8.4E-4,0.01155,0.0172,0.002992,6.127E-4,0.002629,8.114E-4,0.00575,0.00178,1
1520868405793,true,1485.209,0,0.01406,0.007519,0.001985,4.01E-4,0.004112,0.001996,0.003544,8.442E-4,0.01169,0.01723,0.003007,6.174E-4,0.002638,8.131E-4,0.00573,0.00179,1
1520868405953,true,1485.28,0,0.01468,0.007311,0.002011,4.06E-4,0.004141,0.002,0.003549,8.478E-4,0.01245,0.01672,0.003025,6.216E-4,0.002655,8.13E-4,0.005727,0.001798,1
1520868405988,true,1485.338,0,0.01539,0.007444,0.002039,4.099E-4,0.004168,0.002006,0.00356,8.499E-4,0.01312,0.01621,0.003052,6.234E-4,0.002661,8.164E-4,0.005745,0.001797,1
1520868406023,true,1485.395,0,0.016,0.007645,0.002067,4.145E-4,0.004194,0.00201,0.00357,8.579E-4,0.01289,0.01636,0.00308,6.259E-4,0.002669,8.205E-4,0.005759,0.001794,1
1520868406058,true,1485.453,0,0.01586,0.007958,0.002101,4.201E-4,0.004218,0.002013,0.00359,8.612E-4,0.01228,0.0168,0.003112,6.261E-4,0.002687,8.205E-4,0.00577,0.001791,1
1520868406093,true,1485.51,0,0.01538,0.007915,0.002142,4.238E-4,0.004247,0.002018,0.003609,8.658E-4,0.01199,0.01724,0.003134,6.3E-4,0.002713,8.205E-4,0.005757,0.0018,1
1520868406253,true,1485.579,0,0.01525,0.007651,0.002175,4.284E-4,0.004289,0.002021,0.003622,8.691E-4,0.01202,0.01734,0.003154,6.343E-4,0.002738,8.18E-4,0.005749,0.001806,1
1520868406288,true,1485.637,0,0.01568,0.007578,0.002196,4.331E-4,0.004319,0.002025,0.003638,8.7E-4,0.01245,0.01683,0.003174,6.375E-4,0.002759,8.146E-4,0.005763,0.001806,1
1520868406323,true,1485.694,0,0.01579,0.007756,0.002226,4.332E-4,0.004355,0.002025,0.003664,8.649E-4,0.01265,0.01654,0.003195,6.41E-4,0.002765,8.201E-4,0.005774,0.001807,1
1520868406358,true,1485.752,0,0.01612,0.00784,0.002243,4.357E-4,0.004363,0.002031,0.003683,8.73E-4,0.01215,0.01673,0.003213,6.44E-4,0.002765,8.23E-4,0.005786,0.001805,1
1520868406393,true,1485.809,0,0.01563,0.007932,0.002257,4.429E-4,0.004365,0.002039,0.003696,8.804E-4,0.01186,0.01689,0.003225,6.487E-4,0.002769,8.303E-4,0.005787,0.001806,1
1520868406528,true,1485.855,0,0.01514,0.007689,0.002278,4.514E-4,0.004393,0.002043,0.003717,8.887E-4,0.01199,0.01702,0.003243,6.54E-4,0.002786,8.322E-4,0.005779,0.001812,1
1520868406563,true,1485.913,0,0.01531,0.007501,0.002313,4.587E-4,0.004443,0.002045,0.003741,8.929E-4,0.01265,0.0166,0.003266,6.6E-4,0.002812,8.32E-4,0.005785,0.00182,1
1520868406598,true,1485.97,0,0.01601,0.007602,0.002348,4.665E-4,0.004491,0.00205,0.003772,8.918E-4,0.01344,0.01603,0.003304,6.642E-4,0.002829,8.375E-4,0.005808,0.001819,1
1520868406633,true,1486.028,0,0.01667,0.007883,0.00239,4.719E-4,0.004541,0.002053,0.00381,8.94E-4,0.0133,0.01618,0.003349,6.674E-4,0.002846,8.417E-4,0.005832,0.001818,1
1520868406668,true,1486.085,0,0.01665,0.008261,0.002438,4.794E-4,0.004582,0.002058,0.003842,9.032E-4,0.01265,0.01673,0.00339,6.717E-4,0.002865,8.481E-4,0.005854,0.001814,1
1520868406803,true,1486.129,0,0.01594,0.008404,0.002482,4.876E-4,0.004622,0.002065,0.003878,9.105E-4,0.01216,0.0173,0.00343,6.767E-4,0.002897,8.521E-4,0.005865,0.001819,1
1520868406838,true,1486.187,0,0.01574,0.008088,0.002526,4.962E-4,0.004668,0.002071,0.003917,9.158E-4,0.01214,0.01755,0.003461,6.828E-4,0.002932,8.532E-4,0.005878,0.001824,1
1520868406873,true,1486.244,0,0.01602,0.007943,0.002568,5.008E-4,0.004713,0.002077,0.003957,9.144E-4,0.01263,0.01719,0.003492,6.881E-4,0.00297,8.535E-4,0.005895,0.001828,1
1520868406908,true,1486.302,0,0.01634,0.008024,0.002606,5.059E-4,0.004754,0.002086,0.003993,9.139E-4,0.01312,0.01666,0.003521,6.935E-4,0.002987,8.61E-4,0.005925,0.001825,1
1520868406943,true,1486.359,0,0.01664,0.008134,0.002636,5.097E-4,0.004785,0.002093,0.004027,9.177E-4,0.01287,0.01679,0.003547,6.963E-4,0.002998,8.675E-4,0.005955,0.001821,1
1520868407102,true,1486.429,0,0.0163,0.008338,0.002667,5.141E-4,0.004802,0.002099,0.004059,9.205E-4,0.01235,0.01716,0.00357,6.97E-4,0.003016,8.72E-4,0.005965,0.001823,1
1520868407137,true,1486.487,0,0.0157,0.0082,0.002692,5.218E-4,0.004819,0.002107,0.004076,9.318E-4,0.01233,0.01747,0.00359,7.01E-4,0.003035,8.77E-4,0.005958,0.001834,1
1520868407172,true,1486.544,0,0.01583,0.00793,0.002724,5.322E-4,0.00485,0.002114,0.004104,9.409E-4,0.01278,0.01732,0.003616,7.071E-4,0.00306,8.801E-4,0.005959,0.001845,1
1520868407207,true,1486.602,0,0.01665,0.008054,0.002767,5.4E-4,0.004895,0.002123,0.004132,9.445E-4,0.01344,0.01682,0.003651,7.127E-4,0.003088,8.841E-4,0.005975,0.001851,1
1520868407242,true,1486.659,0,0.0171,0.008418,0.002817,5.481E-4,0.00494,0.002133,0.004169,9.479E-4,0.01351,0.01678,0.003697,7.176E-4,0.003109,8.921E-4,0.006008,0.001851,1
1520868407377,true,1486.703,0,0.01737,0.008735,0.00287,5.553E-4,0.004987,0.002141,0.004211,9.556E-4,0.01289,0.01736,0.003745,7.206E-4,0.003142,8.989E-4,0.006055,0.001845,1
1520868407412,true,1486.761,0,0.01687,0.008969,0.002918,5.667E-4,0.005029,0.002151,0.004262,9.605E-4,0.01228,0.01803,0.003783,7.267E-4,0.003169,9.071E-4,0.006082,0.001847,1
1520868407447,true,1486.818,0,0.01643,0.008779,0.002976,5.73E-4,0.005089,0.002157,0.004303,9.667E-4,0.01218,0.0184,0.003823,7.331E-4,0.003218,9.075E-4,0.006097,0.001854,1
1520868407481,true,1486.876,0,0.01662,0.008605,0.003031,5.78E-4,0.005152,0.00216,0.004338,9.721E-4,0.01251,0.01823,0.003864,7.38E-4,0.003253,9.097E-4,0.006141,0.001853,1
1520868407516,true,1486.933,0,0.01711,0.008647,0.003072,5.843E-4,0.005201,0.00217,0.004374,9.75E-4,0.01308,0.01778,0.003902,7.418E-4,0.00328,9.156E-4,0.006173,0.001855,1
1520868407677,true,1487.004,0,0.0174,0.008833,0.003115,5.888E-4,0.00524,0.002178,0.004427,9.768E-4,0.01309,0.0178,0.003935,7.455E-4,0.003306,9.212E-4,0.006212,0.001853,1
1520868407712,true,1487.062,0,0.01744,0.009072,0.003156,5.94E-4,0.005271,0.002186,0.004459,9.845E-4,0.0126,0.01824,0.003963,7.482E-4,0.003322,9.301E-4,0.006235,0.001854,1
1520868407746,true,1487.119,0,0.01702,0.009011,0.003187,5.989E-4,0.005296,0.00219,0.004478,9.968E-4,0.0125,0.01853,0.003979,7.532E-4,0.003349,9.319E-4,0.00625,0.001858,1
1520868407782,true,1487.177,0,0.01683,0.008806,0.003208,6.069E-4,0.005316,0.002196,0.004497,0.001006,0.0128,0.01857,0.003995,7.569E-4,0.003378,9.28E-4,0.006252,0.001869,1
1520868407817,true,1487.234,0,0.01749,0.008763,0.00323,6.163E-4,0.005335,0.002207,0.004509,0.001012,0.0134,0.01819,0.004011,7.655E-4,0.003405,9.302E-4,0.00626,0.001876,1
1520868407953,true,1487.28,0,0.01798,0.009182,0.00326,6.258E-4,0.005376,0.002216,0.004535,0.001012,0.01374,0.01798,0.004041,7.742E-4,0.003426,9.365E-4,0.006277,0.001879,1
1520868407988,true,1487.338,0,0.01874,0.009415,0.003307,6.328E-4,0.00541,0.002227,0.004566,0.001018,0.01311,0.01856,0.004081,7.78E-4,0.003444,9.443E-4,0.006313,0.001876,1
1520868408023,true,1487.395,0,0.01842,0.009713,0.003355,6.421E-4,0.005445,0.002236,0.004597,0.001029,0.01241,0.01928,0.004118,7.839E-4,0.003487,9.47E-4,0.00634,0.001879,1
1520868408058,true,1487.453,0,0.01788,0.009553,0.003408,6.5E-4,0.005487,0.002244,0.004634,0.001039,0.01222,0.0198,0.004153,7.905E-4,0.003529,9.488E-4,0.006349,0.001889,1
1520868408093,true,1487.51,0,0.01807,0.00918,0.003457,6.59E-4,0.00554,0.002253,0.004671,0.001041,0.01242,0.01982,0.004187,7.983E-4,0.003581,9.462E-4,0.006386,0.001892,1
1520868408252,true,1487.579,0,0.01839,0.009239,0.003504,6.66E-4,0.005581,0.002263,0.004701,0.001044,0.01303,0.01935,0.004227,8.027E-4,0.003621,9.488E-4,0.006422,0.001896,1
1520868408287,true,1487.637,0,0.01881,0.009373,0.003552,6.712E-4,0.005629,0.002269,0.004751,0.001042,0.01322,0.0192,0.004263,8.06E-4,0.003644,9.554E-4,0.006465,0.001891,1
1520868408322,true,1487.694,0,0.01892,0.009543,0.003592,6.78E-4,0.005659,0.002277,0.004778,0.001053,0.01284,0.01949,0.004293,8.081E-4,0.003675,9.571E-4,0.006496,0.00189,1
1520868408357,true,1487.752,0,0.01844,0.009553,0.003627,6.853E-4,0.005679,0.002281,0.004814,0.001058,0.01258,0.01984,0.004318,8.097E-4,0.003705,9.599E-4,0.006504,0.001896,1
1520868408392,true,1487.809,0,0.01844,0.009193,0.003653,6.905E-4,0.005695,0.002286,0.004847,0.001059,0.01275,0.02005,0.004334,8.134E-4,0.003732,9.597E-4,0.00651,0.001902,1
1520868408528,true,1487.853,0,0.01912,0.009037,0.003672,6.96E-4,0.005713,0.002291,0.004853,0.001065,0.01337,0.01966,0.004352,8.136E-4,0.003761,9.554E-4,0.006513,0.001909,1
1520868408562,true,1487.911,0,0.01969,0.009341,0.00368,7.032E-4,0.005722,0.002297,0.004859,0.001067,0.01381,0.01934,0.004362,8.174E-4,0.003776,9.587E-4,0.006527,0.001913,1
1520868408597,true,1487.968,0,0.02032,0.009628,0.0037,7.111E-4,0.005733,0.002306,0.004873,0.001069,0.01335,0.01972,0.004383,8.202E-4,0.003791,9.621E-4,0.006549,0.001909,1
1520868408632,true,1488.026,0,0.02027,0.009937,0.003741,7.17E-4,0.005761,0.002311,0.004887,0.001078,0.01271,0.02033,0.004413,8.227E-4,0.003817,9.668E-4,0.006575,0.001907,1
1520868408667,true,1488.083,0,0.01954,0.009905,0.003773,7.257E-4,0.005783,0.002314,0.004905,0.001087,0.01232,0.02091,0.004441,8.265E-4,0.00385,9.71E-4,0.006578,0.001915,1
1520868408827,true,1488.154,0,0.01961,0.00956,0.003812,7.334E-4,0.005819,0.002316,0.004924,0.001095,0.01236,0.02102,0.004466,8.304E-4,0.003893,9.706E-4,0.006591,0.00192,1
1520868408862,true,1488.212,0,0.02002,0.009435,0.003847,7.412E-4,0.005857,0.002322,0.004945,0.001093,0.01295,0.02056,0.004492,8.339E-4,0.003922,9.726E-4,0.006628,0.001918,1
1520868408897,true,1488.269,0,0.02023,0.009573,0.003883,7.468E-4,0.005894,0.002326,0.004977,0.001094,0.01333,0.02016,0.004518,8.374E-4,0.003943,9.792E-4,0.006653,0.001918,1
1520868408932,true,1488.327,0,0.02047,0.0097,0.003915,7.518E-4,0.005919,0.002332,0.005013,0.001098,0.013,0.02036,0.004555,8.367E-4,0.003955,9.868E-4,0.006685,0.001915,1
1520868408967,true,1488.384,0,0.0198,0.009838,0.003949,7.567E-4,0.00593,0.002338,0.005032,0.00111,0.01275,0.02059,0.004582,8.366E-4,0.003974,9.913E-4,0.006696,0.001915,1
1520868409127,true,1488.454,0,0.01941,0.009617,0.003979,7.597E-4,0.005945,0.002339,0.005044,0.001118,0.01266,0.02092,0.004593,8.377E-4,0.003997,9.906E-4,0.006698,0.00192,1
1520868409163,true,1488.512,0,0.01976,0.00936,0.004,7.62E-4,0.00596,0.002341,0.005038,0.001125,0.01324,0.02056,0.004601,8.374E-4,0.004017,9.898E-4,0.006697,0.001928,1
1520868409197,true,1488.569,0,0.0204,0.009549,0.004007,7.639E-4,0.005973,0.002343,0.005046,0.001124,0.0138,0.02011,0.004607,8.363E-4,0.004024,9.914E-4,0.006707,0.001928,1
1520868409232,true,1488.627,0,0.02079,0.009833,0.004013,7.656E-4,0.00598,0.002344,0.00505,0.001119,0.01354,0.02027,0.004605,8.342E-4,0.004017,9.943E-4,0.006711,0.001923,1
1520868409267,true,1488.684,0,0.02085,0.01006,0.004017,7.707E-4,0.005965,0.00235,0.005058,0.001123,0.01266,0.02087,0.004603,8.345E-4,0.00401,9.996E-4,0.006714,0.001918,1
1520868409403,true,1488.729,0,0.02024,0.01009,0.004039,7.738E-4,0.00597,0.002352,0.005057,0.00113,0.01236,0.02128,0.004609,8.366E-4,0.004029,9.988E-4,0.006699,0.001923,1
1520868409438,true,1488.787,0,0.01994,0.009711,0.004055,7.802E-4,0.00599,0.002352,0.00506,0.001132,0.01226,0.02153,0.004618,8.386E-4,0.004059,9.922E-4,0.006703,0.001925,1
1520868409473,true,1488.844,0,0.02008,0.009507,0.004076,7.845E-4,0.005999,0.002356,0.005057,0.001134,0.01275,0.02114,0.004628,8.408E-4,0.004085,9.916E-4,0.006718,0.001925,1
1520868409507,true,1488.902,0,0.02017,0.009646,0.004094,7.883E-4,0.006016,0.002358,0.005068,0.001132,0.01319,0.02067,0.004637,8.398E-4,0.004089,9.97E-4,0.006731,0.001922,1
1520868409542,true,1488.959,0,0.02021,0.009762,0.004119,7.885E-4,0.006024,0.002361,0.005086,0.001131,0.01282,0.02076,0.004653,8.382E-4,0.004098,0.001001,0.006754,0.001914,1
1520868409703,true,1489.029,0,0.02002,0.009939,0.004135,7.91E-4,0.006026,0.002365,0.005101,0.001134,0.01252,0.02098,0.004674,8.343E-4,0.004112,0.001004,0.006757,0.001915,1
1520868409737,true,1489.087,0,0.01954,0.009686,0.004149,7.926E-4,0.006032,0.002367,0.005103,0.001141,0.0124,0.02116,0.004686,8.304E-4,0.00413,0.001001,0.006748,0.001918,1
1520868409773,true,1489.144,0,0.01959,0.009412,0.004162,7.92E-4,0.006044,0.002366,0.0051,0.001145,0.01275,0.02091,0.004682,8.291E-4,0.004131,0.001001,0.006741,0.001921,1
1520868409807,true,1489.202,0,0.0204,0.009334,0.004166,7.921E-4,0.006039,0.002367,0.005088,0.001141,0.01341,0.02037,0.004682,8.251E-4,0.004136,9.985E-4,0.006742,0.001921,1
1520868409842,true,1489.259,0,0.02083,0.009592,0.004159,7.926E-4,0.006032,0.002366,0.005076,0.001139,0.01346,0.02023,0.004678,8.21E-4,0.004128,9.975E-4,0.006734,0.00192,1
1520868409978,true,1489.304,0,0.02085,0.009894,0.004152,7.912E-4,0.006015,0.002366,0.005066,0.001138,0.01275,0.02075,0.004662,8.173E-4,0.004105,9.994E-4,0.006728,0.001917,1
1520868410013,true,1489.362,0,0.01994,0.01005,0.004138,7.943E-4,0.005989,0.002367,0.005044,0.001137,0.01208,0.02118,0.004639,8.165E-4,0.004099,9.975E-4,0.006702,0.001919,1
1520868410047,true,1489.419,0,0.01916,0.009832,0.004137,7.941E-4,0.005984,0.002364,0.005032,0.001139,0.01174,0.02161,0.004621,8.182E-4,0.004094,9.93E-4,0.006687,0.001919,1
1520868410082,true,1489.477,0,0.01922,0.009503,0.004133,7.967E-4,0.005983,0.002364,0.005017,0.001139,0.012,0.02132,0.004608,8.18E-4,0.004094,9.898E-4,0.006688,0.001917,1
1520868410117,true,1489.534,0,0.01943,0.009493,0.004127,7.973E-4,0.005979,0.002366,0.005011,0.001129,0.01261,0.02074,0.004604,8.155E-4,0.004095,9.885E-4,0.006695,0.001913,1
1520868410253,true,1489.58,0,0.01969,0.009551,0.004123,7.971E-4,0.005973,0.002368,0.005005,0.001131,0.01246,0.02063,0.004601,8.134E-4,0.004086,9.905E-4,0.006702,0.001906,1
1520868410288,true,1489.638,0,0.01948,0.009711,0.004122,7.983E-4,0.005963,0.00237,0.004992,0.001136,0.01203,0.02085,0.004597,8.087E-4,0.004078,9.911E-4,0.006693,0.0019,1
1520868410323,true,1489.695,0,0.01889,0.009657,0.004122,7.987E-4,0.005947,0.00237,0.004975,0.001139,0.01194,0.02102,0.004587,8.062E-4,0.004076,9.893E-4,0.006678,0.001901,1
1520868410357,true,1489.753,0,0.01901,0.009235,0.004117,7.986E-4,0.005937,0.002368,0.004951,0.001142,0.01207,0.02102,0.004566,8.058E-4,0.004081,9.829E-4,0.006667,0.001902,1
1520868410392,true,1489.81,0,0.01948,0.009117,0.004105,7.985E-4,0.005926,0.002369,0.004935,0.001137,0.01261,0.02053,0.004548,8.039E-4,0.004081,9.772E-4,0.006663,0.0019,1
1520868410553,true,1489.879,0,0.01999,0.009285,0.004085,7.968E-4,0.00591,0.002366,0.004912,0.001134,0.01284,0.02025,0.004527,8.0E-4,0.004061,9.764E-4,0.006655,0.001899,1
1520868410588,true,1489.937,0,0.02042,0.009515,0.004069,7.935E-4,0.005894,0.002364,0.004891,0.001131,0.01222,0.02059,0.004512,7.937E-4,0.004032,9.766E-4,0.006649,0.001891,1
1520868410623,true,1489.994,0,0.0197,0.009804,0.004041,7.907E-4,0.005857,0.002361,0.004856,0.001134,0.01135,0.0212,0.004495,7.855E-4,0.004013,9.749E-4,0.006629,0.001887,1
1520868410658,true,1490.052,0,0.01878,0.009602,0.00401,7.93E-4,0.005823,0.002362,0.004824,0.001138,0.01096,0.0215,0.004471,7.803E-4,0.00399,9.727E-4,0.00659,0.00189,1
1520868410692,true,1490.109,0,0.01887,0.00924,0.003982,7.95E-4,0.0058,0.002364,0.004786,0.001138,0.01106,0.0213,0.004447,7.781E-4,0.003984,9.657E-4,0.006568,0.001891,1
1520868410853,true,1490.18,0,0.01909,0.009194,0.003964,7.942E-4,0.00579,0.002363,0.004764,0.001131,0.01165,0.02061,0.004428,7.75E-4,0.003974,9.609E-4,0.00656,0.001888,1
1520868410888,true,1490.238,0,0.01925,0.009202,0.003952,7.912E-4,0.005781,0.002362,0.004752,0.001128,0.01183,0.02028,0.004409,7.719E-4,0.003961,9.592E-4,0.00656,0.001878,1
1520868410923,true,1490.295,0,0.01913,0.009387,0.003943,7.883E-4,0.005764,0.00236,0.004747,0.001128,0.01138,0.0205,0.004396,7.669E-4,0.003939,9.611E-4,0.006555,0.001873,1
1520868410957,true,1490.353,0,0.0185,0.009369,0.003922,7.895E-4,0.005748,0.002359,0.004726,0.001132,0.01107,0.02072,0.004384,7.616E-4,0.003928,9.611E-4,0.00653,0.001873,1
1520868410992,true,1490.41,0,0.01819,0.009057,0.003908,7.886E-4,0.005734,0.002356,0.00471,0.001133,0.01116,0.02075,0.004365,7.585E-4,0.003921,9.565E-4,0.006515,0.001874,1
1520868411127,true,1490.454,0,0.01876,0.008803,0.003895,7.875E-4,0.005719,0.002353,0.004685,0.001133,0.01168,0.02032,0.004349,7.536E-4,0.003919,9.504E-4,0.006501,0.001875,1
1520868411162,true,1490.512,0,0.01926,0.009026,0.003879,7.843E-4,0.005706,0.002351,0.004673,0.001126,0.01199,0.01992,0.004335,7.498E-4,0.003907,9.451E-4,0.006498,0.001867,1
1520868411197,true,1490.569,0,0.01959,0.009287,0.003855,7.801E-4,0.005695,0.002348,0.004647,0.001127,0.0116,0.02004,0.004312,7.431E-4,0.003884,9.435E-4,0.006497,0.001858,1
1520868411232,true,1490.627,0,0.0192,0.009617,0.003832,7.752E-4,0.005664,0.002347,0.004627,0.001125,0.01087,0.02058,0.004289,7.355E-4,0.00386,9.401E-4,0.006485,0.001851,1
1520868411267,true,1490.684,0,0.01845,0.00953,0.003802,7.71E-4,0.005634,0.002342,0.004602,0.001128,0.01042,0.02097,0.004259,7.292E-4,0.003841,9.365E-4,0.006462,0.00185,1
1520868411428,false,1490.755,0,0.01815,0.009211,0.003767,7.705E-4,0.0,0.0,0.0,0.0,0.0,0.0,0.0,0.0,0.0,0.0,0.0,0.0,1
1520868411463,true,1490.813,0,0.01828,0.009152,0.00374,7.695E-4,0.005582,0.002338,0.004537,0.001126,0.01102,0.02036,0.004202,7.227E-4,0.003811,9.25E-4,0.006438,0.001845,1
1520868411497,true,1490.87,0,0.01821,0.009269,0.003724,7.663E-4,0.005576,0.002336,0.004524,0.001122,0.01131,0.01995,0.004185,7.19E-4,0.003802,9.223E-4,0.006433,0.001842,1
1520868411532,false,-1.0,-1,0.0,0.0,0.0,0.0,0.0,0.0,0.0,0.0,0.0,0.0,0.0,0.0,0.0,0.0,0.0,0.0,1
1520868411567,true,1490.985,0,0.01787,0.009463,0.003705,7.605E-4,0.005547,0.002332,0.0045,0.001135,0.01064,0.0202,0.004162,7.088E-4,0.003768,9.229E-4,0.006435,0.001827,1
1520868411703,true,1491.03,0,0.01751,0.009162,0.003699,7.566E-4,0.005537,0.002329,0.004501,0.001136,0.01075,0.02026,0.00415,7.055E-4,0.003765,9.201E-4,0.006409,0.001832,1
1520868411738,true,1491.088,0,0.0178,0.008887,0.003685,7.56E-4,0.005526,0.002329,0.004491,0.001136,0.01119,0.01999,0.004138,7.03E-4,0.00377,9.133E-4,0.006395,0.001832,1
1520868411773,true,1491.145,0,0.01856,0.008906,0.003676,7.506E-4,0.005519,0.002324,0.004487,0.001131,0.01166,0.01953,0.004125,7.0E-4,0.003758,9.109E-4,0.006391,0.001828,1
1520868411808,true,1491.203,0,0.019,0.009183,0.003671,7.433E-4,0.005507,0.002323,0.004478,0.001131,0.01148,0.0196,0.004116,6.94E-4,0.003739,9.117E-4,0.0064,0.001822,1
1520868411842,true,1491.26,0,0.01919,0.009349,0.003658,7.384E-4,0.005482,0.002323,0.004478,0.00113,0.01085,0.02009,0.004103,6.89E-4,0.003729,9.102E-4,0.0064,0.001814,1
1520868412003,true,1491.33,0,0.01856,0.009308,0.00364,7.347E-4,0.005455,0.002316,0.004475,0.001128,0.01027,0.02055,0.004084,6.843E-4,0.003724,9.052E-4,0.006389,0.001812,1
1520868412038,true,1491.388,0,0.01811,0.008945,0.00362,7.294E-4,0.005433,0.002312,0.004457,0.001129,0.0102,0.02076,0.004058,6.808E-4,0.003714,8.982E-4,0.006366,0.001813,1
1520868412073,true,1491.445,0,0.01816,0.008777,0.003588,7.264E-4,0.005409,0.00231,0.004438,0.001125,0.01074,0.02027,0.004028,6.774E-4,0.003699,8.933E-4,0.00636,0.001813,1
1520868412107,true,1491.503,0,0.0183,0.008854,0.003561,7.243E-4,0.005383,0.002313,0.004422,0.001124,0.01132,0.01971,0.004002,6.785E-4,0.003673,8.937E-4,0.006367,0.001809,1
1520868412143,true,1491.56,0,0.01845,0.009011,0.003545,7.193E-4,0.005364,0.002314,0.004422,0.001123,0.01095,0.01987,0.003993,6.764E-4,0.00365,8.964E-4,0.006381,0.001802,1
1520868412277,true,1491.604,0,0.01808,0.009178,0.003535,7.17E-4,0.005345,0.002316,0.004425,0.001127,0.01064,0.02006,0.003992,6.718E-4,0.003654,8.931E-4,0.006392,0.001797,1
1520868412312,true,1491.662,0,0.01751,0.009034,0.003527,7.147E-4,0.005337,0.002313,0.004428,0.001132,0.01067,0.02021,0.00399,6.685E-4,0.003652,8.92E-4,0.006375,0.001805,1
1520868412347,true,1491.719,0,0.01795,0.008614,0.003523,7.109E-4,0.005334,0.00231,0.004427,0.001134,0.011,0.0201,0.003983,6.649E-4,0.003653,8.871E-4,0.006367,0.001807,1
1520868412382,true,1491.777,0,0.01866,0.008622,0.003514,7.084E-4,0.005332,0.002308,0.004427,0.001133,0.01161,0.01965,0.003988,6.617E-4,0.003658,8.828E-4,0.006372,0.001807,1
1520868412416,true,1491.834,0,0.01906,0.008915,0.003511,7.037E-4,0.005335,0.002307,0.004435,0.001127,0.01176,0.0195,0.003984,6.587E-4,0.003655,8.827E-4,0.006383,0.001802,1
1520868412577,true,1491.905,0,0.0195,0.009142,0.003508,6.988E-4,0.005332,0.002307,0.004445,0.001126,0.0111,0.02005,0.003987,6.54E-4,0.003659,8.801E-4,0.006397,0.001798,1
1520868412612,true,1491.963,0,0.01896,0.009178,0.003505,6.927E-4,0.005315,0.002305,0.004451,0.001127,0.0106,0.02057,0.003987,6.513E-4,0.003662,8.778E-4,0.006398,0.001795,1
1520868412647,true,1492.02,0,0.01843,0.008899,0.003492,6.878E-4,0.005308,0.002303,0.004443,0.001131,0.0104,0.02093,0.003977,6.487E-4,0.003664,8.721E-4,0.006401,0.001794,1
1520868412682,true,1492.078,0,0.01877,0.008523,0.00347,6.837E-4,0.005294,0.0023,0.004444,0.001125,0.01076,0.02066,0.003963,6.455E-4,0.003662,8.702E-4,0.006401,0.001793,1
1520868412717,true,1492.135,0,0.01895,0.008534,0.003443,6.762E-4,0.005275,0.002296,0.004433,0.001122,0.01142,0.02007,0.003945,6.428E-4,0.003657,8.695E-4,0.006412,0.001792,1
1520868412854,true,1492.181,0,0.01925,0.008563,0.003408,6.732E-4,0.005263,0.002291,0.004421,0.00112,0.01129,0.01994,0.003928,6.397E-4,0.003627,8.725E-4,0.006416,0.001786,1
1520868412889,true,1492.239,0,0.01909,0.008732,0.003372,6.746E-4,0.005235,0.002291,0.004404,0.001125,0.01089,0.02021,0.00392,6.369E-4,0.003616,8.718E-4,0.006425,0.00178,1
1520868412923,true,1492.296,0,0.01852,0.008722,0.003361,6.707E-4,0.005217,0.002288,0.004404,0.001131,0.01083,0.02036,0.003918,6.348E-4,0.003623,8.685E-4,0.006421,0.001784,1
1520868412958,true,1492.354,0,0.01834,0.008435,0.003353,6.681E-4,0.005217,0.002284,0.004408,0.001131,0.01114,0.02035,0.003914,6.35E-4,0.003633,8.646E-4,0.006409,0.001789,1
1520868412993,true,1492.411,0,0.01887,0.008442,0.003346,6.65E-4,0.005212,0.002283,0.004407,0.001127,0.01196,0.01984,0.003922,6.32E-4,0.003649,8.606E-4,0.00642,0.001789,1
1520868413153,true,1492.48,0,0.01934,0.008711,0.003338,6.6E-4,0.005215,0.00228,0.004414,0.001124,0.01234,0.01951,0.003931,6.288E-4,0.003652,8.603E-4,0.006434,0.001786,1
1520868413188,true,1492.538,0,0.0197,0.008968,0.003335,6.56E-4,0.005214,0.00228,0.004428,0.00112,0.01169,0.01995,0.003949,6.223E-4,0.003651,8.619E-4,0.00646,0.00178,1
1520868413223,true,1492.595,0,0.01926,0.00918,0.00334,6.496E-4,0.005216,0.002276,0.004436,0.001121,0.01101,0.02049,0.003957,6.175E-4,0.003669,8.587E-4,0.006466,0.001778,1
1520868413258,true,1492.653,0,0.01856,0.009024,0.003333,6.459E-4,0.005211,0.002273,0.004442,0.001123,0.01083,0.02084,0.003965,6.13E-4,0.003685,8.544E-4,0.006476,0.001778,1
1520868413292,true,1492.71,0,0.0185,0.008674,0.003322,6.417E-4,0.005209,0.00227,0.004437,0.001121,0.01104,0.02068,0.003963,6.1E-4,0.003692,8.498E-4,0.006482,0.001778,1
1520868413428,true,1492.756,0,0.01884,0.008664,0.003303,6.37E-4,0.005206,0.002268,0.00443,0.001117,0.01164,0.02012,0.003961,6.079E-4,0.003689,8.461E-4,0.006486,0.001777,1
1520868413463,true,1492.814,0,0.01913,0.00876,0.003285,6.305E-4,0.005198,0.002264,0.004418,0.001118,0.0119,0.01984,0.003955,6.053E-4,0.003676,8.453E-4,0.006504,0.00177,1
1520868413498,true,1492.871,0,0.01911,0.008853,0.003258,6.257E-4,0.005174,0.002263,0.004414,0.001117,0.01143,0.02021,0.003943,6.017E-4,0.003666,8.444E-4,0.006514,0.001765,1
1520868413532,true,1492.929,0,0.01864,0.00883,0.00323,6.201E-4,0.005145,0.00226,0.004385,0.001124,0.01131,0.02034,0.00393,5.969E-4,0.003654,8.445E-4,0.006502,0.001768,1
1520868413567,true,1492.986,0,0.01828,0.008599,0.003203,6.178E-4,0.005132,0.002256,0.004363,0.001126,0.01137,0.02046,0.00392,5.955E-4,0.003658,8.383E-4,0.006476,0.001774,1
1520868413727,true,1493.055,0,0.01853,0.00862,0.003187,6.148E-4,0.005128,0.002253,0.004351,0.001123,0.01185,0.02008,0.00391,5.962E-4,0.003668,8.321E-4,0.006487,0.001771,1
1520868413763,true,1493.113,0,0.01915,0.008874,0.003179,6.109E-4,0.005133,0.002248,0.004349,0.001118,0.01227,0.01965,0.003919,5.93E-4,0.00367,8.292E-4,0.006499,0.001769,1
1520868413797,true,1493.17,0,0.01936,0.009161,0.003177,6.065E-4,0.005141,0.002246,0.00436,0.001113,0.01212,0.01975,0.003928,5.901E-4,0.003672,8.276E-4,0.006509,0.001764,1
1520868413832,true,1493.228,0,0.01939,0.009314,0.00318,6.022E-4,0.00513,0.002244,0.004363,0.001111,0.01155,0.02021,0.003941,5.863E-4,0.003689,8.246E-4,0.006527,0.00176,1
1520868413867,true,1493.285,0,0.0185,0.009311,0.003179,5.983E-4,0.005132,0.002239,0.004369,0.00111,0.01119,0.02066,0.003946,5.861E-4,0.003708,8.208E-4,0.006529,0.001757,1
1520868414003,true,1493.331,0,0.01817,0.008931,0.003182,5.92E-4,0.005146,0.002232,0.004365,0.001111,0.01137,0.02064,0.003947,5.851E-4,0.003719,8.175E-4,0.006529,0.001758,1
1520868414038,true,1493.389,0,0.01854,0.008762,0.003178,5.878E-4,0.005155,0.002228,0.004356,0.001107,0.01191,0.02007,0.003953,5.823E-4,0.003731,8.134E-4,0.006541,0.001754,1
1520868414073,true,1493.446,0,0.01854,0.008966,0.003167,5.807E-4,0.005148,0.002225,0.00436,0.001099,0.01236,0.01959,0.003951,5.804E-4,0.003721,8.155E-4,0.006558,0.001746,1
1520868414108,true,1493.504,0,0.01865,0.009143,0.00315,5.743E-4,0.005137,0.002222,0.004348,0.001099,0.01202,0.0197,0.00395,5.746E-4,0.003707,8.156E-4,0.006574,0.001739,1
1520868414143,true,1493.561,0,0.01822,0.009176,0.003137,5.679E-4,0.005116,0.002218,0.004327,0.001106,0.01179,0.01986,0.003941,5.707E-4,0.0037,8.152E-4,0.006564,0.001739,1
1520868414303,true,1493.63,0,0.01773,0.008968,0.003117,5.629E-4,0.005089,0.002212,0.004305,0.001108,0.01193,0.01998,0.003924,5.691E-4,0.00369,8.107E-4,0.006541,0.00174,1
1520868414338,true,1493.688,0,0.01812,0.008679,0.003091,5.584E-4,0.00506,0.002209,0.004271,0.001103,0.01228,0.01974,0.003904,5.668E-4,0.003683,8.05E-4,0.006532,0.00174,1
1520868414373,true,1493.745,0,0.01863,0.00887,0.003063,5.559E-4,0.005027,0.00221,0.004257,0.00109,0.01274,0.01928,0.003889,5.676E-4,0.003668,8.016E-4,0.006532,0.001733,1
1520868414408,true,1493.803,0,0.01882,0.009123,0.003051,5.511E-4,0.005016,0.002204,0.004239,0.001088,0.01247,0.0194,0.003885,5.662E-4,0.003651,8.042E-4,0.006538,0.001726,1
1520868414442,true,1493.86,0,0.01891,0.009322,0.003046,5.46E-4,0.005003,0.002201,0.004239,0.001083,0.01183,0.01985,0.003887,5.642E-4,0.003645,8.036E-4,0.006541,0.00172,1
1520868414603,true,1493.931,0,0.01819,0.009362,0.003043,5.418E-4,0.004998,0.002195,0.004241,0.001077,0.01142,0.02027,0.003887,5.62E-4,0.003643,8.049E-4,0.006534,0.001716,1
1520868414637,true,1493.989,0,0.01769,0.009048,0.003038,5.398E-4,0.005009,0.002187,0.004225,0.001076,0.01144,0.0204,0.003878,5.631E-4,0.003653,8.012E-4,0.006518,0.001718,1
1520868414672,true,1494.046,0,0.01786,0.008843,0.003029,5.384E-4,0.005007,0.002185,0.004214,0.001072,0.01196,0.01992,0.003873,5.636E-4,0.003662,7.978E-4,0.006521,0.001715,1
1520868414708,true,1494.104,0,0.01796,0.008988,0.003022,5.348E-4,0.005007,0.002181,0.004216,0.001064,0.01242,0.0194,0.003873,5.638E-4,0.003653,7.975E-4,0.006528,0.00171,1
1520868414742,true,1494.161,0,0.01837,0.009047,0.003018,5.289E-4,0.004997,0.002176,0.004225,0.001056,0.01226,0.01943,0.00387,5.617E-4,0.00364,8.01E-4,0.00654,0.001705,1
1520868414878,true,1494.206,0,0.01812,0.009264,0.003011,5.229E-4,0.00498,0.002172,0.004225,0.001054,0.01182,0.01978,0.00387,5.565E-4,0.003633,8.016E-4,0.006531,0.001699,1
1520868414913,true,1494.264,0,0.01773,0.009053,0.002996,5.175E-4,0.004956,0.002167,0.004201,0.001057,0.01177,0.01999,0.003856,5.541E-4,0.003623,8.014E-4,0.006497,0.001705,1
1520868414948,true,1494.321,0,0.01777,0.008785,0.002974,5.135E-4,0.004939,0.002159,0.004179,0.001054,0.012,0.01985,0.003839,5.533E-4,0.00361,7.96E-4,0.006474,0.001705,1
1520868414983,true,1494.379,0,0.01827,0.008819,0.002953,5.068E-4,0.004916,0.002152,0.004139,0.001046,0.01268,0.01924,0.003819,5.511E-4,0.003595,7.907E-4,0.006461,0.001703,1
1520868415018,true,1494.436,0,0.01888,0.008978,0.002927,5.0E-4,0.00489,0.002147,0.004113,0.001041,0.01282,0.01898,0.003801,5.49E-4,0.00357,7.898E-4,0.006451,0.001695,1
1520868415153,true,1494.481,0,0.01913,0.009178,0.002895,4.989E-4,0.004852,0.002142,0.004082,0.001039,0.01213,0.01935,0.00378,5.477E-4,0.003537,7.898E-4,0.006438,0.00169,1
1520868415188,true,1494.539,0,0.01829,0.009349,0.002875,4.979E-4,0.004832,0.002138,0.004056,0.001039,0.01155,0.01974,0.003763,5.471E-4,0.003524,7.889E-4,0.006411,0.00169,1
1520868415222,true,1494.596,0,0.01761,0.009045,0.002866,4.943E-4,0.004824,0.002131,0.004045,0.001038,0.01134,0.02002,0.00375,5.479E-4,0.003519,7.873E-4,0.00639,0.00169,1
1520868415257,true,1494.654,0,0.01775,0.008683,0.002863,4.881E-4,0.004816,0.002125,0.004033,0.00103,0.01177,0.01962,0.003741,5.483E-4,0.00352,7.837E-4,0.006373,0.001692,1
1520868415293,true,1494.711,0,0.01837,0.008526,0.002851,4.84E-4,0.00482,0.002118,0.004022,0.001021,0.01231,0.019,0.003739,5.477E-4,0.003501,7.858E-4,0.006363,0.00169,1
1520868415453,true,1494.781,0,0.01842,0.008668,0.002839,4.803E-4,0.004819,0.002114,0.004011,0.001022,0.0123,0.01883,0.003731,5.485E-4,0.003478,7.905E-4,0.006356,0.001686,1
1520868415488,true,1494.839,0,0.0186,0.008809,0.002831,4.765E-4,0.004807,0.00211,0.004005,0.001021,0.01184,0.01904,0.003728,5.458E-4,0.003464,7.908E-4,0.006355,0.001679,1
1520868415523,true,1494.896,0,0.01801,0.008688,0.00283,4.711E-4,0.004786,0.002103,0.003996,0.001019,0.01161,0.01926,0.003722,5.428E-4,0.00345,7.911E-4,0.006332,0.001682,1
1520868415558,true,1494.954,0,0.0179,0.008421,0.002819,4.671E-4,0.00478,0.002093,0.003978,0.001017,0.01179,0.01931,0.003711,5.4E-4,0.003441,7.874E-4,0.006296,0.00169,1
1520868415593,true,1495.011,0,0.01845,0.008281,0.0028,4.625E-4,0.004765,0.002088,0.003958,0.001009,0.01232,0.01884,0.003699,5.37E-4,0.003426,7.857E-4,0.006272,0.001695,1
1520868415728,true,1495.056,0,0.01875,0.008616,0.002774,4.596E-4,0.004737,0.002085,0.00394,0.001001,0.0126,0.01847,0.003684,5.342E-4,0.0034,7.856E-4,0.006248,0.001695,1
1520868415763,true,1495.114,0,0.01919,0.008787,0.002751,4.536E-4,0.00471,0.002078,0.003918,9.983E-4,0.01208,0.01879,0.003667,5.292E-4,0.003367,7.888E-4,0.006233,0.001688,1
1520868415798,true,1495.171,0,0.01854,0.008964,0.002726,4.478E-4,0.004673,0.002073,0.003893,9.965E-4,0.01137,0.01923,0.003644,5.257E-4,0.003338,7.885E-4,0.006205,0.001686,1
1520868415833,true,1495.229,0,0.01774,0.008735,0.002692,4.458E-4,0.004638,0.002068,0.00386,9.947E-4,0.01115,0.01946,0.003607,5.274E-4,0.003316,7.858E-4,0.006163,0.00169,1
1520868415868,true,1495.286,0,0.01781,0.008356,0.002663,4.449E-4,0.004604,0.002067,0.003818,9.943E-4,0.01133,0.01924,0.003579,5.28E-4,0.003293,7.829E-4,0.006133,0.001693,1
1520868416028,true,1495.355,0,0.01822,0.008225,0.002648,4.419E-4,0.004594,0.002062,0.003795,9.87E-4,0.01195,0.0186,0.003562,5.288E-4,0.003275,7.808E-4,0.00613,0.001692,1
1520868416063,true,1495.413,0,0.01851,0.008308,0.002633,4.386E-4,0.004585,0.002058,0.003787,9.792E-4,0.01211,0.01823,0.003554,5.286E-4,0.003251,7.843E-4,0.006122,0.001687,1
1520868416097,true,1495.47,0,0.01863,0.008455,0.002629,4.334E-4,0.004582,0.002055,0.003782,9.762E-4,0.01161,0.01844,0.003552,5.266E-4,0.003229,7.842E-4,0.006112,0.001683,1
1520868416132,true,1495.528,0,0.01812,0.008555,0.002617,4.319E-4,0.004566,0.002051,0.003761,9.778E-4,0.01138,0.01862,0.003546,5.229E-4,0.003219,7.828E-4,0.006083,0.001684,1
1520868416167,true,1495.585,0,0.01806,0.008239,0.002606,4.289E-4,0.004557,0.002046,0.00375,9.77E-4,0.01141,0.01883,0.003536,5.206E-4,0.003213,7.795E-4,0.006051,0.001691,1
1520868416328,true,1495.656,0,0.01869,0.008013,0.002592,4.261E-4,0.004543,0.002044,0.003732,9.693E-4,0.01196,0.01847,0.00352,5.197E-4,0.003209,7.735E-4,0.006033,0.001693,1
1520868416363,true,1495.714,0,0.01907,0.008359,0.002579,4.223E-4,0.004534,0.00204,0.003714,9.627E-4,0.01235,0.0181,0.00351,5.188E-4,0.003191,7.745E-4,0.006017,0.001693,1
1520868416398,true,1495.771,0,0.01914,0.008698,0.002564,4.17E-4,0.004518,0.002036,0.003708,9.532E-4,0.01195,0.01829,0.003499,5.157E-4,0.003161,7.769E-4,0.006004,0.001689,1
1520868416433,true,1495.829,0,0.01888,0.008835,0.002548,4.121E-4,0.00449,0.002031,0.003692,9.511E-4,0.0111,0.01882,0.003481,5.137E-4,0.003145,7.753E-4,0.005982,0.001688,1
1520868416468,true,1495.886,0,0.01817,0.008622,0.002526,4.073E-4,0.004462,0.002027,0.00367,9.462E-4,0.01073,0.01913,0.003455,5.136E-4,0.003134,7.725E-4,0.00595,0.001691,1
1520868416603,true,1495.932,0,0.01753,0.008344,0.002503,4.01E-4,0.004437,0.002024,0.003641,9.454E-4,0.01061,0.0192,0.003429,5.121E-4,0.003115,7.687E-4,0.00592,0.001697,1
1520868416638,true,1495.99,0,0.01769,0.008254,0.002468,3.971E-4,0.004406,0.00202,0.003605,9.381E-4,0.01123,0.01855,0.003392,5.14E-4,0.003086,7.683E-4,0.005897,0.001701,1
1520868416673,true,1496.047,0,0.01781,0.008262,0.002428,3.96E-4,0.004374,0.002017,0.003574,9.36E-4,0.01168,0.01807,0.003361,5.165E-4,0.003047,7.715E-4,0.005884,0.001699,1
1520868416708,true,1496.105,0,0.01786,0.008414,0.002409,3.947E-4,0.004343,0.002016,0.003559,9.352E-4,0.01116,0.01833,0.003343,5.169E-4,0.003025,7.738E-4,0.00588,0.001695,1
1520868416743,true,1496.162,0,0.01733,0.008538,0.002395,3.942E-4,0.004327,0.002009,0.003546,9.332E-4,0.01094,0.01855,0.003345,5.117E-4,0.003015,7.736E-4,0.005859,0.001697,1
1520868416903,false,-1.0,-1,0.0,0.0,0.0,0.0,0.0,0.0,0.0,0.0,0.0,0.0,0.0,0.0,0.0,0.0,0.0,0.0,1
1520868416938,true,1496.289,0,0.01711,0.008126,0.002381,3.883E-4,0.004302,0.002002,0.00353,9.236E-4,0.0115,0.01848,0.003312,5.118E-4,0.003005,7.659E-4,0.005815,0.001704,1
1520868416973,true,1496.346,0,0.01768,0.008232,0.00237,3.849E-4,0.004286,0.002003,0.003513,9.207E-4,0.01192,0.01807,0.003304,5.115E-4,0.002999,7.639E-4,0.005809,0.001702,1
1520868417008,true,1496.404,0,0.01792,0.008469,0.002359,3.819E-4,0.004273,0.002,0.003505,9.146E-4,0.01161,0.01824,0.003298,5.1E-4,0.00298,7.649E-4,0.0058,0.001701,1
1520868417043,true,1496.461,0,0.01759,0.008716,0.002352,3.786E-4,0.00425,0.001999,0.003496,9.139E-4,0.01084,0.01887,0.003292,5.081E-4,0.002963,7.674E-4,0.005793,0.001699,1
1520868417178,true,1496.505,0,0.01678,0.008714,0.002342,3.755E-4,0.004227,0.001996,0.003488,9.141E-4,0.01033,0.01936,0.003278,5.057E-4,0.002952,7.653E-4,0.005775,0.001702,1
1520868417213,true,1496.563,0,0.01614,0.008426,0.002321,3.732E-4,0.004209,0.001991,0.003474,9.116E-4,0.01027,0.01951,0.003254,5.059E-4,0.002945,7.604E-4,0.005746,0.001709,1
1520868417248,true,1496.62,0,0.01612,0.008221,0.002303,3.685E-4,0.004185,0.001988,0.003449,9.075E-4,0.01077,0.01899,0.003223,5.074E-4,0.002922,7.597E-4,0.005725,0.001712,1
1520868417282,true,1496.678,0,0.01628,0.008264,0.002274,3.641E-4,0.004164,0.001982,0.003426,8.997E-4,0.01123,0.01849,0.003197,5.081E-4,0.002886,7.633E-4,0.005713,0.001713,1
1520868417317,true,1496.735,0,0.01623,0.008413,0.002247,3.597E-4,0.004126,0.00198,0.003396,8.982E-4,0.01098,0.01848,0.003167,5.055E-4,0.002851,7.678E-4,0.005697,0.001711,1
1520868417453,true,1496.781,0,0.01567,0.008624,0.002214,3.595E-4,0.004079,0.001982,0.003366,8.999E-4,0.0106,0.01871,0.003143,5.055E-4,0.002819,7.714E-4,0.005678,0.001711,1
1520868417488,true,1496.839,0,0.01502,0.008523,0.002198,3.583E-4,0.004053,0.001978,0.003346,9.013E-4,0.0105,0.01892,0.003131,5.045E-4,0.002803,7.733E-4,0.005644,0.00172,1
1520868417523,true,1496.896,0,0.01506,0.008188,0.002191,3.565E-4,0.004052,0.001974,0.003326,9.008E-4,0.01084,0.01882,0.003124,5.035E-4,0.0028,7.701E-4,0.005625,0.001724,1
1520868417558,true,1496.954,0,0.01559,0.008215,0.00218,3.533E-4,0.004044,0.001971,0.003314,8.935E-4,0.01132,0.01842,0.003117,5.041E-4,0.002797,7.689E-4,0.005617,0.001727,1
1520868417593,true,1497.011,0,0.01582,0.00844,0.00217,3.505E-4,0.004039,0.001971,0.003307,8.87E-4,0.01137,0.01839,0.003115,5.026E-4,0.002777,7.71E-4,0.005609,0.001724,1
1520868417754,true,1497.082,0,0.01598,0.008602,0.00217,3.467E-4,0.004031,0.001966,0.003302,8.818E-4,0.01064,0.01881,0.003116,5.002E-4,0.002765,7.715E-4,0.005616,0.001716,1
1520868417788,true,1497.14,0,0.01544,0.008644,0.002167,3.445E-4,0.004016,0.001964,0.003289,8.826E-4,0.01012,0.01925,0.003109,4.99E-4,0.00276,7.718E-4,0.005613,0.001716,1
1520868417823,true,1497.197,0,0.01483,0.008309,0.002165,3.419E-4,0.004013,0.001955,0.003278,8.855E-4,0.009826,0.01959,0.003099,5.001E-4,0.002756,7.693E-4,0.005597,0.00172,1
1520868417858,true,1497.255,0,0.01491,0.00796,0.002151,3.4E-4,0.004003,0.001953,0.003258,8.844E-4,0.01031,0.01914,0.003085,5.001E-4,0.002745,7.686E-4,0.005582,0.001724,1
1520868417893,true,1497.312,0,0.01507,0.007953,0.002124,3.395E-4,0.003985,0.001952,0.003242,8.801E-4,0.01098,0.01847,0.00307,4.988E-4,0.002726,7.694E-4,0.005575,0.001726,1
1520868418053,true,1497.382,0,0.01513,0.00805,0.002106,3.356E-4,0.003955,0.001951,0.003224,8.794E-4,0.01108,0.01826,0.003054,4.968E-4,0.002697,7.735E-4,0.005569,0.001725,1
1520868418088,true,1497.44,0,0.0149,0.008223,0.002082,3.319E-4,0.003926,0.001949,0.003206,8.819E-4,0.01063,0.01848,0.003037,4.922E-4,0.002665,7.782E-4,0.005559,0.001725,1
1520868418123,true,1497.497,0,0.01422,0.008214,0.002056,3.294E-4,0.003889,0.001946,0.003185,8.822E-4,0.01052,0.01865,0.003015,4.889E-4,0.002642,7.798E-4,0.005524,0.001734,1
1520868418158,true,1497.555,0,0.01407,0.007929,0.002036,3.284E-4,0.003854,0.001946,0.003155,8.862E-4,0.01073,0.01866,0.002992,4.877E-4,0.00262,7.777E-4,0.005494,0.001739,1
1520868418193,true,1497.612,0,0.01479,0.007793,0.002022,3.273E-4,0.003844,0.001943,0.003134,8.815E-4,0.01109,0.01833,0.002982,4.885E-4,0.0026,7.786E-4,0.005487,0.001742,1
1520868418354,true,1497.683,0,0.01542,0.00803,0.002017,3.236E-4,0.003843,0.001942,0.00312,8.773E-4,0.01136,0.018,0.002982,4.865E-4,0.00258,7.823E-4,0.005487,0.001743,1
1520868418389,true,1497.741,0,0.01558,0.008277,0.002015,3.222E-4,0.003834,0.001942,0.003111,8.776E-4,0.01082,0.01833,0.002987,4.832E-4,0.002571,7.836E-4,0.005494,0.001738,1
1520868418423,true,1497.798,0,0.01513,0.00848,0.002016,3.21E-4,0.00383,0.00194,0.003107,8.765E-4,0.01015,0.01881,0.002988,4.804E-4,0.002572,7.841E-4,0.005491,0.001739,1
1520868418458,true,1497.856,0,0.01441,0.008279,0.002016,3.203E-4,0.003826,0.001939,0.003105,8.787E-4,0.009878,0.01914,0.002986,4.8E-4,0.002571,7.851E-4,0.005482,0.001742,1
1520868418493,true,1497.913,0,0.01456,0.007838,0.002014,3.188E-4,0.003836,0.001936,0.003094,8.79E-4,0.01014,0.01894,0.002982,4.797E-4,0.002571,7.838E-4,0.005479,0.001742,1
1520868418603,true,1497.931,0,0.01485,0.007843,0.002008,3.172E-4,0.003834,0.001936,0.003087,8.787E-4,0.01078,0.01826,0.002985,4.78E-4,0.002567,7.834E-4,0.005477,0.001746,1
1520868418638,true,1497.989,0,0.01507,0.007998,0.001999,3.138E-4,0.003831,0.001934,0.003086,8.796E-4,0.01104,0.01791,0.002983,4.761E-4,0.002556,7.84E-4,0.005478,0.001746,1
1520868418673,true,1498.046,0,0.01513,0.008167,0.001986,3.104E-4,0.003819,0.001934,0.003086,8.817E-4,0.01071,0.01815,0.00298,4.722E-4,0.002545,7.845E-4,0.005471,0.001745,1
1520868418708,true,1498.104,0,0.01456,0.008294,0.001977,3.067E-4,0.003801,0.001933,0.003085,8.807E-4,0.01059,0.01833,0.002966,4.7E-4,0.002541,7.827E-4,0.005449,0.00175,1
1520868418743,true,1498.161,0,0.01429,0.008066,0.00196,3.056E-4,0.003783,0.00193,0.003066,8.85E-4,0.01074,0.01841,0.00294,4.72E-4,0.002533,7.779E-4,0.005424,0.001756,1
1520868418903,true,1498.232,0,0.01474,0.007901,0.001936,3.041E-4,0.00376,0.001928,0.003043,8.809E-4,0.01127,0.01801,0.002924,4.695E-4,0.002522,7.745E-4,0.005401,0.001762,1
1520868418938,true,1498.29,0,0.01507,0.008228,0.001902,3.084E-4,0.003736,0.00193,0.003018,8.777E-4,0.01169,0.01762,0.002906,4.71E-4,0.002505,7.748E-4,0.005396,0.001764,1
1520868418973,true,1498.347,0,0.01526,0.008558,0.001893,3.085E-4,0.00372,0.001933,0.003015,8.764E-4,0.01141,0.01782,0.002902,4.722E-4,0.002488,7.79E-4,0.005403,0.001762,1
1520868419008,true,1498.405,0,0.0148,0.008918,0.001894,3.076E-4,0.003723,0.001934,0.003012,8.789E-4,0.0107,0.0184,0.002911,4.681E-4,0.002494,7.779E-4,0.005408,0.001761,1
1520868419043,true,1498.462,0,0.01408,0.008829,0.001893,3.062E-4,0.003723,0.001931,0.003017,8.784E-4,0.01026,0.01889,0.002907,4.694E-4,0.002504,7.767E-4,0.005403,0.001762,1
1520868419204,true,1498.532,0,0.01388,0.008487,0.001898,3.062E-4,0.00373,0.001931,0.003013,8.808E-4,0.01039,0.01887,0.002906,4.709E-4,0.002515,7.729E-4,0.0054,0.001765,1
1520868419238,true,1498.59,0,0.01435,0.008231,0.001896,3.062E-4,0.003744,0.00193,0.003017,8.788E-4,0.01092,0.01833,0.002905,4.728E-4,0.002528,7.682E-4,0.005401,0.001765,1
1520868419273,true,1498.647,0,0.0146,0.008314,0.001896,3.054E-4,0.003747,0.001931,0.003019,8.791E-4,0.01142,0.01781,0.002911,4.727E-4,0.002527,7.681E-4,0.005409,0.001767,1
1520868419308,true,1498.705,0,0.01488,0.008474,0.001897,3.037E-4,0.003741,0.001932,0.003023,8.83E-4,0.01104,0.01804,0.002917,4.71E-4,0.002521,7.697E-4,0.005428,0.001764,1
1520868419343,true,1498.762,0,0.01426,0.008587,0.001899,3.01E-4,0.003732,0.001932,0.003031,8.854E-4,0.01075,0.01829,0.002915,4.698E-4,0.002517,7.701E-4,0.005425,0.001769,1
1520868419478,true,1498.807,0,0.01389,0.008349,0.001893,2.996E-4,0.003725,0.001931,0.003036,8.878E-4,0.01086,0.01841,0.002909,4.695E-4,0.002515,7.683E-4,0.005406,0.001777,1
1520868419513,true,1498.865,0,0.01431,0.00803,0.001882,2.986E-4,0.003711,0.00193,0.003022,8.884E-4,0.0113,0.0182,0.002895,4.702E-4,0.002514,7.641E-4,0.005389,0.001784,1
1520868419548,true,1498.922,0,0.01477,0.008225,0.001865,2.984E-4,0.003698,0.00193,0.00301,8.824E-4,0.01192,0.01768,0.002882,4.708E-4,0.002504,7.615E-4,0.005387,0.001787,1
1520868419583,true,1498.98,0,0.01507,0.008553,0.00185,2.97E-4,0.003684,0.001931,0.003007,8.802E-4,0.01176,0.01773,0.002868,4.71E-4,0.002492,7.6E-4,0.005381,0.001786,1
1520868419617,true,1499.037,0,0.01523,0.008759,0.001836,2.998E-4,0.003667,0.001935,0.003002,8.837E-4,0.0109,0.01837,0.002857,4.718E-4,0.002477,7.611E-4,0.005382,0.001783,1
1520868419778,true,1499.107,0,0.01484,0.008662,0.001844,2.996E-4,0.003664,0.001935,0.003005,8.869E-4,0.01059,0.01879,0.002853,4.751E-4,0.002477,7.635E-4,0.005382,0.001785,1
1520868419813,true,1499.165,0,0.01447,0.008266,0.001851,2.994E-4,0.003674,0.001935,0.00301,8.89E-4,0.01071,0.0189,0.002854,4.776E-4,0.002491,7.589E-4,0.005382,0.001784,1
1520868419848,true,1499.222,0,0.01458,0.008054,0.001853,3.01E-4,0.003689,0.001936,0.003018,8.905E-4,0.01125,0.01842,0.002852,4.811E-4,0.0025,7.554E-4,0.005389,0.001787,1
1520868419883,true,1499.28,0,0.01459,0.008232,0.001857,3.017E-4,0.003694,0.001937,0.003031,8.846E-4,0.0119,0.01779,0.002859,4.834E-4,0.002502,7.556E-4,0.00541,0.001787,1
1520868419918,true,1499.337,0,0.01525,0.008279,0.001861,3.011E-4,0.003703,0.001939,0.003032,8.915E-4,0.01169,0.01788,0.002868,4.823E-4,0.002505,7.554E-4,0.005427,0.001787,1
1520868420053,true,1499.382,0,0.01489,0.008462,0.001872,3.021E-4,0.003706,0.001938,0.003046,8.956E-4,0.01134,0.01817,0.002879,4.8E-4,0.002509,7.547E-4,0.005431,0.001787,1
1520868420088,true,1499.44,0,0.01427,0.008354,0.001878,3.03E-4,0.003704,0.001933,0.003056,8.991E-4,0.01132,0.01847,0.002883,4.788E-4,0.002513,7.559E-4,0.005418,0.001794,1
1520868420123,true,1499.497,0,0.0143,0.008091,0.001883,3.022E-4,0.003717,0.001927,0.003045,9.058E-4,0.01159,0.01842,0.002878,4.811E-4,0.002516,7.544E-4,0.00541,0.0018,1
1520868420158,true,1499.555,0,0.01479,0.008177,0.001876,3.02E-4,0.003717,0.001927,0.00304,9.015E-4,0.01237,0.01786,0.002871,4.817E-4,0.002517,7.521E-4,0.00541,0.001805,1
1520868420193,true,1499.612,0,0.01524,0.008372,0.00187,3.011E-4,0.003716,0.001923,0.003042,8.964E-4,0.01241,0.0177,0.002866,4.805E-4,0.002507,7.493E-4,0.005411,0.001802,1
1520868420353,true,1499.683,0,0.01563,0.008482,0.001862,2.988E-4,0.0037,0.001924,0.003036,8.984E-4,0.01169,0.01816,0.00286,4.781E-4,0.002483,7.526E-4,0.005414,0.001798,1
1520868420388,true,1499.741,0,0.01493,0.008609,0.001852,3.001E-4,0.003676,0.001928,0.00304,8.99E-4,0.01126,0.0185,0.002843,4.796E-4,0.002463,7.56E-4,0.005404,0.001802,1
1520868420423,true,1499.798,0,0.0144,0.00827,0.001852,3.011E-4,0.003682,0.001925,0.003045,9.015E-4,0.01107,0.01881,0.002832,4.858E-4,0.002462,7.547E-4,0.005392,0.001806,1
1520868420458,true,1499.856,0,0.01455,0.007995,0.001852,3.025E-4,0.003691,0.001927,0.003045,9.023E-4,0.01151,0.01845,0.00283,4.89E-4,0.002475,7.501E-4,0.005391,0.00181,1
1520868420493,true,1499.913,0,0.01482,0.007974,0.001854,3.039E-4,0.003714,0.001925,0.003051,9.002E-4,0.01216,0.01785,0.002833,4.913E-4,0.002472,7.52E-4,0.005399,0.001809,1
1520868420629,true,1499.957,0,0.0151,0.008047,0.001862,3.027E-4,0.003718,0.001929,0.003053,9.015E-4,0.01227,0.01767,0.002835,4.931E-4,0.00246,7.564E-4,0.005417,0.001804,1
1520868420664,true,1500.015,0,0.01498,0.008323,0.001871,3.034E-4,0.003719,0.001929,0.003071,9.062E-4,0.01183,0.01792,0.002844,4.924E-4,0.002458,7.597E-4,0.005425,0.001805,1
1520868420698,true,1500.072,0,0.01455,0.008241,0.001883,3.04E-4,0.003717,0.00193,0.003074,9.123E-4,0.01178,0.01817,0.002855,4.894E-4,0.002458,7.617E-4,0.005413,0.001811,1
1520868420733,true,1500.13,0,0.01454,0.007919,0.001891,3.043E-4,0.003724,0.001927,0.003079,9.139E-4,0.01191,0.01819,0.002858,4.893E-4,0.002462,7.631E-4,0.005403,0.001817,1
1520868420768,true,1500.187,0,0.01501,0.007883,0.001898,3.041E-4,0.003729,0.001929,0.003079,9.114E-4,0.01246,0.01776,0.002855,4.911E-4,0.00247,7.609E-4,0.0054,0.001822,1
1520868420928,true,1500.258,0,0.01566,0.008032,0.001894,3.033E-4,0.003732,0.00193,0.003086,9.039E-4,0.01268,0.01756,0.002856,4.9E-4,0.002468,7.603E-4,0.0054,0.001827,1
1520868420963,true,1500.316,0,0.01604,0.00823,0.001892,3.021E-4,0.003732,0.001931,0.003086,9.023E-4,0.01205,0.01798,0.002847,4.902E-4,0.002456,7.597E-4,0.005404,0.001821,1
1520868420998,true,1500.373,0,0.01534,0.008518,0.001887,3.01E-4,0.003719,0.001932,0.003081,9.014E-4,0.01137,0.01848,0.002838,4.868E-4,0.002445,7.619E-4,0.005385,0.001823,1
1520868421033,true,1500.431,0,0.01461,0.008299,0.001876,3.042E-4,0.003709,0.001932,0.003074,9.025E-4,0.0111,0.01877,0.002816,4.922E-4,0.00243,7.655E-4,0.005358,0.001829,1
1520868421067,true,1500.488,0,0.01451,0.007908,0.001876,3.07E-4,0.003712,0.001934,0.003077,8.991E-4,0.01137,0.01855,0.002804,4.99E-4,0.002436,7.635E-4,0.005355,0.001831,1
1520868421204,true,1500.532,0,0.01469,0.007897,0.001886,3.078E-4,0.003721,0.001938,0.003079,9.006E-4,0.01201,0.01795,0.002807,4.997E-4,0.002437,7.648E-4,0.005362,0.001831,1
1520868421239,true,1500.59,0,0.01506,0.007982,0.001887,3.108E-4,0.003733,0.001941,0.003088,8.98E-4,0.01216,0.01765,0.002814,4.992E-4,0.002439,7.67E-4,0.005376,0.00183,1
1520868421273,true,1500.647,0,0.01535,0.008048,0.001896,3.104E-4,0.003738,0.001942,0.003095,9.021E-4,0.01168,0.01783,0.002824,4.984E-4,0.002434,7.706E-4,0.005385,0.001828,1
1520868421308,true,1500.705,0,0.01477,0.008104,0.001901,3.131E-4,0.003742,0.001944,0.003102,9.078E-4,0.0116,0.018,0.002826,4.999E-4,0.002438,7.715E-4,0.005374,0.001834,1
1520868421343,true,1500.762,0,0.01448,0.007781,0.001908,3.157E-4,0.003751,0.001945,0.003106,9.116E-4,0.01175,0.01814,0.002825,5.034E-4,0.002447,7.7E-4,0.005359,0.001839,1
1520868421504,true,1500.833,0,0.01499,0.007656,0.001907,3.188E-4,0.003761,0.001948,0.003106,9.118E-4,0.01218,0.01787,0.002823,5.049E-4,0.002459,7.672E-4,0.005358,0.001845,1
1520868421539,true,1500.891,0,0.01546,0.007863,0.001908,3.203E-4,0.00377,0.00195,0.003105,9.074E-4,0.01259,0.01745,0.002821,5.067E-4,0.002467,7.643E-4,0.005378,0.001843,1
1520868421573,true,1500.948,0,0.0156,0.008116,0.001911,3.207E-4,0.003772,0.001952,0.003109,9.083E-4,0.01232,0.01768,0.002819,5.076E-4,0.002455,7.692E-4,0.005382,0.00184,1
1520868421608,true,1501.006,0,0.01523,0.00847,0.001913,3.2E-4,0.003765,0.001955,0.003103,9.126E-4,0.01141,0.01825,0.002807,5.082E-4,0.002447,7.723E-4,0.005387,0.001838,1
1520868421643,true,1501.063,0,0.01463,0.00824,0.001908,3.18E-4,0.003751,0.001958,0.003091,9.183E-4,0.0111,0.01855,0.002796,5.086E-4,0.002447,7.727E-4,0.005375,0.001841,1
1520868421805,true,1501.133,0,0.01428,0.007841,0.001895,3.218E-4,0.003741,0.00196,0.003073,9.196E-4,0.01111,0.01851,0.00277,5.133E-4,0.002438,7.728E-4,0.005356,0.001844,1
1520868421839,true,1501.191,0,0.0145,0.007692,0.001887,3.256E-4,0.003731,0.001968,0.003072,9.159E-4,0.0117,0.01793,0.002756,5.193E-4,0.002431,7.744E-4,0.005346,0.001847,1
1520868421873,true,1501.248,0,0.01449,0.007869,0.001892,3.262E-4,0.003739,0.001973,0.003083,9.132E-4,0.0121,0.01748,0.00276,5.224E-4,0.002426,7.776E-4,0.005366,0.001843,1
1520868421908,true,1501.306,0,0.0149,0.007928,0.001905,3.271E-4,0.003757,0.001975,0.00309,9.183E-4,0.01178,0.01757,0.002764,5.24E-4,0.002421,7.822E-4,0.005385,0.001837,1
1520868421943,true,1501.363,0,0.01452,0.00796,0.00192,3.301E-4,0.003763,0.001978,0.003098,9.228E-4,0.01149,0.01776,0.002779,5.241E-4,0.00243,7.858E-4,0.005396,0.001836,1
1520868422079,true,1501.408,0,0.01432,0.007643,0.001939,3.323E-4,0.003773,0.00198,0.003111,9.279E-4,0.01145,0.01803,0.002785,5.27E-4,0.00244,7.86E-4,0.005389,0.001838,1
1520868422114,true,1501.466,0,0.01476,0.007338,0.001951,3.368E-4,0.003789,0.001984,0.003122,9.315E-4,0.01181,0.01781,0.002789,5.329E-4,0.002449,7.854E-4,0.0054,0.001838,1
1520868422149,true,1501.523,0,0.01514,0.007618,0.001965,3.391E-4,0.003806,0.001988,0.003127,9.324E-4,0.01216,0.01746,0.0028,5.349E-4,0.002461,7.843E-4,0.005414,0.00184,1
1520868422183,true,1501.581,0,0.01548,0.007837,0.001978,3.412E-4,0.003824,0.001992,0.003146,9.296E-4,0.01205,0.01752,0.002812,5.369E-4,0.00247,7.843E-4,0.005432,0.001834,1
1520868422218,true,1501.638,0,0.01548,0.00809,0.001996,3.415E-4,0.003835,0.001995,0.003157,9.333E-4,0.01129,0.01817,0.002822,5.366E-4,0.002476,7.858E-4,0.005454,0.001826,1
1520868422354,true,1501.684,0,0.01475,0.008127,0.002006,3.433E-4,0.003849,0.001992,0.003168,9.368E-4,0.01072,0.01873,0.002832,5.358E-4,0.002477,7.889E-4,0.005451,0.001827,1
1520868422388,true,1501.742,0,0.01443,0.007701,0.002013,3.435E-4,0.00385,0.001994,0.003174,9.402E-4,0.01073,0.01888,0.002827,5.389E-4,0.002482,7.904E-4,0.005445,0.001832,1
1520868422423,true,1501.799,0,0.01469,0.007455,0.002009,3.462E-4,0.003855,0.001996,0.003166,9.411E-4,0.01119,0.0185,0.002817,5.416E-4,0.002476,7.916E-4,0.00545,0.00183,1
1520868422458,true,1501.857,0,0.01473,0.007674,0.002006,3.505E-4,0.003849,0.002002,0.003175,9.396E-4,0.01186,0.01794,0.002809,5.476E-4,0.002463,7.98E-4,0.005457,0.001827,1
1520868422493,true,1501.914,0,0.01502,0.007824,0.002013,3.546E-4,0.003857,0.002008,0.003193,9.435E-4,0.01162,0.01799,0.002809,5.547E-4,0.002456,8.055E-4,0.005466,0.001825,1
1520868422654,true,1501.983,0,0.01486,0.008057,0.002036,3.58E-4,0.003869,0.002012,0.003207,9.501E-4,0.01136,0.01823,0.002823,5.569E-4,0.002464,8.081E-4,0.005476,0.001824,1
1520868422689,true,1502.041,0,0.01438,0.00793,0.002059,3.618E-4,0.003889,0.002013,0.00323,9.56E-4,0.0113,0.01846,0.002836,5.618E-4,0.00248,8.116E-4,0.005473,0.001832,1
1520868422724,true,1502.098,0,0.01455,0.00762,0.002091,3.65E-4,0.003921,0.002014,0.003248,9.641E-4,0.01146,0.01847,0.002851,5.664E-4,0.002496,8.096E-4,0.005473,0.001836,1
1520868422758,true,1502.156,0,0.01518,0.00766,0.002119,3.677E-4,0.003944,0.00202,0.003259,9.685E-4,0.01215,0.01797,0.002876,5.716E-4,0.002508,8.107E-4,0.00548,0.001841,1
1520868422793,true,1502.213,0,0.01563,0.007964,0.002143,3.719E-4,0.003976,0.002025,0.003283,9.704E-4,0.01213,0.01795,0.002891,5.767E-4,0.002511,8.166E-4,0.005494,0.001841,1
1520868422954,true,1502.283,0,0.016,0.008173,0.002168,3.76E-4,0.004,0.002031,0.00331,9.767E-4,0.01159,0.01842,0.002915,5.793E-4,0.002522,8.206E-4,0.005516,0.001836,1
1520868422989,true,1502.341,0,0.01554,0.008264,0.002195,3.796E-4,0.00402,0.002036,0.003338,9.793E-4,0.01096,0.01894,0.002936,5.79E-4,0.002542,8.227E-4,0.005528,0.001834,1
1520868423024,true,1502.398,0,0.01496,0.00799,0.002214,3.841E-4,0.004051,0.002036,0.003354,9.862E-4,0.01083,0.01926,0.002944,5.825E-4,0.002554,8.243E-4,0.005524,0.001841,1
1520868423058,true,1502.456,0,0.01515,0.007605,0.002228,3.859E-4,0.00407,0.00204,0.00337,9.877E-4,0.0112,0.01895,0.00295,5.863E-4,0.002565,8.247E-4,0.005525,0.001846,1
1520868423093,true,1502.513,0,0.01563,0.007617,0.00224,3.86E-4,0.004079,0.002044,0.00338,9.887E-4,0.01205,0.01826,0.002955,5.901E-4,0.002568,8.267E-4,0.005532,0.001847,1
1520868423229,true,1502.558,0,0.01603,0.007745,0.002242,3.899E-4,0.004089,0.002048,0.003391,9.906E-4,0.01212,0.01812,0.002959,5.943E-4,0.002556,8.332E-4,0.005538,0.001847,1
1520868423264,true,1502.616,0,0.01606,0.007948,0.002254,3.965E-4,0.004098,0.002056,0.003411,9.954E-4,0.01179,0.01835,0.002973,5.974E-4,0.002552,8.417E-4,0.005552,0.001846,1
1520868423299,true,1502.673,0,0.01576,0.007963,0.002286,4.002E-4,0.004117,0.00206,0.003425,0.001006,0.01162,0.01863,0.002994,6.016E-4,0.002563,8.47E-4,0.005554,0.00185,1
1520868423334,true,1502.731,0,0.01583,0.007771,0.002315,4.045E-4,0.004141,0.002066,0.003445,0.001013,0.01184,0.01862,0.003011,6.079E-4,0.002578,8.501E-4,0.00556,0.001856,1
1520868423368,true,1502.788,0,0.01646,0.007795,0.002345,4.091E-4,0.00417,0.002074,0.003471,0.001012,0.01247,0.01818,0.003034,6.146E-4,0.002602,8.513E-4,0.005572,0.001862,1
1520868423503,true,1502.834,0,0.01714,0.008018,0.002372,4.144E-4,0.004203,0.00208,0.003497,0.001012,0.01293,0.01789,0.003061,6.185E-4,0.002616,8.561E-4,0.005597,0.001862,1
1520868423538,true,1502.892,0,0.01749,0.008239,0.002406,4.188E-4,0.004234,0.002087,0.003517,0.001022,0.01247,0.01825,0.003083,6.248E-4,0.002632,8.615E-4,0.005618,0.001859,1
1520868423573,true,1502.949,0,0.01724,0.008506,0.002443,4.224E-4,0.004271,0.002091,0.003546,0.001027,0.01184,0.01879,0.003107,6.295E-4,0.002649,8.655E-4,0.005633,0.001862,1
1520868423608,true,1503.007,0,0.01649,0.00834,0.002472,4.261E-4,0.0043,0.002094,0.003573,0.001031,0.01161,0.01912,0.003124,6.349E-4,0.002664,8.673E-4,0.005644,0.001866,1
1520868423643,true,1503.064,0,0.01656,0.007935,0.002496,4.299E-4,0.004328,0.002098,0.003581,0.001042,0.01197,0.01888,0.003136,6.392E-4,0.002683,8.671E-4,0.005647,0.001874,1
1520868423804,true,1503.133,0,0.01696,0.007832,0.00251,4.337E-4,0.004359,0.002101,0.003591,0.001045,0.01257,0.01829,0.003152,6.425E-4,0.002694,8.704E-4,0.005664,0.001875,1
1520868423838,true,1503.191,0,0.01749,0.007864,0.002515,4.366E-4,0.004374,0.002105,0.003612,0.001047,0.01269,0.01806,0.003163,6.456E-4,0.002688,8.781E-4,0.005681,0.001876,1
1520868423873,true,1503.248,0,0.01748,0.008061,0.002516,4.399E-4,0.004378,0.002112,0.003619,0.001058,0.01235,0.01831,0.003167,6.489E-4,0.002691,8.824E-4,0.005687,0.001877,1
1520868423908,true,1503.306,0,0.01715,0.008055,0.00252,4.455E-4,0.004369,0.002119,0.003629,0.001065,0.012,0.01861,0.003167,6.51E-4,0.002692,8.867E-4,0.005676,0.001884,1
1520868423943,true,1503.363,0,0.01701,0.00776,0.002535,4.519E-4,0.004376,0.002125,0.003625,0.001076,0.01221,0.01871,0.003171,6.57E-4,0.002701,8.893E-4,0.005664,0.001892,1
1520868424079,true,1503.409,0,0.01741,0.007655,0.002552,4.584E-4,0.004404,0.002131,0.003626,0.001081,0.01267,0.01831,0.003185,6.629E-4,0.002719,8.886E-4,0.005672,0.001897,1
1520868424114,true,1503.467,0,0.01791,0.007924,0.002572,4.662E-4,0.004438,0.002137,0.003641,0.001081,0.01311,0.01792,0.003209,6.671E-4,0.002732,8.93E-4,0.005691,0.001898,1
1520868424149,true,1503.524,0,0.01836,0.008184,0.002597,4.709E-4,0.004458,0.002145,0.003664,0.00108,0.01271,0.01818,0.003231,6.713E-4,0.002744,8.983E-4,0.005718,0.001895,1
1520868424183,true,1503.582,0,0.01817,0.008543,0.002625,4.763E-4,0.004478,0.002151,0.003691,0.001083,0.01198,0.01868,0.00325,6.746E-4,0.002761,8.992E-4,0.005742,0.001892,1
1520868424218,true,1503.639,0,0.01743,0.008459,0.002646,4.819E-4,0.004504,0.002153,0.003709,0.00109,0.01159,0.01902,0.003272,6.787E-4,0.002784,9.008E-4,0.005751,0.001892,1
1520868424378,true,1503.708,0,0.01734,0.008043,0.002674,4.833E-4,0.004538,0.002157,0.003724,0.001093,0.01178,0.01896,0.003283,6.843E-4,0.002802,9.019E-4,0.005754,0.001897,1
1520868424412,true,1503.766,0,0.01761,0.007922,0.002688,4.875E-4,0.004558,0.002163,0.003727,0.001096,0.01242,0.01841,0.003294,6.895E-4,0.002813,9.02E-4,0.00578,0.001895,1
1520868424447,true,1503.823,0,0.01779,0.008052,0.002698,4.904E-4,0.004566,0.00217,0.003745,0.001093,0.01281,0.01793,0.003304,6.929E-4,0.002814,9.072E-4,0.005796,0.001893,1
1520868424483,true,1503.881,0,0.01807,0.008134,0.002705,4.925E-4,0.004566,0.002177,0.003755,0.001097,0.01241,0.01814,0.00331,6.96E-4,0.002808,9.129E-4,0.005808,0.001891,1
1520868424518,true,1503.938,0,0.01751,0.008313,0.002706,4.949E-4,0.004555,0.002182,0.003757,0.001105,0.0122,0.01829,0.003314,6.969E-4,0.002805,9.176E-4,0.005804,0.001893,1
1520868424678,true,1504.007,0,0.01711,0.008083,0.002702,4.977E-4,0.004547,0.002182,0.00376,0.001105,0.01218,0.01847,0.003303,7.005E-4,0.002796,9.196E-4,0.005776,0.001903,1
1520868424713,true,1504.065,0,0.01749,0.007779,0.002686,5.036E-4,0.004533,0.002187,0.003743,0.001109,0.01264,0.01821,0.003295,7.027E-4,0.002797,9.176E-4,0.005757,0.001911,1
1520868424748,true,1504.122,0,0.01798,0.008009,0.002678,5.101E-4,0.004538,0.002191,0.003739,0.001106,0.01317,0.01777,0.003297,7.068E-4,0.00279,9.219E-4,0.005759,0.001912,1
1520868424783,true,1504.18,0,0.01824,0.008279,0.002685,5.147E-4,0.004541,0.002197,0.003741,0.00111,0.01294,0.01786,0.003304,7.103E-4,0.002789,9.279E-4,0.005769,0.001909,1
1520868424817,true,1504.237,0,0.01833,0.008526,0.002693,5.196E-4,0.004552,0.002198,0.003751,0.001113,0.01228,0.01838,0.003314,7.134E-4,0.002798,9.302E-4,0.00578,0.001903,1
1520868424953,true,1504.283,0,0.01748,0.008627,0.002702,5.236E-4,0.004562,0.002199,0.003767,0.001114,0.0117,0.01889,0.003323,7.142E-4,0.002808,9.334E-4,0.005782,0.001902,1
1520868424988,true,1504.341,0,0.017,0.008282,0.00271,5.299E-4,0.004573,0.002198,0.003769,0.001119,0.01165,0.01907,0.003329,7.18E-4,0.002818,9.316E-4,0.00577,0.001906,1
1520868425023,true,1504.398,0,0.01706,0.008139,0.002712,5.332E-4,0.004588,0.002202,0.003768,0.001121,0.01211,0.01854,0.003333,7.214E-4,0.00283,9.294E-4,0.005773,0.001902,1
1520868425057,true,1504.456,0,0.01727,0.008263,0.002711,5.351E-4,0.004599,0.002205,0.003774,0.00112,0.01276,0.01789,0.003338,7.24E-4,0.002825,9.324E-4,0.005782,0.0019,1
1520868425092,true,1504.513,0,0.01733,0.00842,0.002706,5.376E-4,0.004605,0.002207,0.003792,0.001116,0.01263,0.01777,0.003339,7.257E-4,0.002816,9.374E-4,0.005796,0.001895,1
1520868425253,true,1504.582,0,0.01702,0.008577,0.0027,5.387E-4,0.004592,0.002208,0.00379,0.001125,0.01231,0.01792,0.00334,7.251E-4,0.002804,9.423E-4,0.005785,0.001896,1
1520868425288,true,1504.64,0,0.01662,0.008381,0.002694,5.402E-4,0.004578,0.002208,0.003786,0.001127,0.01221,0.0181,0.00333,7.264E-4,0.002795,9.438E-4,0.00576,0.001899,1
1520868425323,true,1504.697,0,0.01666,0.008068,0.002684,5.411E-4,0.00456,0.002209,0.003765,0.001131,0.01245,0.01801,0.003317,7.262E-4,0.00279,9.412E-4,0.005743,0.001901,1
1520868425357,true,1504.755,0,0.01698,0.008094,0.002659,5.439E-4,0.004542,0.002209,0.003752,0.001122,0.01298,0.01749,0.003297,7.292E-4,0.002773,9.411E-4,0.005726,0.001902,1
1520868425393,true,1504.812,0,0.01744,0.008331,0.002642,5.507E-4,0.004533,0.00221,0.003739,0.001121,0.01306,0.01726,0.003283,7.324E-4,0.00276,9.435E-4,0.005722,0.001898,1
1520868425528,true,1504.858,0,0.01757,0.008575,0.002636,5.547E-4,0.004523,0.002215,0.003742,0.001123,0.01236,0.01775,0.003286,7.328E-4,0.002756,9.465E-4,0.005733,0.001889,1
1520868425563,true,1504.916,0,0.01684,0.008715,0.002631,5.599E-4,0.004523,0.002216,0.00374,0.001127,0.01168,0.01836,0.003297,7.32E-4,0.00276,9.489E-4,0.005719,0.001891,1
1520868425598,true,1504.973,0,0.01627,0.00843,0.00263,5.639E-4,0.004527,0.002213,0.003735,0.00113,0.01152,0.01863,0.003304,7.326E-4,0.002761,9.492E-4,0.005704,0.001893,1
1520868425633,true,1505.031,0,0.01653,0.007973,0.002628,5.667E-4,0.004532,0.002216,0.003729,0.001129,0.01202,0.01826,0.003307,7.336E-4,0.002763,9.485E-4,0.005698,0.001896,1
1520868425668,true,1505.088,0,0.01683,0.007943,0.002628,5.683E-4,0.004539,0.002216,0.003727,0.001128,0.01265,0.01767,0.003318,7.329E-4,0.002759,9.499E-4,0.005699,0.001897,1
1520868425828,true,1505.157,0,0.01679,0.008183,0.002627,5.706E-4,0.004548,0.002216,0.003729,0.001126,0.01254,0.01761,0.003317,7.342E-4,0.002746,9.562E-4,0.005702,0.001893,1
1520868425863,true,1505.215,0,0.01686,0.008322,0.002628,5.725E-4,0.004542,0.002219,0.003735,0.001129,0.01218,0.0178,0.003318,7.328E-4,0.002736,9.6E-4,0.005706,0.001887,1
1520868425898,false,-1.0,-1,0.0,0.0,0.0,0.0,0.0,0.0,0.0,0.0,0.0,0.0,0.0,0.0,0.0,0.0,0.0,0.0,1
1520868425932,true,1505.33,0,0.01597,0.008092,0.002613,5.759E-4,0.004525,0.00222,0.00373,0.001134,0.01229,0.01806,0.003305,7.323E-4,0.002725,9.568E-4,0.00567,0.001897,1
1520868425967,true,1505.387,0,0.01645,0.008062,0.002596,5.782E-4,0.004509,0.002221,0.003713,0.001132,0.01276,0.01763,0.003289,7.335E-4,0.002717,9.513E-4,0.005655,0.0019,1
1520868426103,true,1505.433,0,0.01669,0.008405,0.002572,5.819E-4,0.004493,0.002222,0.00369,0.00113,0.01316,0.01726,0.003272,7.353E-4,0.002695,9.512E-4,0.005635,0.001902,1
1520868426138,true,1505.491,0,0.01716,0.008609,0.00256,5.871E-4,0.004478,0.002227,0.003688,0.00113,0.01247,0.01772,0.003268,7.361E-4,0.002678,9.56E-4,0.005634,0.001898,1
1520868426173,true,1505.548,0,0.01653,0.008858,0.002562,5.913E-4,0.004474,0.00223,0.003689,0.001135,0.01167,0.01831,0.003267,7.366E-4,0.002677,9.581E-4,0.005631,0.001895,1
1520868426208,true,1505.606,0,0.0159,0.008714,0.002567,5.966E-4,0.004474,0.002234,0.003685,0.001142,0.01134,0.01869,0.003273,7.376E-4,0.002682,9.59E-4,0.005617,0.001898,1
1520868426242,true,1505.663,0,0.01569,0.00839,0.002577,6.012E-4,0.004482,0.00224,0.003682,0.001145,0.01147,0.01865,0.003273,7.42E-4,0.002698,9.568E-4,0.005618,0.001897,1
1520868426404,false,-1.0,-1,0.0,0.0,0.0,0.0,0.0,0.0,0.0,0.0,0.0,0.0,0.0,0.0,0.0,0.0,0.0,0.0,1
1520868426438,false,1505.792,0,0.01628,0.008408,0.002592,0.0,0.004512,0.002249,0.003705,0.001144,0.01212,0.01792,0.003283,7.462E-4,0.002713,9.594E-4,0.00563,0.001897,1
1520868426473,true,1505.849,0,0.01659,0.008556,0.002604,6.135E-4,0.004517,0.002255,0.003718,0.001152,0.01165,0.01827,0.003291,7.47E-4,0.00271,9.642E-4,0.005638,0.001894,1
1520868426508,true,1505.907,0,0.01605,0.008593,0.00262,6.171E-4,0.004516,0.002261,0.003735,0.001154,0.01139,0.0185,0.003298,7.477E-4,0.002717,9.668E-4,0.005631,0.001896,1
1520868426542,false,1505.964,0,0.01569,0.008461,0.0,6.23E-4,0.004522,0.002263,0.00374,0.001161,0.01141,0.01874,0.003299,7.491E-4,0.002727,9.652E-4,0.005612,0.001904,1
1520868426678,true,1506.008,0,0.01621,0.008334,0.002625,6.287E-4,0.004521,0.002269,0.003741,0.001165,0.01182,0.01845,0.003297,7.494E-4,0.002736,9.628E-4,0.005605,0.001908,1
1520868426713,true,1506.066,0,0.01674,0.00866,0.002623,6.325E-4,0.004519,0.002272,0.003747,0.001162,0.01234,0.01803,0.003295,7.495E-4,0.002732,9.649E-4,0.005612,0.001909,1
1520868426747,true,1506.123,0,0.01702,0.009019,0.002617,6.351E-4,0.004514,0.002276,0.003742,0.001169,0.01201,0.01824,0.003294,7.478E-4,0.002723,9.686E-4,0.005603,0.001911,1
1520868426782,true,1506.181,0,0.01686,0.009329,0.002609,6.428E-4,0.004491,0.002284,0.003731,0.001175,0.01122,0.01889,0.003288,7.488E-4,0.002719,9.721E-4,0.005599,0.00191,1
1520868426818,true,1506.238,0,0.01622,0.009204,0.002622,6.492E-4,0.004496,0.002287,0.003746,0.001177,0.0109,0.01927,0.00329,7.512E-4,0.00273,9.727E-4,0.005595,0.001914,1
1520868426978,true,1506.309,0,0.01604,0.008821,0.002636,6.577E-4,0.004504,0.002292,0.003758,0.001181,0.01095,0.01933,0.003297,7.544E-4,0.00274,9.74E-4,0.005589,0.001921,1
1520868427013,true,1506.367,0,0.01624,0.008719,0.002654,6.624E-4,0.004517,0.002299,0.003771,0.001184,0.01148,0.01876,0.003301,7.58E-4,0.002757,9.73E-4,0.005602,0.001922,1
1520868427048,true,1506.424,0,0.01654,0.008836,0.002674,6.67E-4,0.004537,0.002305,0.003802,0.00118,0.01193,0.01839,0.00331,7.592E-4,0.002766,9.765E-4,0.005618,0.001922,1
1520868427083,true,1506.482,0,0.0168,0.009018,0.00269,6.73E-4,0.004548,0.002315,0.003827,0.001187,0.01162,0.01863,0.003327,7.582E-4,0.002768,9.826E-4,0.005634,0.001919,1
1520868427117,true,1506.539,0,0.01644,0.009323,0.002712,6.79E-4,0.004559,0.00232,0.003852,0.001192,0.01117,0.019,0.003343,7.569E-4,0.002781,9.855E-4,0.005643,0.00192,1
1520868427278,true,1506.608,0,0.0161,0.009177,0.002732,6.852E-4,0.004561,0.002328,0.003872,0.001201,0.01115,0.01928,0.003356,7.568E-4,0.002794,9.901E-4,0.00563,0.00193,1
1520868427313,true,1506.666,0,0.01647,0.008959,0.002748,6.897E-4,0.004574,0.002332,0.003878,0.001208,0.01167,0.01904,0.003357,7.588E-4,0.002806,9.903E-4,0.005626,0.001938,1
1520868427348,true,1506.723,0,0.01741,0.009029,0.002757,6.93E-4,0.004583,0.002336,0.003901,0.001207,0.01232,0.01863,0.003362,7.574E-4,0.002812,9.929E-4,0.005632,0.001942,1
1520868427382,true,1506.781,0,0.01797,0.009358,0.002768,6.952E-4,0.004585,0.002342,0.003908,0.001213,0.01216,0.01863,0.003365,7.56E-4,0.002808,9.964E-4,0.005646,0.001938,1
1520868427417,true,1506.838,0,0.01806,0.009652,0.002772,6.979E-4,0.004574,0.002347,0.003923,0.001217,0.01138,0.01927,0.00336,7.545E-4,0.002805,9.996E-4,0.005652,0.001933,1
1520868427553,true,1506.884,0,0.01755,0.009565,0.002774,7.013E-4,0.004557,0.00235,0.00393,0.00122,0.01098,0.01965,0.003358,7.508E-4,0.0028,0.001001,0.005639,0.001935,1
1520868427588,true,1506.942,0,0.01714,0.009232,0.002766,7.062E-4,0.004544,0.002356,0.003932,0.001228,0.01089,0.01989,0.003338,7.539E-4,0.002802,9.984E-4,0.005629,0.001937,1
1520868427623,true,1506.999,0,0.01755,0.008899,0.002769,7.116E-4,0.004545,0.002361,0.003929,0.001235,0.01137,0.01946,0.003338,7.555E-4,0.00281,0.001001,0.005636,0.00194,1
1520868427658,true,1507.057,0,0.01763,0.00897,0.002775,7.168E-4,0.004554,0.002369,0.003942,0.001234,0.01183,0.01906,0.003343,7.553E-4,0.002807,0.001006,0.005662,0.001935,1
1520868427693,true,1507.114,0,0.01783,0.009135,0.002789,7.193E-4,0.004556,0.002377,0.003969,0.001237,0.01182,0.01903,0.00336,7.533E-4,0.002807,0.001012,0.005683,0.00193,1
1520868427828,true,1507.158,0,0.01749,0.009372,0.002812,7.212E-4,0.004559,0.002381,0.003992,0.001246,0.01148,0.01931,0.003372,7.489E-4,0.002816,0.001016,0.00569,0.00193,1
1520868427863,true,1507.216,0,0.01715,0.009213,0.002824,7.261E-4,0.004566,0.002384,0.004007,0.001255,0.01146,0.01952,0.003376,7.494E-4,0.002822,0.001021,0.00568,0.001939,1
1520868427898,true,1507.273,0,0.01718,0.009006,0.002836,7.297E-4,0.004578,0.002386,0.004022,0.00126,0.01175,0.01949,0.00338,7.484E-4,0.002836,0.001016,0.00567,0.001946,1
1520868427933,true,1507.331,0,0.01805,0.008954,0.002844,7.348E-4,0.004587,0.002389,0.004033,0.00126,0.01235,0.01904,0.003393,7.451E-4,0.002845,0.001016,0.005679,0.001949,1
1520868427968,true,1507.388,0,0.01863,0.009304,0.002852,7.351E-4,0.0046,0.00239,0.004042,0.001264,0.01247,0.01896,0.0034,7.408E-4,0.002847,0.001017,0.005696,0.001947,1
1520868428128,true,1507.459,0,0.01895,0.009553,0.002857,7.357E-4,0.0046,0.00239,0.004047,0.00127,0.01178,0.01955,0.003403,7.351E-4,0.00284,0.001021,0.005706,0.001942,1
1520868428163,true,1507.517,0,0.01849,0.009799,0.002858,7.356E-4,0.004585,0.002391,0.004045,0.001277,0.0111,0.02013,0.003399,7.294E-4,0.002846,0.001021,0.005702,0.001945,1
1520868428198,true,1507.574,0,0.01793,0.009597,0.002855,7.341E-4,0.004573,0.00239,0.004051,0.00128,0.01099,0.02041,0.003382,7.283E-4,0.002854,0.001018,0.005684,0.001949,1
1520868428233,true,1507.632,0,0.01796,0.009309,0.002841,7.332E-4,0.004563,0.002393,0.004043,0.001282,0.01143,0.02007,0.003359,7.307E-4,0.002845,0.001018,0.005681,0.001949,1
1520868428267,true,1507.689,0,0.01838,0.009321,0.00282,7.361E-4,0.004541,0.002398,0.004034,0.001283,0.01202,0.01951,0.003343,7.309E-4,0.002833,0.001019,0.005688,0.001945,1
1520868428428,true,1507.758,0,0.01819,0.009589,0.002812,7.365E-4,0.004539,0.002401,0.004038,0.001289,0.01215,0.01929,0.00334,7.296E-4,0.002825,0.001023,0.005699,0.001941,1
1520868428463,true,1507.816,0,0.01801,0.009829,0.002816,7.352E-4,0.004541,0.002401,0.004041,0.001295,0.01166,0.0197,0.003337,7.274E-4,0.002821,0.001027,0.005706,0.00194,1
1520868428498,true,1507.873,0,0.01728,0.00994,0.002817,7.361E-4,0.004537,0.0024,0.004045,0.001304,0.01145,0.01996,0.003337,7.243E-4,0.002825,0.001027,0.0057,0.001943,1
1520868428533,true,1507.931,0,0.01718,0.009565,0.002823,7.361E-4,0.004534,0.002402,0.004044,0.001312,0.01163,0.02005,0.003332,7.223E-4,0.002837,0.001023,0.005683,0.001948,1
1520868428567,true,1507.988,0,0.01763,0.009545,0.002822,7.37E-4,0.004544,0.002404,0.00404,0.001311,0.01222,0.01966,0.003326,7.209E-4,0.002839,0.001021,0.005689,0.001947,1
1520868428703,true,1508.034,0,0.01807,0.009902,0.002819,7.374E-4,0.004548,0.002404,0.004046,0.001307,0.01271,0.01931,0.003325,7.18E-4,0.002843,0.001018,0.005696,0.001944,1
1520868428738,true,1508.092,0,0.01838,0.01016,0.002824,7.343E-4,0.004553,0.002403,0.004063,0.001306,0.01214,0.01979,0.003328,7.138E-4,0.002833,0.00102,0.005697,0.001941,1
1520868428773,true,1508.149,0,0.01813,0.01035,0.002824,7.312E-4,0.004544,0.002403,0.004065,0.001309,0.01142,0.02035,0.003324,7.089E-4,0.002829,0.001018,0.005699,0.001939,1
1520868428808,true,1508.207,0,0.0174,0.0102,0.002819,7.283E-4,0.004527,0.002403,0.004067,0.001311,0.01095,0.02082,0.003312,7.055E-4,0.002821,0.001018,0.005684,0.001944,1
1520868428842,true,1508.264,0,0.01756,0.009711,0.002804,7.265E-4,0.004523,0.0024,0.004058,0.001309,0.01111,0.0207,0.003287,7.045E-4,0.002818,0.001014,0.005684,0.001945,1
1520868428979,true,1508.309,0,0.01787,0.009689,0.002785,7.249E-4,0.004508,0.0024,0.004042,0.001307,0.0117,0.02009,0.003264,7.02E-4,0.002811,0.001012,0.005685,0.001944,1
1520868429013,true,1508.367,0,0.01803,0.009829,0.002755,7.24E-4,0.004486,0.002403,0.00403,0.001306,0.01183,0.01984,0.003237,7.012E-4,0.002782,0.001015,0.005682,0.00194,1
1520868429048,true,1508.424,0,0.01796,0.01004,0.002736,7.245E-4,0.004463,0.002405,0.004019,0.00131,0.01134,0.02006,0.003218,6.979E-4,0.002763,0.001016,0.00568,0.001939,1
1520868429083,true,1508.482,0,0.01723,0.01016,0.002728,7.243E-4,0.004454,0.002403,0.004022,0.00131,0.01119,0.02021,0.003206,6.956E-4,0.002757,0.001018,0.00567,0.001941,1
1520868429118,true,1508.539,0,0.01668,0.009939,0.002724,7.226E-4,0.004456,0.0024,0.004017,0.001314,0.01134,0.02025,0.003194,6.945E-4,0.002759,0.001017,0.00565,0.001946,1
1520868429278,true,1508.609,0,0.01728,0.009688,0.002715,7.22E-4,0.004449,0.002397,0.004016,0.001307,0.01189,0.0199,0.003184,6.933E-4,0.002762,0.001013,0.005644,0.001946,1
1520868429313,true,1508.667,0,0.01786,0.009935,0.002701,7.226E-4,0.00445,0.002396,0.004018,0.001302,0.01231,0.01949,0.003172,6.933E-4,0.002759,0.001012,0.005645,0.001946,1
1520868429348,true,1508.724,0,0.01824,0.01019,0.002691,7.232E-4,0.004445,0.002396,0.004026,0.001295,0.0121,0.01968,0.003168,6.912E-4,0.002754,0.001011,0.00564,0.001947,1
1520868429383,true,1508.782,0,0.01792,0.0105,0.002687,7.217E-4,0.004437,0.002395,0.004032,0.00129,0.01143,0.02021,0.00316,6.883E-4,0.002743,0.001012,0.005651,0.001941,1
1520868429417,true,1508.839,0,0.01737,0.0104,0.002677,7.207E-4,0.004436,0.002392,0.004036,0.001288,0.01107,0.02061,0.003145,6.847E-4,0.002741,0.001011,0.005652,0.001937,1
1520868429553,true,1508.884,0,0.01727,0.009949,0.002658,7.202E-4,0.004428,0.00239,0.004033,0.001286,0.01101,0.02072,0.003125,6.837E-4,0.002738,0.001005,0.005636,0.001937,1
1520868429588,true,1508.942,0,0.01763,0.009765,0.00263,7.201E-4,0.004416,0.002389,0.004017,0.001279,0.01156,0.0201,0.003099,6.843E-4,0.002726,0.001005,0.005621,0.001938,1
1520868429623,true,1508.999,0,0.01797,0.00973,0.002605,7.169E-4,0.0044,0.00239,0.00401,0.001272,0.01181,0.01969,0.00307,6.828E-4,0.002703,0.001005,0.005623,0.001934,1
1520868429658,true,1509.057,0,0.01804,0.009795,0.002576,7.159E-4,0.004376,0.00239,0.004001,0.001272,0.01147,0.01979,0.003047,6.806E-4,0.002672,0.001008,0.00562,0.00193,1
1520868429693,true,1509.114,0,0.01756,0.009914,0.002553,7.168E-4,0.004358,0.002391,0.00399,0.001274,0.01111,0.02004,0.00303,6.785E-4,0.002661,0.001009,0.005611,0.001931,1
1520868429853,true,1509.184,0,0.01721,0.009534,0.00254,7.176E-4,0.004347,0.00239,0.003988,0.001275,0.01108,0.02025,0.003015,6.784E-4,0.002657,0.001008,0.00559,0.001935,1
1520868429888,true,1509.242,0,0.01766,0.009177,0.002526,7.202E-4,0.004349,0.00239,0.00398,0.001272,0.01146,0.02,0.003,6.797E-4,0.002658,0.001004,0.005582,0.001939,1
1520868429923,true,1509.299,0,0.01863,0.009212,0.002514,7.217E-4,0.004344,0.002393,0.003971,0.001269,0.01221,0.01939,0.002989,6.809E-4,0.002648,0.001005,0.005589,0.001938,1
1520868429958,true,1509.357,0,0.01892,0.009481,0.002502,7.231E-4,0.004344,0.002395,0.003968,0.001265,0.01226,0.01934,0.002981,6.797E-4,0.00264,0.001004,0.005599,0.001931,1
1520868429993,true,1509.414,0,0.0189,0.009785,0.002495,7.246E-4,0.004342,0.002398,0.003976,0.001264,0.01144,0.01988,0.002972,6.804E-4,0.002625,0.001008,0.005608,0.001928,1
1520868430153,true,1509.485,0,0.01842,0.009728,0.002495,7.257E-4,0.00434,0.002398,0.003979,0.001266,0.01103,0.02033,0.00297,6.786E-4,0.002631,0.001006,0.005603,0.00193,1
1520868430188,true,1509.543,0,0.0178,0.009386,0.002488,7.279E-4,0.004337,0.002399,0.003973,0.001269,0.01091,0.02065,0.002957,6.793E-4,0.002629,0.001004,0.005591,0.001931,1
1520868430223,true,1509.6,0,0.01803,0.009112,0.002476,7.274E-4,0.004337,0.002398,0.003962,0.00127,0.01135,0.02023,0.002938,6.804E-4,0.00263,0.001,0.005583,0.001934,1
1520868430258,true,1509.658,0,0.01819,0.0092,0.002455,7.265E-4,0.004332,0.002399,0.003963,0.00126,0.01179,0.01966,0.002922,6.804E-4,0.00262,9.986E-4,0.005593,0.001931,1
1520868430293,true,1509.715,0,0.01844,0.009205,0.002437,7.24E-4,0.004316,0.002401,0.003958,0.001259,0.0116,0.01969,0.002904,6.786E-4,0.002592,0.001002,0.005598,0.001925,1
1520868430428,true,1509.759,0,0.01835,0.009291,0.002414,7.235E-4,0.0043,0.002399,0.003947,0.001262,0.01129,0.01979,0.002885,6.762E-4,0.002577,0.001,0.005597,0.00192,1
1520868430463,true,1509.817,0,0.01772,0.009126,0.002395,7.259E-4,0.004277,0.002402,0.003931,0.001265,0.01123,0.01995,0.002867,6.777E-4,0.002564,0.001,0.00556,0.001929,1
1520868430498,true,1509.874,0,0.01793,0.008708,0.002386,7.278E-4,0.004284,0.002402,0.00392,0.001269,0.0115,0.01986,0.002854,6.809E-4,0.00257,9.974E-4,0.00555,0.00193,1
1520868430533,true,1509.932,0,0.01833,0.008771,0.002379,7.296E-4,0.00429,0.002406,0.003913,0.001267,0.01216,0.01935,0.002843,6.839E-4,0.002574,9.946E-4,0.005559,0.001932,1
1520868430568,true,1509.989,0,0.01849,0.009107,0.002379,7.315E-4,0.004296,0.00241,0.003904,0.001271,0.01236,0.01914,0.002844,6.85E-4,0.002568,9.956E-4,0.005566,0.00193,1
1520868430728,true,1510.06,0,0.01903,0.00923,0.002387,7.315E-4,0.004314,0.002411,0.00391,0.001273,0.01178,0.01957,0.002851,6.833E-4,0.002568,9.95E-4,0.005586,0.001924,1
1520868430763,true,1510.118,0,0.01864,0.009305,0.002395,7.332E-4,0.004325,0.002411,0.003914,0.001274,0.01127,0.02007,0.002852,6.832E-4,0.00258,9.933E-4,0.005588,0.001925,1
1520868430798,true,1510.175,0,0.01816,0.008996,0.002403,7.357E-4,0.004342,0.002412,0.003928,0.001273,0.01112,0.02035,0.002853,6.833E-4,0.002591,9.917E-4,0.00559,0.001926,1
1520868430833,true,1510.233,0,0.01841,0.008605,0.002408,7.363E-4,0.004365,0.002416,0.003922,0.001274,0.01138,0.02008,0.002845,6.873E-4,0.0026,9.89E-4,0.005581,0.001932,1
1520868430868,true,1510.29,0,0.0186,0.00858,0.002404,7.377E-4,0.004385,0.002419,0.003933,0.001268,0.01194,0.01951,0.002845,6.882E-4,0.002604,9.864E-4,0.005595,0.001931,1
1520868431003,true,1510.334,0,0.01878,0.008633,0.002403,7.374E-4,0.004402,0.002421,0.003946,0.001268,0.01188,0.01934,0.002842,6.883E-4,0.002594,9.89E-4,0.00561,0.001927,1
1520868431038,true,1510.392,0,0.01869,0.008759,0.002402,7.375E-4,0.004401,0.002425,0.00395,0.001273,0.01152,0.01952,0.002846,6.84E-4,0.002582,9.916E-4,0.005618,0.001926,1
1520868431073,true,1510.449,0,0.01805,0.008666,0.002399,7.362E-4,0.004401,0.002423,0.003946,0.00128,0.01145,0.01962,0.002841,6.805E-4,0.002575,9.917E-4,0.005608,0.001929,1
1520868431108,true,1510.507,0,0.01776,0.00839,0.002391,7.365E-4,0.004391,0.002425,0.003928,0.001288,0.0117,0.01956,0.002825,6.815E-4,0.002567,9.906E-4,0.005586,0.001936,1
1520868431143,true,1510.564,0,0.01838,0.008235,0.002374,7.419E-4,0.004393,0.002429,0.00391,0.001288,0.01235,0.01903,0.002818,6.844E-4,0.002568,9.887E-4,0.005587,0.001938,1
1520868431278,true,1510.61,0,0.0188,0.008526,0.002377,7.42E-4,0.004404,0.002433,0.003908,0.001288,0.01277,0.01868,0.002829,6.835E-4,0.002568,9.903E-4,0.005592,0.001943,1
1520868431313,true,1510.668,0,0.01919,0.008765,0.002391,7.427E-4,0.004418,0.002437,0.003919,0.001288,0.01224,0.01907,0.00284,6.835E-4,0.002566,9.95E-4,0.005611,0.001935,1
1520868431348,true,1510.725,0,0.0189,0.008986,0.002409,7.44E-4,0.004427,0.002441,0.003935,0.001288,0.01166,0.01957,0.002855,6.834E-4,0.002574,9.945E-4,0.005619,0.001933,1
1520868431383,true,1510.783,0,0.01811,0.008911,0.002428,7.46E-4,0.004448,0.002442,0.003954,0.001288,0.01132,0.02001,0.00287,6.837E-4,0.002594,9.923E-4,0.005622,0.001937,1
1520868431418,true,1510.84,0,0.01792,0.008603,0.002441,7.493E-4,0.00447,0.002446,0.003969,0.001289,0.01161,0.01986,0.002873,6.868E-4,0.002612,9.918E-4,0.005636,0.001939,1
1520868431578,true,1510.909,0,0.01825,0.008544,0.002453,7.511E-4,0.004501,0.002449,0.003988,0.001289,0.01211,0.01932,0.002883,6.891E-4,0.00263,9.887E-4,0.005658,0.001939,1
1520868431613,true,1510.967,0,0.01835,0.008722,0.002465,7.528E-4,0.004529,0.002451,0.004008,0.00129,0.01233,0.01903,0.002898,6.89E-4,0.002636,9.894E-4,0.005678,0.001935,1
1520868431648,true,1511.024,0,0.01818,0.008919,0.002477,7.521E-4,0.004538,0.002455,0.004031,0.001294,0.01201,0.01923,0.002911,6.858E-4,0.002631,9.926E-4,0.005691,0.001934,1
1520868431683,true,1511.082,0,0.01776,0.008906,0.002487,7.517E-4,0.004541,0.002456,0.00404,0.001298,0.01179,0.01946,0.002916,6.86E-4,0.002633,9.942E-4,0.005696,0.001936,1
1520868431718,true,1511.139,0,0.01752,0.008558,0.002493,7.494E-4,0.004552,0.002454,0.004051,0.001299,0.01201,0.01953,0.00292,6.842E-4,0.002633,9.939E-4,0.005685,0.001942,1
1520868431880,true,1511.21,0,0.01818,0.008321,0.002494,7.478E-4,0.004564,0.002451,0.004043,0.001301,0.01264,0.01904,0.002914,6.848E-4,0.002637,9.912E-4,0.005672,0.00195,1
1520868431913,false,1568.0,0,0.01888,0.008437,0.0,7.487E-4,0.004563,0.002451,0.004042,0.001295,0.013,0.01867,0.002911,6.843E-4,0.002632,9.909E-4,0.005671,0.001952,1
1520868431948,true,1511.325,0,0.01922,0.008644,0.002467,7.537E-4,0.004553,0.002455,0.004047,0.001296,0.01258,0.01887,0.002905,6.883E-4,0.002631,9.926E-4,0.005683,0.001947,1
1520868431983,true,1511.383,0,0.01897,0.008999,0.002474,7.551E-4,0.004559,0.002455,0.004047,0.001303,0.01173,0.01951,0.002918,6.864E-4,0.002635,9.949E-4,0.00569,0.001945,1
1520868432018,true,1511.44,0,0.01834,0.008976,0.002485,7.571E-4,0.004573,0.002455,0.004058,0.001307,0.01131,0.01993,0.002934,6.863E-4,0.002649,9.963E-4,0.0057,0.001944,1
1520868432179,true,1511.51,0,0.01804,0.008704,0.002507,7.572E-4,0.004598,0.002454,0.004068,0.001308,0.0113,0.02005,0.002942,6.883E-4,0.002672,9.931E-4,0.005708,0.001943,1
1520868432213,true,1511.568,0,0.01831,0.00852,0.002516,7.598E-4,0.004627,0.002454,0.00409,0.001303,0.01175,0.01966,0.002952,6.9E-4,0.002695,9.9E-4,0.00573,0.001944,1
1520868432248,true,1511.625,0,0.01844,0.008705,0.002533,7.601E-4,0.004652,0.002456,0.004107,0.001304,0.01211,0.01928,0.002966,6.904E-4,0.002703,9.933E-4,0.005751,0.001941,1
1520868432283,true,1511.683,0,0.01859,0.008826,0.002551,7.603E-4,0.004669,0.002458,0.00412,0.001309,0.01184,0.01946,0.002986,6.88E-4,0.00271,9.967E-4,0.005775,0.001934,1
1520868432318,true,1511.74,0,0.01799,0.00902,0.002561,7.62E-4,0.004679,0.002459,0.004137,0.001311,0.01148,0.01975,0.003002,6.88E-4,0.002711,0.001001,0.005791,0.00193,1
1520868432453,true,1511.785,0,0.01738,0.00881,0.002577,7.616E-4,0.004698,0.002453,0.00415,0.001316,0.01156,0.01996,0.003008,6.881E-4,0.002723,9.987E-4,0.005781,0.001935,1
1520868432488,false,1511.843,0,0.01772,0.008517,0.0,0.0,0.0,0.0,0.0,0.0,0.0,0.0,0.0,0.0,0.0,0.0,0.0,0.0,1
1520868432523,true,1511.9,0,0.01836,0.008668,0.002574,7.636E-4,0.004709,0.002451,0.004156,0.001312,0.01246,0.01929,0.003006,6.921E-4,0.002728,9.965E-4,0.005781,0.001936,1
1520868432559,true,1511.958,0,0.01868,0.009017,0.00257,7.608E-4,0.004712,0.002449,0.004154,0.001312,0.01243,0.01933,0.003008,6.908E-4,0.00272,9.967E-4,0.005789,0.001932,1
1520868432593,true,1512.015,0,0.01869,0.009335,0.002563,7.579E-4,0.004701,0.002445,0.004148,0.001314,0.01163,0.01995,0.003006,6.878E-4,0.002709,9.982E-4,0.005786,0.001928,1
1520868432728,true,1512.06,0,0.01803,0.009368,0.002557,7.578E-4,0.004679,0.002445,0.004141,0.001315,0.01094,0.02052,0.002992,6.895E-4,0.002701,9.999E-4,0.005773,0.001928,1
1520868432763,true,1512.118,0,0.01751,0.009114,0.002555,7.595E-4,0.004673,0.002445,0.004138,0.001317,0.01072,0.02086,0.002992,6.91E-4,0.002713,9.961E-4,0.005762,0.001931,1
1520868432798,true,1512.175,0,0.01765,0.008975,0.002562,7.589E-4,0.004684,0.002443,0.004124,0.001318,0.01113,0.02049,0.002993,6.941E-4,0.002726,9.929E-4,0.005767,0.001933,1
1520868432833,true,1512.233,0,0.01779,0.009066,0.002567,7.584E-4,0.004694,0.002443,0.004133,0.001312,0.01167,0.02,0.002996,6.964E-4,0.00273,9.928E-4,0.005785,0.001928,1
1520868432868,true,1512.29,0,0.01814,0.009122,0.002575,7.577E-4,0.004714,0.002438,0.004151,0.001309,0.01149,0.01999,0.003009,6.954E-4,0.00273,9.967E-4,0.005806,0.001921,1
1520868433029,true,1512.361,0,0.0176,0.009299,0.00259,7.575E-4,0.004716,0.002439,0.004155,0.001314,0.011,0.02029,0.003023,6.938E-4,0.002741,9.973E-4,0.005813,0.001916,1
1520868433064,true,1512.419,0,0.0171,0.0091,0.002599,7.581E-4,0.00472,0.002438,0.004172,0.001315,0.01083,0.02054,0.003032,6.911E-4,0.002749,9.966E-4,0.005811,0.001918,1
1520868433098,true,1512.476,0,0.01715,0.008697,0.002608,7.564E-4,0.004732,0.002434,0.00417,0.001321,0.01129,0.02029,0.003037,6.911E-4,0.002762,9.934E-4,0.005804,0.00192,1
1520868433134,true,1512.534,0,0.01783,0.008702,0.002608,7.551E-4,0.004734,0.002436,0.004162,0.001321,0.01192,0.01977,0.003039,6.908E-4,0.002771,9.877E-4,0.005804,0.001925,1
1520868433168,true,1512.591,0,0.01824,0.00908,0.002608,7.528E-4,0.004736,0.002432,0.004154,0.00132,0.01217,0.01947,0.003039,6.901E-4,0.002766,9.851E-4,0.005806,0.001924,1
1520868433304,true,1512.635,0,0.0185,0.009363,0.0026,7.51E-4,0.004724,0.00243,0.004145,0.001319,0.01166,0.01991,0.00304,6.883E-4,0.002753,9.869E-4,0.005814,0.001916,1
1520868433338,true,1512.693,0,0.0178,0.009582,0.002594,7.476E-4,0.004715,0.002422,0.004145,0.001321,0.01107,0.02046,0.003031,6.882E-4,0.002751,9.858E-4,0.005801,0.001915,1
1520868433373,true,1512.75,0,0.0173,0.009326,0.002586,7.433E-4,0.004698,0.002417,0.004122,0.001319,0.01069,0.02087,0.003016,6.893E-4,0.00275,9.828E-4,0.005783,0.001918,1
1520868433408,true,1512.808,0,0.0176,0.009013,0.002566,7.404E-4,0.004679,0.002416,0.004106,0.001315,0.01096,0.02062,0.002989,6.923E-4,0.00274,9.797E-4,0.005772,0.001918,1
1520868433443,true,1512.865,0,0.01754,0.009082,0.002535,7.421E-4,0.00465,0.002416,0.004072,0.001315,0.01146,0.02005,0.002968,6.944E-4,0.002727,9.779E-4,0.005766,0.001914,1
1520868433604,true,1512.935,0,0.01769,0.009164,0.00252,7.434E-4,0.004643,0.002414,0.004062,0.001315,0.0114,0.01991,0.002964,6.946E-4,0.002705,9.833E-4,0.005763,0.00191,1
1520868433638,true,1512.993,0,0.01754,0.00931,0.002518,7.42E-4,0.004634,0.002413,0.004054,0.001317,0.01098,0.02011,0.002969,6.926E-4,0.002701,9.845E-4,0.005765,0.001905,1
1520868433673,true,1513.05,0,0.01682,0.009206,0.002521,7.395E-4,0.004626,0.002411,0.004057,0.001315,0.0109,0.02023,0.002973,6.907E-4,0.002703,9.837E-4,0.005751,0.001908,1
1520868433708,true,1513.108,0,0.01653,0.008879,0.002521,7.393E-4,0.004627,0.002406,0.004046,0.001315,0.01121,0.02012,0.002978,6.876E-4,0.002703,9.823E-4,0.005732,0.001913,1
1520868433743,true,1513.165,0,0.01723,0.008703,0.002517,7.385E-4,0.004621,0.002402,0.004041,0.001305,0.01192,0.01954,0.002972,6.887E-4,0.0027,9.813E-4,0.005724,0.001913,1
1520868433879,true,1513.211,0,0.01796,0.00896,0.00251,7.36E-4,0.004616,0.0024,0.004036,0.0013,0.01256,0.01899,0.002973,6.888E-4,0.002691,9.802E-4,0.005723,0.00191,1
1520868433913,true,1513.269,0,0.01829,0.009243,0.002506,7.322E-4,0.004603,0.002401,0.004026,0.001296,0.0123,0.01916,0.002974,6.861E-4,0.002686,9.792E-4,0.00573,0.001905,1
1520868433948,true,1513.326,0,0.01795,0.009416,0.002501,7.295E-4,0.004585,0.002397,0.004018,0.001294,0.01166,0.01959,0.002972,6.827E-4,0.002679,9.797E-4,0.005714,0.001902,1
1520868433983,true,1513.384,0,0.01712,0.009322,0.002491,7.266E-4,0.004575,0.00239,0.004009,0.00129,0.01121,0.02,0.002963,6.815E-4,0.002681,9.759E-4,0.005686,0.001906,1
1520868434018,true,1513.441,0,0.01693,0.008999,0.002479,7.218E-4,0.004558,0.002385,0.003985,0.001287,0.01129,0.01986,0.002949,6.802E-4,0.002664,9.724E-4,0.005668,0.001908,1
1520868434178,true,1513.51,0,0.01713,0.008903,0.002454,7.197E-4,0.004537,0.002381,0.003962,0.001279,0.01187,0.01923,0.002931,6.784E-4,0.002649,9.702E-4,0.005658,0.001909,1
1520868434213,true,1513.568,0,0.01736,0.008955,0.002429,7.155E-4,0.004513,0.002379,0.00394,0.001271,0.01189,0.01891,0.002911,6.783E-4,0.002623,9.706E-4,0.005643,0.001907,1
1520868434248,true,1513.625,0,0.01701,0.00912,0.002402,7.142E-4,0.004473,0.002377,0.003915,0.001273,0.01131,0.01916,0.00289,6.783E-4,0.002592,9.74E-4,0.005632,0.001902,1
1520868434283,true,1513.683,0,0.01639,0.009143,0.002383,7.135E-4,0.004444,0.002375,0.003897,0.001275,0.01114,0.01923,0.002882,6.743E-4,0.002575,9.764E-4,0.005606,0.001903,1
1520868434318,true,1513.74,0,0.01601,0.008794,0.002375,7.113E-4,0.004428,0.00237,0.003876,0.001273,0.01122,0.01929,0.002875,6.724E-4,0.002563,9.747E-4,0.005583,0.001905,1
1520868434453,true,1513.786,0,0.0165,0.00848,0.002367,7.075E-4,0.004408,0.002371,0.003862,0.001267,0.01184,0.01874,0.002872,6.706E-4,0.002553,9.73E-4,0.005563,0.001909,1
1520868434488,true,1513.844,0,0.01696,0.008696,0.002355,7.06E-4,0.004402,0.002368,0.003843,0.001261,0.01256,0.01819,0.002865,6.694E-4,0.002544,9.717E-4,0.005552,0.001911,1
1520868434524,true,1513.901,0,0.01737,0.008937,0.002354,7.012E-4,0.004394,0.002365,0.003831,0.001257,0.01236,0.01826,0.002862,6.687E-4,0.002528,9.723E-4,0.005539,0.001908,1
1520868434558,true,1513.959,0,0.01715,0.009297,0.002346,6.973E-4,0.004378,0.002362,0.003822,0.001255,0.0116,0.01883,0.002862,6.657E-4,0.002518,9.729E-4,0.005526,0.001903,1
1520868434593,true,1514.016,0,0.01638,0.009322,0.002338,6.949E-4,0.004356,0.002359,0.003814,0.001251,0.01111,0.01928,0.002854,6.64E-4,0.002513,9.699E-4,0.005498,0.001906,1
1520868434754,true,1514.085,0,0.01597,0.009043,0.002327,6.896E-4,0.004348,0.002351,0.003804,0.001243,0.01107,0.01947,0.002842,6.642E-4,0.002508,9.65E-4,0.00547,0.001907,1
1520868434789,true,1514.143,0,0.01648,0.008794,0.002302,6.874E-4,0.004338,0.002344,0.003781,0.001235,0.01166,0.01886,0.002821,6.64E-4,0.002493,9.627E-4,0.005455,0.001906,1
1520868434823,true,1514.2,0,0.01656,0.008939,0.002277,6.833E-4,0.004313,0.00234,0.003766,0.001227,0.01207,0.01835,0.002802,6.62E-4,0.002469,9.621E-4,0.005451,0.0019,1
1520868434858,true,1514.258,0,0.01682,0.009009,0.002251,6.794E-4,0.004279,0.00234,0.003747,0.001219,0.01165,0.01846,0.00278,6.586E-4,0.002436,9.648E-4,0.005446,0.001889,1
1520868434893,false,1514.315,0,0.01622,0.009066,0.002222,6.778E-4,0.004236,0.002336,0.003715,0.001218,0.01127,0.01858,0.00276,6.557E-4,0.002415,9.642E-4,0.0,0.0,1
1520868435028,true,1514.361,0,0.01555,0.008802,0.002197,6.766E-4,0.004206,0.002333,0.00369,0.001216,0.01136,0.01862,0.002736,6.576E-4,0.002392,9.663E-4,0.005377,0.001893,1
1520868435063,true,1514.419,0,0.01556,0.008504,0.002185,6.74E-4,0.004192,0.002328,0.003666,0.001214,0.01168,0.01837,0.002725,6.567E-4,0.002381,9.635E-4,0.005341,0.001899,1
1520868435098,true,1514.476,0,0.01618,0.008566,0.002174,6.724E-4,0.004181,0.002323,0.003647,0.001207,0.0124,0.01775,0.002717,6.562E-4,0.00237,9.627E-4,0.005327,0.001897,1
1520868435133,true,1514.534,0,0.01673,0.008826,0.002168,6.69E-4,0.004172,0.00232,0.003643,0.001202,0.0124,0.01766,0.002712,6.55E-4,0.002355,9.657E-4,0.005326,0.001892,1
1520868435168,true,1514.591,0,0.01687,0.009127,0.00217,6.661E-4,0.004159,0.002319,0.003636,0.0012,0.01174,0.01806,0.002712,6.514E-4,0.002344,9.678E-4,0.005319,0.001887,1
1520868435328,true,1514.66,0,0.01642,0.009196,0.00217,6.639E-4,0.00414,0.002314,0.003622,0.001202,0.01109,0.0186,0.002716,6.49E-4,0.00235,9.668E-4,0.005295,0.001887,1
1520868435363,true,1514.718,0,0.01612,0.008836,0.002168,6.615E-4,0.004138,0.002308,0.003613,0.0012,0.01074,0.01901,0.002714,6.474E-4,0.00235,9.646E-4,0.005281,0.001883,1
1520868435398,true,1514.775,0,0.01662,0.008522,0.00216,6.594E-4,0.004137,0.002303,0.0036,0.001193,0.01105,0.01871,0.002704,6.46E-4,0.002348,9.609E-4,0.005277,0.001882,1
