1520868525490,true,1604.865,0,0.02219,0.0114,0.002663,6.018E-4,0.004989,0.002282,0.004211,0.001127,0.01155,0.02371,0.003881,6.588E-4,0.003788,8.295E-4,0.006727,0.001802,0
1520868525525,true,1604.922,0,0.02225,0.01152,0.002629,5.998E-4,0.00496,0.002281,0.004178,0.001122,0.01227,0.02304,0.003866,6.552E-4,0.003771,8.276E-4,0.006712,0.001803,0
1520868525559,true,1604.98,0,0.02262,0.01166,0.0026,5.993E-4,0.004928,0.002282,0.004156,0.001118,0.01231,0.02289,0.00385,6.54E-4,0.00374,8.304E-4,0.006695,0.0018,0
1520868525594,true,1605.037,0,0.02236,0.01197,0.002592,5.972E-4,0.004911,0.002281,0.004144,0.001122,0.01178,0.02319,0.003853,6.489E-4,0.003723,8.336E-4,0.006681,0.001801,0
1520868525754,true,1605.108,0,0.02205,0.01192,0.002588,5.962E-4,0.004906,0.002276,0.004143,0.001119,0.01158,0.0235,0.00386,6.451E-4,0.003727,8.302E-4,0.006661,0.001805,0
1520868525790,true,1605.166,0,0.02206,0.01163,0.002586,5.939E-4,0.004898,0.002274,0.004125,0.001118,0.01148,0.02368,0.003862,6.434E-4,0.003727,8.276E-4,0.006638,0.00181,0
1520868525825,true,1605.223,0,0.0226,0.01157,0.002581,5.918E-4,0.004889,0.002274,0.004117,0.001111,0.01186,0.02332,0.003862,6.429E-4,0.003732,8.202E-4,0.006634,0.00181,0
1520868525859,true,1605.281,0,0.0228,0.01184,0.002575,5.895E-4,0.004884,0.002274,0.004116,0.001106,0.01194,0.0231,0.00387,6.397E-4,0.00373,8.191E-4,0.006632,0.001804,0
1520868525894,true,1605.338,0,0.02277,0.01212,0.002564,5.884E-4,0.004873,0.002274,0.004125,0.001101,0.01141,0.02349,0.003877,6.353E-4,0.003727,8.223E-4,0.006632,0.001801,0
1520868526055,true,1605.408,0,0.02212,0.01225,0.002561,5.849E-4,0.004855,0.002272,0.004121,0.001101,0.01105,0.02377,0.003885,6.294E-4,0.003725,8.208E-4,0.006627,0.001798,0
1520868526090,true,1605.466,0,0.02144,0.01201,0.002548,5.84E-4,0.004835,0.002272,0.004114,0.001099,0.01101,0.02386,0.003876,6.286E-4,0.003727,8.163E-4,0.006617,0.001798,0
1520868526125,true,1605.523,0,0.02146,0.01161,0.002529,5.823E-4,0.00482,0.00227,0.004091,0.001098,0.01141,0.02354,0.003863,6.263E-4,0.003717,8.143E-4,0.006601,0.001799,0
1520868526160,true,1605.581,0,0.02188,0.01162,0.002508,5.79E-4,0.004798,0.00227,0.004073,0.001097,0.01207,0.0229,0.003852,6.251E-4,0.003707,8.125E-4,0.006599,0.001798,0
1520868526195,true,1605.638,0,0.02229,0.01172,0.002485,5.756E-4,0.004775,0.002269,0.00406,0.001097,0.01238,0.02255,0.003839,6.221E-4,0.003681,8.139E-4,0.006591,0.001795,0
1520868526330,true,1605.683,0,0.02244,0.01189,0.002454,5.746E-4,0.004739,0.00227,0.004045,0.001098,0.01199,0.02276,0.003826,6.18E-4,0.003663,8.123E-4,0.006577,0.001791,0
1520868526365,true,1605.741,0,0.02196,0.01197,0.002429,5.74E-4,0.004703,0.002267,0.004024,0.0011,0.01177,0.02307,0.003808,6.161E-4,0.003645,8.12E-4,0.006552,0.001794,0
1520868526400,true,1605.798,0,0.02175,0.01171,0.002417,5.735E-4,0.004681,0.002265,0.003998,0.001104,0.0117,0.02334,0.003799,6.172E-4,0.003636,8.094E-4,0.006521,0.0018,0
1520868526435,true,1605.856,0,0.02217,0.01161,0.00241,5.733E-4,0.004669,0.002266,0.003982,0.001102,0.01218,0.02297,0.0038,6.161E-4,0.003635,8.062E-4,0.006509,0.001802,0
1520868526469,true,1605.913,0,0.02238,0.01185,0.002401,5.721E-4,0.00467,0.002264,0.003973,0.001095,0.01254,0.02258,0.003803,6.14E-4,0.003637,8.032E-4,0.006514,0.001798,0
1520868526630,true,1605.983,0,0.02231,0.01215,0.002396,5.697E-4,0.004676,0.002262,0.003976,0.001091,0.01227,0.02276,0.003808,6.1E-4,0.00363,8.031E-4,0.006523,0.001789,0
1520868526664,true,1606.041,0,0.02176,0.01236,0.00239,5.679E-4,0.004654,0.002262,0.00398,0.001092,0.01178,0.02313,0.003815,6.055E-4,0.003627,8.034E-4,0.00653,0.001784,0
1520868526699,true,1606.098,0,0.02088,0.01223,0.002385,5.664E-4,0.004648,0.002259,0.003991,0.001089,0.01144,0.02348,0.003816,6.039E-4,0.003629,8.016E-4,0.00652,0.001785,0
1520868526735,true,1606.156,0,0.0208,0.01175,0.002381,5.643E-4,0.004643,0.002259,0.003982,0.001094,0.01166,0.0234,0.0038,6.05E-4,0.003627,8.002E-4,0.00652,0.001782,0
1520868526769,true,1606.213,0,0.02119,0.01155,0.002368,5.614E-4,0.004643,0.002257,0.003968,0.001094,0.01251,0.02262,0.003794,6.021E-4,0.003623,7.961E-4,0.006526,0.00178,0
1520868526905,true,1606.258,0,0.02153,0.0116,0.002355,5.572E-4,0.004633,0.002257,0.003961,0.00109,0.01277,0.02225,0.003797,5.963E-4,0.003609,7.948E-4,0.006545,0.001771,0
1520868526940,true,1606.316,0,0.02205,0.01163,0.002345,5.521E-4,0.004607,0.002258,0.003956,0.001088,0.01257,0.02231,0.003789,5.918E-4,0.003592,7.958E-4,0.006544,0.001768,0
1520868526975,true,1606.373,0,0.02169,0.01164,0.002324,5.521E-4,0.004582,0.002255,0.003942,0.00109,0.01224,0.02251,0.003776,5.876E-4,0.003581,7.931E-4,0.006533,0.001766,0
1520868527010,true,1606.431,0,0.02134,0.01132,0.0023,5.496E-4,0.004562,0.00225,0.00392,0.001094,0.01209,0.02269,0.003762,5.832E-4,0.003572,7.874E-4,0.006516,0.001767,0
1520868527044,true,1606.488,0,0.02143,0.01105,0.002277,5.501E-4,0.00454,0.002249,0.003891,0.001091,0.01234,0.0224,0.00374,5.833E-4,0.003558,7.84E-4,0.006504,0.001764,0
1520868527205,true,1606.558,0,0.02169,0.01109,0.002266,5.51E-4,0.004525,0.00225,0.003886,0.001085,0.01286,0.02187,0.003737,5.818E-4,0.003551,7.815E-4,0.006498,0.001763,0
1520868527240,true,1606.616,0,0.02196,0.01116,0.002267,5.481E-4,0.004532,0.002245,0.003879,0.001088,0.01265,0.02193,0.003739,5.793E-4,0.003547,7.822E-4,0.006505,0.001759,0
1520868527275,true,1606.673,0,0.02169,0.0113,0.002273,5.461E-4,0.004532,0.002245,0.003883,0.00109,0.01199,0.02232,0.003745,5.766E-4,0.003537,7.862E-4,0.006519,0.00175,0
1520868527309,true,1606.731,0,0.02094,0.01111,0.002276,5.458E-4,0.004539,0.002239,0.003884,0.001094,0.01177,0.02246,0.00375,5.748E-4,0.00354,7.86E-4,0.00652,0.001749,0
1520868527344,true,1606.788,0,0.02042,0.01063,0.00228,5.475E-4,0.004549,0.002234,0.003881,0.0011,0.01217,0.02221,0.003752,5.722E-4,0.003551,7.801E-4,0.006513,0.001749,0
1520868527480,true,1606.833,0,0.02083,0.01018,0.002282,5.475E-4,0.004551,0.002234,0.003886,0.001099,0.01298,0.02139,0.003752,5.7E-4,0.003568,7.73E-4,0.006521,0.001746,0
1520868527515,true,1606.891,0,0.02094,0.01017,0.002285,5.43E-4,0.004561,0.00223,0.003893,0.001097,0.01369,0.02065,0.003759,5.67E-4,0.003567,7.749E-4,0.006541,0.001739,0
1520868527550,true,1606.948,0,0.02102,0.0102,0.002288,5.393E-4,0.004557,0.002229,0.003906,0.001095,0.01361,0.0205,0.003763,5.644E-4,0.003559,7.752E-4,0.006559,0.001732,0
1520868527585,true,1607.006,0,0.0206,0.01022,0.00229,5.353E-4,0.004547,0.002226,0.003909,0.001096,0.01323,0.02068,0.00377,5.57E-4,0.003563,7.737E-4,0.006557,0.001729,0
1520868527620,true,1607.063,0,0.02014,0.009879,0.002285,5.33E-4,0.004529,0.002226,0.003906,0.001098,0.01302,0.02083,0.003763,5.538E-4,0.003562,7.708E-4,0.006549,0.001728,0
1520868527780,true,1607.133,0,0.02016,0.009551,0.002283,5.295E-4,0.004515,0.002225,0.003902,0.001096,0.01329,0.02063,0.003749,5.524E-4,0.003561,7.662E-4,0.006545,0.001728,0
1520868527815,true,1607.191,0,0.02043,0.009573,0.002269,5.257E-4,0.004501,0.002224,0.003886,0.001089,0.01379,0.02002,0.003739,5.48E-4,0.003559,7.617E-4,0.006541,0.001726,0
1520868527850,true,1607.248,0,0.02043,0.009755,0.002249,5.249E-4,0.00449,0.002225,0.003874,0.001086,0.01371,0.01987,0.003728,5.452E-4,0.003543,7.633E-4,0.006551,0.001718,0
1520868527885,true,1607.306,0,0.02048,0.009742,0.002243,5.263E-4,0.00448,0.002226,0.003876,0.001089,0.01311,0.02022,0.00373,5.429E-4,0.003539,7.638E-4,0.006562,0.001712,0
1520868527919,false,1607.363,0,0.01943,0.009747,0.002249,5.27E-4,0.004477,0.002225,0.0,0.0,0.0,0.0,0.0,0.0,0.0,0.0,0.0,0.0,0
1520868528055,true,1607.408,0,0.01871,0.009304,0.00226,5.248E-4,0.00449,0.002219,0.003891,0.001091,0.01286,0.02033,0.003738,5.407E-4,0.003558,7.593E-4,0.006558,0.001714,0
1520868528090,true,1607.466,0,0.01861,0.008874,0.002266,5.251E-4,0.004514,0.002215,0.003897,0.001091,0.01337,0.01975,0.003744,5.39E-4,0.003572,7.57E-4,0.006575,0.001709,0
1520868528125,true,1607.523,0,0.01875,0.008791,0.002272,5.254E-4,0.00453,0.002211,0.003914,0.001085,0.01421,0.01892,0.003752,5.366E-4,0.003568,7.583E-4,0.006583,0.00171,0
1520868528160,true,1607.581,0,0.01897,0.008765,0.002285,5.214E-4,0.004537,0.002211,0.003937,0.001083,0.01434,0.0187,0.003766,5.326E-4,0.003563,7.602E-4,0.00661,0.001703,0
1520868528195,true,1607.638,0,0.01871,0.008984,0.002293,5.182E-4,0.004542,0.00221,0.003955,0.001081,0.01402,0.01889,0.003778,5.309E-4,0.003564,7.636E-4,0.006623,0.001697,0
1520868528355,true,1607.708,0,0.01809,0.008939,0.002303,5.148E-4,0.004543,0.002206,0.003971,0.001081,0.01377,0.0192,0.003781,5.285E-4,0.003579,7.612E-4,0.006622,0.001699,0
1520868528390,true,1607.766,0,0.01802,0.008632,0.00231,5.098E-4,0.004541,0.002204,0.003975,0.001083,0.01391,0.01918,0.00378,5.256E-4,0.003592,7.548E-4,0.006611,0.001705,0
1520868528425,false,-1.0,-1,0.0,0.0,0.0,0.0,0.0,0.0,0.0,0.0,0.0,0.0,0.0,0.0,0.0,0.0,0.0,0.0,0
1520868528460,true,1607.881,0,0.01871,0.009031,0.002291,5.041E-4,0.004528,0.002199,0.003987,0.001073,0.01452,0.01873,0.003772,5.213E-4,0.003604,7.453E-4,0.006623,0.001708,0
1520868528495,true,1607.938,0,0.01896,0.009158,0.002278,5.019E-4,0.00451,0.002201,0.003985,0.00107,0.0139,0.01912,0.003765,5.213E-4,0.003595,7.446E-4,0.006635,0.0017,0
1520868528655,true,1608.009,0,0.01848,0.009294,0.002272,5.034E-4,0.004491,0.002205,0.003978,0.001072,0.01324,0.01953,0.003764,5.192E-4,0.0036,7.421E-4,0.00664,0.001696,0
1520868528690,true,1608.067,0,0.01782,0.009112,0.002277,5.023E-4,0.004491,0.002204,0.00398,0.001074,0.01314,0.01975,0.003763,5.203E-4,0.0036,7.43E-4,0.006647,0.001696,0
1520868528725,true,1608.124,0,0.01778,0.008751,0.002282,5.013E-4,0.004499,0.002205,0.003981,0.001074,0.01337,0.01957,0.003769,5.207E-4,0.00361,7.416E-4,0.006653,0.001698,0
1520868528760,true,1608.182,0,0.018,0.008798,0.002284,5.012E-4,0.004508,0.002207,0.003994,0.001073,0.01403,0.01903,0.003778,5.204E-4,0.003615,7.417E-4,0.006668,0.0017,0
1520868528795,true,1608.239,0,0.01825,0.00894,0.002284,5.018E-4,0.004522,0.002209,0.004014,0.001074,0.01424,0.01884,0.003784,5.209E-4,0.003616,7.42E-4,0.006685,0.001697,0
1520868528930,true,1608.283,0,0.01824,0.009303,0.002294,5.006E-4,0.004528,0.00221,0.004021,0.00108,0.01389,0.01922,0.003793,5.191E-4,0.003614,7.457E-4,0.0067,0.001692,0
1520868528965,true,1608.341,0,0.01798,0.00935,0.002305,4.982E-4,0.004528,0.002209,0.004038,0.001085,0.01374,0.01943,0.003804,5.172E-4,0.003623,7.45E-4,0.006694,0.001697,0
1520868529000,true,1608.398,0,0.01787,0.009193,0.002313,4.981E-4,0.004538,0.002207,0.004036,0.001086,0.01377,0.01966,0.003806,5.155E-4,0.003623,7.457E-4,0.006688,0.001702,0
1520868529035,true,1608.456,0,0.01835,0.009131,0.00231,4.975E-4,0.004543,0.002208,0.00404,0.001085,0.01412,0.01946,0.003807,5.14E-4,0.003631,7.396E-4,0.006694,0.001704,0
1520868529070,true,1608.513,0,0.0188,0.009378,0.002308,4.962E-4,0.004549,0.002208,0.004042,0.001081,0.01429,0.01936,0.003809,5.128E-4,0.003625,7.357E-4,0.0067,0.001705,0
1520868529205,true,1608.558,0,0.01927,0.009533,0.002304,4.923E-4,0.004546,0.002208,0.004045,0.001079,0.01376,0.01976,0.003805,5.111E-4,0.003616,7.336E-4,0.006717,0.001698,0
1520868529240,true,1608.616,0,0.01876,0.009798,0.002292,4.933E-4,0.004538,0.00221,0.004044,0.001081,0.01316,0.02018,0.003791,5.094E-4,0.003605,7.34E-4,0.006727,0.00169,0
1520868529275,true,1608.673,0,0.01817,0.009738,0.002284,4.961E-4,0.004525,0.002214,0.004049,0.001085,0.01283,0.02054,0.003777,5.117E-4,0.003598,7.348E-4,0.006712,0.001695,0
1520868529310,true,1608.731,0,0.01825,0.009361,0.002288,4.966E-4,0.004538,0.002219,0.004052,0.00109,0.01303,0.02048,0.003772,5.153E-4,0.00361,7.31E-4,0.006717,0.001693,0
1520868529345,true,1608.788,0,0.01854,0.009359,0.002298,4.959E-4,0.004544,0.002226,0.004059,0.001088,0.01365,0.01995,0.003779,5.154E-4,0.003624,7.26E-4,0.00672,0.001695,0
1520868529505,true,1608.859,0,0.01918,0.009392,0.00231,4.959E-4,0.004563,0.002226,0.004067,0.001091,0.01402,0.01955,0.003794,5.132E-4,0.003624,7.264E-4,0.006734,0.001692,0
1520868529540,true,1608.917,0,0.01959,0.009485,0.002319,4.976E-4,0.004576,0.002228,0.004088,0.001095,0.0136,0.0199,0.003797,5.145E-4,0.003621,7.267E-4,0.006751,0.001688,0
1520868529575,true,1608.974,0,0.01913,0.009646,0.002328,5.001E-4,0.004593,0.002229,0.004098,0.001102,0.01341,0.02007,0.003813,5.128E-4,0.003636,7.239E-4,0.006747,0.001691,0
1520868529610,true,1609.032,0,0.01888,0.009457,0.002344,5.022E-4,0.004607,0.002232,0.004116,0.001102,0.01342,0.02034,0.003821,5.127E-4,0.00365,7.205E-4,0.006745,0.001693,0
1520868529644,true,1609.089,0,0.0193,0.009361,0.002356,5.041E-4,0.004619,0.002238,0.004131,0.001103,0.01368,0.02027,0.003834,5.133E-4,0.003669,7.131E-4,0.006746,0.001695,0
1520868529804,true,1609.158,0,0.0199,0.009537,0.002367,5.042E-4,0.004631,0.002242,0.004152,0.001094,0.01426,0.01988,0.003847,5.118E-4,0.003673,7.107E-4,0.006754,0.001694,0
1520868529839,true,1609.216,0,0.02007,0.009749,0.002376,5.047E-4,0.004639,0.002245,0.004176,0.001088,0.01399,0.02005,0.003857,5.103E-4,0.003661,7.12E-4,0.006759,0.001689,0
1520868529874,true,1609.273,0,0.02019,0.009951,0.002385,5.051E-4,0.00464,0.002246,0.004179,0.00109,0.01331,0.02054,0.003863,5.083E-4,0.003657,7.129E-4,0.006767,0.001683,0
1520868529909,true,1609.331,0,0.0194,0.009883,0.002387,5.064E-4,0.004638,0.002246,0.004184,0.001095,0.01295,0.02087,0.003854,5.084E-4,0.003658,7.127E-4,0.006764,0.001684,0
1520868529944,true,1609.388,0,0.01892,0.009516,0.002382,5.124E-4,0.004637,0.002251,0.004187,0.0011,0.01305,0.02093,0.003839,5.132E-4,0.003655,7.124E-4,0.006744,0.001687,0
1520868530080,true,1609.434,0,0.0191,0.009331,0.002392,5.161E-4,0.004652,0.002255,0.004191,0.001102,0.01347,0.02052,0.003841,5.165E-4,0.00366,7.094E-4,0.006751,0.001686,0
1520868530114,true,1609.492,0,0.01917,0.009529,0.002409,5.197E-4,0.004667,0.002263,0.004212,0.001102,0.01397,0.02006,0.00386,5.163E-4,0.003664,7.078E-4,0.006764,0.001682,0
1520868530150,true,1609.549,0,0.01942,0.00962,0.00243,5.22E-4,0.004692,0.002268,0.004236,0.001105,0.01389,0.02008,0.003879,5.174E-4,0.003664,7.108E-4,0.006772,0.001678,0
1520868530184,true,1609.607,0,0.0192,0.009733,0.002455,5.269E-4,0.004711,0.002272,0.004266,0.001109,0.01369,0.0202,0.003904,5.142E-4,0.003675,7.125E-4,0.006778,0.001677,0
1520868530219,true,1609.664,0,0.01888,0.009577,0.002482,5.311E-4,0.004737,0.002271,0.004296,0.001113,0.01374,0.02037,0.003923,5.147E-4,0.003692,7.126E-4,0.006769,0.00168,0
1520868530354,true,1609.708,0,0.01905,0.009356,0.002517,5.334E-4,0.00477,0.002274,0.004319,0.001116,0.01395,0.02026,0.003944,5.144E-4,0.00371,7.095E-4,0.006769,0.001686,0
1520868530389,true,1609.766,0,0.01951,0.009473,0.00255,5.357E-4,0.004803,0.002276,0.004334,0.001116,0.01453,0.01975,0.00397,5.137E-4,0.003728,7.034E-4,0.00677,0.001689,0
1520868530424,true,1609.823,0,0.01986,0.009679,0.002574,5.395E-4,0.004826,0.002281,0.004353,0.001118,0.01449,0.01966,0.003994,5.128E-4,0.003745,7.02E-4,0.006794,0.001681,0
1520868530459,true,1609.881,0,0.0199,0.009801,0.0026,5.415E-4,0.004841,0.002288,0.004372,0.00112,0.01382,0.02014,0.004014,5.131E-4,0.003754,7.005E-4,0.006813,0.001673,0
1520868530494,true,1609.938,0,0.01919,0.00981,0.002616,5.455E-4,0.004861,0.00229,0.004397,0.001122,0.01331,0.02052,0.004029,5.129E-4,0.003771,6.987E-4,0.006811,0.001675,0
1520868530654,true,1610.007,0,0.01888,0.009442,0.002631,5.488E-4,0.004876,0.002292,0.00441,0.001128,0.01321,0.02078,0.004034,5.141E-4,0.003785,6.964E-4,0.006802,0.001678,0
1520868530689,true,1610.065,0,0.01874,0.009273,0.002639,5.527E-4,0.004882,0.002299,0.004416,0.001129,0.01358,0.02054,0.004029,5.185E-4,0.0038,6.923E-4,0.0068,0.00168,0
1520868530724,true,1610.122,0,0.019,0.00929,0.002641,5.607E-4,0.004889,0.002307,0.004425,0.001134,0.01416,0.02008,0.00404,5.229E-4,0.00381,6.919E-4,0.006817,0.001677,0
1520868530759,true,1610.18,0,0.01937,0.009418,0.002659,5.654E-4,0.004906,0.002314,0.004445,0.00114,0.01409,0.0201,0.00406,5.239E-4,0.003823,6.935E-4,0.006834,0.001673,0
1520868530794,true,1610.237,0,0.01949,0.009662,0.002689,5.696E-4,0.004934,0.002316,0.004475,0.001147,0.01375,0.02042,0.004084,5.242E-4,0.003832,7.004E-4,0.00686,0.001668,0
1520868530929,true,1610.283,0,0.01903,0.009711,0.002722,5.737E-4,0.004965,0.002317,0.00451,0.001151,0.01363,0.02072,0.004113,5.243E-4,0.003851,7.046E-4,0.006869,0.001671,0
1520868530964,true,1610.341,0,0.01905,0.009519,0.002756,5.755E-4,0.004998,0.002319,0.004535,0.001153,0.0139,0.02086,0.004135,5.266E-4,0.003877,7.019E-4,0.006873,0.001677,0
1520868530999,true,1610.398,0,0.01957,0.009584,0.002783,5.804E-4,0.005026,0.002324,0.004553,0.001153,0.01443,0.02056,0.004161,5.278E-4,0.003896,7.015E-4,0.006884,0.001682,0
1520868531034,true,1610.456,0,0.0202,0.009914,0.002807,5.85E-4,0.00506,0.002326,0.004574,0.001152,0.01456,0.02057,0.004189,5.297E-4,0.003911,7.046E-4,0.006903,0.00168,0
1520868531069,true,1610.513,0,0.02052,0.01021,0.002834,5.878E-4,0.005088,0.00233,0.004607,0.001153,0.01392,0.02115,0.004221,5.281E-4,0.003925,7.069E-4,0.006922,0.001679,0
1520868531229,true,1610.582,0,0.02037,0.0104,0.002859,5.896E-4,0.005097,0.002336,0.004623,0.00116,0.01341,0.02178,0.004245,5.302E-4,0.00394,7.074E-4,0.006934,0.001682,0
1520868531264,true,1610.64,0,0.0199,0.0102,0.002878,5.928E-4,0.005122,0.002336,0.004643,0.001166,0.01318,0.02216,0.004253,5.331E-4,0.003951,7.069E-4,0.006937,0.001684,0
1520868531298,true,1610.697,0,0.02006,0.009893,0.002891,5.949E-4,0.005133,0.002339,0.004661,0.001165,0.01343,0.02211,0.00426,5.341E-4,0.003964,7.059E-4,0.006953,0.001682,0
1520868531334,true,1610.755,0,0.02055,0.009801,0.002893,5.953E-4,0.005146,0.00234,0.004663,0.001167,0.01387,0.02177,0.004251,5.393E-4,0.003973,7.043E-4,0.006964,0.001683,0
1520868531368,true,1610.812,0,0.02081,0.009925,0.002885,6.012E-4,0.005144,0.002346,0.004677,0.001167,0.01409,0.02163,0.004251,5.448E-4,0.003961,7.134E-4,0.006974,0.001683,0
1520868531529,true,1610.883,0,0.02118,0.01012,0.0029,6.038E-4,0.005158,0.002349,0.004684,0.001176,0.01378,0.02195,0.004261,5.472E-4,0.003967,7.201E-4,0.006991,0.001683,0
1520868531564,true,1610.941,0,0.02072,0.01022,0.002922,6.059E-4,0.005167,0.002352,0.004696,0.001182,0.01362,0.02231,0.004283,5.488E-4,0.003985,7.222E-4,0.007001,0.001687,0
1520868531599,true,1610.998,0,0.02068,0.009989,0.00294,6.082E-4,0.005193,0.002353,0.004711,0.001187,0.01376,0.02256,0.004301,5.508E-4,0.004006,7.203E-4,0.006998,0.001694,0
1520868531634,true,1611.056,0,0.02141,0.009898,0.002961,6.107E-4,0.005217,0.002354,0.004714,0.00119,0.01403,0.02246,0.00432,5.519E-4,0.004029,7.203E-4,0.007007,0.001699,0
1520868531669,true,1611.113,0,0.02186,0.01028,0.002979,6.139E-4,0.005237,0.002357,0.004733,0.001186,0.01437,0.02233,0.00434,5.553E-4,0.004035,7.253E-4,0.007029,0.0017,0
1520868531804,true,1611.159,0,0.02246,0.0105,0.002995,6.158E-4,0.005247,0.002364,0.004749,0.001189,0.01396,0.02275,0.004367,5.557E-4,0.004034,7.322E-4,0.007055,0.001696,0
1520868531839,true,1611.217,0,0.02233,0.01069,0.003014,6.165E-4,0.005258,0.002367,0.004768,0.001189,0.01319,0.02353,0.004386,5.56E-4,0.004052,7.324E-4,0.007074,0.001696,0
1520868531874,true,1611.274,0,0.02171,0.01063,0.003033,6.154E-4,0.005269,0.002368,0.004783,0.001189,0.01279,0.02399,0.004402,5.554E-4,0.004067,7.309E-4,0.007079,0.001698,0
1520868531909,true,1611.332,0,0.02162,0.0103,0.003042,6.15E-4,0.005286,0.002364,0.004792,0.001185,0.01293,0.02403,0.004411,5.567E-4,0.004065,7.346E-4,0.007079,0.001705,0
1520868531944,true,1611.389,0,0.02209,0.01018,0.003036,6.164E-4,0.005289,0.002364,0.004793,0.001181,0.0135,0.02357,0.004411,5.599E-4,0.004067,7.335E-4,0.007093,0.001707,0
1520868532104,true,1611.458,0,0.0224,0.0102,0.003027,6.146E-4,0.00528,0.002368,0.004784,0.00118,0.01369,0.02332,0.004408,5.617E-4,0.004063,7.36E-4,0.0071,0.001704,0
1520868532139,true,1611.516,0,0.02256,0.01031,0.003019,6.152E-4,0.005262,0.002369,0.004776,0.001183,0.01332,0.02363,0.004406,5.611E-4,0.004046,7.385E-4,0.007106,0.001701,0
1520868532174,true,1611.573,0,0.02225,0.01031,0.003011,6.197E-4,0.005253,0.002372,0.004776,0.001184,0.01314,0.02382,0.004401,5.627E-4,0.004043,7.412E-4,0.007091,0.001708,0
1520868532209,true,1611.631,0,0.0218,0.01013,0.003014,6.211E-4,0.005262,0.002371,0.004775,0.001186,0.01303,0.02418,0.004401,5.663E-4,0.004054,7.396E-4,0.007086,0.001713,0
1520868532244,true,1611.688,0,0.02221,0.00994,0.003021,6.215E-4,0.005277,0.002369,0.004776,0.001183,0.01356,0.0239,0.004405,5.704E-4,0.004066,7.407E-4,0.007076,0.001719,0
1520868532379,true,1611.734,0,0.0229,0.01002,0.003025,6.218E-4,0.00528,0.002371,0.004777,0.001181,0.01409,0.02351,0.00442,5.69E-4,0.004076,7.396E-4,0.007089,0.001718,0
1520868532414,true,1611.792,0,0.02322,0.01036,0.003034,6.203E-4,0.005289,0.00237,0.00479,0.001173,0.01384,0.02378,0.004437,5.678E-4,0.004082,7.388E-4,0.007096,0.001718,0
1520868532449,true,1611.849,0,0.02338,0.01066,0.003043,6.211E-4,0.005291,0.002371,0.004794,0.001175,0.01308,0.02441,0.004447,5.663E-4,0.004083,7.404E-4,0.007095,0.001715,0
1520868532484,true,1611.907,0,0.0225,0.01074,0.003046,6.206E-4,0.005291,0.002372,0.004795,0.001176,0.01267,0.0248,0.004462,5.639E-4,0.004093,7.39E-4,0.007085,0.001716,0
1520868532519,true,1611.964,0,0.02192,0.01045,0.003048,6.192E-4,0.005301,0.00237,0.004783,0.00118,0.01258,0.02496,0.004463,5.651E-4,0.004109,7.354E-4,0.007077,0.00172,0
1520868532655,true,1612.008,0,0.02196,0.01027,0.003039,6.191E-4,0.005301,0.002372,0.004773,0.001177,0.01297,0.02451,0.004468,5.625E-4,0.004116,7.321E-4,0.007082,0.001717,0
1520868532689,true,1612.066,0,0.02208,0.01035,0.003031,6.164E-4,0.005305,0.00237,0.00477,0.001172,0.01335,0.02405,0.004471,5.602E-4,0.00411,7.317E-4,0.007091,0.001715,0
1520868532724,true,1612.123,0,0.02205,0.0104,0.003017,6.128E-4,0.005293,0.002369,0.004767,0.001169,0.01322,0.02397,0.004464,5.58E-4,0.004092,7.346E-4,0.007091,0.001712,0
1520868532759,true,1612.181,0,0.02153,0.01054,0.002995,6.11E-4,0.005266,0.002369,0.004752,0.00117,0.01294,0.02409,0.004449,5.568E-4,0.004079,7.366E-4,0.007074,0.001712,0
1520868532794,true,1612.238,0,0.02087,0.01045,0.002973,6.118E-4,0.005236,0.00237,0.004738,0.001173,0.01284,0.02422,0.00443,5.59E-4,0.004073,7.358E-4,0.007053,0.001716,0
1520868532954,true,1612.309,0,0.02086,0.01018,0.002962,6.14E-4,0.005221,0.002371,0.004722,0.001172,0.0132,0.02393,0.004425,5.6E-4,0.004072,7.334E-4,0.007039,0.001721,0
1520868532989,true,1612.367,0,0.02171,0.01018,0.002955,6.135E-4,0.005221,0.002372,0.004715,0.001167,0.0137,0.02351,0.004431,5.58E-4,0.004079,7.299E-4,0.007039,0.001721,0
1520868533024,true,1612.424,0,0.02193,0.0105,0.00295,6.139E-4,0.005219,0.002373,0.004712,0.001165,0.01364,0.02338,0.004441,5.566E-4,0.004066,7.323E-4,0.007046,0.001719,0
1520868533059,true,1612.482,0,0.02215,0.01079,0.002954,6.128E-4,0.005211,0.002376,0.004709,0.001167,0.01304,0.02386,0.004457,5.539E-4,0.004065,7.335E-4,0.007053,0.001713,0
1520868533094,true,1612.539,0,0.02167,0.01087,0.002955,6.137E-4,0.005197,0.002378,0.004703,0.001169,0.01248,0.02439,0.004472,5.5E-4,0.004062,7.351E-4,0.007054,0.001711,0
1520868533254,true,1612.608,0,0.02125,0.01058,0.002962,6.109E-4,0.005197,0.002378,0.0047,0.001171,0.01229,0.02471,0.00448,5.492E-4,0.004068,7.325E-4,0.007048,0.001711,0
1520868533289,true,1612.666,0,0.02128,0.01024,0.00296,6.095E-4,0.005203,0.002378,0.004694,0.001165,0.01269,0.02432,0.00448,5.494E-4,0.004072,7.295E-4,0.007041,0.001713,0
1520868533324,true,1612.723,0,0.02164,0.01021,0.002957,6.058E-4,0.005198,0.002379,0.004689,0.001161,0.01321,0.02376,0.004485,5.46E-4,0.004064,7.311E-4,0.007053,0.00171,0
1520868533359,true,1612.781,0,0.02173,0.0103,0.002946,6.03E-4,0.005188,0.002378,0.004682,0.001163,0.0131,0.02366,0.004481,5.445E-4,0.004052,7.322E-4,0.007059,0.001705,0
1520868533393,true,1612.838,0,0.02138,0.0105,0.002936,5.981E-4,0.005177,0.002374,0.004658,0.001168,0.0128,0.02373,0.004474,5.415E-4,0.004036,7.33E-4,0.007061,0.001702,0
1520868533554,true,1612.909,0,0.02063,0.01044,0.002923,5.943E-4,0.005153,0.002372,0.004654,0.001167,0.01275,0.02379,0.004462,5.388E-4,0.00402,7.321E-4,0.007038,0.001707,0
1520868533589,true,1612.967,0,0.02045,0.01012,0.0029,5.925E-4,0.005124,0.00237,0.004624,0.001171,0.01293,0.02367,0.004443,5.366E-4,0.004005,7.308E-4,0.007021,0.001709,0
1520868533624,true,1613.024,0,0.02083,0.01008,0.002876,5.935E-4,0.005097,0.002371,0.004592,0.00117,0.01353,0.02312,0.004436,5.358E-4,0.003997,7.271E-4,0.007004,0.00171,0
1520868533659,true,1613.082,0,0.02153,0.01023,0.002865,5.919E-4,0.005088,0.002371,0.004583,0.001163,0.01376,0.02282,0.004434,5.352E-4,0.003988,7.282E-4,0.006998,0.001711,0
1520868533694,true,1613.139,0,0.0217,0.01052,0.00286,5.908E-4,0.005073,0.002374,0.004583,0.001161,0.01327,0.02317,0.004439,5.321E-4,0.003982,7.295E-4,0.007001,0.001707,0
1520868533805,true,1613.16,0,0.02119,0.01082,0.002865,5.884E-4,0.005067,0.002375,0.004587,0.001158,0.0127,0.02358,0.004452,5.28E-4,0.003985,7.303E-4,0.007001,0.001705,0
1520868533840,true,1613.218,0,0.0206,0.01072,0.002862,5.884E-4,0.005068,0.002371,0.004588,0.001162,0.01246,0.02391,0.004457,5.268E-4,0.003996,7.284E-4,0.006991,0.001708,0
1520868533875,true,1613.275,0,0.02056,0.0104,0.002863,5.871E-4,0.005069,0.00237,0.00458,0.001162,0.0127,0.02374,0.004459,5.278E-4,0.004001,7.273E-4,0.007001,0.001705,0
1520868533910,true,1613.333,0,0.02081,0.01032,0.002863,5.84E-4,0.005071,0.002371,0.004583,0.001159,0.013,0.02331,0.004473,5.241E-4,0.004001,7.253E-4,0.007023,0.002,0
1520868533944,true,1613.39,0,0.0209,0.01042,0.00286,5.813E-4,0.005065,0.002374,0.004587,0.001154,0.01308,0.02308,0.00448,5.2E-4,0.003991,7.263E-4,0.007035,0.001698,0
1520868534104,true,1613.459,0,0.02096,0.01047,0.002854,5.781E-4,0.005059,0.002373,0.004581,0.001158,0.0128,0.02319,0.004486,5.14E-4,0.003982,7.262E-4,0.007046,0.001693,0
1520868534139,true,1613.517,0,0.0205,0.0105,0.002845,5.742E-4,0.005046,0.00237,0.004575,0.001162,0.0127,0.0233,0.004481,5.118E-4,0.003977,7.257E-4,0.007041,0.001695,0
1520868534174,true,1613.574,0,0.0202,0.01015,0.002834,5.7E-4,0.005024,0.00237,0.004562,0.001165,0.01282,0.02331,0.004466,5.115E-4,0.003968,7.233E-4,0.00703,0.001696,0
1520868534209,true,1613.632,0,0.02066,0.009894,0.002813,5.673E-4,0.005003,0.002367,0.004547,0.001162,0.01328,0.02287,0.004453,5.077E-4,0.00396,7.191E-4,0.007019,0.001698,0
1520868534244,true,1613.689,0,0.02105,0.01023,0.002784,5.63E-4,0.004973,0.002368,0.004525,0.001159,0.01369,0.0224,0.004437,5.039E-4,0.003937,7.213E-4,0.007003,0.0017,0
1520868534405,true,1613.76,0,0.02124,0.01051,0.002755,5.634E-4,0.004931,0.00237,0.004503,0.001158,0.01333,0.02262,0.00442,5.016E-4,0.003913,7.238E-4,0.006998,0.001694,0
1520868534440,true,1613.818,0,0.02092,0.01084,0.002743,5.634E-4,0.004908,0.002369,0.004491,0.001158,0.01265,0.02309,0.004419,4.987E-4,0.003901,7.247E-4,0.006992,0.001693,0
1520868534475,true,1613.875,0,0.02023,0.01081,0.002739,5.621E-4,0.0049,0.002366,0.004487,0.001154,0.0123,0.02357,0.004417,4.976E-4,0.003908,7.203E-4,0.006981,0.001694,0
1520868534510,true,1613.933,0,0.01995,0.01052,0.002735,5.609E-4,0.004901,0.002361,0.004479,0.001157,0.01226,0.02368,0.004421,4.961E-4,0.003916,7.163E-4,0.006976,0.001695,0
1520868534545,true,1613.99,0,0.01997,0.01051,0.002729,5.603E-4,0.004905,0.002359,0.00446,0.001159,0.01271,0.0232,0.004429,4.952E-4,0.003922,7.119E-4,0.006982,0.001693,0
1520868534679,true,1614.034,0,0.01995,0.0106,0.002727,5.575E-4,0.004908,0.002358,0.004467,0.001156,0.01295,0.0229,0.004437,4.925E-4,0.003923,7.093E-4,0.006997,0.001687,0
1520868534714,true,1614.092,0,0.01997,0.01064,0.002721,5.557E-4,0.004901,0.002359,0.004467,0.001159,0.01263,0.02301,0.004442,4.9E-4,0.003917,7.095E-4,0.007009,0.001681,0
1520868534749,true,1614.149,0,0.01935,0.0107,0.00272,5.521E-4,0.004896,0.002357,0.004476,0.001158,0.01244,0.02314,0.004445,4.862E-4,0.003927,7.063E-4,0.00701,0.001679,0
1520868534784,true,1614.207,0,0.01867,0.01048,0.002711,5.489E-4,0.004884,0.002355,0.004479,0.001159,0.01267,0.02311,0.004447,4.84E-4,0.00393,7.02E-4,0.007003,0.001679,0
1520868534819,true,1614.264,0,0.01918,0.01017,0.002694,5.455E-4,0.004869,0.002351,0.004468,0.001157,0.01312,0.0228,0.004435,4.827E-4,0.003931,6.97E-4,0.006992,0.001679,0
1520868534979,true,1614.333,0,0.01979,0.01021,0.002675,5.423E-4,0.004856,0.002346,0.004455,0.00115,0.01391,0.02215,0.004428,4.774E-4,0.003918,6.962E-4,0.006994,0.001677,0
1520868535014,true,1614.391,0,0.02035,0.01045,0.002648,5.392E-4,0.004826,0.002346,0.004443,0.001145,0.01388,0.02211,0.004414,4.729E-4,0.003896,6.973E-4,0.006994,0.00167,0
1520868535049,true,1614.448,0,0.02019,0.01082,0.002626,5.342E-4,0.0048,0.002339,0.004432,0.001141,0.0131,0.02268,0.004399,4.67E-4,0.003882,6.939E-4,0.006981,0.001664,0
1520868535084,true,1614.506,0,0.01975,0.0108,0.002597,5.306E-4,0.004777,0.00233,0.004407,0.001136,0.01261,0.02313,0.004378,4.63E-4,0.003875,6.885E-4,0.006954,0.001665,0
1520868535119,true,1614.563,0,0.0193,0.01055,0.00256,5.294E-4,0.004746,0.002323,0.00438,0.001131,0.0124,0.02339,0.00435,4.628E-4,0.003863,6.836E-4,0.006935,0.001663,0
1520868535255,true,1614.609,0,0.01922,0.01039,0.002537,5.297E-4,0.004726,0.00232,0.00436,0.001126,0.01267,0.02311,0.004334,4.627E-4,0.003851,6.822E-4,0.006925,0.001663,0
1520868535290,true,1614.667,0,0.01897,0.0106,0.002515,5.274E-4,0.00472,0.002315,0.004351,0.00112,0.01294,0.02273,0.004337,4.587E-4,0.003849,6.792E-4,0.006931,0.001658,0
1520868535324,true,1614.724,0,0.01921,0.01065,0.002499,5.245E-4,0.00471,0.002311,0.004344,0.00112,0.01258,0.02285,0.004339,4.552E-4,0.003843,6.803E-4,0.006935,0.00165,0
1520868535359,true,1614.782,0,0.01884,0.01065,0.002491,5.221E-4,0.004702,0.002305,0.004344,0.001117,0.01217,0.02303,0.004335,4.522E-4,0.003839,6.812E-4,0.006938,0.001645,0
1520868535394,true,1614.839,0,0.01837,0.01039,0.00248,5.178E-4,0.004687,0.0023,0.004339,0.001117,0.01239,0.02298,0.004329,4.504E-4,0.003839,6.792E-4,0.006932,0.001646,0
1520868535555,true,1614.91,0,0.01844,0.00998,0.002469,5.143E-4,0.004682,0.002294,0.004319,0.001121,0.01275,0.02272,0.004321,4.484E-4,0.00383,6.771E-4,0.006911,0.001649,0
1520868535589,true,1614.968,0,0.01898,0.009978,0.002446,5.119E-4,0.004672,0.002292,0.004314,0.001114,0.01341,0.02221,0.004318,4.44E-4,0.003833,6.72E-4,0.006913,0.001646,0
1520868535625,true,1615.025,0,0.01924,0.01028,0.002426,5.067E-4,0.004655,0.00229,0.004302,0.001112,0.01356,0.02204,0.004315,4.391E-4,0.003821,6.716E-4,0.006918,0.001642,0
1520868535659,true,1615.083,0,0.01949,0.01056,0.002403,5.028E-4,0.004633,0.002287,0.004289,0.001112,0.01299,0.02246,0.004304,4.327E-4,0.003803,6.728E-4,0.006917,0.001635,0
1520868535694,true,1615.14,0,0.01904,0.01072,0.002382,4.984E-4,0.004608,0.00228,0.004273,0.001107,0.01249,0.02288,0.004295,4.253E-4,0.003793,6.684E-4,0.0069,0.001633,0
1520868535830,true,1615.184,0,0.01859,0.01046,0.002349,4.958E-4,0.004581,0.002274,0.004249,0.001104,0.01218,0.02324,0.004266,4.215E-4,0.003782,6.658E-4,0.006877,0.001634,0
1520868535865,true,1615.242,0,0.01879,0.01017,0.00232,4.907E-4,0.004557,0.002267,0.004224,0.001096,0.01249,0.02295,0.00423,4.229E-4,0.003776,6.603E-4,0.00686,0.001632,0
1520868535900,true,1615.299,0,0.01886,0.01026,0.002285,4.854E-4,0.004528,0.00226,0.004189,0.00109,0.0127,0.02259,0.004198,4.198E-4,0.003756,6.574E-4,0.006851,0.001629,0
1520868535935,true,1615.357,0,0.01904,0.01026,0.002239,4.808E-4,0.004489,0.002255,0.004162,0.001084,0.01239,0.02266,0.004168,4.159E-4,0.003726,6.587E-4,0.006843,0.001619,0
1520868535970,true,1615.414,0,0.01872,0.01037,0.002208,4.776E-4,0.004447,0.002254,0.004137,0.001083,0.01195,0.02285,0.004133,4.153E-4,0.0037,6.618E-4,0.00684,0.001613,0
1520868536129,true,1615.484,0,0.01828,0.01019,0.002186,4.737E-4,0.004424,0.00225,0.004116,0.001086,0.01178,0.023,0.004117,4.143E-4,0.003689,6.612E-4,0.006821,0.001615,0
1520868536164,true,1615.542,0,0.01801,0.009865,0.002169,4.701E-4,0.004416,0.002242,0.0041,0.001085,0.01216,0.02279,0.004101,4.131E-4,0.003675,6.602E-4,0.006802,0.00162,0
1520868536199,true,1615.599,0,0.0186,0.009731,0.002152,4.658E-4,0.004413,0.002237,0.004083,0.00108,0.01285,0.02219,0.004091,4.095E-4,0.003671,6.583E-4,0.006788,0.001623,0
1520868536234,true,1615.657,0,0.01904,0.009942,0.002135,4.619E-4,0.004407,0.002233,0.00408,0.001071,0.01335,0.02176,0.004087,4.062E-4,0.003659,6.574E-4,0.006788,0.001619,0
1520868536269,true,1615.714,0,0.01961,0.01017,0.002116,4.588E-4,0.004396,0.002228,0.004079,0.001065,0.01292,0.02208,0.004082,3.992E-4,0.00364,6.593E-4,0.00679,0.001612,0
1520868536405,true,1615.759,0,0.01922,0.01045,0.002105,4.535E-4,0.004383,0.002221,0.004071,0.001063,0.01244,0.02259,0.004079,3.922E-4,0.003639,6.546E-4,0.006777,0.001613,0
1520868536440,true,1615.817,0,0.01872,0.01036,0.002084,4.503E-4,0.004369,0.002214,0.004057,0.001065,0.01211,0.02297,0.004059,3.898E-4,0.00363,6.508E-4,0.006761,0.001613,0
1520868536475,true,1615.874,0,0.01886,0.01004,0.002063,4.454E-4,0.004362,0.002209,0.004034,0.001062,0.01217,0.02298,0.004035,3.873E-4,0.003622,6.477E-4,0.006746,0.001612,0
1520868536509,true,1615.932,0,0.01914,0.01001,0.002038,4.42E-4,0.00434,0.002207,0.004016,0.001053,0.01248,0.02263,0.004014,3.839E-4,0.003604,6.472E-4,0.00673,0.00161,0
1520868536544,true,1615.989,0,0.01924,0.01013,0.002009,4.391E-4,0.004317,0.002203,0.004002,0.001044,0.01241,0.02253,0.003992,3.78E-4,0.003577,6.472E-4,0.006722,0.001608,0
1520868536705,true,1616.06,0,0.01904,0.0103,0.001988,4.336E-4,0.004286,0.002199,0.003979,0.00104,0.01189,0.02272,0.003965,3.739E-4,0.003552,6.48E-4,0.006715,0.001601,0
1520868536740,true,1616.118,0,0.01849,0.01019,0.001956,4.288E-4,0.00425,0.002193,0.003961,0.001039,0.01168,0.02291,0.003935,3.681E-4,0.003524,6.46E-4,0.006683,0.001603,0
1520868536774,true,1616.175,0,0.01821,0.009786,0.00192,4.231E-4,0.004208,0.002191,0.003927,0.001038,0.01183,0.02288,0.0039,3.654E-4,0.003494,6.441E-4,0.006651,0.001604,0
1520868536809,true,1616.233,0,0.01853,0.009535,0.001882,4.202E-4,0.004182,0.002186,0.003889,0.001033,0.0125,0.02226,0.003859,3.641E-4,0.003467,6.398E-4,0.006627,0.001604,0
1520868536844,true,1616.29,0,0.01888,0.009683,0.001843,4.215E-4,0.00415,0.002184,0.003864,0.001027,0.01324,0.02172,0.003832,3.629E-4,0.003441,6.386E-4,0.0066,0.001606,0
1520868537005,true,1616.36,0,0.01943,0.009901,0.00183,4.163E-4,0.004137,0.002181,0.003853,0.001021,0.01303,0.02177,0.003818,3.621E-4,0.003422,6.382E-4,0.006578,0.001604,0
1520868537040,true,1616.418,0,0.0193,0.01028,0.001824,4.111E-4,0.004118,0.00218,0.003845,0.001017,0.01266,0.02205,0.003815,3.571E-4,0.003413,6.347E-4,0.00657,0.001597,0
1520868537075,true,1616.475,0,0.01862,0.01031,0.001816,4.08E-4,0.004108,0.002176,0.003835,0.001014,0.0124,0.0224,0.003809,3.532E-4,0.003408,6.311E-4,0.00655,0.0016,0
1520868537110,true,1616.533,0,0.01852,0.0101,0.00181,4.045E-4,0.004105,0.002171,0.003815,0.001014,0.01249,0.02244,0.003798,3.51E-4,0.003409,6.231E-4,0.006532,0.001601,0
1520868537145,true,1616.59,0,0.01872,0.01008,0.001802,4.012E-4,0.004098,0.002168,0.003796,0.00101,0.01295,0.02197,0.003787,3.48E-4,0.003403,6.185E-4,0.006521,0.001599,0
1520868537280,false,-1.0,-1,0.0,0.0,0.0,0.0,0.0,0.0,0.0,0.0,0.0,0.0,0.0,0.0,0.0,0.0,0.0,0.0,0
1520868537315,true,1616.693,0,0.01891,0.01036,0.001776,3.948E-4,0.004078,0.002162,0.003785,9.986E-4,0.01244,0.02198,0.003765,3.421E-4,0.003382,6.145E-4,0.006523,0.001583,0
1520868537350,true,1616.75,0,0.01823,0.01042,0.001761,3.909E-4,0.004057,0.002156,0.003784,9.909E-4,0.01203,0.02221,0.003749,3.372E-4,0.003365,6.147E-4,0.006501,0.001581,0
1520868537385,true,1616.808,0,0.01751,0.0101,0.001746,3.858E-4,0.004035,0.002152,0.003778,9.894E-4,0.01206,0.02219,0.00373,3.325E-4,0.003348,6.133E-4,0.00647,0.001582,0
1520868537420,true,1616.865,0,0.01762,0.009708,0.001725,3.825E-4,0.004012,0.002149,0.003742,9.919E-4,0.01257,0.02172,0.003706,3.305E-4,0.003333,6.087E-4,0.006439,0.001586,0
1520868537555,true,1616.91,0,0.01824,0.009596,0.001692,3.806E-4,0.003986,0.002147,0.003716,9.862E-4,0.01327,0.02109,0.003682,3.286E-4,0.003311,6.044E-4,0.006422,0.001585,0
1520868537590,true,1616.968,0,0.01855,0.009748,0.001663,3.778E-4,0.003959,0.002142,0.003688,9.807E-4,0.01325,0.02097,0.003653,3.238E-4,0.003278,6.032E-4,0.006403,0.001581,0
1520868537624,true,1617.025,0,0.01864,0.01009,0.001635,3.732E-4,0.003913,0.002142,0.003656,9.8E-4,0.01274,0.02127,0.003623,3.209E-4,0.003244,6.033E-4,0.006386,0.001576,0
1520868537660,true,1617.083,0,0.01819,0.01014,0.001611,3.73E-4,0.00387,0.002141,0.003626,9.798E-4,0.0124,0.02166,0.0036,3.196E-4,0.003224,6.018E-4,0.006356,0.001575,0
1520868537694,true,1617.14,0,0.01791,0.009933,0.0016,3.724E-4,0.003855,0.002137,0.003595,9.82E-4,0.01227,0.02188,0.003584,3.203E-4,0.003215,5.985E-4,0.00633,0.001576,0
1520868537854,true,1617.21,0,0.01809,0.009874,0.001589,3.728E-4,0.003854,0.002136,0.003575,9.779E-4,0.01265,0.02152,0.003575,3.204E-4,0.00321,5.934E-4,0.006321,0.001574,0
1520868537890,true,1617.268,0,0.01822,0.009973,0.001581,3.721E-4,0.00385,0.002134,0.003569,9.684E-4,0.01294,0.02117,0.003571,3.173E-4,0.003203,5.887E-4,0.006308,0.001573,0
1520868537928,true,1617.325,0,0.01811,0.01005,0.001573,3.697E-4,0.003845,0.00213,0.003564,9.629E-4,0.01255,0.02132,0.00357,3.13E-4,0.00319,5.878E-4,0.00631,0.001565,0
1520868537963,true,1617.383,0,0.01764,0.01018,0.001573,3.671E-4,0.00384,0.002127,0.003555,9.619E-4,0.012,0.02158,0.003557,3.122E-4,0.003175,5.905E-4,0.006314,0.001558,0
1520868537998,true,1617.44,0,0.01707,0.009832,0.001571,3.644E-4,0.003832,0.002124,0.003553,9.598E-4,0.01185,0.0217,0.003545,3.096E-4,0.003156,5.937E-4,0.006295,0.001561,0
1520868538155,true,1617.511,0,0.01698,0.009434,0.001566,3.632E-4,0.003823,0.002122,0.00354,9.622E-4,0.01207,0.02146,0.003526,3.101E-4,0.003146,5.891E-4,0.006275,0.001565,0
1520868538190,true,1617.569,0,0.01746,0.009284,0.001557,3.589E-4,0.003815,0.00212,0.003524,9.556E-4,0.01284,0.02075,0.003516,3.064E-4,0.003131,5.892E-4,0.006263,0.001564,0
1520868538225,true,1617.626,0,0.01789,0.009463,0.001544,3.561E-4,0.003796,0.002119,0.003517,9.504E-4,0.01318,0.02031,0.003504,3.032E-4,0.003112,5.883E-4,0.006258,0.001559,0
1520868538259,true,1617.684,0,0.01821,0.009678,0.001528,3.52E-4,0.00377,0.002119,0.003512,9.482E-4,0.01277,0.02058,0.003489,2.991E-4,0.003094,5.86E-4,0.006243,0.001556,0
1520868538294,true,1617.741,0,0.01777,0.009886,0.001507,3.492E-4,0.003744,0.002116,0.003501,9.503E-4,0.01242,0.02085,0.003468,2.957E-4,0.00307,5.875E-4,0.006207,0.001561,0
1520868538430,true,1617.785,0,0.01731,0.00966,0.001485,3.473E-4,0.003721,0.00211,0.00348,9.502E-4,0.01218,0.02121,0.003437,2.96E-4,0.003054,5.849E-4,0.006182,0.001564,0
1520868538464,true,1617.843,0,0.01755,0.009445,0.001461,3.455E-4,0.003703,0.002102,0.003452,9.466E-4,0.01228,0.02107,0.003406,2.957E-4,0.003031,5.828E-4,0.006155,0.001566,0
1520868538499,true,1617.9,0,0.01797,0.009506,0.001431,3.457E-4,0.00368,0.0021,0.003421,9.405E-4,0.01264,0.02075,0.003371,2.983E-4,0.003004,5.813E-4,0.006136,0.001568,0
1520868538534,true,1617.958,0,0.01828,0.009613,0.001416,3.454E-4,0.003666,0.002102,0.003411,9.364E-4,0.01236,0.02088,0.003356,3.009E-4,0.002986,5.834E-4,0.006132,0.001566,0
1520868538569,true,1618.015,0,0.01799,0.009754,0.001413,3.449E-4,0.003663,0.002101,0.003404,9.371E-4,0.0118,0.02118,0.003356,2.977E-4,0.00297,5.881E-4,0.006133,0.001563,0
1520868538706,true,1618.061,0,0.01714,0.009625,0.001409,3.45E-4,0.003664,0.002097,0.003409,9.377E-4,0.01151,0.02141,0.003348,2.98E-4,0.002966,5.875E-4,0.006122,0.001566,0
1520868538740,true,1618.119,0,0.01682,0.00924,0.001414,3.427E-4,0.003661,0.002096,0.003406,9.351E-4,0.01164,0.02138,0.003339,2.982E-4,0.00296,5.86E-4,0.006103,0.001574,0
1520868538775,true,1618.176,0,0.01723,0.009052,0.001414,3.409E-4,0.00366,0.002094,0.003401,9.349E-4,0.01231,0.02082,0.003336,2.982E-4,0.002958,5.845E-4,0.006102,0.001577,0
1520868538810,true,1618.234,0,0.01754,0.009264,0.001418,3.381E-4,0.003661,0.002093,0.003412,9.297E-4,0.01282,0.02034,0.003331,2.991E-4,0.002944,5.866E-4,0.0061,0.00158,0
1520868538845,true,1618.291,0,0.01803,0.009415,0.001417,3.346E-4,0.003653,0.002095,0.00341,9.321E-4,0.01255,0.02048,0.003328,2.96E-4,0.002926,5.915E-4,0.006095,0.001579,0
1520868539005,true,1618.36,0,0.01798,0.009569,0.001417,3.333E-4,0.003644,0.002092,0.003402,9.347E-4,0.01212,0.02089,0.003323,2.917E-4,0.002905,5.951E-4,0.006083,0.001579,0
1520868539040,true,1618.418,0,0.01761,0.009391,0.001415,3.309E-4,0.003638,0.002088,0.003402,9.34E-4,0.01203,0.02118,0.003308,2.917E-4,0.002899,5.914E-4,0.006056,0.001587,0
1520868539078,true,1618.475,0,0.01781,0.009171,0.001413,3.294E-4,0.003629,0.002087,0.003385,9.339E-4,0.01219,0.02112,0.003289,2.919E-4,0.002886,5.906E-4,0.006027,0.001597,0
1520868539113,true,1618.533,0,0.01834,0.00921,0.001403,3.255E-4,0.003611,0.002089,0.003376,9.272E-4,0.01246,0.02085,0.003271,2.916E-4,0.00287,5.883E-4,0.006015,0.001601,0
1520868539148,true,1618.59,0,0.01848,0.009391,0.00139,3.24E-4,0.003603,0.002086,0.003371,9.221E-4,0.01233,0.02082,0.003247,2.914E-4,0.002847,5.894E-4,0.00601,0.0016,0
1520868539305,true,1618.661,0,0.01844,0.009499,0.001372,3.211E-4,0.003578,0.002085,0.003355,9.247E-4,0.01171,0.02122,0.003219,2.903E-4,0.002827,5.896E-4,0.006001,0.001598,0
1520868539340,true,1618.719,0,0.01787,0.009386,0.00135,3.224E-4,0.003549,0.002087,0.003332,9.292E-4,0.01127,0.02151,0.003185,2.939E-4,0.002814,5.891E-4,0.00599,0.001599,0
1520868539375,true,1618.776,0,0.0174,0.009046,0.001345,3.241E-4,0.003548,0.002085,0.003326,9.315E-4,0.01131,0.02164,0.00317,2.961E-4,0.002807,5.907E-4,0.005963,0.001608,0
1520868539410,true,1618.834,0,0.01755,0.008774,0.001351,3.221E-4,0.003556,0.002085,0.003325,9.317E-4,0.01204,0.02107,0.003165,2.981E-4,0.002807,5.891E-4,0.00597,0.001612,0
1520868539445,true,1618.891,0,0.01783,0.00895,0.001355,3.221E-4,0.003564,0.002086,0.003323,9.324E-4,0.01286,0.02041,0.003158,3.012E-4,0.00281,5.879E-4,0.005976,0.001612,0
1520868539580,true,1618.935,0,0.01848,0.009046,0.001365,3.205E-4,0.003577,0.002087,0.003331,9.337E-4,0.01284,0.02036,0.003158,3.028E-4,0.002802,5.921E-4,0.005971,0.001616,0
1520868539615,true,1618.993,0,0.01843,0.00938,0.001375,3.201E-4,0.003575,0.002087,0.003339,9.352E-4,0.01243,0.02068,0.003164,3.009E-4,0.0028,5.948E-4,0.005971,0.001616,0
1520868539649,true,1619.05,0,0.01797,0.009312,0.001388,3.19E-4,0.003583,0.002084,0.003358,9.35E-4,0.01237,0.02095,0.003164,2.998E-4,0.002805,5.939E-4,0.005956,0.001619,0
1520868539684,true,1619.108,0,0.01801,0.009093,0.001396,3.175E-4,0.003597,0.002083,0.003359,9.361E-4,0.01239,0.02114,0.003165,3.002E-4,0.002814,5.904E-4,0.005943,0.001627,0
1520868539719,true,1619.165,0,0.01842,0.009111,0.001404,3.167E-4,0.003603,0.002085,0.003357,9.328E-4,0.01282,0.02076,0.003162,3.012E-4,0.002819,5.891E-4,0.005949,0.001626,0
1520868539880,true,1619.236,0,0.01861,0.009358,0.001405,3.149E-4,0.003608,0.002086,0.003359,9.286E-4,0.0129,0.02063,0.003156,3.033E-4,0.002815,5.897E-4,0.005959,0.001624,0
1520868539915,false,-1.0,-1,0.0,0.0,0.0,0.0,0.0,0.0,0.0,0.0,0.0,0.0,0.0,0.0,0.0,0.0,0.0,0.0,0
1520868539950,true,1619.351,0,0.01851,0.009515,0.001407,3.104E-4,0.003594,0.002086,0.003353,9.353E-4,0.01168,0.02134,0.003135,3.041E-4,0.002809,5.902E-4,0.005942,0.001626,0
1520868539984,true,1619.409,0,0.01792,0.009202,0.001405,3.1E-4,0.003592,0.002082,0.00334,9.389E-4,0.01173,0.02141,0.003117,3.044E-4,0.002811,5.874E-4,0.005934,0.001628,0
1520868540019,true,1619.466,0,0.01797,0.008848,0.001389,3.098E-4,0.003585,0.002081,0.003328,9.407E-4,0.01221,0.021,0.003092,3.071E-4,0.002802,5.858E-4,0.005923,0.001633,0
1520868540155,true,1619.51,0,0.0184,0.008808,0.001373,3.13E-4,0.003565,0.002086,0.003315,9.418E-4,0.01306,0.02025,0.003071,3.122E-4,0.002796,5.881E-4,0.005919,0.001635,0
1520868540190,true,1619.568,0,0.01865,0.009049,0.001377,3.138E-4,0.003572,0.002089,0.003305,9.506E-4,0.01328,0.01999,0.003069,3.154E-4,0.002793,5.892E-4,0.005933,0.001632,0
1520868540234,true,1619.625,0,0.01865,0.009349,0.001388,3.157E-4,0.00358,0.002092,0.003309,9.543E-4,0.013,0.02022,0.003075,3.152E-4,0.002796,5.922E-4,0.005936,0.001632,0
1520868540269,true,1619.683,0,0.01817,0.009503,0.001402,3.18E-4,0.003593,0.002092,0.003327,9.557E-4,0.01276,0.02054,0.003087,3.141E-4,0.002809,5.919E-4,0.005929,0.001636,0
1520868540304,true,1619.74,0,0.01815,0.009261,0.001415,3.201E-4,0.003611,0.002091,0.00334,9.529E-4,0.01276,0.02078,0.00309,3.163E-4,0.002825,5.891E-4,0.00592,0.00164,0
1520868540455,true,1619.811,0,0.0186,0.009179,0.001425,3.202E-4,0.003633,0.002092,0.003338,9.51E-4,0.01312,0.02054,0.003093,3.18E-4,0.002843,5.836E-4,0.005925,0.001642,0
1520868540490,true,1619.869,0,0.01902,0.009396,0.001437,3.21E-4,0.003658,0.002091,0.003342,9.485E-4,0.01346,0.02028,0.003104,3.165E-4,0.002845,5.846E-4,0.005939,0.001642,0
1520868540525,true,1619.926,0,0.01928,0.00953,0.001448,3.216E-4,0.003674,0.002094,0.003352,9.484E-4,0.013,0.02057,0.003119,3.159E-4,0.002842,5.867E-4,0.005959,0.001635,0
1520868540560,true,1619.984,0,0.01882,0.009776,0.001458,3.225E-4,0.003676,0.002095,0.003366,9.513E-4,0.01244,0.02099,0.003124,3.142E-4,0.002843,5.872E-4,0.005973,0.001631,0
1520868540595,true,1620.041,0,0.01816,0.009574,0.001461,3.241E-4,0.003682,0.002095,0.003376,9.548E-4,0.01217,0.02128,0.003119,3.142E-4,0.002854,5.863E-4,0.005971,0.001635,0
1520868540730,true,1620.087,0,0.01791,0.009187,0.001461,3.253E-4,0.003685,0.002095,0.003375,9.57E-4,0.01254,0.021,0.003106,3.179E-4,0.002858,5.837E-4,0.005963,0.00164,0
1520868540765,true,1620.145,0,0.01836,0.008988,0.001454,3.248E-4,0.00368,0.002097,0.003369,9.528E-4,0.0132,0.02034,0.003097,3.178E-4,0.002852,5.853E-4,0.005972,0.001639,0
1520868540800,true,1620.202,0,0.0187,0.009011,0.001444,3.25E-4,0.003669,0.0021,0.003369,9.506E-4,0.01354,0.01997,0.003089,3.177E-4,0.002841,5.858E-4,0.00598,0.001638,0
1520868540835,true,1620.26,0,0.01883,0.0092,0.001434,3.267E-4,0.003655,0.002102,0.00337,9.516E-4,0.01325,0.02011,0.003072,3.173E-4,0.00283,5.88E-4,0.005983,0.001634,0
1520868540870,true,1620.317,0,0.01831,0.009381,0.001422,3.321E-4,0.003639,0.002107,0.003369,9.549E-4,0.01296,0.0204,0.003063,3.198E-4,0.002826,5.887E-4,0.005977,0.001635,0
1520868541005,true,1620.361,0,0.01778,0.009238,0.001428,3.352E-4,0.003651,0.002106,0.003371,9.599E-4,0.01294,0.02065,0.003063,3.238E-4,0.00284,5.853E-4,0.005966,0.00164,0
1520868541040,true,1620.419,0,0.01818,0.009082,0.001438,3.374E-4,0.003668,0.002106,0.003373,9.565E-4,0.01338,0.02042,0.003071,3.251E-4,0.00286,5.799E-4,0.005966,0.001643,0
1520868541075,true,1620.476,0,0.01853,0.009302,0.001454,3.387E-4,0.003692,0.002106,0.00338,9.53E-4,0.01376,0.02011,0.003092,3.232E-4,0.002866,5.788E-4,0.005979,0.001643,0
1520868541110,true,1620.534,0,0.01868,0.009519,0.001472,3.391E-4,0.003715,0.002107,0.0034,9.49E-4,0.01358,0.02025,0.003104,3.251E-4,0.002865,5.833E-4,0.005993,0.00164,0
1520868541145,true,1620.591,0,0.01867,0.009677,0.001488,3.433E-4,0.00373,0.002107,0.003419,9.501E-4,0.01295,0.02067,0.003113,3.277E-4,0.002872,5.842E-4,0.006003,0.001637,0
1520868541305,true,1620.662,0,0.01803,0.009582,0.001507,3.444E-4,0.003743,0.002107,0.003435,9.546E-4,0.01245,0.02116,0.003127,3.267E-4,0.002889,5.842E-4,0.006,0.00164,0
1520868541340,true,1620.72,0,0.01761,0.009211,0.00152,3.462E-4,0.003761,0.002108,0.003438,9.59E-4,0.01275,0.02103,0.003131,3.285E-4,0.002895,5.851E-4,0.005993,0.001646,0
1520868541375,true,1620.777,0,0.01797,0.009023,0.001528,3.472E-4,0.003783,0.002109,0.003439,9.62E-4,0.01324,0.0205,0.003132,3.308E-4,0.002891,5.853E-4,0.006008,0.001648,0
1520868541410,true,1620.835,0,0.01831,0.009027,0.001526,3.5E-4,0.003794,0.002108,0.003441,9.621E-4,0.01377,0.01997,0.003132,3.312E-4,0.002884,5.896E-4,0.006006,0.001653,0
1520868541445,true,1620.892,0,0.01871,0.009098,0.001531,3.497E-4,0.003798,0.002111,0.003443,9.687E-4,0.01358,0.02004,0.003124,3.337E-4,0.002878,5.904E-4,0.006003,0.001652,0
1520868541605,true,1620.961,0,0.01841,0.00925,0.001533,3.5E-4,0.003783,0.002115,0.003442,9.745E-4,0.0132,0.02039,0.003121,3.32E-4,0.002867,5.94E-4,0.005998,0.001655,0
1520868541640,true,1621.019,0,0.01802,0.009055,0.001525,3.513E-4,0.003775,0.002114,0.003431,9.79E-4,0.01306,0.02068,0.003107,3.328E-4,0.002862,5.953E-4,0.00598,0.00166,0
1520868541675,true,1621.076,0,0.01834,0.008764,0.00152,3.532E-4,0.003759,0.002116,0.00341,9.825E-4,0.01312,0.02074,0.003084,3.399E-4,0.002859,5.943E-4,0.005965,0.001665,0
1520868541710,true,1621.134,0,0.01884,0.008877,0.001514,3.583E-4,0.003766,0.002119,0.003404,9.817E-4,0.01362,0.02037,0.003078,3.446E-4,0.00286,5.958E-4,0.005974,0.001664,0
1520868541745,true,1621.191,0,0.01928,0.009045,0.001523,3.605E-4,0.003785,0.002121,0.003416,9.791E-4,0.01336,0.02046,0.003089,3.481E-4,0.00286,5.977E-4,0.005994,0.001658,0
1520868541880,true,1621.236,0,0.01927,0.009204,0.001546,3.612E-4,0.003804,0.002121,0.003428,9.814E-4,0.01264,0.02104,0.003099,3.497E-4,0.002869,5.981E-4,0.006011,0.001655,0
1520868541915,true,1621.294,0,0.01867,0.009159,0.001566,3.622E-4,0.003822,0.00212,0.003443,9.827E-4,0.01205,0.02146,0.003111,3.506E-4,0.002879,6.009E-4,0.006019,0.001658,0
1520868541950,true,1621.351,0,0.0183,0.008831,0.001587,3.635E-4,0.003844,0.002121,0.003452,9.878E-4,0.01189,0.02158,0.003124,3.535E-4,0.002893,5.997E-4,0.006023,0.001661,0
1520868541985,true,1621.409,0,0.01849,0.008553,0.001602,3.66E-4,0.003872,0.002121,0.003454,9.897E-4,0.01243,0.02109,0.003131,3.58E-4,0.002911,5.964E-4,0.006039,0.00166,0
1520868542020,true,1621.466,0,0.01854,0.008591,0.001612,3.685E-4,0.003888,0.002123,0.003459,9.944E-4,0.01294,0.02052,0.003135,3.604E-4,0.002917,5.985E-4,0.00606,0.001659,0
1520868542180,true,1621.536,0,0.0188,0.008736,0.001629,3.673E-4,0.003902,0.002124,0.003472,9.952E-4,0.01286,0.02046,0.003142,3.614E-4,0.002918,6.007E-4,0.006073,0.001657,0
1520868542215,true,1621.594,0,0.01852,0.008986,0.001645,3.669E-4,0.00391,0.002123,0.003481,9.985E-4,0.01257,0.02065,0.003151,3.608E-4,0.00292,6.023E-4,0.006077,0.001655,0
1520868542250,true,1621.651,0,0.01828,0.008891,0.001648,3.678E-4,0.003914,0.002123,0.003485,0.001004,0.0125,0.02083,0.00315,3.616E-4,0.002932,6.005E-4,0.006062,0.001665,0
1520868542285,true,1621.709,0,0.01839,0.008718,0.001647,3.693E-4,0.003913,0.002124,0.003465,0.00101,0.01278,0.02074,0.003146,3.647E-4,0.002944,5.975E-4,0.006048,0.00167,0
1520868542320,true,1621.766,0,0.01886,0.00875,0.001644,3.705E-4,0.003916,0.002125,0.003464,0.001003,0.01312,0.02044,0.003139,3.66E-4,0.00294,5.971E-4,0.00604,0.001678,0
1520868542455,true,1621.812,0,0.01924,0.008991,0.001634,3.718E-4,0.00391,0.002126,0.003468,9.962E-4,0.01327,0.02033,0.003132,3.667E-4,0.002934,5.992E-4,0.006042,0.001675,0
1520868542490,true,1621.87,0,0.01955,0.009192,0.001632,3.76E-4,0.0039,0.002131,0.003465,9.976E-4,0.01269,0.02068,0.003128,3.699E-4,0.002922,6.056E-4,0.006044,0.001674,0
1520868542525,true,1621.927,0,0.01918,0.009299,0.001646,3.793E-4,0.003901,0.002136,0.003474,9.984E-4,0.01216,0.02113,0.003138,3.729E-4,0.002932,6.089E-4,0.006057,0.001672,0
1520868542560,true,1621.985,0,0.01849,0.009039,0.001663,3.835E-4,0.003917,0.002136,0.003475,0.001003,0.01202,0.0213,0.003146,3.771E-4,0.002943,6.087E-4,0.006063,0.001674,0
1520868542595,true,1622.042,0,0.01855,0.008694,0.001681,3.84E-4,0.003949,0.002135,0.00348,0.001003,0.01224,0.0211,0.003154,3.818E-4,0.002954,6.103E-4,0.006075,0.001677,0
1520868542755,true,1622.111,0,0.01875,0.00878,0.001697,3.863E-4,0.003971,0.002138,0.003491,0.001004,0.01277,0.02055,0.003165,3.861E-4,0.002965,6.098E-4,0.006093,0.001678,0
1520868542790,true,1622.169,0,0.01886,0.008902,0.00172,3.874E-4,0.003983,0.002142,0.003512,0.001003,0.0129,0.02039,0.003183,3.891E-4,0.002964,6.167E-4,0.006111,0.001676,0
1520868542825,true,1622.226,0,0.01893,0.009157,0.001736,3.891E-4,0.003997,0.002144,0.003531,0.001005,0.01261,0.02055,0.003206,3.88E-4,0.002969,6.209E-4,0.00613,0.001672,0
1520868542860,true,1622.284,0,0.01839,0.009197,0.001755,3.917E-4,0.004006,0.002143,0.003541,0.001011,0.01262,0.02065,0.003218,3.885E-4,0.002977,6.241E-4,0.006126,0.001677,0
1520868542895,true,1622.341,0,0.0184,0.008924,0.001768,3.934E-4,0.004013,0.002146,0.003555,0.001013,0.01287,0.02068,0.003222,3.912E-4,0.002983,6.228E-4,0.006124,0.001679,0
1520868543031,true,1622.387,0,0.0188,0.008838,0.001779,3.951E-4,0.004015,0.002151,0.003559,0.001012,0.01328,0.02033,0.003225,3.932E-4,0.002996,6.195E-4,0.006119,0.001685,0
1520868543066,true,1622.445,0,0.01916,0.009145,0.001781,3.965E-4,0.004016,0.002154,0.003555,0.001011,0.0136,0.02002,0.003223,3.954E-4,0.002997,6.196E-4,0.006128,0.001683,0
1520868543101,true,1622.502,0,0.01944,0.009385,0.001785,3.961E-4,0.004014,0.002155,0.003556,0.001009,0.0131,0.02034,0.003225,3.958E-4,0.002983,6.239E-4,0.006132,0.001681,0
1520868543136,true,1622.56,0,0.01872,0.009776,0.001785,3.969E-4,0.00401,0.002157,0.003557,0.001011,0.01248,0.02076,0.003218,3.962E-4,0.002975,6.261E-4,0.00614,0.001678,0
1520868543171,true,1622.617,0,0.01795,0.009634,0.001782,4.002E-4,0.003998,0.002159,0.00355,0.001014,0.01202,0.02114,0.003202,4.036E-4,0.002977,6.27E-4,0.006134,0.001682,0
1520868543330,true,1622.686,0,0.0179,0.009272,0.001788,4.058E-4,0.004005,0.002163,0.003543,0.00102,0.01222,0.02097,0.003206,4.078E-4,0.002982,6.261E-4,0.006132,0.001685,0
1520868543365,true,1622.744,0,0.01809,0.009235,0.001801,4.118E-4,0.004022,0.002168,0.003547,0.001022,0.01282,0.02033,0.003217,4.129E-4,0.002995,6.259E-4,0.006152,0.001683,0
1520868543407,true,1622.801,0,0.01816,0.009308,0.001818,4.14E-4,0.004043,0.002171,0.003568,0.001021,0.01326,0.01988,0.003233,4.158E-4,0.002995,6.323E-4,0.006174,0.001679,0
1520868543441,true,1622.859,0,0.01816,0.009454,0.001838,4.168E-4,0.004053,0.002178,0.003584,0.00103,0.01313,0.01993,0.003254,4.168E-4,0.002996,6.4E-4,0.00619,0.001678,0
1520868543476,true,1622.916,0,0.01778,0.00954,0.00186,4.21E-4,0.004068,0.002182,0.003601,0.001037,0.01302,0.02007,0.003271,4.193E-4,0.003008,6.4E-4,0.006189,0.00168,0
1520868543630,true,1622.987,0,0.01722,0.00941,0.001879,4.248E-4,0.004085,0.002184,0.003612,0.001041,0.01306,0.02024,0.003281,4.243E-4,0.00302,6.404E-4,0.006187,0.001684,0
1520868543665,true,1623.045,0,0.01756,0.009261,0.001904,4.261E-4,0.004097,0.002188,0.003633,0.001039,0.01366,0.01988,0.003301,4.252E-4,0.003041,6.363E-4,0.006187,0.001691,0
1520868543700,true,1623.102,0,0.0181,0.009502,0.001919,4.28E-4,0.004114,0.002192,0.003644,0.00104,0.01422,0.01949,0.003316,4.277E-4,0.003048,6.374E-4,0.006195,0.001691,0
1520868543734,true,1623.16,0,0.01841,0.009822,0.001935,4.291E-4,0.004132,0.002194,0.003663,0.001035,0.01394,0.01967,0.003324,4.291E-4,0.003043,6.42E-4,0.006206,0.001689,0
1520868543770,true,1623.217,0,0.01832,0.01012,0.001944,4.321E-4,0.004127,0.002197,0.003675,0.001038,0.01315,0.02027,0.003324,4.314E-4,0.003048,6.436E-4,0.006219,0.001688,0
1520868543905,true,1623.261,0,0.01759,0.01004,0.001951,4.328E-4,0.004132,0.002196,0.003686,0.00104,0.01285,0.02062,0.003322,4.338E-4,0.00305,6.45E-4,0.006221,0.001687,0
1520868543940,true,1623.319,0,0.01745,0.009631,0.001954,4.345E-4,0.004139,0.002197,0.003688,0.001042,0.01282,0.02068,0.00331,4.382E-4,0.003061,6.425E-4,0.006218,0.001687,0
1520868543975,true,1623.376,0,0.01767,0.00945,0.001947,4.359E-4,0.004137,0.0022,0.003684,0.001037,0.01336,0.02012,0.003298,4.406E-4,0.003056,6.438E-4,0.006226,0.001686,0
1520868544010,true,1623.434,0,0.01771,0.009486,0.001935,4.406E-4,0.004133,0.002203,0.003686,0.001034,0.01369,0.01966,0.00328,4.48E-4,0.003051,6.444E-4,0.006228,0.001686,0
1520868544045,true,1623.491,0,0.01774,0.00962,0.001936,4.475E-4,0.00413,0.002211,0.003694,0.001039,0.01349,0.01969,0.003286,4.5E-4,0.003044,6.508E-4,0.006236,0.001684,0
1520868544206,true,1623.563,0,0.01729,0.009734,0.00196,4.517E-4,0.00414,0.002217,0.003703,0.00105,0.01319,0.01988,0.003299,4.516E-4,0.003052,6.547E-4,0.006251,0.001681,0
1520868544241,true,1623.621,0,0.01693,0.009564,0.001978,4.569E-4,0.004163,0.002216,0.003712,0.001055,0.01336,0.01989,0.003317,4.548E-4,0.00307,6.54E-4,0.006246,0.001687,0
1520868544276,true,1623.678,0,0.01728,0.009206,0.002005,4.603E-4,0.004192,0.002217,0.00373,0.001059,0.01376,0.01967,0.003333,4.597E-4,0.003089,6.56E-4,0.00625,0.001689,0
1520868544310,true,1623.736,0,0.01791,0.009342,0.002035,4.644E-4,0.004219,0.00222,0.003748,0.001057,0.01428,0.01921,0.003347,4.644E-4,0.003102,6.565E-4,0.006257,0.001692,0
1520868544345,true,1623.793,0,0.01819,0.009628,0.002059,4.664E-4,0.004245,0.002225,0.003771,0.001056,0.01427,0.01923,0.003372,4.672E-4,0.003112,6.594E-4,0.006276,0.001691,0
1520868544479,true,1623.836,0,0.01831,0.009931,0.002084,4.709E-4,0.004268,0.002228,0.003804,0.001057,0.01357,0.01981,0.003391,4.69E-4,0.003123,6.626E-4,0.006303,0.001687,0
1520868544515,true,1623.894,0,0.01801,0.009978,0.002112,4.73E-4,0.004293,0.002229,0.003829,0.001054,0.01299,0.02032,0.003417,4.691E-4,0.003145,6.628E-4,0.006302,0.00169,0
1520868544549,true,1623.951,0,0.01772,0.00959,0.002132,4.764E-4,0.004315,0.002232,0.003845,0.001057,0.01276,0.02068,0.003429,4.719E-4,0.00316,6.634E-4,0.006305,0.001693,0
1520868544584,true,1624.009,0,0.0178,0.009371,0.00215,4.767E-4,0.004339,0.002236,0.00385,0.001058,0.01299,0.02047,0.003428,4.773E-4,0.003173,6.63E-4,0.006319,0.001693,0
1520868544620,true,1624.066,0,0.01808,0.009397,0.002154,4.809E-4,0.00435,0.002241,0.003862,0.001054,0.01335,0.02008,0.003436,4.805E-4,0.003171,6.649E-4,0.006339,0.001689,0
1520868544755,true,1624.112,0,0.01835,0.00943,0.002162,4.816E-4,0.004359,0.002244,0.003883,0.001052,0.01314,0.02014,0.003441,4.851E-4,0.003159,6.739E-4,0.006357,0.001687,0
1520868544790,true,1624.17,0,0.018,0.009587,0.002168,4.824E-4,0.004366,0.002246,0.003891,0.001057,0.01273,0.02042,0.003442,4.875E-4,0.003162,6.762E-4,0.006361,0.001688,0
1520868544825,true,1624.227,0,0.01749,0.009426,0.002165,4.894E-4,0.004363,0.002249,0.0039,0.00106,0.0127,0.02059,0.003435,4.933E-4,0.003166,6.785E-4,0.006357,0.001691,0
1520868544860,true,1624.285,0,0.01774,0.009039,0.002178,4.952E-4,0.004369,0.002256,0.003902,0.001067,0.01286,0.02056,0.003443,4.982E-4,0.003173,6.813E-4,0.006357,0.001692,0
1520868544895,true,1624.342,0,0.01838,0.00902,0.002202,4.992E-4,0.004392,0.002259,0.003913,0.001069,0.01349,0.02005,0.003463,5.019E-4,0.003188,6.804E-4,0.006374,0.001697,0
1520868545056,true,1624.413,0,0.01891,0.009361,0.002225,5.049E-4,0.00443,0.002262,0.003929,0.001072,0.01383,0.01979,0.00349,5.054E-4,0.0032,6.854E-4,0.006389,0.001699,0
1520868545090,true,1624.471,0,0.01948,0.009451,0.00226,5.087E-4,0.004459,0.002268,0.003957,0.001071,0.01321,0.02031,0.003524,5.072E-4,0.003213,6.914E-4,0.006416,0.001695,0
1520868545125,true,1624.528,0,0.01904,0.009672,0.002297,5.139E-4,0.00449,0.002272,0.003994,0.001073,0.01268,0.02082,0.00355,5.106E-4,0.00324,6.918E-4,0.006426,0.001698,0
1520868545160,true,1624.586,0,0.01868,0.009501,0.002328,5.203E-4,0.004517,0.002277,0.004019,0.001078,0.01243,0.02128,0.003573,5.162E-4,0.003275,6.919E-4,0.006432,0.001703,0
1520868545195,true,1624.643,0,0.01894,0.009107,0.002368,5.222E-4,0.004551,0.002282,0.004053,0.001076,0.01264,0.02119,0.003596,5.224E-4,0.003303,6.924E-4,0.006447,0.001705,0
1520868545355,true,1624.712,0,0.01922,0.009149,0.002396,5.253E-4,0.004575,0.002289,0.004077,0.001075,0.01315,0.02074,0.003618,5.264E-4,0.003326,6.917E-4,0.006472,0.001707,0
1520868545390,true,1624.77,0,0.01946,0.00927,0.002421,5.278E-4,0.004602,0.002295,0.004104,0.001075,0.01329,0.02057,0.003637,5.31E-4,0.003336,6.974E-4,0.006495,0.001707,0
1520868545425,true,1624.827,0,0.01941,0.009384,0.002439,5.309E-4,0.004616,0.0023,0.004134,0.001082,0.01291,0.02076,0.003645,5.375E-4,0.003347,7.037E-4,0.006513,0.001706,0
1520868545460,true,1624.885,0,0.01871,0.009345,0.002455,5.347E-4,0.004628,0.002304,0.004147,0.001088,0.01288,0.02081,0.003659,5.398E-4,0.003352,7.095E-4,0.006514,0.001712,0
1520868545495,true,1624.942,0,0.01856,0.00901,0.002467,5.379E-4,0.004648,0.002305,0.004157,0.001094,0.01324,0.02069,0.003659,5.469E-4,0.003364,7.113E-4,0.006515,0.001718,0
1520868545631,true,1624.988,0,0.01906,0.008863,0.002474,5.407E-4,0.004653,0.002311,0.004158,0.001097,0.01374,0.02029,0.003658,5.517E-4,0.003382,7.074E-4,0.006516,0.001725,0
1520868545665,true,1625.046,0,0.01956,0.009104,0.002468,5.479E-4,0.00465,0.002319,0.00416,0.0011,0.01416,0.01993,0.003663,5.563E-4,0.003382,7.12E-4,0.006516,0.001728,0
1520868545700,true,1625.103,0,0.02005,0.009338,0.002472,5.563E-4,0.004655,0.002326,0.004169,0.001105,0.01392,0.02016,0.003675,5.604E-4,0.00338,7.194E-4,0.006524,0.001727,0
1520868545735,true,1625.161,0,0.01966,0.009728,0.002495,5.633E-4,0.004674,0.002331,0.00419,0.001112,0.01343,0.02059,0.003698,5.646E-4,0.003402,7.232E-4,0.00654,0.001727,0
1520868545770,true,1625.218,0,0.01922,0.009662,0.002528,5.694E-4,0.004692,0.002335,0.004212,0.001119,0.01314,0.02108,0.003721,5.707E-4,0.003429,7.258E-4,0.006549,0.00173,0
1520868545906,true,1625.262,0,0.01899,0.009476,0.002562,5.74E-4,0.00473,0.00234,0.004233,0.001122,0.01321,0.02119,0.003735,5.795E-4,0.003455,7.269E-4,0.006563,0.001736,0
1520868545940,true,1625.32,0,0.01936,0.009519,0.00259,5.788E-4,0.004773,0.002343,0.004258,0.00112,0.01376,0.02076,0.00376,5.852E-4,0.003486,7.267E-4,0.006589,0.001738,0
1520868545975,true,1625.377,0,0.01961,0.009631,0.002618,5.842E-4,0.004813,0.002351,0.004288,0.001122,0.01388,0.02061,0.003786,5.908E-4,0.003511,7.298E-4,0.006619,0.001735,0
1520868546010,true,1625.435,0,0.01969,0.00971,0.002643,5.893E-4,0.004841,0.002358,0.004324,0.001126,0.01342,0.02086,0.003808,5.969E-4,0.00353,7.349E-4,0.006657,0.001731,0
1520868546045,true,1625.492,0,0.01921,0.009743,0.002662,5.963E-4,0.004861,0.002363,0.004352,0.001131,0.01319,0.02105,0.003831,5.986E-4,0.003547,7.385E-4,0.00667,0.001736,0
1520868546206,true,1625.563,0,0.01863,0.009492,0.002688,5.986E-4,0.004881,0.002365,0.004381,0.001135,0.01315,0.02117,0.003839,6.042E-4,0.003568,7.4E-4,0.006677,0.001742,0
1520868546241,false,1625.621,0,0.01906,0.009222,0.002699,6.032E-4,0.004903,0.002367,0.004388,0.001139,0.01365,0.02085,0.003847,6.091E-4,0.003584,0.0,0.006671,0.001753,0
1520868546275,true,1625.678,0,0.01955,0.009494,0.002711,6.061E-4,0.004915,0.002371,0.004393,0.001141,0.01422,0.02038,0.003861,6.123E-4,0.003601,7.43E-4,0.006678,0.00176,0
1520868546310,true,1625.736,0,0.01978,0.009941,0.002721,6.069E-4,0.00493,0.002374,0.004402,0.001142,0.01409,0.02048,0.003865,6.165E-4,0.003601,7.505E-4,0.00669,0.00176,0
1520868546345,true,1625.793,0,0.01981,0.01033,0.002727,6.091E-4,0.004925,0.002381,0.004408,0.001148,0.01359,0.02089,0.003868,6.179E-4,0.0036,7.554E-4,0.006695,0.001762,0
1520868546480,true,1625.837,0,0.01925,0.0104,0.002729,6.119E-4,0.004923,0.002381,0.004408,0.001156,0.01322,0.02134,0.003863,6.218E-4,0.003603,7.599E-4,0.006686,0.001768,0
1520868546516,true,1625.895,0,0.01914,0.01007,0.002726,6.176E-4,0.004918,0.002386,0.004389,0.001164,0.01314,0.02158,0.003848,6.304E-4,0.003613,7.586E-4,0.006676,0.001771,0
1520868546551,true,1625.952,0,0.01945,0.01002,0.002732,6.24E-4,0.004922,0.002396,0.00439,0.001166,0.01337,0.02137,0.003855,6.355E-4,0.003632,7.591E-4,0.00668,0.001776,0
1520868546585,true,1626.01,0,0.01943,0.01032,0.002746,6.28E-4,0.004942,0.002401,0.004396,0.001169,0.01353,0.02114,0.003864,6.422E-4,0.003644,7.636E-4,0.006698,0.001778,0
1520868546621,true,1626.067,0,0.01947,0.01037,0.002769,6.314E-4,0.00496,0.002408,0.004414,0.001173,0.01316,0.02138,0.003882,6.458E-4,0.003651,7.725E-4,0.006722,0.001776,0
1520868546779,true,1626.137,0,0.01897,0.01041,0.002789,6.364E-4,0.004985,0.002411,0.004438,0.001179,0.01277,0.02164,0.003899,6.485E-4,0.00367,7.78E-4,0.006731,0.001779,0
1520868546814,true,1626.195,0,0.0186,0.01015,0.002811,6.397E-4,0.004998,0.002417,0.004456,0.001184,0.01269,0.02181,0.003906,6.552E-4,0.003687,7.824E-4,0.00673,0.001787,0
1520868546849,true,1626.252,0,0.01885,0.009839,0.002829,6.447E-4,0.005018,0.002421,0.004458,0.001196,0.01315,0.0215,0.003915,6.599E-4,0.003701,7.844E-4,0.006734,0.001795,0
1520868546884,true,1626.31,0,0.01969,0.009854,0.002844,6.484E-4,0.005032,0.002426,0.004466,0.001195,0.01385,0.02096,0.003925,6.628E-4,0.003714,7.845E-4,0.006745,0.001801,0
1520868546918,true,1626.367,0,0.02009,0.01013,0.002857,6.497E-4,0.00504,0.002431,0.004484,0.001197,0.014,0.02077,0.003938,6.646E-4,0.003714,7.892E-4,0.006761,0.001797,0
1520868547079,true,1626.437,0,0.02054,0.01037,0.002866,6.515E-4,0.005041,0.002435,0.004492,0.0012,0.01342,0.02124,0.003945,6.663E-4,0.00371,7.938E-4,0.006766,0.001795,0
1520868547114,true,1626.495,0,0.01997,0.01054,0.002866,6.529E-4,0.005034,0.002437,0.004497,0.001203,0.01291,0.02165,0.003945,6.682E-4,0.003715,7.96E-4,0.006761,0.001796,0
1520868547149,true,1626.552,0,0.01963,0.01031,0.002875,6.524E-4,0.005033,0.002438,0.004494,0.001205,0.0128,0.02195,0.003937,6.719E-4,0.003717,7.97E-4,0.006746,0.001803,0
1520868547184,true,1626.61,0,0.01985,0.01001,0.002869,6.55E-4,0.005024,0.002441,0.004485,0.001205,0.01301,0.02177,0.003926,6.742E-4,0.003711,8.002E-4,0.006744,0.001805,0
1520868547219,true,1626.667,0,0.02006,0.0101,0.002855,6.564E-4,0.005018,0.002445,0.004479,0.001199,0.0134,0.02136,0.003917,6.771E-4,0.003701,8.041E-4,0.006743,0.001807,0
1520868547355,true,1626.712,0,0.02021,0.01005,0.002842,6.578E-4,0.005004,0.002449,0.004473,0.001198,0.01318,0.02145,0.003906,6.769E-4,0.00368,8.1E-4,0.006745,0.001801,0
1520868547390,true,1626.77,0,0.01969,0.01016,0.002828,6.635E-4,0.004988,0.002453,0.004465,0.001204,0.01265,0.02169,0.003894,6.792E-4,0.00367,8.162E-4,0.006737,0.001802,0
1520868547424,true,1626.827,0,0.01882,0.01002,0.002827,6.678E-4,0.004976,0.002458,0.004464,0.001212,0.01251,0.02179,0.003892,6.819E-4,0.003674,8.181E-4,0.006722,0.001807,0
1520868547459,true,1626.885,0,0.01883,0.009566,0.00283,6.72E-4,0.004975,0.002465,0.004458,0.001219,0.0129,0.02161,0.003889,6.864E-4,0.003681,8.189E-4,0.006719,0.001813,0
1520868547494,true,1626.942,0,0.01935,0.009433,0.002828,6.755E-4,0.00498,0.002467,0.004453,0.001222,0.01369,0.02102,0.003891,6.872E-4,0.003688,8.21E-4,0.006723,0.001815,0
1520868547655,true,1627.012,0,0.02004,0.0094,0.002831,6.783E-4,0.004981,0.002471,0.004455,0.001217,0.0142,0.02058,0.003897,6.874E-4,0.003689,8.238E-4,0.00672,0.001819,0
1520868547690,true,1627.07,0,0.02044,0.009531,0.002839,6.783E-4,0.004977,0.002473,0.004458,0.001218,0.01393,0.02081,0.00391,6.855E-4,0.003677,8.303E-4,0.006725,0.001818,0
1520868547724,true,1627.127,0,0.02008,0.009753,0.00284,6.793E-4,0.004971,0.002475,0.004456,0.001223,0.0135,0.02114,0.003913,6.855E-4,0.003681,8.34E-4,0.006722,0.00182,0
1520868547759,true,1627.185,0,0.01961,0.009648,0.002835,6.832E-4,0.004957,0.002476,0.00445,0.001227,0.01319,0.02153,0.003908,6.881E-4,0.003687,8.329E-4,0.006701,0.001825,0
1520868547794,true,1627.242,0,0.01983,0.009398,0.002827,6.861E-4,0.004953,0.002476,0.00445,0.001224,0.01353,0.02133,0.0039,6.878E-4,0.003694,8.305E-4,0.006685,0.001832,0
1520868547930,true,1627.287,0,0.02004,0.009441,0.002811,6.872E-4,0.004945,0.002477,0.004436,0.001223,0.01404,0.02087,0.003888,6.893E-4,0.003687,8.307E-4,0.00668,0.001833,0
1520868547965,true,1627.345,0,0.02035,0.009444,0.002797,6.869E-4,0.004919,0.002482,0.004437,0.001218,0.01396,0.02081,0.003879,6.871E-4,0.003673,8.345E-4,0.00668,0.00183,0
1520868548000,true,1627.402,0,0.02032,0.009507,0.00278,6.87E-4,0.004898,0.002482,0.004434,0.001214,0.01335,0.02112,0.003863,6.852E-4,0.003653,8.398E-4,0.006668,0.001829,0
1520868548034,true,1627.46,0,0.01964,0.00927,0.002753,6.896E-4,0.004865,0.002482,0.004423,0.001213,0.01304,0.02124,0.003846,6.836E-4,0.003635,8.452E-4,0.00665,0.00183,0
1520868548069,true,1627.517,0,0.01918,0.008829,0.002727,6.947E-4,0.004839,0.002487,0.0044,0.00122,0.0131,0.02125,0.003819,6.88E-4,0.003618,8.475E-4,0.006625,0.001839,0
1520868548229,true,1627.586,0,0.01952,0.008517,0.002709,6.991E-4,0.004825,0.002492,0.004387,0.00122,0.01378,0.02068,0.003809,6.893E-4,0.003612,8.463E-4,0.00661,0.001845,0
1520868548264,true,1627.644,0,0.01992,0.008606,0.002701,7.03E-4,0.00482,0.002493,0.00438,0.001219,0.01449,0.01998,0.00381,6.897E-4,0.003608,8.487E-4,0.006609,0.001847,0
1520868548302,true,1627.701,0,0.02017,0.00889,0.002701,7.058E-4,0.004809,0.002499,0.004373,0.001222,0.01431,0.02008,0.00381,6.897E-4,0.003601,8.521E-4,0.006617,0.001842,0
1520868548337,true,1627.759,0,0.01993,0.009136,0.0027,7.102E-4,0.004798,0.002502,0.004382,0.001224,0.01384,0.02048,0.003814,6.884E-4,0.003599,8.561E-4,0.006616,0.00184,0
1520868548372,true,1627.816,0,0.0195,0.009056,0.002701,7.11E-4,0.004793,0.002502,0.004383,0.001228,0.01363,0.02088,0.003813,6.887E-4,0.003605,8.563E-4,0.006597,0.001845,0
1520868548505,true,1627.862,0,0.01945,0.008771,0.0027,7.138E-4,0.004793,0.002502,0.004381,0.001225,0.01368,0.02101,0.003809,6.917E-4,0.003615,8.53E-4,0.006581,0.001852,0
1520868548540,true,1627.92,0,0.01996,0.008739,0.00269,7.179E-4,0.004798,0.002503,0.004372,0.001225,0.01388,0.02072,0.003802,6.934E-4,0.003621,8.519E-4,0.006585,0.001855,0
1520868548574,true,1627.977,0,0.02014,0.008935,0.002679,7.194E-4,0.004794,0.002507,0.004369,0.001225,0.01388,0.02054,0.003797,6.944E-4,0.00361,8.551E-4,0.006589,0.001854,0
1520868548609,true,1628.035,0,0.02012,0.009066,0.002666,7.218E-4,0.004783,0.00251,0.004372,0.001227,0.01335,0.0209,0.00379,6.935E-4,0.003596,8.595E-4,0.006602,0.00185,0
1520868548644,true,1628.092,0,0.01944,0.009061,0.002655,7.228E-4,0.004762,0.002512,0.004372,0.001228,0.01292,0.02125,0.003782,6.922E-4,0.003591,8.588E-4,0.006587,0.001854,0
1520868548805,true,1628.162,0,0.01868,0.008808,0.002636,7.241E-4,0.004743,0.002513,0.004363,0.001233,0.01297,0.02132,0.003764,6.904E-4,0.003579,8.618E-4,0.006563,0.001861,0
1520868548839,true,1628.22,0,0.01878,0.008446,0.002612,7.247E-4,0.004733,0.002512,0.004341,0.001232,0.01334,0.02099,0.003737,6.905E-4,0.003571,8.593E-4,0.006546,0.001867,0
1520868548874,true,1628.277,0,0.01902,0.00853,0.002578,7.293E-4,0.004715,0.002516,0.004325,0.001231,0.01412,0.0203,0.003715,6.907E-4,0.003552,8.612E-4,0.006533,0.001872,0
1520868548909,true,1628.335,0,0.01945,0.008774,0.002563,7.341E-4,0.004697,0.002522,0.004313,0.001234,0.01406,0.02024,0.003709,6.907E-4,0.003534,8.671E-4,0.006533,0.001872,0
1520868548944,true,1628.392,0,0.01946,0.009166,0.002564,7.362E-4,0.00469,0.002526,0.004311,0.00124,0.0136,0.0206,0.003711,6.89E-4,0.003536,8.662E-4,0.006534,0.001872,0
1520868549105,true,1628.463,0,0.01884,0.00931,0.002562,7.422E-4,0.004682,0.00253,0.004316,0.001244,0.01324,0.02108,0.003714,6.882E-4,0.003545,8.667E-4,0.00652,0.001879,0
1520868549140,true,1628.521,0,0.01878,0.009062,0.00257,7.457E-4,0.004683,0.002536,0.004317,0.001247,0.01325,0.02136,0.00371,6.888E-4,0.003561,8.639E-4,0.006504,0.001888,0
1520868549175,true,1628.578,0,0.01903,0.009064,0.00257,7.513E-4,0.004691,0.002542,0.004314,0.00125,0.01361,0.02107,0.003705,6.906E-4,0.003572,8.623E-4,0.006521,0.001887,0
1520868549210,true,1628.636,0,0.01918,0.009319,0.002572,7.537E-4,0.004705,0.002543,0.004322,0.001251,0.01384,0.02081,0.003707,6.907E-4,0.003578,8.639E-4,0.006536,0.001887,0
1520868549245,true,1628.693,0,0.01934,0.009516,0.002572,7.57E-4,0.004712,0.002547,0.004328,0.001258,0.01336,0.0211,0.003711,6.906E-4,0.003578,8.656E-4,0.00655,0.001882,0
1520868549354,true,1628.713,0,0.01881,0.009606,0.002573,7.581E-4,0.004707,0.002551,0.004338,0.001265,0.01282,0.02146,0.003711,6.906E-4,0.003587,8.677E-4,0.006557,0.001887,0
1520868549389,true,1628.771,0,0.01812,0.009408,0.00257,7.594E-4,0.004708,0.002548,0.004352,0.001271,0.01269,0.02165,0.003703,6.913E-4,0.003588,8.683E-4,0.006557,0.001889,0
1520868549424,true,1628.828,0,0.01822,0.008994,0.002567,7.596E-4,0.004709,0.00255,0.004349,0.001275,0.01302,0.02142,0.003689,6.911E-4,0.003591,8.662E-4,0.006558,0.001894,0
1520868549459,true,1628.886,0,0.0186,0.009065,0.002554,7.604E-4,0.004702,0.002554,0.004346,0.001274,0.01388,0.02069,0.003678,6.907E-4,0.003593,8.638E-4,0.00655,0.001899,0
1520868549494,true,1628.943,0,0.01911,0.009201,0.002531,7.626E-4,0.004694,0.002557,0.004338,0.001279,0.01406,0.0204,0.003669,6.881E-4,0.003571,8.689E-4,0.006551,0.001898,0
1520868549655,true,1629.012,0,0.01945,0.00945,0.00251,7.634E-4,0.004678,0.00256,0.004335,0.001283,0.01387,0.02055,0.00365,6.867E-4,0.003553,8.711E-4,0.006548,0.0019,0
1520868549690,true,1629.07,0,0.01903,0.009621,0.002492,7.673E-4,0.004654,0.002564,0.004329,0.001288,0.01356,0.02081,0.003632,6.868E-4,0.003547,8.722E-4,0.006533,0.001905,0
1520868549728,true,1629.127,0,0.01889,0.009443,0.002485,7.717E-4,0.004649,0.002566,0.004328,0.001291,0.01341,0.02109,0.003622,6.89E-4,0.00355,8.729E-4,0.006528,0.00191,0
1520868549763,true,1629.185,0,0.01932,0.009356,0.002488,7.742E-4,0.004661,0.002567,0.004321,0.001297,0.01374,0.0209,0.003621,6.895E-4,0.003564,8.716E-4,0.006547,0.001908,0
1520868549798,true,1629.242,0,0.01971,0.009589,0.002489,7.769E-4,0.004671,0.002573,0.004335,0.001293,0.01415,0.02057,0.003628,6.903E-4,0.003579,8.727E-4,0.006557,0.001909,0
1520868549955,true,1629.313,0,0.01984,0.009772,0.002491,7.789E-4,0.004681,0.002578,0.004358,0.001295,0.01393,0.02075,0.003635,6.877E-4,0.003585,8.753E-4,0.006586,0.001907,0
1520868549989,true,1629.371,0,0.01961,0.00996,0.002497,7.822E-4,0.004689,0.002583,0.004366,0.001304,0.01328,0.02124,0.003639,6.855E-4,0.0036,8.769E-4,0.006605,0.001905,0
1520868550025,true,1629.428,0,0.01887,0.009831,0.002505,7.829E-4,0.004692,0.002587,0.004376,0.001313,0.01308,0.02147,0.003641,6.852E-4,0.003618,8.803E-4,0.006615,0.001909,0
1520868550059,true,1629.486,0,0.01877,0.009407,0.002512,7.847E-4,0.004705,0.002587,0.004388,0.00132,0.01351,0.02127,0.003637,6.858E-4,0.003634,8.808E-4,0.006622,0.001911,0
1520868550094,true,1629.543,0,0.01933,0.009278,0.00251,7.867E-4,0.004717,0.00259,0.004394,0.001322,0.01418,0.02063,0.003635,6.854E-4,0.00364,8.82E-4,0.006633,0.001914,0
1520868550229,true,1629.587,0,0.01964,0.009411,0.002502,7.873E-4,0.004719,0.002595,0.004391,0.001326,0.01462,0.0202,0.003628,6.848E-4,0.003634,8.878E-4,0.006646,0.001916,0
1520868550264,true,1629.645,0,0.02013,0.009482,0.002497,7.869E-4,0.004712,0.002597,0.004396,0.001326,0.01454,0.02026,0.003623,6.818E-4,0.003629,8.893E-4,0.00665,0.001914,0
1520868550299,true,1629.702,0,0.01984,0.00973,0.002484,7.871E-4,0.004689,0.002599,0.004392,0.001332,0.01438,0.02046,0.003616,6.771E-4,0.003629,8.895E-4,0.006636,0.00192,0
1520868550334,true,1629.76,0,0.01968,0.009513,0.002475,7.861E-4,0.004677,0.002598,0.004388,0.001334,0.01436,0.02072,0.003595,6.789E-4,0.003627,8.903E-4,0.00662,0.001926,0
1520868550369,true,1629.817,0,0.02005,0.009279,0.002456,7.855E-4,0.004656,0.0026,0.004369,0.001337,0.01454,0.02071,0.003572,6.8E-4,0.003617,8.884E-4,0.006615,0.001928,0
1520868550530,true,1629.888,0,0.02047,0.009389,0.002429,7.886E-4,0.004638,0.002605,0.00436,0.00133,0.01505,0.02037,0.003552,6.846E-4,0.003601,8.94E-4,0.006609,0.001931,0
1520868550564,true,1629.946,0,0.02061,0.009588,0.002424,7.888E-4,0.004631,0.002611,0.004356,0.001329,0.01478,0.02038,0.003547,6.851E-4,0.003591,8.986E-4,0.006624,0.001928,0
1520868550599,true,1630.003,0,0.0204,0.009845,0.002422,7.911E-4,0.00463,0.002615,0.004357,0.001333,0.01406,0.02088,0.003541,6.879E-4,0.003592,9.035E-4,0.006643,0.001925,0
1520868550634,true,1630.061,0,0.01976,0.009756,0.00243,7.928E-4,0.004633,0.002616,0.00436,0.001337,0.01373,0.02114,0.003544,6.899E-4,0.003601,9.075E-4,0.00664,0.001926,0
1520868550670,true,1630.118,0,0.01933,0.009492,0.002431,7.961E-4,0.004656,0.002614,0.004368,0.001343,0.01389,0.02122,0.003541,6.921E-4,0.003612,9.098E-4,0.00665,0.001929,0
1520868550805,true,1630.163,0,0.01956,0.009246,0.002426,8.005E-4,0.00467,0.002617,0.004372,0.001345,0.01438,0.02072,0.003539,6.942E-4,0.003621,9.112E-4,0.006659,0.001932,0
1520868550840,true,1630.221,0,0.01995,0.009392,0.002422,8.026E-4,0.004681,0.002618,0.004389,0.001343,0.01507,0.02019,0.003547,6.938E-4,0.003618,9.176E-4,0.006673,0.001935,0
1520868550878,true,1630.278,0,0.02039,0.009539,0.002426,8.007E-4,0.004683,0.002623,0.0044,0.001347,0.01493,0.0203,0.003553,6.919E-4,0.003614,9.238E-4,0.006689,0.001935,0
1520868550913,true,1630.336,0,0.02008,0.009839,0.002424,8.019E-4,0.004678,0.002624,0.004408,0.001348,0.01457,0.02071,0.003556,6.899E-4,0.003605,9.295E-4,0.006694,0.001935,0
1520868550948,true,1630.393,0,0.01972,0.009792,0.00242,8.009E-4,0.004673,0.002623,0.004413,0.001352,0.01447,0.02104,0.003546,6.918E-4,0.003616,9.275E-4,0.006679,0.001943,0
1520868551105,true,1630.463,0,0.01983,0.009561,0.002413,8.005E-4,0.004673,0.002623,0.004405,0.001357,0.01458,0.02111,0.003535,6.932E-4,0.003618,9.253E-4,0.006672,0.001948,0
1520868551140,true,1630.521,0,0.02033,0.00959,0.002395,8.023E-4,0.004663,0.002624,0.004394,0.001351,0.01506,0.02074,0.003521,6.937E-4,0.003621,9.219E-4,0.006676,0.001949,0
1520868551174,true,1630.578,0,0.02054,0.009842,0.002377,8.012E-4,0.004654,0.002626,0.004385,0.00135,0.01503,0.02066,0.003509,6.936E-4,0.003601,9.262E-4,0.006685,0.001945,0
1520868551209,true,1630.636,0,0.02053,0.01003,0.002354,8.013E-4,0.004631,0.002628,0.00438,0.001349,0.01433,0.02108,0.003491,6.928E-4,0.00358,9.296E-4,0.006684,0.001942,0
1520868551244,true,1630.693,0,0.01982,0.01009,0.002337,8.025E-4,0.004606,0.002631,0.004363,0.001355,0.01369,0.02152,0.003473,6.948E-4,0.003567,9.346E-4,0.006662,0.001947,0
1520868551380,true,1630.738,0,0.01936,0.00971,0.00233,8.044E-4,0.004599,0.002635,0.004346,0.001364,0.01357,0.02177,0.003461,6.984E-4,0.003573,9.354E-4,0.006657,0.001952,0
1520868551415,true,1630.796,0,0.01958,0.009327,0.00232,8.069E-4,0.004604,0.002639,0.004339,0.001367,0.01401,0.02141,0.003459,7.014E-4,0.00358,9.352E-4,0.006658,0.001958,0
1520868551450,true,1630.853,0,0.0199,0.009371,0.002317,8.087E-4,0.004614,0.002641,0.004339,0.001368,0.01467,0.02083,0.003454,7.072E-4,0.003583,9.367E-4,0.006673,0.001959,0
1520868551485,true,1630.911,0,0.02028,0.009475,0.002312,8.112E-4,0.00462,0.002646,0.004353,0.001369,0.01477,0.02067,0.003461,7.079E-4,0.003577,9.416E-4,0.006693,0.001954,0
1520868551520,true,1630.968,0,0.02013,0.009756,0.002313,8.117E-4,0.004618,0.002652,0.004366,0.001373,0.01449,0.02085,0.003463,7.1E-4,0.003582,9.446E-4,0.006698,0.001958,0
1520868551679,true,1631.038,0,0.01957,0.009831,0.002313,8.142E-4,0.00462,0.002652,0.004374,0.001376,0.01425,0.02121,0.003469,7.094E-4,0.003595,9.465E-4,0.006699,0.001965,0
1520868551714,true,1631.096,0,0.01941,0.00965,0.002302,8.194E-4,0.004628,0.002651,0.004375,0.00138,0.01429,0.02143,0.003467,7.11E-4,0.003602,9.489E-4,0.006685,0.001975,0
1520868551749,true,1631.153,0,0.01992,0.009604,0.002289,8.221E-4,0.004631,0.002653,0.004373,0.00138,0.01447,0.02129,0.003466,7.106E-4,0.003614,9.439E-4,0.006688,0.00198,0
1520868551784,true,1631.211,0,0.02038,0.009762,0.002278,8.231E-4,0.004629,0.002655,0.004379,0.001376,0.01462,0.02116,0.003456,7.136E-4,0.003606,9.471E-4,0.006693,0.001979,0
1520868551819,true,1631.268,0,0.02055,0.009929,0.002263,8.245E-4,0.004618,0.002659,0.004379,0.001377,0.01403,0.02158,0.003453,7.134E-4,0.003602,9.493E-4,0.006707,0.001974,0
1520868551980,true,1631.338,0,0.0201,0.01007,0.002254,8.242E-4,0.004596,0.00266,0.004368,0.001382,0.01343,0.02193,0.003443,7.137E-4,0.003592,9.52E-4,0.006701,0.001974,0
1520868552015,true,1631.396,0,0.01949,0.009819,0.002241,8.23E-4,0.004583,0.00266,0.00436,0.001385,0.0132,0.02221,0.003425,7.149E-4,0.003585,9.515E-4,0.006683,0.00198,0
1520868552050,true,1631.453,0,0.01944,0.009419,0.002211,8.266E-4,0.004568,0.002662,0.004342,0.001389,0.01346,0.02197,0.003399,7.201E-4,0.003577,9.51E-4,0.006666,0.001987,0
1520868552084,true,1631.511,0,0.0199,0.009314,0.002184,8.333E-4,0.004544,0.002671,0.004323,0.001392,0.01406,0.02141,0.003385,7.245E-4,0.003571,9.528E-4,0.006666,0.00199,0
1520868552120,true,1631.568,0,0.02025,0.009366,0.002176,8.359E-4,0.004542,0.002676,0.00433,0.001388,0.01432,0.02111,0.003391,7.263E-4,0.003563,9.576E-4,0.006676,0.001993,0
1520868552255,false,-1.0,-1,0.0,0.0,0.0,0.0,0.0,0.0,0.0,0.0,0.0,0.0,0.0,0.0,0.0,0.0,0.0,0.0,0
1520868552290,true,1631.671,0,0.01981,0.009755,0.002164,8.433E-4,0.004534,0.002683,0.004336,0.001398,0.01367,0.02162,0.003396,7.289E-4,0.003566,9.658E-4,0.006671,0.001999,0
1520868552324,true,1631.728,0,0.01935,0.009657,0.002159,8.472E-4,0.004538,0.002684,0.004334,0.001401,0.01371,0.02179,0.003398,7.305E-4,0.003578,9.639E-4,0.006659,0.002009,0
1520868552359,true,1631.786,0,0.01968,0.009573,0.002153,8.513E-4,0.004545,0.002684,0.004319,0.001406,0.01418,0.0215,0.003401,7.323E-4,0.003581,9.655E-4,0.00666,0.002013,0
1520868552394,true,1631.843,0,0.02014,0.009748,0.002149,8.547E-4,0.004544,0.002686,0.004318,0.001404,0.0147,0.02109,0.003402,7.341E-4,0.003584,9.67E-4,0.006662,0.002014,0
1520868552555,true,1631.913,0,0.02054,0.009895,0.002135,8.579E-4,0.004543,0.002688,0.004318,0.001405,0.01431,0.02134,0.003395,7.374E-4,0.003581,9.701E-4,0.006668,0.002012,0
1520868552590,true,1631.971,0,0.02029,0.01006,0.002132,8.588E-4,0.004534,0.002691,0.004305,0.001411,0.01361,0.02186,0.003393,7.389E-4,0.003575,9.72E-4,0.006678,0.002007,0
1520868552625,true,1632.028,0,0.01958,0.009832,0.002121,8.594E-4,0.004513,0.002696,0.004299,0.001413,0.01327,0.02216,0.003381,7.409E-4,0.003574,9.741E-4,0.006662,0.00201,0
1520868552659,true,1632.086,0,0.01928,0.009498,0.002106,8.621E-4,0.004501,0.002696,0.004283,0.001417,0.01351,0.02203,0.003364,7.434E-4,0.003571,9.715E-4,0.006642,0.002016,0
1520868552694,true,1632.143,0,0.0196,0.00926,0.002083,8.633E-4,0.004478,0.002701,0.00427,0.001412,0.01391,0.02155,0.003339,7.474E-4,0.003553,9.727E-4,0.006643,0.002017,0
1520868552830,true,1632.189,0,0.01997,0.009317,0.002053,8.677E-4,0.004452,0.002706,0.004263,0.001407,0.01435,0.0211,0.003313,7.516E-4,0.003537,9.74E-4,0.006641,0.002015,0
1520868552865,true,1632.247,0,0.02018,0.009448,0.002036,8.716E-4,0.004429,0.002711,0.004255,0.001414,0.01408,0.02118,0.003298,7.566E-4,0.003512,9.79E-4,0.006633,0.002018,0
1520868552900,true,1632.304,0,0.01995,0.009552,0.002031,8.741E-4,0.004422,0.002714,0.004258,0.001417,0.0139,0.02131,0.003295,7.593E-4,0.0035,9.84E-4,0.006627,0.002022,0
1520868552935,true,1632.362,0,0.01969,0.009256,0.002027,8.762E-4,0.004421,0.002716,0.004246,0.001427,0.01379,0.02156,0.003294,7.613E-4,0.003495,9.877E-4,0.006609,0.002029,0
1520868552970,true,1632.419,0,0.02007,0.009007,0.002023,8.789E-4,0.004426,0.002716,0.004236,0.001431,0.0142,0.02131,0.003291,7.641E-4,0.003495,9.884E-4,0.006604,0.002035,0
1520868553105,true,1632.464,0,0.02055,0.009154,0.002018,8.828E-4,0.004431,0.002718,0.004234,0.001427,0.01462,0.02093,0.003298,7.632E-4,0.003491,9.9E-4,0.006601,0.002039,0
1520868553140,true,1632.522,0,0.02089,0.009384,0.002018,8.835E-4,0.004429,0.002724,0.004231,0.001427,0.01442,0.02099,0.003301,7.639E-4,0.003482,9.965E-4,0.006612,0.002035,0
1520868553175,true,1632.579,0,0.02064,0.009685,0.002018,8.846E-4,0.004429,0.002726,0.00423,0.001434,0.01368,0.02158,0.00331,7.638E-4,0.00348,9.976E-4,0.006615,0.002032,0
1520868553209,true,1632.637,0,0.02012,0.009564,0.002017,8.839E-4,0.004422,0.002727,0.004236,0.001437,0.0133,0.02187,0.003305,7.647E-4,0.003483,9.992E-4,0.006611,0.002033,0
1520868553244,true,1632.694,0,0.01963,0.009205,0.002014,8.845E-4,0.004429,0.002724,0.004223,0.001446,0.01344,0.02182,0.003298,7.65E-4,0.003479,0.001001,0.006612,0.002033,0
1520868553405,true,1632.764,0,0.01982,0.008956,0.001996,8.872E-4,0.004425,0.002725,0.004205,0.001448,0.01383,0.02145,0.003283,7.675E-4,0.003476,9.976E-4,0.006617,0.002031,0
1520868553440,true,1632.822,0,0.01998,0.008926,0.001975,8.879E-4,0.00442,0.002725,0.004206,0.001444,0.01432,0.02086,0.003269,7.682E-4,0.003454,0.001004,0.006618,0.002029,0
1520868553475,true,1632.879,0,0.02031,0.008949,0.001954,8.874E-4,0.004406,0.002725,0.004196,0.001448,0.01417,0.02081,0.003255,7.691E-4,0.003427,0.001008,0.006613,0.002025,0
1520868553510,true,1632.937,0,0.01998,0.009149,0.001934,8.909E-4,0.004381,0.002728,0.004179,0.001456,0.0137,0.02107,0.003242,7.698E-4,0.003408,0.001013,0.006606,0.002023,0
1520868553544,true,1632.994,0,0.01959,0.009047,0.00193,8.936E-4,0.004363,0.002734,0.004174,0.001465,0.01368,0.02119,0.003237,7.722E-4,0.003396,0.001015,0.006585,0.002029,0
1520868553705,true,1633.063,0,0.01982,0.00871,0.001936,8.931E-4,0.004366,0.002738,0.004165,0.00147,0.01398,0.02107,0.003235,7.744E-4,0.003394,0.001016,0.006572,0.002037,0
1520868553740,true,1633.121,0,0.02025,0.008833,0.001934,8.959E-4,0.004376,0.002741,0.004168,0.001468,0.01442,0.02068,0.003242,7.754E-4,0.0034,0.001014,0.006576,0.002042,0
1520868553775,true,1633.178,0,0.02071,0.009134,0.001942,8.972E-4,0.004389,0.002744,0.004174,0.001469,0.01446,0.02068,0.003249,7.786E-4,0.003402,0.001016,0.006577,0.002045,0
1520868553809,true,1633.236,0,0.02098,0.009396,0.001952,8.983E-4,0.004405,0.002748,0.004193,0.00147,0.01375,0.02119,0.003263,7.792E-4,0.003395,0.001023,0.006579,0.002044,0
1520868553844,true,1633.293,0,0.02053,0.009456,0.001959,8.994E-4,0.004414,0.002751,0.00421,0.001473,0.01326,0.02157,0.003272,7.802E-4,0.003406,0.001025,0.006579,0.002048,0
1520868553980,true,1633.338,0,0.02003,0.009178,0.001968,9.002E-4,0.00443,0.002752,0.004218,0.001475,0.01316,0.02176,0.003283,7.807E-4,0.003412,0.001028,0.006584,0.00205,0
1520868554015,true,1633.396,0,0.02006,0.008867,0.001974,8.997E-4,0.004451,0.002751,0.004231,0.001476,0.01349,0.02145,0.003285,7.835E-4,0.003424,0.001027,0.006597,0.002052,0
1520868554050,true,1633.453,0,0.02031,0.00881,0.001973,8.984E-4,0.004459,0.002753,0.004227,0.001478,0.0141,0.02091,0.003286,7.843E-4,0.003423,0.001029,0.006604,0.00205,0
1520868554084,true,1633.511,0,0.02057,0.008936,0.001972,8.978E-4,0.004464,0.002753,0.004238,0.001478,0.01409,0.02083,0.003284,7.889E-4,0.003411,0.001035,0.006601,0.002052,0
1520868554119,true,1633.568,0,0.02054,0.009127,0.001963,8.977E-4,0.00446,0.002755,0.004241,0.001484,0.01371,0.02105,0.003285,7.886E-4,0.003399,0.001041,0.006607,0.002051,0
1520868554255,true,1633.614,0,0.02012,0.009094,0.001956,8.988E-4,0.004457,0.002755,0.004236,0.001488,0.01366,0.02119,0.003281,7.885E-4,0.003395,0.001043,0.00659,0.002056,0
1520868554290,true,1633.672,0,0.02007,0.008894,0.001944,9.05E-4,0.00445,0.002758,0.004234,0.001489,0.01393,0.02115,0.003271,7.944E-4,0.003392,0.001044,0.006571,0.002061,0
1520868554325,true,1633.729,0,0.02068,0.008932,0.001952,9.075E-4,0.004464,0.002762,0.004239,0.001489,0.0144,0.02077,0.003278,7.982E-4,0.0034,0.001044,0.006575,0.002064,0
1520868554360,true,1633.787,0,0.021,0.009338,0.001961,9.099E-4,0.004482,0.002765,0.004252,0.001487,0.01479,0.02046,0.003297,7.997E-4,0.003409,0.001045,0.006578,0.002066,0
1520868554395,true,1633.844,0,0.0213,0.009628,0.001982,9.112E-4,0.004499,0.002767,0.004276,0.001489,0.0144,0.02081,0.003316,8.024E-4,0.003417,0.001048,0.006602,0.002061,0
1520868554555,true,1633.914,0,0.02096,0.009808,0.002004,9.143E-4,0.004507,0.002774,0.004295,0.001492,0.01383,0.02128,0.003335,8.043E-4,0.003435,0.001048,0.006611,0.002063,0
1520868554590,true,1633.972,0,0.0202,0.009764,0.002028,9.175E-4,0.004531,0.002775,0.004319,0.001495,0.01347,0.02173,0.003358,8.057E-4,0.003459,0.001046,0.00661,0.002069,0
1520868554625,true,1634.029,0,0.02015,0.009445,0.002051,9.191E-4,0.004556,0.00278,0.004336,0.001498,0.01362,0.02162,0.003372,8.105E-4,0.003483,0.001045,0.006615,0.002073,0
1520868554660,true,1634.087,0,0.02045,0.009373,0.002067,9.204E-4,0.004583,0.002783,0.004357,0.001496,0.01398,0.02122,0.003391,8.136E-4,0.003498,0.001048,0.006634,0.002072,0
1520868554695,true,1634.144,0,0.02047,0.009524,0.002081,9.219E-4,0.004615,0.002784,0.004381,0.001495,0.0142,0.02099,0.003408,8.16E-4,0.003508,0.001051,0.006661,0.002072,0
1520868554830,true,1634.189,0,0.02047,0.009735,0.002099,9.212E-4,0.004629,0.002787,0.004393,0.001503,0.01396,0.0211,0.003423,8.156E-4,0.003518,0.001052,0.006671,0.002071,0
1520868554865,true,1634.247,0,0.02007,0.00978,0.002107,9.225E-4,0.004632,0.002787,0.004408,0.001504,0.01385,0.02122,0.003432,8.146E-4,0.003523,0.001056,0.006673,0.002073,0
1520868554900,true,1634.304,0,0.01968,0.009557,0.002111,9.227E-4,0.004633,0.002785,0.004426,0.001505,0.01395,0.02132,0.003431,8.185E-4,0.00353,0.001055,0.006652,0.002081,0
1520868554935,true,1634.362,0,0.02016,0.009406,0.002107,9.245E-4,0.00463,0.002788,0.004426,0.001501,0.01444,0.02099,0.003428,8.204E-4,0.003528,0.001056,0.006645,0.002083,0
1520868554970,true,1634.419,0,0.02078,0.009664,0.002101,9.267E-4,0.004627,0.002791,0.004431,0.001496,0.01483,0.02061,0.003432,8.252E-4,0.00352,0.001058,0.006642,0.002084,0
1520868555130,true,1634.488,0,0.02126,0.009893,0.002116,9.287E-4,0.004636,0.002795,0.004443,0.001496,0.01458,0.02081,0.00345,8.281E-4,0.003508,0.001063,0.00665,0.002079,0
1520868555164,true,1634.546,0,0.021,0.01026,0.002138,9.294E-4,0.004653,0.002795,0.004456,0.001497,0.0137,0.0215,0.003471,8.263E-4,0.003522,0.001065,0.006665,0.002078,0
1520868555199,true,1634.603,0,0.02038,0.01027,0.002162,9.321E-4,0.004668,0.002798,0.004472,0.001499,0.01326,0.022,0.003494,8.284E-4,0.003543,0.001064,0.006676,0.002079,0
1520868555234,true,1634.661,0,0.01994,0.009961,0.002188,9.345E-4,0.004697,0.002798,0.00449,0.001503,0.01341,0.02203,0.003511,8.312E-4,0.003563,0.001062,0.006686,0.002081,0
1520868555269,true,1634.718,0,0.02017,0.009853,0.002207,9.387E-4,0.004722,0.002801,0.004503,0.001507,0.01374,0.02172,0.003533,8.35E-4,0.003583,0.001061,0.006711,0.002084,0
1520868555430,true,1634.789,0,0.02007,0.01008,0.002224,9.42E-4,0.004751,0.002802,0.004536,0.001503,0.01403,0.02135,0.003557,8.382E-4,0.003594,0.001064,0.006727,0.002084,0
