1504883266607,true,1515.985,0,0.008874,0.009647,-0.002119,0.001302,-9.973E-4,0.002291,4.133E-4,0.001013,-0.009244,0.02547,-0.001937,0.002412,-3.078E-4,0.003152,4.727E-4,0.002708,1
1504883266643,true,1516.042,0,0.009335,0.01029,-0.002137,0.001297,-0.001014,0.002287,3.89E-4,0.001008,-0.009089,0.02526,-0.001955,0.00241,-3.973E-4,0.003154,4.34E-4,0.002701,1
1504883266799,true,1516.112,0,0.009398,0.01098,-0.00215,0.0013,-0.001049,0.002286,3.609E-4,0.001009,-0.01004,0.02605,-0.001968,0.002405,-4.898E-4,0.003158,3.93E-4,0.002698,1
1504883266835,true,1516.17,0,0.008886,0.01122,-0.002153,0.001299,-0.001072,0.002281,3.379E-4,0.001007,-0.01077,0.02682,-0.001988,0.002402,-5.4E-4,0.00316,3.48E-4,0.002702,1
1504883266871,true,1516.227,0,0.009106,0.01075,-0.002154,0.001301,-0.001084,0.002275,3.144E-4,0.001006,-0.01078,0.02704,-0.002017,0.002408,-5.675E-4,0.003148,3.031E-4,0.002703,1
1504883266907,true,1516.285,0,0.01013,0.01038,-0.002174,0.001302,-0.001093,0.002275,2.842E-4,0.001001,-0.009678,0.02591,-0.002048,0.002415,-5.993E-4,0.003134,2.633E-4,0.002706,1
1504883266943,true,1516.342,0,0.01021,0.01088,-0.002187,0.0013,-0.001099,0.002271,2.68E-4,9.911E-4,-0.008773,0.0248,-0.002057,0.002414,-6.501E-4,0.003132,2.372E-4,0.002701,1
1504883267074,true,1516.387,0,0.01051,0.01128,-0.002186,0.001297,-0.001118,0.002271,2.419E-4,9.917E-4,-0.009274,0.02495,-0.002069,0.00241,-7.13E-4,0.003136,2.175E-4,0.00269,1
1504883267110,true,1516.445,0,0.009783,0.01163,-0.002175,0.001295,-0.001142,0.002266,2.322E-4,9.884E-4,-0.01015,0.02551,-0.002075,0.002403,-7.59E-4,0.003131,1.942E-4,0.002684,1
1504883267146,true,1516.502,0,0.00905,0.01112,-0.002178,0.001296,-0.00115,0.002258,2.109E-4,9.88E-4,-0.01053,0.02583,-0.002111,0.002403,-8.04E-4,0.003126,1.49E-4,0.002687,1
1504883267183,true,1516.56,0,0.009288,0.01029,-0.002194,0.001298,-0.00115,0.002247,1.817E-4,9.871E-4,-0.009772,0.02506,-0.002168,0.002412,-8.577E-4,0.003112,1.005E-4,0.002688,1
1504883267219,true,1516.617,0,0.01013,0.01002,-0.002216,0.001298,-0.001166,0.002243,1.516E-4,9.839E-4,-0.008364,0.02339,-0.002213,0.002416,-9.216E-4,0.003101,6.492E-5,0.002687,1
1504883267349,true,1516.661,0,0.01031,0.01046,-0.00224,0.001299,-0.00118,0.00224,1.141E-4,9.859E-4,-0.007685,0.02226,-0.002238,0.002416,-0.001023,0.003102,2.348E-5,0.002681,1
1504883267385,true,1516.719,0,0.01052,0.01077,-0.002254,0.0013,-0.001207,0.002235,8.729E-5,9.877E-4,-0.008446,0.02252,-0.002258,0.00241,-0.00112,0.003111,-3.726E-6,0.002673,1
1504883267421,true,1516.776,0,0.009793,0.01073,-0.002251,0.001302,-0.00123,0.002225,7.067E-5,9.849E-4,-0.009032,0.02278,-0.002272,0.0024,-0.001172,0.003107,-4.829E-5,0.002675,1
1504883267457,true,1516.834,0,0.009241,0.009984,-0.002253,0.001305,-0.001239,0.002215,6.304E-5,9.829E-4,-0.00908,0.02286,-0.002303,0.002401,-0.001204,0.003096,-9.794E-5,0.00268,1
1504883267493,true,1516.891,0,0.009798,0.009268,-0.002258,0.00131,-0.001235,0.002209,4.35E-5,9.808E-4,-0.007987,0.02161,-0.00234,0.002408,-0.001243,0.003081,-1.385E-4,0.002683,1
1504883267649,true,1516.962,0,0.01012,0.009438,-0.002274,0.001306,-0.001232,0.002203,1.835E-5,9.756E-4,-0.006708,0.02,-0.002363,0.002408,-0.001294,0.003076,-1.573E-4,0.002677,1
1504883267685,true,1517.02,0,0.01011,0.009719,-0.002274,0.0013,-0.001229,0.002198,5.865E-6,9.725E-4,-0.006642,0.01943,-0.002369,0.002404,-0.001356,0.003078,-1.637E-4,0.002662,1
1504883267721,true,1517.077,0,0.009633,0.009891,-0.002265,0.001298,-0.001244,0.002193,-4.277E-6,9.724E-4,-0.007584,0.01982,-0.002378,0.002395,-0.001408,0.003079,-1.85E-4,0.002657,1
1504883267758,true,1517.135,0,0.008506,0.009437,-0.002256,0.001295,-0.001259,0.002183,-2.286E-5,9.743E-4,-0.00788,0.01996,-0.002399,0.002391,-0.001449,0.003076,-2.212E-4,0.002659,1
1504883267794,true,1517.192,0,0.008441,0.008403,-0.002263,0.001295,-0.00126,0.002173,-4.471E-5,9.746E-4,-0.007306,0.01932,-0.002445,0.002394,-0.001488,0.003064,-2.73E-4,0.002665,1
1504883267950,true,1517.262,0,0.008815,0.007895,-0.002277,0.001291,-0.00127,0.002169,-6.915E-5,9.735E-4,-0.005903,0.01767,-0.002489,0.002399,-0.001539,0.003053,-3.003E-4,0.002665,1
1504883267986,true,1517.32,0,0.009032,0.008154,-0.002302,0.001287,-0.001271,0.002162,-8.595E-5,9.687E-4,-0.004867,0.01626,-0.002519,0.002402,-0.001614,0.003052,-3.313E-4,0.002664,1
1504883268022,true,1517.377,0,0.008978,0.008458,-0.002315,0.001281,-0.001291,0.002161,-9.348E-5,9.688E-4,-0.005466,0.01633,-0.002531,0.002395,-0.00169,0.003058,-3.58E-4,0.002657,1
1504883268058,true,1517.435,0,0.008077,0.008637,-0.002306,0.001283,-0.001301,0.002155,-9.812E-5,9.724E-4,-0.006326,0.01688,-0.002533,0.002385,-0.001725,0.003055,-3.841E-4,0.002653,1
1504883268094,true,1517.492,0,0.007309,0.008021,-0.002308,0.001285,-0.001306,0.002147,-1.1E-4,9.765E-4,-0.00663,0.01728,-0.002554,0.002385,-0.001745,0.00305,-4.222E-4,0.002657,1
1504883268224,true,1517.537,0,0.007707,0.007213,-0.002306,0.001283,-0.001294,0.00214,-1.33E-4,9.805E-4,-0.005925,0.01652,-0.00257,0.002384,-0.001762,0.003036,-4.56E-4,0.00266,1
1504883268260,true,1517.595,0,0.008222,0.007297,-0.002326,0.001285,-0.001297,0.002143,-1.452E-4,9.795E-4,-0.004762,0.01512,-0.002587,0.002387,-0.001798,0.003029,-4.708E-4,0.00266,1
1504883268297,true,1517.652,0,0.008299,0.007697,-0.00232,0.001279,-0.001296,0.002142,-1.317E-4,9.728E-4,-0.004499,0.01458,-0.002588,0.002387,-0.001845,0.003031,-4.772E-4,0.002654,1
1504883268333,true,1517.71,0,0.008206,0.008027,-0.00231,0.001274,-0.001292,0.002137,-1.329E-4,9.761E-4,-0.005516,0.01522,-0.002586,0.00238,-0.001879,0.003033,-4.779E-4,0.002642,1
1504883268369,true,1517.767,0,0.007152,0.007854,-0.002307,0.001274,-0.001291,0.002127,-1.367E-4,9.816E-4,-0.006121,0.01567,-0.002588,0.002372,-0.001903,0.00303,-5.055E-4,0.002642,1
1504883268525,true,1517.837,0,0.006684,0.006906,-0.002301,0.001274,-0.001286,0.002119,-1.463E-4,9.875E-4,-0.006016,0.01573,-0.002619,0.002376,-0.001938,0.003023,-5.374E-4,0.002642,1
1504883268560,true,1517.895,0,0.00743,0.006222,-0.002321,0.001275,-0.00129,0.002121,-1.586E-4,9.853E-4,-0.004862,0.01459,-0.00265,0.00238,-0.001969,0.003011,-5.731E-4,0.002648,1
1504883268597,true,1517.952,0,0.007867,0.00636,-0.002348,0.001274,-0.001312,0.00213,-1.679E-4,9.83E-4,-0.003674,0.0133,-0.002666,0.002383,-0.002027,0.003011,-5.887E-4,0.002645,1
1504883268633,true,1518.01,0,0.008202,0.006647,-0.002357,0.00127,-0.001325,0.00213,-1.661E-4,9.845E-4,-0.003903,0.01331,-0.002674,0.002382,-0.002094,0.003018,-6.082E-4,0.002642,1
1504883268669,true,1518.067,0,0.008,0.006965,-0.002355,0.001275,-0.001329,0.002129,-1.736E-4,9.926E-4,-0.004823,0.01407,-0.002655,0.002372,-0.002121,0.003022,-6.188E-4,0.002638,1
1504883268799,true,1518.112,0,0.007249,0.006748,-0.002345,0.001275,-0.001322,0.002121,-1.748E-4,9.945E-4,-0.00526,0.01465,-0.00265,0.002368,-0.002126,0.003017,-6.483E-4,0.002644,1
1504883268835,true,1518.17,0,0.007129,0.006144,-0.00233,0.001273,-0.001318,0.002119,-1.78E-4,9.985E-4,-0.004972,0.01456,-0.002664,0.002372,-0.002133,0.003004,-6.731E-4,0.002651,1
1504883268872,true,1518.227,0,0.00801,0.005949,-0.002326,0.001273,-0.001306,0.002119,-1.851E-4,9.992E-4,-0.003907,0.01351,-0.002671,0.002379,-0.002151,0.002995,-6.854E-4,0.002655,1
1504883268908,true,1518.285,0,0.008347,0.006445,-0.002328,0.001275,-0.001289,0.00212,-1.845E-4,9.98E-4,-0.003506,0.01301,-0.00266,0.002379,-0.002182,0.002997,-6.908E-4,0.002651,1
1504883268944,true,1518.342,0,0.008592,0.006737,-0.002326,0.001276,-0.001286,0.002122,-1.681E-4,9.967E-4,-0.004409,0.01371,-0.002637,0.002372,-0.002216,0.003001,-6.844E-4,0.002641,1
1504883269100,true,1518.412,0,0.007767,0.006939,-0.002316,0.001279,-0.001284,0.002118,-1.536E-4,9.951E-4,-0.005298,0.01447,-0.002622,0.002361,-0.002235,0.003002,-7.052E-4,0.002642,1
1504883269136,true,1518.47,0,0.007006,0.006369,-0.002305,0.001281,-0.001277,0.002114,-1.536E-4,9.99E-4,-0.005574,0.015,-0.00263,0.002364,-0.002252,0.002998,-7.418E-4,0.00265,1
1504883269172,true,1518.527,0,0.007552,0.005682,-0.002312,0.001287,-0.001275,0.002119,-1.619E-4,9.987E-4,-0.004739,0.01432,-0.002662,0.002375,-0.00227,0.002989,-7.693E-4,0.002653,1
1504883269208,true,1518.585,0,0.008098,0.00584,-0.002335,0.001294,-0.001283,0.002124,-1.721E-4,9.977E-4,-0.00344,0.01307,-0.002674,0.002376,-0.002305,0.002987,-7.877E-4,0.002655,1
1504883269243,true,1518.642,0,0.008568,0.006313,-0.002355,0.001296,-0.001279,0.002128,-1.76E-4,0.001,-0.003306,0.01284,-0.002683,0.00238,-0.002352,0.002994,-8.037E-4,0.002653,1
1504883269374,true,1518.687,0,0.008364,0.006991,-0.002358,0.001302,-0.001297,0.002132,-1.695E-4,0.001004,-0.004302,0.01379,-0.002658,0.002372,-0.002377,0.003,-8.052E-4,0.002649,1
1504883269411,true,1518.745,0,0.007573,0.007082,-0.002344,0.001307,-0.001287,0.002125,-1.578E-4,0.001006,-0.004949,0.0146,-0.002638,0.002369,-0.002381,0.003001,-8.289E-4,0.002654,1
1504883269447,true,1518.802,0,0.007422,0.006475,-0.002327,0.001308,-0.001273,0.002119,-1.515E-4,0.001007,-0.004952,0.01498,-0.002638,0.002374,-0.002375,0.002991,-8.538E-4,0.002664,1
1504883269483,true,1518.86,0,0.007894,0.006209,-0.002316,0.001311,-0.001265,0.002126,-1.665E-4,0.00101,-0.00409,0.01415,-0.002642,0.00238,-0.00236,0.002977,-8.657E-4,0.00267,1
1504883269519,true,1518.917,0,0.008368,0.006637,-0.002315,0.001317,-0.001258,0.002132,-1.587E-4,0.001004,-0.003321,0.01345,-0.002625,0.002384,-0.002374,0.002977,-8.669E-4,0.002668,1
1504883269650,true,1518.963,0,0.008394,0.007185,-0.002306,0.001317,-0.00126,0.00214,-1.502E-4,0.001004,-0.003787,0.01385,-0.002595,0.00238,-0.002391,0.002979,-8.559E-4,0.002661,1
1504883269686,true,1519.021,0,0.007806,0.007431,-0.002289,0.001321,-0.001268,0.002144,-1.455E-4,0.001007,-0.004839,0.01478,-0.002567,0.00237,-0.002398,0.002982,-8.614E-4,0.002658,1
1504883269722,true,1519.078,0,0.007078,0.007075,-0.00228,0.001328,-0.001275,0.002145,-1.436E-4,0.001009,-0.005222,0.01543,-0.002568,0.00237,-0.002399,0.00298,-8.77E-4,0.002663,1
1504883269758,true,1519.136,0,0.007347,0.006318,-0.002284,0.001332,-0.001268,0.002141,-1.44E-4,0.001008,-0.004715,0.01511,-0.002591,0.002378,-0.002404,0.00297,-9.008E-4,0.00267,1
1504883269794,true,1519.193,0,0.007897,0.006349,-0.002295,0.001331,-0.001283,0.002149,-1.541E-4,0.001007,-0.00341,0.01392,-0.002611,0.002385,-0.002413,0.002961,-9.215E-4,0.002675,1
1504883269950,true,1519.262,0,0.008058,0.006777,-0.002328,0.001335,-0.001293,0.002153,-1.708E-4,0.001004,-0.002965,0.01342,-0.002608,0.002383,-0.002452,0.002967,-9.331E-4,0.002672,1
1504883269986,true,1519.32,0,0.008277,0.007231,-0.002319,0.001336,-0.001297,0.002155,-1.764E-4,0.001002,-0.003668,0.01405,-0.002587,0.002375,-0.002484,0.002977,-9.298E-4,0.002666,1
1504883270022,true,1519.377,0,0.007586,0.007412,-0.002308,0.001342,-0.001302,0.002148,-1.712E-4,9.992E-4,-0.004474,0.01491,-0.002562,0.002366,-0.00248,0.002976,-9.428E-4,0.002667,1
1504883270058,true,1519.435,0,0.007308,0.006886,-0.002304,0.001347,-0.001308,0.002143,-1.847E-4,0.001002,-0.004652,0.0155,-0.002558,0.002369,-0.002465,0.00297,-9.607E-4,0.002674,1
1504883270094,true,1519.492,0,0.007692,0.006468,-0.002308,0.00135,-0.001324,0.002151,-1.978E-4,0.001001,-0.003945,0.015,-0.002564,0.002375,-0.002449,0.002957,-9.715E-4,0.002679,1
1504883270250,true,1519.563,0,0.00808,0.006868,-0.002323,0.001355,-0.001326,0.002154,-2.034E-4,9.95E-4,-0.002859,0.01407,-0.002547,0.002375,-0.002446,0.002949,-9.675E-4,0.00268,1
1504883270286,true,1519.621,0,0.008269,0.007491,-0.002331,0.001358,-0.001322,0.002154,-2.035E-4,9.887E-4,-0.003065,0.0141,-0.002525,0.002372,-0.00246,0.002954,-9.644E-4,0.002674,1
1504883270322,true,1519.678,0,0.007665,0.008013,-0.002321,0.001358,-0.001334,0.002153,-2.094E-4,9.882E-4,-0.004146,0.01508,-0.002499,0.002362,-0.002471,0.002958,-9.647E-4,0.00267,1
1504883270358,true,1519.736,0,0.006724,0.00788,-0.002321,0.001361,-0.00136,0.002154,-2.119E-4,9.888E-4,-0.004669,0.01581,-0.002487,0.002357,-0.002467,0.002954,-9.866E-4,0.002676,1
1504883270394,true,1519.793,0,0.006656,0.007065,-0.002317,0.00136,-0.001375,0.002157,-2.188E-4,9.878E-4,-0.004397,0.01585,-0.002512,0.002362,-0.002468,0.002944,-0.001009,0.002682,1
1504883270524,true,1519.838,0,0.007188,0.006838,-0.002342,0.001364,-0.00139,0.002164,-2.453E-4,9.904E-4,-0.003194,0.01478,-0.002532,0.002364,-0.00247,0.002933,-0.001022,0.002684,1
1504883270560,true,1519.896,0,0.007784,0.007227,-0.002375,0.00137,-0.001405,0.002172,-2.568E-4,9.867E-4,-0.002409,0.01398,-0.002544,0.002366,-0.002493,0.002934,-0.001038,0.002685,1
1504883270596,true,1519.953,0,0.007969,0.007685,-0.002387,0.001373,-0.001419,0.002177,-2.575E-4,9.854E-4,-0.003,0.01441,-0.002527,0.002358,-0.002517,0.00294,-0.001033,0.002678,1
1504883270633,true,1520.011,0,0.007464,0.007957,-0.002382,0.001377,-0.001434,0.002176,-2.51E-4,9.825E-4,-0.003954,0.01529,-0.002498,0.002346,-0.002508,0.00294,-0.001035,0.002677,1
1504883270669,true,1520.068,0,0.006833,0.00756,-0.002369,0.001379,-0.001434,0.002171,-2.647E-4,9.883E-4,-0.004293,0.01591,-0.002487,0.002341,-0.002496,0.002933,-0.00105,0.002684,1
1504883270824,true,1520.138,0,0.007074,0.00698,-0.002376,0.001388,-0.001432,0.002169,-2.796E-4,9.913E-4,-0.00382,0.01566,-0.002512,0.002349,-0.00249,0.002922,-0.001069,0.00269,1
1504883270860,true,1520.196,0,0.008008,0.007101,-0.002385,0.001391,-0.001426,0.002169,-2.951E-4,9.899E-4,-0.002695,0.01454,-0.002514,0.00235,-0.002486,0.002916,-0.001064,0.002693,1
1504883270897,true,1520.253,0,0.008313,0.007601,-0.002393,0.001393,-0.001439,0.002178,-2.971E-4,9.843E-4,-0.00256,0.01427,-0.002492,0.002344,-0.002497,0.002916,-0.001058,0.002689,1
1504883270933,true,1520.311,0,0.008454,0.007943,-0.002383,0.001392,-0.001448,0.002178,-2.994E-4,9.85E-4,-0.003744,0.01524,-0.002477,0.002333,-0.002507,0.002916,-0.001053,0.002679,1
1504883270969,true,1520.368,0,0.007602,0.007917,-0.002383,0.001395,-0.001466,0.002174,-3.049E-4,9.866E-4,-0.004358,0.01593,-0.00247,0.002324,-0.002513,0.002913,-0.001072,0.002681,1
1504883271100,true,1520.413,0,0.007145,0.007254,-0.002393,0.001397,-0.00148,0.002175,-3.186E-4,9.885E-4,-0.004406,0.01622,-0.002507,0.002331,-0.002515,0.002905,-0.0011,0.002689,1
1504883271135,true,1520.471,0,0.007585,0.006699,-0.00243,0.001402,-0.001492,0.002181,-3.39E-4,9.884E-4,-0.003475,0.0153,-0.002549,0.002339,-0.002523,0.002894,-0.001114,0.00269,1
1504883271172,true,1520.528,0,0.007927,0.007143,-0.00246,0.001404,-0.001512,0.002187,-3.549E-4,9.867E-4,-0.002319,0.01417,-0.002558,0.00234,-0.002545,0.002894,-0.001124,0.002689,1
1504883271208,true,1520.586,0,0.008353,0.007467,-0.00247,0.001408,-0.001532,0.002196,-3.684E-4,9.913E-4,-0.002516,0.0142,-0.002545,0.002334,-0.002574,0.002901,-0.00112,0.002685,1
1504883271244,true,1520.643,0,0.007796,0.00794,-0.002468,0.001414,-0.001548,0.002197,-3.733E-4,9.961E-4,-0.003414,0.01495,-0.002525,0.002318,-0.002585,0.0029,-0.001126,0.00268,1
1504883271399,true,1520.713,0,0.007313,0.007589,-0.002466,0.001417,-0.001561,0.002195,-3.768E-4,0.001001,-0.003909,0.01566,-0.00253,0.002312,-0.002592,0.002901,-0.001144,0.002685,1
1504883271436,true,1520.771,0,0.007174,0.007125,-0.002479,0.001425,-0.001568,0.002196,-3.917E-4,0.001003,-0.003625,0.01557,-0.002559,0.002316,-0.002589,0.002887,-0.001159,0.00269,1
1504883271472,true,1520.828,0,0.007957,0.007018,-0.002502,0.001433,-0.001565,0.002203,-4.107E-4,0.001002,-0.002543,0.01455,-0.002571,0.002318,-0.002587,0.002876,-0.001168,0.002693,1
1504883271508,true,1520.886,0,0.008125,0.007642,-0.002517,0.001437,-0.001575,0.002207,-4.197E-4,9.987E-4,-0.001966,0.01389,-0.00257,0.002316,-0.002602,0.002875,-0.001161,0.002687,1
1504883271544,true,1520.943,0,0.008258,0.007952,-0.002514,0.001435,-0.001591,0.002213,-4.291E-4,0.001002,-0.00285,0.01455,-0.002573,0.002311,-0.002623,0.002876,-0.001151,0.002673,1
1504883271676,true,1520.988,0,0.007669,0.008063,-0.002525,0.00144,-0.001604,0.002214,-4.349E-4,0.001006,-0.003747,0.01534,-0.002572,0.002303,-0.002637,0.002877,-0.001163,0.002669,1
1504883271712,true,1521.046,0,0.007094,0.0075,-0.00255,0.001448,-0.00162,0.002215,-4.424E-4,0.001009,-0.004002,0.01582,-0.002614,0.002305,-0.002649,0.002871,-0.001195,0.002675,1
1504883271748,true,1521.103,0,0.00739,0.006821,-0.002581,0.001459,-0.001621,0.002217,-4.795E-4,0.001017,-0.003367,0.01519,-0.002661,0.002315,-0.002657,0.002864,-0.001219,0.002679,1
1504883271784,true,1521.161,0,0.008079,0.006981,-0.002614,0.00147,-0.001634,0.002227,-4.945E-4,0.001019,-0.002251,0.01401,-0.002671,0.002318,-0.002668,0.002861,-0.001222,0.002681,1
1504883271820,true,1521.218,0,0.007909,0.007513,-0.002614,0.001469,-0.001644,0.002238,-4.922E-4,0.001019,-0.002018,0.01363,-0.002658,0.002313,-0.002681,0.00286,-0.001211,0.002672,1
1504883271973,true,1521.287,0,0.008029,0.007894,-0.002619,0.001473,-0.001658,0.002243,-5.006E-4,0.001028,-0.002867,0.01431,-0.002646,0.002299,-0.0027,0.002864,-0.001203,0.002663,1
1504883272009,true,1521.345,0,0.00759,0.00772,-0.002621,0.00148,-0.001672,0.002243,-5.246E-4,0.00104,-0.003488,0.01492,-0.002654,0.002293,-0.002702,0.00286,-0.001218,0.002665,1
1504883272045,true,1521.402,0,0.007304,0.007134,-0.002617,0.001482,-0.001666,0.002242,-5.368E-4,0.001047,-0.003459,0.01518,-0.002673,0.002298,-0.0027,0.002853,-0.001239,0.002668,1
1504883272081,true,1521.46,0,0.007929,0.00695,-0.002635,0.001488,-0.001667,0.00225,-5.553E-4,0.001054,-0.002589,0.01434,-0.00269,0.0023,-0.00269,0.002841,-0.001236,0.002668,1
1504883272117,true,1521.517,0,0.00807,0.007556,-0.002654,0.001495,-0.001661,0.002251,-5.665E-4,0.001055,-0.001716,0.01345,-0.002694,0.002301,-0.002699,0.002839,-0.001232,0.002663,1
1504883272249,true,1521.562,0,0.008246,0.008081,-0.00267,0.001504,-0.001688,0.002261,-5.786E-4,0.001058,-0.002396,0.01395,-0.002691,0.002294,-0.002734,0.002844,-0.001222,0.00265,1
1504883272286,true,1521.62,0,0.007301,0.008507,-0.002674,0.001507,-0.001713,0.002267,-6.007E-4,0.001068,-0.003502,0.01481,-0.00269,0.002281,-0.002746,0.002842,-0.001226,0.002641,1
1504883272322,true,1521.677,0,0.0067,0.007961,-0.002697,0.001518,-0.001728,0.002266,-6.146E-4,0.001073,-0.003981,0.01543,-0.002725,0.002284,-0.002758,0.002838,-0.001252,0.002645,1
1504883272358,true,1521.735,0,0.007093,0.00708,-0.00271,0.00153,-0.001733,0.002272,-6.346E-4,0.001078,-0.003488,0.01509,-0.002751,0.002291,-0.00275,0.002828,-0.001267,0.002651,1
1504883272394,true,1521.792,0,0.007782,0.006832,-0.002727,0.00154,-0.001732,0.002282,-6.418E-4,0.00108,-0.002367,0.01397,-0.002751,0.002293,-0.00274,0.002822,-0.001259,0.00265,1
1504883272549,true,1521.863,0,0.0081,0.007173,-0.002727,0.001541,-0.001741,0.002293,-6.501E-4,0.001085,-0.001853,0.01331,-0.002728,0.002286,-0.002747,0.002827,-0.001239,0.002642,1
1504883272585,true,1521.921,0,0.008014,0.007697,-0.002729,0.001545,-0.001754,0.002302,-6.488E-4,0.001089,-0.002651,0.01392,-0.002707,0.002276,-0.002745,0.002827,-0.001219,0.002631,1
1504883272621,true,1521.978,0,0.007128,0.007908,-0.002723,0.00155,-0.001772,0.002307,-6.494E-4,0.001094,-0.003409,0.01469,-0.002689,0.002267,-0.002734,0.002827,-0.001227,0.002634,1
1504883272657,true,1522.036,0,0.006739,0.007302,-0.002726,0.001559,-0.001778,0.002307,-6.624E-4,0.001103,-0.003707,0.01528,-0.002686,0.002267,-0.002711,0.002819,-0.001245,0.002643,1
1504883272693,true,1522.093,0,0.007118,0.006866,-0.00273,0.001568,-0.001782,0.002317,-6.803E-4,0.00111,-0.002848,0.01461,-0.002701,0.002275,-0.002684,0.002806,-0.001243,0.002643,1
1504883272849,true,1522.163,0,0.007535,0.007153,-0.002747,0.001576,-0.001777,0.002326,-6.916E-4,0.001115,-0.001819,0.01364,-0.00269,0.002274,-0.002673,0.002798,-0.001232,0.00264,1
1504883272885,true,1522.221,0,0.007406,0.0077,-0.002764,0.001581,-0.001788,0.002337,-6.98E-4,0.00112,-0.002105,0.01379,-0.002681,0.00227,-0.002686,0.002801,-0.001221,0.002632,1
1504883272921,true,1522.278,0,0.006997,0.008099,-0.002768,0.001588,-0.001803,0.002346,-7.066E-4,0.001128,-0.003196,0.01468,-0.002671,0.002258,-0.002692,0.002803,-0.001215,0.002625,1
1504883272957,true,1522.336,0,0.00621,0.007854,-0.002772,0.001599,-0.00182,0.002354,-7.099E-4,0.001132,-0.003764,0.01536,-0.002679,0.002257,-0.002696,0.002804,-0.001234,0.00263,1
1504883272993,true,1522.393,0,0.005959,0.00705,-0.002763,0.001608,-0.001818,0.002359,-7.131E-4,0.001138,-0.003544,0.01533,-0.002683,0.002264,-0.002674,0.002798,-0.001231,0.002633,1
1504883273123,true,1522.437,0,0.006572,0.006707,-0.002754,0.001615,-0.001814,0.002372,-7.206E-4,0.001144,-0.002429,0.01419,-0.00268,0.002269,-0.002637,0.002785,-0.001207,0.002634,1
1504883273159,true,1522.495,0,0.006946,0.00699,-0.002746,0.001618,-0.001811,0.002384,-7.161E-4,0.001149,-0.001692,0.01331,-0.002647,0.002268,-0.002614,0.002783,-0.001174,0.002629,1
1504883273195,true,1522.552,0,0.007487,0.007202,-0.002737,0.001625,-0.00181,0.002395,-7.101E-4,0.001155,-0.002307,0.01367,-0.002616,0.002259,-0.002615,0.002789,-0.001146,0.002622,1
1504883273232,true,1522.61,0,0.006885,0.007554,-0.002719,0.001635,-0.001811,0.002397,-6.94E-4,0.001161,-0.003174,0.01439,-0.002581,0.002249,-0.002593,0.002792,-0.001136,0.002621,1
1504883273267,true,1522.667,0,0.006378,0.007019,-0.002692,0.001639,-0.001804,0.002397,-6.893E-4,0.001168,-0.00348,0.015,-0.002568,0.002246,-0.002558,0.002786,-0.001134,0.002626,1
1504883273399,true,1522.712,0,0.006858,0.006439,-0.002676,0.001646,-0.001792,0.002405,-6.936E-4,0.001175,-0.002882,0.01461,-0.002554,0.002246,-0.002525,0.002777,-0.001127,0.002633,1
1504883273435,true,1522.77,0,0.007482,0.006701,-0.002669,0.001651,-0.001792,0.002415,-6.956E-4,0.00118,-0.001723,0.01351,-0.00254,0.002248,-0.002501,0.002768,-0.001114,0.002635,1
1504883273471,true,1522.827,0,0.007834,0.007194,-0.002657,0.001654,-0.001792,0.002426,-6.867E-4,0.001182,-0.001725,0.01334,-0.002518,0.002245,-0.002498,0.002768,-0.001087,0.002625,1
1504883273507,true,1522.885,0,0.007996,0.00758,-0.002637,0.001657,-0.001801,0.002435,-6.799E-4,0.001187,-0.002992,0.01437,-0.002498,0.002238,-0.0025,0.00277,-0.001069,0.002618,1
1504883273543,true,1522.942,0,0.007187,0.007575,-0.00262,0.001666,-0.0018,0.002439,-6.663E-4,0.001194,-0.003766,0.01511,-0.002477,0.002233,-0.002487,0.002772,-0.00107,0.002622,1
1504883273699,true,1523.013,0,0.006839,0.006902,-0.002584,0.001673,-0.001778,0.002439,-6.517E-4,0.001198,-0.003903,0.01557,-0.002466,0.00224,-0.002449,0.002768,-0.001068,0.002631,1
1504883273735,true,1523.071,0,0.007151,0.006462,-0.002549,0.001679,-0.001763,0.002449,-6.412E-4,0.001201,-0.002871,0.01469,-0.002449,0.002245,-0.002397,0.002756,-0.00104,0.002635,1
1504883273771,true,1523.128,0,0.007289,0.006855,-0.00253,0.001684,-0.001735,0.002456,-6.216E-4,0.001204,-0.001763,0.01358,-0.002408,0.002245,-0.002359,0.002751,-0.001008,0.002634,1
1504883273807,true,1523.186,0,0.007648,0.007268,-0.002497,0.001686,-0.001718,0.002461,-5.973E-4,0.001206,-0.00186,0.01352,-0.002368,0.002241,-0.002345,0.002758,-9.679E-4,0.002625,1
1504883273843,true,1523.243,0,0.007426,0.007652,-0.002448,0.00169,-0.001711,0.002466,-5.802E-4,0.001215,-0.002767,0.01428,-0.002316,0.002229,-0.002312,0.002757,-9.28E-4,0.002614,1
1504883273999,true,1523.312,0,0.006836,0.007353,-0.002403,0.001694,-0.001705,0.002469,-5.617E-4,0.001222,-0.003207,0.01486,-0.002286,0.002225,-0.002269,0.002753,-9.259E-4,0.002622,1
1504883274035,true,1523.37,0,0.006908,0.006712,-0.002353,0.001693,-0.001673,0.00247,-5.52E-4,0.001227,-0.002824,0.01479,-0.002275,0.002231,-0.002221,0.002738,-9.166E-4,0.002627,1
1504883274071,true,1523.427,0,0.00796,0.006614,-0.002318,0.001697,-0.001653,0.002478,-5.415E-4,0.00123,-0.001707,0.01374,-0.002255,0.002233,-0.002188,0.002727,-8.911E-4,0.002626,1
1504883274107,true,1523.485,0,0.008274,0.007281,-0.002294,0.0017,-0.001625,0.002478,-5.293E-4,0.001232,-0.00118,0.01322,-0.002214,0.002227,-0.002186,0.00273,-8.61E-4,0.002618,1
1504883274143,true,1523.542,0,0.008341,0.007866,-0.002264,0.001699,-0.001623,0.002486,-5.19E-4,0.001238,-0.002237,0.01406,-0.002196,0.002222,-0.002184,0.002732,-8.428E-4,0.002609,1
1504883274299,true,1523.588,0,0.007517,0.008152,-0.002235,0.001704,-0.001622,0.002486,-5.104E-4,0.001247,-0.003213,0.01497,-0.002169,0.002213,-0.002173,0.002733,-8.394E-4,0.002609,1
1504883274336,true,1523.646,0,0.007013,0.00771,-0.002204,0.001712,-0.001607,0.002485,-4.885E-4,0.00125,-0.003583,0.01563,-0.00216,0.002217,-0.002141,0.002728,-8.424E-4,0.002617,1
1504883274371,true,1523.703,0,0.007502,0.00707,-0.002168,0.001717,-0.001561,0.002483,-4.658E-4,0.001252,-0.002813,0.01501,-0.002146,0.002225,-0.002088,0.002716,-8.194E-4,0.002617,1
1504883274408,true,1523.761,0,0.008239,0.00717,-0.002122,0.001715,-0.001529,0.002484,-4.44E-4,0.001251,-0.001636,0.01384,-0.002116,0.002227,-0.002046,0.002708,-7.79E-4,0.002616,1
1504883274444,true,1523.818,0,0.008404,0.007594,-0.002086,0.001714,-0.001499,0.002486,-4.138E-4,0.001253,-0.001589,0.01362,-0.002077,0.002224,-0.002026,0.00271,-7.389E-4,0.002606,1
1504883274549,true,1523.863,0,0.008431,0.008146,-0.002031,0.001711,-0.001483,0.002488,-3.711E-4,0.001254,-0.002587,0.01443,-0.002029,0.002214,-0.002002,0.002712,-7.035E-4,0.002597,1
1504883274585,true,1523.921,0,0.007768,0.008166,-0.001974,0.001714,-0.001472,0.002485,-3.275E-4,0.001255,-0.003049,0.01503,-0.001987,0.002205,-0.001967,0.002712,-6.831E-4,0.002596,1
1504883274621,true,1523.978,0,0.007831,0.007472,-0.001915,0.001713,-0.001447,0.00248,-2.939E-4,0.001256,-0.003014,0.01528,-0.001961,0.002205,-0.001925,0.002702,-6.729E-4,0.002601,1
1504883274657,true,1524.036,0,0.008688,0.007223,-0.001877,0.001714,-0.001413,0.002475,-2.728E-4,0.001257,-0.002024,0.01438,-0.001941,0.002206,-0.00188,0.002685,-6.601E-4,0.002602,1
1504883274693,true,1524.093,0,0.009284,0.007689,-0.001842,0.001709,-0.001386,0.002471,-2.616E-4,0.001256,-0.001299,0.01361,-0.00192,0.002208,-0.001869,0.002679,-6.375E-4,0.002599,1
1504883274858,true,1524.163,0,0.009567,0.008162,-0.001799,0.001703,-0.001378,0.002475,-2.337E-4,0.001256,-0.001946,0.01408,-0.001896,0.002202,-0.001871,0.002678,-6.024E-4,0.002584,1
1504883274894,true,1524.221,0,0.008954,0.008633,-0.001766,0.001698,-0.001367,0.002471,-2.094E-4,0.001255,-0.003024,0.01503,-0.001873,0.00219,-0.001864,0.002678,-5.978E-4,0.002577,1
1504883274930,true,1524.278,0,0.008358,0.008175,-0.001755,0.001702,-0.001352,0.002463,-1.976E-4,0.001257,-0.003503,0.01568,-0.001878,0.00219,-0.001856,0.002673,-6.143E-4,0.002582,1
1504883274966,true,1524.336,0,0.008423,0.007457,-0.001733,0.001706,-0.001329,0.002463,-1.817E-4,0.001256,-0.003083,0.01548,-0.001885,0.002198,-0.001842,0.002667,-6.182E-4,0.002587,1
1504883275002,true,1524.393,0,0.00915,0.007289,-0.001704,0.001703,-0.001303,0.002467,-1.651E-4,0.001251,-0.001886,0.0143,-0.00187,0.002204,-0.001807,0.002659,-5.897E-4,0.002587,1
1504883275124,true,1524.438,0,0.009447,0.007746,-0.001673,0.001699,-0.001272,0.002465,-1.428E-4,0.001246,-0.001243,0.0136,-0.001827,0.002199,-0.001785,0.002656,-5.573E-4,0.002578,1
1504883275160,true,1524.496,0,0.009759,0.008134,-0.001628,0.001695,-0.001244,0.002465,-1.103E-4,0.001244,-0.002066,0.01421,-0.001787,0.002191,-0.00178,0.002658,-5.23E-4,0.002567,1
1504883275196,true,1524.553,0,0.008855,0.008496,-0.001574,0.001694,-0.001223,0.002454,-9.084E-5,0.001248,-0.002744,0.01487,-0.001738,0.002179,-0.001747,0.002655,-5.086E-4,0.002566,1
1504883275232,true,1524.611,0,0.008664,0.007848,-0.001533,0.001698,-0.00119,0.002447,-5.327E-5,0.001245,-0.003003,0.01538,-0.001714,0.002175,-0.001707,0.002645,-5.023E-4,0.002568,1
1504883275268,true,1524.668,0,0.009169,0.007373,-0.001498,0.001696,-0.001149,0.002441,-2.084E-5,0.001237,-0.002183,0.0147,-0.001699,0.002178,-0.001665,0.002629,-4.771E-4,0.002567,1
1504883275424,true,1524.738,0,0.009679,0.007796,-0.001468,0.00169,-0.001116,0.002436,8.954E-6,0.001229,-0.001137,0.01365,-0.001674,0.002176,-0.001641,0.002617,-4.531E-4,0.002561,1
1504883275459,true,1524.796,0,0.009946,0.008343,-0.001437,0.001681,-0.001092,0.002436,3.51E-5,0.001224,-0.001375,0.01372,-0.001649,0.002168,-0.00164,0.002616,-4.222E-4,0.00255,1
1504883275496,true,1524.853,0,0.009493,0.008861,-0.001411,0.001677,-0.001084,0.002432,6.342E-5,0.001222,-0.002659,0.01484,-0.001626,0.002156,-0.001645,0.002616,-4.033E-4,0.002539,1
1504883275531,true,1524.911,0,0.008895,0.008551,-0.00139,0.001673,-0.001076,0.002421,8.955E-5,0.001219,-0.003338,0.01556,-0.001624,0.002151,-0.00164,0.002608,-4.113E-4,0.002538,1
1504883275567,true,1524.968,0,0.008679,0.007933,-0.00139,0.001675,-0.001071,0.002422,1.012E-4,0.001217,-0.003204,0.0156,-0.001652,0.002157,-0.001632,0.002592,-4.238E-4,0.002539,1
1504883275724,true,1525.039,0,0.009062,0.007761,-0.001384,0.001676,-0.001044,0.002419,1.084E-4,0.001215,-0.002132,0.01451,-0.001665,0.002162,-0.001621,0.00258,-4.219E-4,0.00254,1
1504883275760,true,1525.097,0,0.009394,0.008085,-0.001356,0.001668,-0.001023,0.002421,1.289E-4,0.001208,-0.001337,0.01366,-0.001636,0.00216,-0.001615,0.002579,-3.877E-4,0.002532,1
1504883275796,true,1525.154,0,0.009805,0.008388,-0.001323,0.001662,-0.001003,0.002419,1.555E-4,0.001204,-0.001848,0.01398,-0.001602,0.002151,-0.001606,0.00258,-3.519E-4,0.002519,1
1504883275832,true,1525.212,0,0.009455,0.008554,-0.001278,0.001655,-9.795E-4,0.002408,1.813E-4,0.001202,-0.002622,0.01464,-0.001567,0.002142,-0.00158,0.002576,-3.336E-4,0.002511,1
1504883275868,true,1525.269,0,0.008836,0.00813,-0.00124,0.001653,-9.478E-4,0.002397,2.092E-4,0.0012,-0.002874,0.01513,-0.001543,0.002136,-0.001544,0.002564,-3.379E-4,0.002515,1
1504883275999,true,1525.313,0,0.009348,0.007487,-0.001196,0.001647,-9.034E-4,0.002386,2.259E-4,0.001196,-0.002195,0.01464,-0.00153,0.002136,-0.001505,0.002547,-3.233E-4,0.002514,1
1504883276035,true,1525.371,0,0.009955,0.007735,-0.001166,0.001642,-8.746E-4,0.002381,2.453E-4,0.001188,-0.001047,0.01357,-0.001502,0.002133,-0.001476,0.002533,-2.948E-4,0.002509,1
1504883276071,true,1525.428,0,0.01024,0.008225,-0.001129,0.00163,-8.501E-4,0.002377,2.742E-4,0.001179,-9.197E-4,0.01332,-0.001469,0.002127,-0.001468,0.002529,-2.588E-4,0.002495,1
1504883276107,true,1525.486,0,0.0102,0.008662,-0.001081,0.001621,-8.356E-4,0.00237,3.003E-4,0.001175,-0.002132,0.01433,-0.001444,0.002115,-0.001474,0.002525,-2.308E-4,0.002479,1
1504883276143,true,1525.543,0,0.009639,0.008686,-0.001061,0.001619,-8.262E-4,0.00236,3.192E-4,0.001167,-0.002901,0.01514,-0.001431,0.002105,-0.001471,0.002521,-2.299E-4,0.002474,1
1504883276298,true,1525.614,0,0.009151,0.008064,-0.001038,0.001613,-8.097E-4,0.002348,3.417E-4,0.001162,-0.002991,0.01552,-0.001451,0.002107,-0.001465,0.002507,-2.456E-4,0.002475,1
1504883276335,true,1525.672,0,0.009478,0.007658,-0.001031,0.001608,-7.924E-4,0.002347,3.464E-4,0.001158,-0.002095,0.01469,-0.001477,0.002113,-0.001465,0.002491,-2.532E-4,0.002475,1
1504883276371,true,1525.729,0,0.009701,0.007915,-0.001028,0.001606,-7.72E-4,0.002345,3.492E-4,0.001154,-0.00103,0.01356,-0.00147,0.002114,-0.001469,0.002486,-2.435E-4,0.002472,1
1504883276407,true,1525.787,0,0.009714,0.008344,-9.986E-4,0.001598,-7.561E-4,0.002344,3.876E-4,0.001148,-0.001337,0.01362,-0.001431,0.002102,-0.001459,0.002489,-2.16E-4,0.002459,1
1504883276443,true,1525.844,0,0.009327,0.008818,-9.544E-4,0.001592,-7.387E-4,0.002338,4.139E-4,0.001148,-0.002363,0.01439,-0.001398,0.002088,-0.001433,0.002487,-1.963E-4,0.00245,1
1504883276574,true,1525.888,0,0.008491,0.008579,-9.19E-4,0.001588,-7.1E-4,0.002327,4.385E-4,0.001148,-0.002656,0.01482,-0.001374,0.002081,-0.001403,0.00248,-1.946E-4,0.002453,1
1504883276610,true,1525.946,0,0.008699,0.007899,-8.847E-4,0.001584,-6.705E-4,0.002315,4.456E-4,0.001147,-0.002157,0.0146,-0.00137,0.002083,-0.001368,0.002467,-1.877E-4,0.002456,1
1504883276646,true,1526.003,0,0.009539,0.007834,-8.428E-4,0.001577,-6.271E-4,0.00231,4.613E-4,0.001143,-0.0011,0.01358,-0.001345,0.002082,-0.001327,0.002452,-1.615E-4,0.002453,1
1504883276682,true,1526.061,0,0.01003,0.008303,-8.119E-4,0.00157,-5.973E-4,0.002306,4.907E-4,0.001135,-5.497E-4,0.01299,-0.001299,0.002075,-0.001308,0.002447,-1.245E-4,0.002444,1
1504883276718,true,1526.118,0,0.01026,0.008824,-7.638E-4,0.00156,-5.758E-4,0.002301,5.291E-4,0.001129,-0.001378,0.01365,-0.001269,0.002063,-0.001296,0.002443,-8.784E-5,0.002428,1
1504883276874,true,1526.188,0,0.009619,0.008958,-7.178E-4,0.001553,-5.577E-4,0.002289,5.495E-4,0.001126,-0.002443,0.0146,-0.001237,0.002052,-0.00128,0.002436,-8.009E-5,0.002419,1
1504883276910,true,1526.246,0,0.008969,0.008427,-6.906E-4,0.001549,-5.426E-4,0.002278,5.744E-4,0.001122,-0.002819,0.01526,-0.001234,0.002051,-0.001263,0.002425,-8.75E-5,0.002422,1
1504883276946,true,1526.303,0,0.009085,0.007938,-6.691E-4,0.001545,-5.17E-4,0.00227,5.787E-4,0.001119,-0.002172,0.01471,-0.001247,0.002052,-0.001252,0.002407,-8.771E-5,0.00242,1
1504883276982,true,1526.361,0,0.009891,0.008008,-6.743E-4,0.001541,-5.07E-4,0.00227,5.837E-4,0.001115,-0.001067,0.01358,-0.001262,0.002055,-0.001255,0.002398,-8.658E-5,0.002418,1
1504883277018,true,1526.418,0,0.01026,0.008349,-6.616E-4,0.001536,-5.057E-4,0.002276,5.984E-4,0.00111,-0.001033,0.01336,-0.001248,0.002052,-0.001277,0.002401,-6.559E-5,0.002407,1
1504883277149,true,1526.463,0,0.01016,0.008726,-6.291E-4,0.00153,-4.901E-4,0.002272,6.28E-4,0.001106,-0.001861,0.01408,-0.001215,0.002042,-0.00126,0.002401,-3.017E-5,0.002395,1
1504883277185,true,1526.521,0,0.009671,0.008517,-5.873E-4,0.001526,-4.731E-4,0.002263,6.532E-4,0.001104,-0.002285,0.0146,-0.001179,0.002032,-0.001217,0.002398,-1.73E-5,0.002396,1
1504883277221,true,1526.578,0,0.009365,0.00802,-5.403E-4,0.001523,-4.438E-4,0.002256,6.752E-4,0.001103,-0.002289,0.01487,-0.001169,0.002034,-0.001164,0.002384,-9.484E-6,0.002398,1
1504883277257,true,1526.636,0,0.01015,0.007802,-5.103E-4,0.00152,-4.03E-4,0.002247,7.027E-4,0.001097,-0.001315,0.01399,-0.001144,0.002032,-0.001115,0.002369,2.016E-5,0.002394,1
1504883277293,true,1526.693,0,0.01059,0.008422,-4.795E-4,0.001514,-3.555E-4,0.002238,7.414E-4,0.001086,-4.645E-4,0.01314,-0.001107,0.002033,-0.001076,0.002362,5.961E-5,0.002384,1
1504883277449,true,1526.764,0,0.01113,0.008919,-4.307E-4,0.001504,-3.263E-4,0.002236,7.874E-4,0.00108,-9.851E-4,0.01351,-0.001045,0.002022,-0.001047,0.002361,1.053E-4,0.002369,1
1504883277485,true,1526.822,0,0.01047,0.009387,-3.745E-4,0.0015,-3.056E-4,0.002229,8.331E-4,0.001072,-0.002031,0.01446,-9.929E-4,0.002007,-0.001004,0.002356,1.34E-4,0.002359,1
1504883277521,true,1526.879,0,0.009816,0.009019,-3.231E-4,0.001494,-2.652E-4,0.002213,8.614E-4,0.001067,-0.002503,0.01512,-9.731E-4,0.002005,-9.6E-4,0.002342,1.409E-4,0.002356,1
1504883277557,true,1526.937,0,0.009731,0.008404,-2.874E-4,0.001493,-2.377E-4,0.002209,8.823E-4,0.001061,-0.002119,0.01495,-9.779E-4,0.002014,-9.301E-4,0.002327,1.465E-4,0.002354,1
1504883277593,true,1526.994,0,0.01044,0.008385,-2.792E-4,0.001489,-2.04E-4,0.002206,8.883E-4,0.001058,-9.494E-4,0.01389,-9.729E-4,0.002019,-9.094E-4,0.002311,1.675E-4,0.00235,1
1504883277749,true,1527.064,0,0.01068,0.008811,-2.634E-4,0.001481,-1.895E-4,0.002205,9.009E-4,0.00105,-4.669E-4,0.01321,-9.548E-4,0.002014,-9.204E-4,0.002309,1.873E-4,0.00234,1
1504883277785,true,1527.122,0,0.0109,0.00917,-2.522E-4,0.001479,-1.959E-4,0.002204,9.264E-4,0.001046,-0.001339,0.01388,-9.427E-4,0.002006,-9.436E-4,0.002312,2.012E-4,0.002329,1
1504883277821,true,1527.179,0,0.01025,0.009214,-2.208E-4,0.001477,-1.951E-4,0.002199,9.369E-4,0.001044,-0.001979,0.01457,-9.093E-4,0.001995,-9.365E-4,0.002312,1.997E-4,0.002327,1
1504883277857,true,1527.237,0,0.009819,0.008707,-1.808E-4,0.001474,-1.737E-4,0.002192,9.592E-4,0.001043,-0.002184,0.0151,-8.902E-4,0.001997,-8.911E-4,0.002303,2.061E-4,0.002331,1
1504883277893,true,1527.294,0,0.01043,0.008289,-1.378E-4,0.001472,-1.317E-4,0.002185,9.678E-4,0.00104,-0.00135,0.01441,-8.67E-4,0.002,-8.276E-4,0.002289,2.32E-4,0.002329,1
1504883277999,true,1527.314,0,0.01118,0.008727,-8.464E-5,0.001465,-8.26E-5,0.002177,0.001001,0.001031,-2.793E-4,0.01345,-8.193E-4,0.001997,-7.726E-4,0.002282,2.751E-4,0.002321,1
1504883278035,true,1527.372,0,0.0114,0.009377,-3.061E-5,0.001457,-3.776E-5,0.00217,0.001053,0.001022,-5.198E-4,0.01367,-7.609E-4,0.001992,-7.435E-4,0.002285,3.264E-4,0.002307,1
1504883278071,true,1527.429,0,0.01095,0.01005,2.375E-5,0.001454,-2.874E-6,0.002164,0.001095,0.001018,-0.001793,0.0148,-6.966E-4,0.001981,-6.869E-4,0.00228,3.798E-4,0.002292,1
1504883278107,true,1527.487,0,0.01043,0.009855,9.068E-5,0.001444,3.439E-5,0.002151,0.001133,0.001014,-0.002521,0.01571,-6.463E-4,0.001976,-6.291E-4,0.002273,4.091E-4,0.00229,1
1504883278142,true,1527.544,0,0.0103,0.009112,1.52E-4,0.001436,7.668E-5,0.00214,0.00117,0.001008,-0.002501,0.01598,-6.251E-4,0.001982,-5.755E-4,0.00226,4.327E-4,0.002289,1
1504883278299,true,1527.614,0,0.01107,0.008846,1.887E-4,0.001428,1.099E-4,0.002138,0.001202,9.997E-4,-0.001493,0.01505,-6.05E-4,0.001986,-5.327E-4,0.002245,4.659E-4,0.002287,1
1504883278334,true,1527.672,0,0.01115,0.009404,2.298E-4,0.001419,1.433E-4,0.002135,0.001237,9.911E-4,-6.682E-4,0.01422,-5.678E-4,0.001982,-5.206E-4,0.002243,5.099E-4,0.002273,1
1504883278368,true,1527.729,0,0.01162,0.009787,2.761E-4,0.001409,1.659E-4,0.00213,0.001269,9.875E-4,-0.001176,0.01459,-5.3E-4,0.001974,-5.216E-4,0.002242,5.5E-4,0.002257,1
1504883278403,true,1527.787,0,0.01112,0.01009,3.17E-4,0.0014,1.57E-4,0.002131,0.001299,9.815E-4,-0.001951,0.01535,-4.914E-4,0.001961,-5.233E-4,0.00224,5.68E-4,0.002251,1
1504883278438,true,1527.844,0,0.01065,0.009736,3.464E-4,0.001396,1.673E-4,0.00212,0.001318,9.78E-4,-0.002203,0.01594,-4.886E-4,0.001962,-5.171E-4,0.002233,5.604E-4,0.002251,1
1504883278598,true,1527.914,0,0.01134,0.009061,3.542E-4,0.001395,1.812E-4,0.002115,0.001331,9.747E-4,-0.001592,0.01559,-4.929E-4,0.001968,-5.135E-4,0.002221,5.594E-4,0.002252,1
1504883278634,true,1527.972,0,0.01187,0.009317,3.711E-4,0.001392,2.029E-4,0.002115,0.001342,9.706E-4,-5.859E-4,0.01476,-4.659E-4,0.001969,-5.068E-4,0.002219,5.76E-4,0.00225,1
1504883278668,true,1528.029,0,0.01224,0.009929,4.134E-4,0.001388,2.382E-4,0.00211,0.001379,9.643E-4,-5.018E-4,0.01463,-4.127E-4,0.001965,-4.853E-4,0.002221,6.157E-4,0.002241,1
1504883278703,true,1528.087,0,0.01251,0.01048,4.775E-4,0.001384,2.666E-4,0.002104,0.001418,9.579E-4,-0.001626,0.01564,-3.517E-4,0.001955,-4.415E-4,0.002223,6.624E-4,0.002228,1
1504883278738,true,1528.144,0,0.01213,0.0105,5.367E-4,0.00138,2.874E-4,0.002099,0.001462,9.522E-4,-0.002523,0.01669,-2.874E-4,0.001944,-3.808E-4,0.00222,6.947E-4,0.002225,1
1504883278873,true,1528.189,0,0.01182,0.009925,5.894E-4,0.00138,3.243E-4,0.002092,0.001504,9.448E-4,-0.002747,0.01723,-2.577E-4,0.001945,-3.209E-4,0.00221,7.165E-4,0.002226,1
1504883278908,true,1528.247,0,0.01264,0.009347,6.407E-4,0.001375,3.691E-4,0.002089,0.001539,9.407E-4,-0.001896,0.01649,-2.23E-4,0.001949,-2.6E-4,0.002198,7.606E-4,0.002223,1
1504883278943,true,1528.304,0,0.01323,0.009596,6.909E-4,0.001365,4.185E-4,0.002084,0.001576,9.324E-4,-8.597E-4,0.01548,-1.782E-4,0.00195,-2.225E-4,0.002191,8.103E-4,0.002215,1
1504883278978,true,1528.362,0,0.01338,0.01004,7.466E-4,0.001355,4.489E-4,0.002082,0.001612,9.302E-4,-0.001029,0.0156,-1.315E-4,0.001944,-2.135E-4,0.002196,8.68E-4,0.002197,1
1504883279012,true,1528.419,0,0.01322,0.01042,7.993E-4,0.001346,4.663E-4,0.002072,0.001647,9.266E-4,-0.001932,0.01639,-8.362E-5,0.00193,-1.954E-4,0.002194,8.953E-4,0.002186,1
1504883279173,true,1528.489,0,0.01261,0.01022,8.477E-4,0.001338,4.863E-4,0.002061,0.001676,9.284E-4,-0.002418,0.01709,-5.431E-5,0.001922,-1.815E-4,0.00219,8.908E-4,0.00219,1
1504883279208,true,1528.547,0,0.01303,0.009421,8.885E-4,0.001328,5.129E-4,0.002049,0.001698,9.24E-4,-0.001992,0.01698,-5.896E-5,0.001928,-1.72E-4,0.002182,8.924E-4,0.002191,1
1504883279243,true,1528.604,0,0.01418,0.009128,9.138E-4,0.001322,5.244E-4,0.002051,0.001715,9.147E-4,-8.553E-4,0.01592,-5.066E-5,0.001926,-1.707E-4,0.002171,9.028E-4,0.00219,1
1504883279278,true,1528.662,0,0.01478,0.009624,9.14E-4,0.001316,5.293E-4,0.002052,0.00172,9.133E-4,-2.585E-4,0.01528,-3.258E-5,0.001925,-1.896E-4,0.002171,9.244E-4,0.002181,1
1504883279313,true,1528.719,0,0.0149,0.01018,9.254E-4,0.00131,5.187E-4,0.002055,0.001729,9.146E-4,-0.001109,0.016,-1.732E-5,0.001916,-2.154E-4,0.002172,9.366E-4,0.002167,1
1504883279449,true,1528.765,0,0.01389,0.01057,9.353E-4,0.00131,5.032E-4,0.002057,0.001742,9.149E-4,-0.00216,0.01698,-6.221E-6,0.001908,-2.279E-4,0.002172,9.299E-4,0.002167,1
1504883279483,true,1528.823,0,0.0133,0.01007,9.712E-4,0.001308,5.21E-4,0.002047,0.001757,9.147E-4,-0.002516,0.01764,8.571E-6,0.001907,-2.092E-4,0.002171,9.35E-4,0.002169,1
1504883279518,true,1528.88,0,0.01381,0.00941,0.001003,0.001309,5.459E-4,0.002045,0.001772,9.153E-4,-0.001864,0.01708,2.286E-5,0.001909,-1.518E-4,0.002156,9.678E-4,0.002164,1
1504883279553,true,1528.938,0,0.01436,0.009471,0.001042,0.001303,5.74E-4,0.002044,0.001802,9.09E-4,-6.358E-4,0.01584,4.976E-5,0.001908,-1.078E-4,0.002148,0.001009,0.002157,1
1504883279588,true,1528.995,0,0.01448,0.009751,0.001077,0.001296,6.071E-4,0.002039,0.001828,9.059E-4,-3.763E-4,0.01548,9.675E-5,0.001901,-8.392E-5,0.00215,0.001058,0.002146,1
1504883279749,true,1529.064,0,0.01452,0.0101,0.001123,0.001291,6.361E-4,0.002034,0.001858,9.032E-4,-0.00134,0.01622,1.456E-4,0.001888,-5.125E-5,0.002152,0.0011,0.002139,1
1504883279784,true,1529.122,0,0.01399,0.009905,0.001172,0.001286,6.499E-4,0.002029,0.001899,8.996E-4,-0.001808,0.01673,1.942E-4,0.001873,-2.296E-6,0.00215,0.001118,0.002139,1
1504883279819,true,1529.179,0,0.0138,0.009345,0.001211,0.001284,6.852E-4,0.002019,0.001927,8.991E-4,-0.001715,0.01692,2.081E-4,0.001874,4.853E-5,0.002135,0.001128,0.00214,1
1504883279854,true,1529.237,0,0.01441,0.009132,0.001234,0.001282,6.987E-4,0.002018,0.001937,8.953E-4,-6.359E-4,0.01595,2.13E-4,0.001875,7.761E-5,0.002119,0.001143,0.002139,1
1504883279888,true,1529.294,0,0.01458,0.009629,0.001267,0.001271,7.13E-4,0.002016,0.001954,8.908E-4,3.18E-4,0.01489,2.365E-4,0.001874,7.583E-5,0.002115,0.001169,0.00213,1
1504883280024,true,1529.34,0,0.01497,0.009969,0.001282,0.001265,7.133E-4,0.002017,0.001964,8.871E-4,-1.337E-4,0.01515,2.679E-4,0.001864,6.229E-5,0.002114,0.001186,0.00212,1
1504883280058,true,1529.398,0,0.01434,0.01025,0.001309,0.001262,7.116E-4,0.002009,0.001981,8.861E-4,-0.001355,0.01612,2.919E-4,0.00185,5.264E-5,0.00211,0.001194,0.002111,1
1504883280093,true,1529.455,0,0.01358,0.009774,0.001328,0.00126,7.09E-4,0.002,0.00199,8.864E-4,-0.001756,0.01665,2.782E-4,0.001845,5.472E-5,0.002103,0.001177,0.002115,1
1504883280128,true,1529.513,0,0.01357,0.009004,0.001329,0.001261,7.2E-4,0.001992,0.001992,8.866E-4,-0.001309,0.0163,2.454E-4,0.001849,4.643E-5,0.002091,0.001167,0.002114,1
1504883280163,true,1529.57,0,0.01421,0.008748,0.001301,0.001263,7.205E-4,0.001996,0.001977,8.85E-4,-1.358E-4,0.01509,2.325E-4,0.001853,2.264E-5,0.002086,0.001162,0.002115,1
1504883280324,true,1529.639,0,0.01417,0.009048,0.0013,0.001263,7.221E-4,0.001996,0.001989,8.822E-4,4.451E-4,0.01435,2.52E-4,0.001851,9.312E-6,0.002093,0.001184,0.002106,1
1504883280358,true,1529.697,0,0.01414,0.00928,0.001322,0.001264,7.405E-4,0.001991,0.002007,8.809E-4,-3.141E-4,0.01477,2.781E-4,0.001845,2.695E-5,0.002094,0.001215,0.002097,1
1504883280393,true,1529.754,0,0.01359,0.009249,0.001363,0.001259,7.528E-4,0.001987,0.002035,8.79E-4,-8.822E-4,0.01527,3.055E-4,0.001835,6.574E-5,0.00209,0.001235,0.002092,1
1504883280428,true,1529.812,0,0.01318,0.008696,0.001405,0.001257,7.734E-4,0.001976,0.002059,8.759E-4,-9.884E-4,0.01559,3.145E-4,0.001834,1.153E-4,0.00208,0.001248,0.002092,1
1504883280463,true,1529.869,0,0.01364,0.008169,0.001439,0.001255,8.1E-4,0.001966,0.002072,8.724E-4,-1.022E-4,0.01479,3.218E-4,0.001835,1.675E-4,0.002063,0.00127,0.002093,1
1504883280624,true,1529.94,0,0.01391,0.00864,0.001468,0.001248,8.302E-4,0.00196,0.002094,8.632E-4,9.488E-4,0.01371,3.537E-4,0.001831,2.054E-4,0.002055,0.001299,0.002089,1
1504883280658,true,1529.998,0,0.01406,0.009115,0.001495,0.001238,8.542E-4,0.001956,0.002116,8.593E-4,7.627E-4,0.01365,3.848E-4,0.001824,2.13E-4,0.002057,0.001334,0.002078,1
1504883280693,true,1530.055,0,0.01366,0.009689,0.001527,0.001233,8.655E-4,0.001945,0.00214,8.572E-4,-4.219E-4,0.01462,4.136E-4,0.001812,2.182E-4,0.002054,0.00136,0.002068,1
1504883280728,true,1530.113,0,0.01271,0.009516,0.001547,0.00123,8.736E-4,0.001935,0.002164,8.518E-4,-0.001095,0.0153,4.233E-4,0.001803,2.288E-4,0.002049,0.001353,0.002069,1
1504883280763,true,1530.17,0,0.01253,0.008801,0.001558,0.001226,8.957E-4,0.001921,0.002176,8.499E-4,-9.405E-4,0.01532,4.009E-4,0.001809,2.35E-4,0.002038,0.001343,0.002073,1
1504883280899,true,1530.214,0,0.01304,0.008434,0.001547,0.001226,8.992E-4,0.001924,0.002173,8.481E-4,5.17E-5,0.01426,3.797E-4,0.001812,2.411E-4,0.002023,0.001346,0.00207,1
1504883280934,true,1530.272,0,0.01344,0.008535,0.001532,0.001225,9.104E-4,0.001918,0.002184,8.401E-4,8.42E-4,0.01328,3.701E-4,0.001811,2.103E-4,0.002022,0.001354,0.002063,1
1504883280968,true,1530.329,0,0.0138,0.008694,0.001525,0.00122,9.009E-4,0.001918,0.002199,8.332E-4,2.678E-4,0.01349,3.626E-4,0.0018,1.636E-4,0.002026,0.001358,0.002054,1
1504883281004,true,1530.387,0,0.01316,0.008775,0.001508,0.001219,8.793E-4,0.001913,0.002196,8.345E-4,-5.338E-4,0.01406,3.42E-4,0.00179,1.318E-4,0.002028,0.001341,0.002053,1
1504883281039,true,1530.444,0,0.01243,0.008355,0.00149,0.001228,8.723E-4,0.001906,0.002186,8.394E-4,-7.709E-4,0.01449,3.263E-4,0.001789,1.099E-4,0.002029,0.001311,0.002059,1
1504883281199,true,1530.515,0,0.01288,0.007684,0.001503,0.001225,8.834E-4,0.001904,0.002181,8.405E-4,-4.932E-5,0.01389,3.123E-4,0.001793,1.326E-4,0.002018,0.0013,0.002063,1
1504883281234,true,1530.573,0,0.0136,0.007742,0.001508,0.001224,9.059E-4,0.001903,0.002191,8.346E-4,0.001111,0.01276,3.248E-4,0.00179,1.616E-4,0.00201,0.001311,0.00206,1
1504883281268,true,1530.63,0,0.01385,0.00823,0.001528,0.001219,9.206E-4,0.001906,0.002212,8.309E-4,0.001316,0.01237,3.493E-4,0.001786,1.745E-4,0.002009,0.001333,0.002052,1
1504883281304,true,1530.688,0,0.01372,0.008754,0.001559,0.001213,9.325E-4,0.001903,0.002242,8.282E-4,1.537E-4,0.01329,3.751E-4,0.001776,1.817E-4,0.00201,0.001356,0.002041,1
1504883281339,true,1530.745,0,0.01315,0.008711,0.001578,0.001212,9.279E-4,0.001898,0.002263,8.261E-4,-6.964E-4,0.01409,3.978E-4,0.001763,2.021E-4,0.002011,0.001364,0.002038,1
1504883281473,true,1530.789,0,0.01284,0.008041,0.001615,0.001205,9.492E-4,0.001891,0.002282,8.263E-4,-0.001057,0.01464,3.903E-4,0.001765,2.344E-4,0.002002,0.001367,0.002041,1
1504883281508,true,1530.847,0,0.01324,0.007638,0.001617,0.001207,9.634E-4,0.001893,0.002293,8.222E-4,-3.98E-4,0.0139,3.705E-4,0.001768,2.542E-4,0.001989,0.001371,0.002041,1
1504883281543,true,1530.904,0,0.01357,0.007873,0.001606,0.001203,9.763E-4,0.00189,0.002296,8.195E-4,5.805E-4,0.01283,3.682E-4,0.001768,2.395E-4,0.001985,0.00139,0.002035,1
1504883281578,true,1530.962,0,0.01385,0.008126,0.001583,0.001202,9.811E-4,0.001891,0.002319,8.12E-4,3.377E-4,0.01285,3.638E-4,0.001764,2.082E-4,0.001991,0.001398,0.002027,1
1504883281612,true,1531.019,0,0.01327,0.008584,0.001581,0.0012,9.573E-4,0.001891,0.002325,8.115E-4,-5.79E-4,0.01351,3.649E-4,0.00175,1.727E-4,0.001992,0.001391,0.002022,1
1504883281749,true,1531.065,0,0.01282,0.008187,0.00156,0.001203,9.35E-4,0.001884,0.00231,8.157E-4,-9.606E-4,0.01397,3.429E-4,0.001744,1.503E-4,0.001988,0.001369,0.002021,1
1504883281784,true,1531.123,0,0.01294,0.00752,0.001534,0.001206,9.218E-4,0.001878,0.002293,8.145E-4,-5.471E-4,0.01378,2.977E-4,0.001746,1.262E-4,0.001981,0.001341,0.002026,1
1504883281819,true,1531.18,0,0.01387,0.007393,0.001492,0.001208,9.143E-4,0.001882,0.002265,8.17E-4,6.019E-4,0.01268,2.579E-4,0.00175,9.764E-5,0.001973,0.00133,0.002026,1
1504883281853,true,1531.238,0,0.01414,0.007892,0.001464,0.001209,9.171E-4,0.001884,0.002262,8.131E-4,0.001162,0.01199,2.587E-4,0.001748,6.565E-5,0.001981,0.001334,0.002021,1
1504883281888,true,1531.295,0,0.01428,0.008355,0.001462,0.001211,9.171E-4,0.001885,0.00228,8.096E-4,2.958E-4,0.0127,2.81E-4,0.001736,7.544E-5,0.001984,0.001358,0.002009,1
1504883282049,true,1531.365,0,0.01373,0.008577,0.001475,0.001213,9.19E-4,0.001878,0.002299,8.107E-4,-7.307E-4,0.01361,3.094E-4,0.001722,1.055E-4,0.001982,0.001367,0.002006,1
1504883282084,true,1531.423,0,0.01312,0.008041,0.001491,0.001215,9.331E-4,0.001872,0.00232,8.06E-4,-0.001123,0.01426,3.033E-4,0.001724,1.433E-4,0.001976,0.001365,0.002009,1
1504883282118,true,1531.48,0,0.01331,0.007502,0.0015,0.001217,9.481E-4,0.001872,0.00233,8.048E-4,-5.2E-4,0.01369,2.871E-4,0.00173,1.732E-4,0.001967,0.001373,0.002011,1
1504883282153,true,1531.538,0,0.01372,0.007661,0.001501,0.001217,9.627E-4,0.001878,0.002348,7.98E-4,5.895E-4,0.01253,2.942E-4,0.001731,1.982E-4,0.001964,0.001401,0.002007,1
1504883282188,true,1531.595,0,0.01417,0.007793,0.001505,0.001214,9.843E-4,0.001877,0.002373,7.934E-4,7.671E-4,0.01212,3.102E-4,0.001725,2.009E-4,0.001967,0.001435,0.001994,1
1504883282349,true,1531.665,0,0.01399,0.008191,0.001517,0.001211,9.781E-4,0.001876,0.002393,7.934E-4,-7.205E-5,0.01273,3.271E-4,0.001711,1.913E-4,0.001973,0.001455,0.001981,1
1504883282384,true,1531.723,0,0.0132,0.00808,0.001508,0.001215,9.777E-4,0.00187,0.002406,7.917E-4,-6.012E-4,0.01327,3.328E-4,0.0017,1.865E-4,0.001972,0.001447,0.001982,1
1504883282419,true,1531.78,0,0.01312,0.007305,0.001502,0.001217,9.782E-4,0.001866,0.002411,7.873E-4,-4.923E-4,0.0134,3.013E-4,0.001704,1.803E-4,0.001964,0.001428,0.001986,1
1504883282453,true,1531.838,0,0.01396,0.006904,0.001478,0.00122,9.786E-4,0.001868,0.002406,7.845E-4,5.833E-4,0.01236,2.777E-4,0.001704,1.699E-4,0.001954,0.001425,0.001986,1
1504883282488,true,1531.895,0,0.01428,0.007374,0.001451,0.001219,9.701E-4,0.001872,0.002394,7.794E-4,0.001474,0.01137,2.728E-4,0.001699,1.406E-4,0.001953,0.001428,0.00198,1
1504883282623,true,1531.94,0,0.01456,0.007896,0.001432,0.001215,9.606E-4,0.001875,0.002386,7.79E-4,9.123E-4,0.01164,2.622E-4,0.001693,9.704E-5,0.001957,0.001432,0.00197,1
1504883282658,true,1531.998,0,0.01392,0.008329,0.001413,0.00122,9.481E-4,0.001869,0.00238,7.773E-4,-4.064E-4,0.01271,2.479E-4,0.001685,6.071E-5,0.00196,0.001413,0.001964,1
1504883282693,true,1532.055,0,0.01289,0.008055,0.001403,0.001228,9.375E-4,0.001866,0.002368,7.82E-4,-9.284E-4,0.01343,2.437E-4,0.001684,6.55E-5,0.001963,0.001398,0.001967,1
1504883282728,true,1532.113,0,0.01288,0.007402,0.001415,0.001232,9.639E-4,0.001862,0.00237,7.836E-4,-6.109E-4,0.01323,2.318E-4,0.001691,1.106E-4,0.00195,0.001409,0.001967,1
1504883282763,true,1532.17,0,0.01369,0.007209,0.001417,0.001236,9.707E-4,0.001869,0.002376,7.825E-4,5.79E-4,0.01198,2.39E-4,0.001694,1.508E-4,0.001945,0.001448,0.001958,1
1504883282899,true,1532.215,0,0.01375,0.007614,0.00142,0.001238,9.979E-4,0.001868,0.002399,7.75E-4,0.001154,0.01126,2.664E-4,0.001691,1.791E-4,0.001946,0.001488,0.00195,1
1504883282934,true,1532.273,0,0.01399,0.007826,0.001437,0.001236,0.001022,0.001863,0.002433,7.72E-4,4.239E-4,0.01172,2.945E-4,0.00168,2.042E-4,0.001947,0.001523,0.001939,1
1504883282969,true,1532.33,0,0.01301,0.008049,0.001468,0.001237,0.001032,0.00186,0.002467,7.701E-4,-1.473E-4,0.01224,3.242E-4,0.001667,2.47E-4,0.001946,0.001544,0.001935,1
1504883283004,true,1532.388,0,0.01239,0.007452,0.001491,0.001236,0.00105,0.001852,0.002486,7.72E-4,-2.751E-4,0.01264,3.28E-4,0.001667,2.924E-4,0.001935,0.001552,0.00194,1
1504883283039,true,1532.445,0,0.01314,0.00686,0.001508,0.001234,0.001088,0.001841,0.002506,7.675E-4,4.825E-4,0.01191,3.134E-4,0.001673,3.316E-4,0.00192,0.001569,0.001938,1
1504883283199,true,1532.516,0,0.01364,0.007253,0.0015,0.001236,0.0011,0.001842,0.00252,7.637E-4,0.001653,0.01079,3.192E-4,0.001672,3.383E-4,0.001914,0.00159,0.001934,1
1504883283234,true,1532.574,0,0.01389,0.007787,0.001504,0.001233,0.001106,0.00184,0.002533,7.598E-4,0.001512,0.01074,3.253E-4,0.001667,3.215E-4,0.001916,0.001611,0.001921,1
1504883283269,true,1532.631,0,0.01366,0.008333,0.001511,0.00123,0.001106,0.001838,0.002543,7.565E-4,3.049E-4,0.01174,3.387E-4,0.001653,3.032E-4,0.001915,0.001615,0.001915,1
1504883283303,true,1532.689,0,0.01287,0.008032,0.001508,0.001232,0.001103,0.001836,0.002542,7.55E-4,-2.738E-4,0.01244,3.227E-4,0.001648,2.981E-4,0.001912,0.001594,0.001916,1
1504883283338,true,1532.746,0,0.01232,0.007422,0.001502,0.001235,0.001103,0.001829,0.002536,7.546E-4,-2.334E-4,0.01254,2.844E-4,0.001654,2.859E-4,0.001902,0.001571,0.001916,1
1504883283474,true,1532.79,0,0.01285,0.007059,0.001475,0.001238,0.001094,0.001831,0.00252,7.534E-4,7.663E-4,0.01154,2.52E-4,0.001663,2.706E-4,0.001895,0.001558,0.001918,1
1504883283509,true,1532.848,0,0.01279,0.00751,0.001455,0.001242,0.001105,0.001831,0.002527,7.492E-4,0.001564,0.01064,2.652E-4,0.001661,2.718E-4,0.0019,0.001584,0.001909,1
1504883283544,true,1532.905,0,0.0131,0.007881,0.001476,0.00124,0.001125,0.001832,0.002549,7.484E-4,9.964E-4,0.011,2.842E-4,0.001658,2.892E-4,0.001905,0.001619,0.001897,1
1504883283578,true,1532.963,0,0.01227,0.008234,0.0015,0.001242,0.001132,0.001828,0.002572,7.489E-4,1.573E-4,0.01166,3.118E-4,0.001646,3.236E-4,0.001905,0.001648,0.001891,1
1504883283614,true,1533.02,0,0.01174,0.007733,0.00153,0.001239,0.001146,0.001821,0.002606,7.47E-4,-3.718E-5,0.01211,3.243E-4,0.001645,3.722E-4,0.0019,0.001653,0.001896,1
1504883283774,true,1533.09,0,0.01217,0.007084,0.001556,0.001238,0.001172,0.001816,0.002621,7.454E-4,6.959E-4,0.01162,3.213E-4,0.001649,4.181E-4,0.00189,0.001675,0.001898,1
1504883283808,true,1533.148,0,0.01286,0.007313,0.001581,0.001234,0.00119,0.00182,0.002643,7.376E-4,0.001775,0.01058,3.417E-4,0.00165,4.622E-4,0.001882,0.001706,0.001896,1
1504883283843,true,1533.205,0,0.01318,0.007909,0.001608,0.001225,0.001217,0.001817,0.002668,7.318E-4,0.001996,0.01028,3.665E-4,0.001648,4.744E-4,0.001882,0.001732,0.001888,1
1504883283878,true,1533.263,0,0.01342,0.008377,0.001626,0.001222,0.001231,0.001818,0.002687,7.301E-4,8.093E-4,0.01125,3.975E-4,0.001633,4.723E-4,0.001884,0.001758,0.001876,1
1504883283913,true,1533.32,0,0.01267,0.008302,0.001649,0.00122,0.00123,0.00181,0.002706,7.249E-4,-1.216E-4,0.0122,4.064E-4,0.001626,4.75E-4,0.001881,0.001755,0.001876,1
1504883284074,true,1533.39,0,0.01243,0.007692,0.001662,0.001218,0.001227,0.001803,0.002717,7.259E-4,-4.759E-4,0.01283,3.896E-4,0.00163,4.806E-4,0.001869,0.001741,0.00188,1
1504883284109,true,1533.448,0,0.01298,0.007189,0.001652,0.001217,0.001235,0.001802,0.002718,7.254E-4,3.805E-4,0.01211,3.574E-4,0.001637,4.788E-4,0.001856,0.001733,0.001884,1
1504883284144,true,1533.505,0,0.01334,0.007426,0.001634,0.001214,0.001247,0.0018,0.00272,7.188E-4,0.001368,0.01105,3.458E-4,0.001638,4.531E-4,0.001853,0.001737,0.001879,1
1504883284179,true,1533.563,0,0.01346,0.007782,0.001624,0.00121,0.001234,0.001802,0.002726,7.133E-4,0.001208,0.01103,3.246E-4,0.001639,3.999E-4,0.00186,0.001741,0.001868,1
1504883284214,true,1533.62,0,0.01298,0.008187,0.001621,0.001208,0.00122,0.001804,0.002726,7.157E-4,2.283E-4,0.01178,3.267E-4,0.00163,3.617E-4,0.001869,0.00173,0.001866,1
1504883284349,true,1533.666,0,0.0123,0.007954,0.001639,0.001209,0.001222,0.001794,0.002745,7.139E-4,-1.694E-4,0.0124,3.338E-4,0.001627,3.777E-4,0.001874,0.001733,0.001867,1
1504883284384,true,1533.724,0,0.01239,0.007215,0.001663,0.001206,0.001244,0.00179,0.002764,7.114E-4,1.642E-4,0.0124,3.296E-4,0.001631,4.217E-4,0.001863,0.001727,0.001876,1
1504883284419,true,1533.781,0,0.01286,0.007228,0.001672,0.001205,0.001253,0.001794,0.002783,7.027E-4,0.001165,0.01152,3.38E-4,0.001632,4.603E-4,0.001855,0.001754,0.001875,1
1504883284454,true,1533.839,0,0.01323,0.00777,0.001692,0.001201,0.001277,0.001791,0.00281,6.951E-4,0.001762,0.01091,3.682E-4,0.001628,4.788E-4,0.001855,0.001785,0.001865,1
1504883284488,true,1533.896,0,0.01371,0.008229,0.001722,0.001194,0.001295,0.001787,0.002837,6.878E-4,8.27E-4,0.01173,3.981E-4,0.00162,4.944E-4,0.001861,0.001821,0.001852,1
1504883284649,true,1533.965,0,0.01324,0.00848,0.001747,0.001194,0.001306,0.001784,0.00287,6.823E-4,-1.173E-4,0.01262,4.389E-4,0.001608,5.222E-4,0.00186,0.001842,0.001848,1
1504883284684,true,1534.023,0,0.01277,0.008019,0.001773,0.00119,0.00133,0.00177,0.002897,6.77E-4,-5.588E-4,0.01335,4.474E-4,0.001603,5.344E-4,0.001857,0.001842,0.001849,1
1504883284719,true,1534.08,0,0.01297,0.007503,0.001789,0.001183,0.001353,0.001762,0.002917,6.688E-4,-6.135E-6,0.01298,4.163E-4,0.001613,5.477E-4,0.001844,0.001843,0.001849,1
1504883284754,true,1534.138,0,0.0136,0.007668,0.001783,0.001181,0.001357,0.001761,0.002912,6.649E-4,9.806E-4,0.01197,4.057E-4,0.001615,5.304E-4,0.001841,0.001851,0.001849,1
1504883284789,true,1534.195,0,0.01395,0.008015,0.001787,0.001173,0.001357,0.001761,0.002923,6.592E-4,9.627E-4,0.01183,4.055E-4,0.001613,4.987E-4,0.001845,0.001867,0.001839,1
1504883284924,true,1534.241,0,0.01413,0.008345,0.001778,0.001168,0.001348,0.00176,0.002932,6.564E-4,-4.252E-5,0.01271,4.127E-4,0.001599,4.62E-4,0.001849,0.001875,0.001828,1
1504883284959,true,1534.299,0,0.01337,0.00814,0.001766,0.001165,0.001334,0.001753,0.002928,6.547E-4,-5.421E-4,0.01326,3.976E-4,0.001594,4.334E-4,0.00185,0.001846,0.001832,1
1504883284994,true,1534.356,0,0.01307,0.007588,0.001754,0.001165,0.001325,0.001749,0.002915,6.529E-4,-5.704E-4,0.01358,3.569E-4,0.001601,4.064E-4,0.001847,0.001815,0.001837,1
1504883285029,true,1534.414,0,0.01403,0.007266,0.001743,0.001166,0.001333,0.001751,0.002906,6.517E-4,4.381E-4,0.0127,3.449E-4,0.001608,4.139E-4,0.001841,0.001814,0.001841,1
1504883285064,true,1534.471,0,0.01441,0.007844,0.001751,0.001159,0.001351,0.001748,0.002927,6.392E-4,0.001339,0.01182,3.672E-4,0.001604,4.367E-4,0.001841,0.001846,0.001834,1
1504883285224,true,1534.54,0,0.01482,0.008393,0.001775,0.001152,0.00137,0.001744,0.002951,6.326E-4,8.05E-4,0.0122,3.967E-4,0.001598,4.544E-4,0.001845,0.001887,0.001818,1
1504883285258,true,1534.598,0,0.01458,0.008692,0.001812,0.001148,0.001376,0.001737,0.002971,6.329E-4,-5.184E-4,0.0134,4.288E-4,0.001587,4.902E-4,0.001846,0.001915,0.00181,1
1504883285293,true,1534.655,0,0.01387,0.008411,0.00185,0.001143,0.001406,0.001722,0.002982,6.344E-4,-0.001118,0.01422,4.513E-4,0.00158,5.357E-4,0.001842,0.001935,0.001809,1
1504883285328,true,1534.713,0,0.01397,0.007625,0.001877,0.001141,0.001442,0.001713,0.00301,6.249E-4,-7.953E-4,0.01409,4.484E-4,0.001585,5.906E-4,0.00183,0.001954,0.001808,1
1504883285363,true,1534.77,0,0.015,0.007285,0.001895,0.001137,0.001468,0.001711,0.003043,6.11E-4,1.935E-4,0.01312,4.555E-4,0.001588,6.291E-4,0.001823,0.001993,0.001801,1
1504883285499,true,1534.816,0,0.01524,0.007682,0.001901,0.001133,0.001485,0.001708,0.003064,6.032E-4,7.041E-4,0.01252,4.7E-4,0.001588,6.41E-4,0.001819,0.002025,0.001789,1
1504883285534,true,1534.874,0,0.01523,0.008093,0.001909,0.001129,0.001484,0.001708,0.003078,5.989E-4,-1.443E-4,0.01317,4.878E-4,0.001579,6.311E-4,0.00182,0.002051,0.001776,1
1504883285569,true,1534.931,0,0.01478,0.008048,0.00191,0.001126,0.001485,0.0017,0.003098,5.919E-4,-8.928E-4,0.01382,4.998E-4,0.00157,6.211E-4,0.001822,0.002058,0.001773,1
1504883285604,true,1534.989,0,0.01418,0.00763,0.001912,0.001122,0.001486,0.001691,0.003095,5.942E-4,-0.001094,0.01435,4.892E-4,0.001569,6.138E-4,0.001816,0.002034,0.001777,1
1504883285639,true,1535.046,0,0.01502,0.007017,0.001897,0.001123,0.001491,0.001683,0.003096,5.86E-4,-2.595E-4,0.01363,4.587E-4,0.001574,6.073E-4,0.001804,0.002037,0.001774,1
1504883285799,true,1535.117,0,0.01591,0.007235,0.001872,0.001121,0.001476,0.001685,0.003082,5.829E-4,5.508E-4,0.01277,4.496E-4,0.00157,5.809E-4,0.001798,0.002036,0.00177,1
1504883285834,true,1535.175,0,0.01612,0.007699,0.001859,0.001114,0.001465,0.001688,0.003081,5.773E-4,3.861E-4,0.01283,4.555E-4,0.001568,5.367E-4,0.001806,0.002034,0.001763,1
1504883285869,true,1535.232,0,0.01584,0.008236,0.001863,0.001112,0.001457,0.001684,0.003086,5.752E-4,-9.286E-4,0.01407,4.843E-4,0.001558,5.459E-4,0.00181,0.002045,0.001755,1
1504883285904,true,1535.29,0,0.01507,0.008115,0.001894,0.001105,0.001465,0.001674,0.003103,5.714E-4,-0.001656,0.01485,5.157E-4,0.001548,5.933E-4,0.00181,0.002062,0.001753,1
1504883285938,true,1535.347,0,0.01478,0.007588,0.001925,0.001102,0.001501,0.001664,0.00311,5.718E-4,-0.001707,0.0151,5.224E-4,0.001552,6.549E-4,0.001801,0.002079,0.001756,1
1504883286099,true,1535.416,0,0.01551,0.007274,0.001935,0.001105,0.001527,0.001662,0.003123,5.662E-4,-6.872E-4,0.01414,5.285E-4,0.001559,7.229E-4,0.001787,0.002117,0.001752,1
1504883286134,true,1535.474,0,0.01586,0.007707,0.001947,0.0011,0.001555,0.001659,0.003145,5.573E-4,1.195E-4,0.0133,5.661E-4,0.001556,7.645E-4,0.001789,0.002169,0.001742,1
1504883286169,true,1535.531,0,0.0162,0.007948,0.001978,0.001087,0.001582,0.001655,0.003166,5.546E-4,-4.579E-4,0.01372,6.018E-4,0.001548,7.971E-4,0.001789,0.002217,0.00173,1
1504883286204,true,1535.589,0,0.0157,0.008136,0.002014,0.001082,0.001594,0.001652,0.003184,5.552E-4,-0.001257,0.01438,6.354E-4,0.001539,8.404E-4,0.001787,0.002254,0.001723,1
1504883286239,true,1535.646,0,0.01529,0.007635,0.002045,0.001078,0.001606,0.001639,0.003212,5.499E-4,-0.001543,0.01489,6.429E-4,0.001536,8.765E-4,0.001782,0.002259,0.001726,1
1504883286374,true,1535.692,0,0.01558,0.006956,0.002061,0.001074,0.001626,0.001632,0.003226,5.445E-4,-7.993E-4,0.01444,6.395E-4,0.001542,9.069E-4,0.001767,0.002268,0.001727,1
1504883286409,true,1535.75,0,0.01647,0.007065,0.00206,0.001072,0.001626,0.001632,0.003236,5.357E-4,3.938E-4,0.01328,6.465E-4,0.001542,9.154E-4,0.00176,0.002283,0.001726,1
1504883286444,true,1535.807,0,0.01704,0.007448,0.002072,0.001061,0.00163,0.00163,0.00324,5.305E-4,6.861E-4,0.01296,6.677E-4,0.00154,8.96E-4,0.001762,0.002306,0.001715,1
1504883286479,true,1535.865,0,0.01685,0.008138,0.002076,0.001053,0.001626,0.001628,0.003241,5.287E-4,-5.045E-4,0.01396,6.876E-4,0.001527,8.734E-4,0.001765,0.002321,0.001701,1
1504883286514,true,1535.922,0,0.01627,0.008113,0.002071,0.001046,0.001611,0.001622,0.00324,5.27E-4,-0.001386,0.01484,6.908E-4,0.001521,8.688E-4,0.001761,0.002311,0.001701,1
1504883286649,true,1535.966,0,0.01589,0.007361,0.002064,0.001046,0.001599,0.001618,0.003226,5.304E-4,-0.001652,0.01542,6.651E-4,0.001526,8.551E-4,0.001757,0.002278,0.001706,1
1504883286684,true,1536.024,0,0.01618,0.006899,0.002054,0.00105,0.001604,0.001618,0.003217,5.294E-4,-9.468E-4,0.0148,6.513E-4,0.001535,8.623E-4,0.001755,0.002275,0.001707,1
1504883286719,true,1536.081,0,0.01651,0.007308,0.002057,0.001047,0.001615,0.001619,0.003233,5.192E-4,7.189E-5,0.01376,6.772E-4,0.001532,8.97E-4,0.001755,0.002308,0.001704,1
1504883286754,true,1536.139,0,0.01698,0.007664,0.002077,0.00104,0.001636,0.001617,0.003263,5.144E-4,-1.361E-4,0.01375,7.108E-4,0.001529,9.301E-4,0.001759,0.002356,0.001694,1
1504883286789,true,1536.196,0,0.0167,0.008072,0.002114,0.001036,0.001644,0.001616,0.003294,5.108E-4,-9.177E-4,0.01444,7.673E-4,0.001514,9.788E-4,0.00176,0.00239,0.001688,1
1504883286949,true,1536.267,0,0.01604,0.007725,0.00215,0.001034,0.001661,0.001608,0.003325,5.055E-4,-0.001269,0.01503,7.951E-4,0.001505,0.001031,0.00176,0.002409,0.001689,1
1504883286984,true,1536.325,0,0.01579,0.007201,0.002186,0.001029,0.001696,0.001598,0.003351,5.006E-4,-8.849E-4,0.01495,8.065E-4,0.001508,0.001094,0.001748,0.002429,0.001694,1
1504883287019,true,1536.382,0,0.0165,0.007209,0.002195,0.001027,0.001715,0.001596,0.003372,4.916E-4,1.883E-4,0.01392,8.293E-4,0.001509,0.001151,0.001734,0.00246,0.001694,1
1504883287054,true,1536.44,0,0.01666,0.007797,0.002204,0.001019,0.001734,0.001595,0.00339,4.846E-4,8.532E-4,0.01324,8.621E-4,0.001506,0.001175,0.001733,0.002495,0.001687,1
1504883287089,true,1536.497,0,0.01696,0.008257,0.002236,0.00101,0.001743,0.001589,0.003421,4.769E-4,4.972E-5,0.01387,8.925E-4,0.001499,0.001177,0.001736,0.002529,0.001675,1
1504883287224,true,1536.541,0,0.01657,0.008372,0.002264,0.001003,0.001739,0.001583,0.003436,4.723E-4,-9.216E-4,0.01483,9.176E-4,0.001488,0.001192,0.001734,0.002542,0.001673,1
1504883287259,true,1536.599,0,0.01571,0.008106,0.002271,0.001002,0.001749,0.001567,0.003445,4.675E-4,-0.001334,0.01549,9.128E-4,0.00149,0.001205,0.001726,0.00254,0.001674,1
1504883287293,true,1536.656,0,0.01583,0.007573,0.002269,9.997E-4,0.001779,0.001557,0.00344,4.643E-4,-7.398E-4,0.01503,8.952E-4,0.001497,0.001218,0.001714,0.002542,0.001675,1
1504883287328,true,1536.714,0,0.01623,0.007706,0.002253,9.971E-4,0.001785,0.001554,0.003436,4.609E-4,3.833E-4,0.01387,8.924E-4,0.001498,0.001205,0.001708,0.002555,0.001671,1
1504883287363,true,1536.771,0,0.01632,0.008096,0.00225,9.864E-4,0.00178,0.001553,0.00344,4.539E-4,6.321E-4,0.01349,8.972E-4,0.001496,0.001166,0.001714,0.002557,0.001662,1
1504883287524,true,1536.841,0,0.0162,0.008509,0.002244,9.819E-4,0.001767,0.001551,0.003443,4.508E-4,-2.642E-4,0.0142,8.996E-4,0.001489,0.001125,0.001719,0.002565,0.001653,1
1504883287558,true,1536.899,0,0.01559,0.008425,0.002259,9.759E-4,0.001756,0.001544,0.00345,4.5E-4,-8.896E-4,0.01488,9.177E-4,0.001479,0.001122,0.001727,0.002563,0.001655,1
1504883287593,true,1536.956,0,0.01524,0.007878,0.002278,9.767E-4,0.001771,0.001537,0.003458,4.468E-4,-8.417E-4,0.01515,9.279E-4,0.00148,0.001174,0.001721,0.002565,0.001661,1
1504883287628,true,1537.014,0,0.01602,0.007531,0.002299,9.741E-4,0.001801,0.001531,0.003475,4.387E-4,7.748E-5,0.01432,9.382E-4,0.001482,0.001228,0.001712,0.002595,0.00166,1
1504883287663,true,1537.071,0,0.01651,0.00803,0.002315,9.677E-4,0.001836,0.001526,0.003502,4.309E-4,9.483E-4,0.01346,9.775E-4,0.001479,0.001269,0.00171,0.002647,0.001652,1
1504883287799,true,1537.116,0,0.01687,0.008446,0.002339,9.59E-4,0.001869,0.001517,0.00354,4.208E-4,4.21E-4,0.01385,0.001012,0.001474,0.001295,0.001714,0.002698,0.001635,1
1504883287834,true,1537.174,0,0.01621,0.008952,0.002375,9.515E-4,0.00188,0.001514,0.00357,4.135E-4,-6.601E-4,0.01487,0.001052,0.001462,0.001336,0.001717,0.002732,0.001628,1
1504883287869,true,1537.231,0,0.01535,0.008648,0.002406,9.464E-4,0.001896,0.001499,0.003596,4.085E-4,-0.001154,0.01556,0.001068,0.001459,0.001383,0.001711,0.002741,0.001632,1
1504883287904,true,1537.289,0,0.01555,0.007818,0.002432,9.394E-4,0.001926,0.00149,0.003622,4.002E-4,-7.511E-4,0.01527,0.001058,0.001465,0.001425,0.001699,0.002748,0.001633,1
1504883287939,true,1537.346,0,0.01605,0.007705,0.002442,9.339E-4,0.001941,0.001487,0.00363,3.909E-4,3.593E-4,0.0142,0.001062,0.001466,0.001447,0.001692,0.002768,0.001632,1
1504883288099,true,1537.417,0,0.01596,0.008174,0.002448,9.266E-4,0.00195,0.001482,0.003644,3.825E-4,7.507E-4,0.0136,0.001077,0.001462,0.001443,0.001692,0.002792,0.001623,1
1504883288134,true,1537.475,0,0.01591,0.008587,0.002459,9.155E-4,0.00195,0.001482,0.003657,3.788E-4,-7.657E-5,0.01424,0.001093,0.001454,0.001424,0.001699,0.002812,0.001611,1
1504883288169,true,1537.532,0,0.01516,0.008803,0.002475,9.078E-4,0.001956,0.001466,0.003671,3.75E-4,-7.981E-4,0.01489,0.001102,0.001443,0.00141,0.001699,0.002807,0.00161,1
1504883288204,true,1537.59,0,0.01457,0.008276,0.002479,9.034E-4,0.001961,0.00145,0.003676,3.72E-4,-0.00101,0.01536,0.001082,0.001443,0.001407,0.001691,0.00279,0.001613,1
1504883288239,true,1537.647,0,0.01483,0.007928,0.002463,8.988E-4,0.001974,0.001442,0.003673,3.646E-4,-2.637E-4,0.0147,0.001048,0.00145,0.001395,0.001678,0.002782,0.001613,1
1504883288374,true,1537.692,0,0.0151,0.00835,0.002444,8.936E-4,0.001974,0.00144,0.003656,3.572E-4,7.366E-4,0.01369,0.001031,0.001452,0.001359,0.001673,0.002778,0.001608,1
1504883288409,true,1537.75,0,0.01545,0.008712,0.002428,8.879E-4,0.001976,0.001433,0.003666,3.516E-4,5.201E-4,0.0137,0.001035,0.001448,0.001323,0.001685,0.002783,0.001598,1
1504883288444,true,1537.807,0,0.0152,0.009136,0.002444,8.789E-4,0.001979,0.001428,0.003674,3.495E-4,-6.135E-4,0.01468,0.001061,0.001438,0.001348,0.001689,0.002806,0.00159,1
1504883288479,true,1537.865,0,0.01426,0.009045,0.002464,8.765E-4,0.001985,0.001417,0.003694,3.462E-4,-0.001412,0.01551,0.001077,0.00143,0.001395,0.001686,0.002815,0.001589,1
1504883288514,true,1537.922,0,0.01365,0.008493,0.002495,8.68E-4,0.002009,0.001408,0.003702,3.438E-4,-0.001374,0.01565,0.001074,0.001432,0.001446,0.001676,0.002826,0.001592,1
1504883288674,true,1537.992,0,0.01408,0.008196,0.002492,8.672E-4,0.002053,0.001395,0.003712,3.368E-4,-3.338E-4,0.01458,0.001066,0.001434,0.001494,0.001667,0.002857,0.001591,1
1504883288709,true,1538.05,0,0.01414,0.008599,0.002496,8.585E-4,0.002077,0.00139,0.003722,3.272E-4,4.962E-4,0.01363,0.001077,0.001433,0.001518,0.001665,0.002891,0.001583,1
1504883288744,true,1538.107,0,0.01435,0.008908,0.002517,8.432E-4,0.0021,0.00138,0.003748,3.199E-4,2.849E-5,0.01388,0.0011,0.001423,0.001524,0.001671,0.002923,0.001573,1
1504883288779,true,1538.165,0,0.01369,0.009245,0.002532,8.351E-4,0.002115,0.001369,0.003758,3.188E-4,-7.404E-4,0.01454,0.001116,0.001411,0.001544,0.001672,0.002934,0.00157,1
1504883288813,true,1538.222,0,0.01286,0.008955,0.002539,8.286E-4,0.002109,0.001362,0.00377,3.138E-4,-0.001108,0.01508,0.001111,0.001405,0.001558,0.001667,0.00292,0.001575,1
1504883288949,true,1538.267,0,0.01319,0.008276,0.002538,8.234E-4,0.002113,0.001351,0.003758,3.132E-4,-4.93E-4,0.01464,0.001089,0.001408,0.001573,0.001654,0.00291,0.001576,1
1504883288984,true,1538.325,0,0.01398,0.008311,0.002529,8.146E-4,0.002117,0.001347,0.003741,3.109E-4,5.975E-4,0.01358,0.001077,0.001408,0.001572,0.001644,0.002905,0.001577,1
1504883289019,true,1538.382,0,0.0144,0.008717,0.002512,8.051E-4,0.002117,0.00134,0.003738,3.067E-4,7.043E-4,0.01322,0.001074,0.001407,0.001542,0.001644,0.002906,0.001567,1
1504883289054,true,1538.44,0,0.01445,0.009096,0.002503,7.966E-4,0.002096,0.001337,0.00374,3.038E-4,-4.788E-4,0.01411,0.001076,0.001397,0.001509,0.001643,0.002904,0.001556,1
1504883289089,true,1538.497,0,0.01364,0.009048,0.00248,7.971E-4,0.002074,0.001331,0.003731,2.983E-4,-0.001278,0.01481,0.001063,0.001387,0.001477,0.001646,0.002878,0.001555,1
1504883289250,true,1538.567,0,0.01308,0.008376,0.002456,7.888E-4,0.00207,0.001316,0.003712,2.985E-4,-0.001607,0.01531,0.001014,0.001391,0.001454,0.001636,0.002832,0.001561,1
1504883289284,true,1538.625,0,0.01319,0.007869,0.002419,7.891E-4,0.002061,0.001312,0.003678,2.945E-4,-7.497E-4,0.01441,9.62E-4,0.001399,0.001418,0.001631,0.002808,0.001563,1
1504883289319,true,1538.682,0,0.01324,0.008258,0.002387,7.872E-4,0.002059,0.001313,0.003672,2.879E-4,2.773E-4,0.01331,9.499E-4,0.001399,0.00141,0.001635,0.00281,0.001561,1
1504883289354,true,1538.74,0,0.01347,0.008628,0.002378,7.818E-4,0.002065,0.001311,0.003673,2.856E-4,1.509E-4,0.01311,9.584E-4,0.001392,0.001404,0.001642,0.002826,0.001554,1
1504883289389,true,1538.797,0,0.01307,0.008971,0.00238,7.753E-4,0.002059,0.001306,0.003671,2.892E-4,-7.115E-4,0.01377,9.785E-4,0.001378,0.001411,0.001647,0.002842,0.001547,1
1504883289548,true,1538.866,0,0.01224,0.008632,0.002382,7.662E-4,0.002058,0.001298,0.003674,2.874E-4,-0.001123,0.01428,9.807E-4,0.00137,0.00143,0.001644,0.002828,0.001549,1
1504883289583,true,1538.924,0,0.01241,0.007896,0.002381,7.608E-4,0.00207,0.001287,0.003666,2.85E-4,-8.166E-4,0.01417,9.592E-4,0.001371,0.001451,0.001633,0.002817,0.001557,1
1504883289618,true,1538.981,0,0.01331,0.007659,0.002359,7.595E-4,0.002079,0.001283,0.003653,2.798E-4,2.463E-4,0.01309,9.487E-4,0.001371,0.00147,0.001623,0.002825,0.001557,1
1504883289653,true,1539.039,0,0.01358,0.008142,0.002333,7.54E-4,0.002078,0.001281,0.003647,2.718E-4,8.427E-4,0.01235,9.437E-4,0.001369,0.001462,0.001623,0.002833,0.001553,1
1504883289688,true,1539.096,0,0.01376,0.008608,0.002324,7.457E-4,0.002073,0.001279,0.003634,2.697E-4,-7.774E-5,0.01303,9.491E-4,0.00136,0.001439,0.001627,0.002839,0.001543,1
1504883289824,true,1539.141,0,0.01307,0.008756,0.002314,7.45E-4,0.002049,0.001275,0.003621,2.721E-4,-0.00104,0.01381,9.398E-4,0.001349,0.001416,0.001632,0.002824,0.001535,1
1504883289859,true,1539.199,0,0.01219,0.008195,0.002298,7.422E-4,0.00202,0.001271,0.003608,2.729E-4,-0.001497,0.01439,9.111E-4,0.001346,0.001394,0.001628,0.002791,0.001538,1
1504883289894,true,1539.256,0,0.0127,0.007333,0.002274,7.357E-4,0.002005,0.00127,0.003572,2.733E-4,-7.961E-4,0.01376,8.584E-4,0.001353,0.001365,0.00162,0.002767,0.001541,1
1504883289928,true,1539.314,0,0.01311,0.007323,0.002222,7.313E-4,0.001988,0.001275,0.003551,2.636E-4,3.335E-4,0.01255,8.189E-4,0.001356,0.001317,0.001617,0.002749,0.001541,1
1504883289963,true,1539.371,0,0.01362,0.007458,0.00217,7.279E-4,0.001977,0.001269,0.003529,2.617E-4,5.188E-4,0.0121,7.915E-4,0.00135,0.00125,0.001621,0.002734,0.001535,1
1504883290099,true,1539.417,0,0.01351,0.007701,0.002127,7.256E-4,0.001938,0.001269,0.003508,2.593E-4,-4.258E-4,0.0128,7.723E-4,0.001338,0.001178,0.001625,0.002705,0.001527,1
1504883290133,true,1539.475,0,0.01274,0.007575,0.002092,7.273E-4,0.001897,0.001266,0.003485,2.587E-4,-9.216E-4,0.01332,7.49E-4,0.001329,0.001128,0.001633,0.002661,0.001531,1
1504883290168,true,1539.532,0,0.0126,0.006825,0.002085,7.249E-4,0.001893,0.00126,0.003468,2.578E-4,-8.925E-4,0.01354,7.252E-4,0.001326,0.001135,0.001628,0.002628,0.001537,1
1504883290203,true,1539.59,0,0.01311,0.006475,0.002066,7.235E-4,0.001889,0.001255,0.003442,2.554E-4,-1.231E-5,0.01268,6.929E-4,0.001328,0.001146,0.00162,0.002617,0.00154,1
1504883290238,true,1539.647,0,0.01311,0.007108,0.002042,7.177E-4,0.00188,0.001254,0.003433,2.465E-4,8.552E-4,0.01173,6.825E-4,0.001326,0.001145,0.001618,0.002618,0.001536,1
1504883290398,true,1539.716,0,0.01331,0.007587,0.002014,7.138E-4,0.001868,0.001258,0.003417,2.432E-4,3.272E-4,0.01202,6.839E-4,0.001317,0.00112,0.001624,0.002631,0.001524,1
1504883290433,true,1539.774,0,0.01272,0.008037,0.002012,7.102E-4,0.001849,0.001256,0.003411,2.431E-4,-7.027E-4,0.01285,6.839E-4,0.001306,0.001111,0.001626,0.00262,0.001519,1
1504883290468,true,1539.831,0,0.01177,0.007686,0.002002,7.068E-4,0.001848,0.001246,0.003399,2.408E-4,-0.001253,0.01349,6.655E-4,0.001302,0.001114,0.001623,0.002595,0.001522,1
1504883290503,true,1539.889,0,0.01177,0.006928,0.001984,7.061E-4,0.001842,0.001238,0.003379,2.371E-4,-8.466E-4,0.01324,6.222E-4,0.001307,0.001111,0.001613,0.002573,0.001522,1
1504883290538,true,1539.946,0,0.0123,0.006757,0.001943,7.039E-4,0.001833,0.001236,0.003361,2.298E-4,2.14E-4,0.01211,5.865E-4,0.00131,0.001086,0.001608,0.002562,0.00152,1
1504883290698,true,1540.017,0,0.01272,0.007055,0.001904,6.991E-4,0.001824,0.001235,0.003341,2.248E-4,6.857E-4,0.01145,5.597E-4,0.001308,0.001025,0.001615,0.002548,0.001511,1
1504883290733,true,1540.075,0,0.0128,0.00745,0.001877,6.944E-4,0.001793,0.001234,0.003324,2.226E-4,-1.179E-4,0.012,5.468E-4,0.001295,9.647E-4,0.001621,0.002527,0.001504,1
1504883290768,true,1540.132,0,0.01235,0.007408,0.001844,6.918E-4,0.001764,0.001226,0.003298,2.22E-4,-8.635E-4,0.01264,5.275E-4,0.001283,9.065E-4,0.001626,0.002495,0.001501,1
1504883290803,true,1540.19,0,0.01199,0.006741,0.001813,6.855E-4,0.001731,0.001221,0.003262,2.244E-4,-0.001195,0.01314,4.769E-4,0.001281,8.564E-4,0.001622,0.002442,0.001509,1
1504883290838,true,1540.247,0,0.01234,0.006241,0.001768,6.81E-4,0.001706,0.001219,0.00322,2.211E-4,-5.261E-4,0.01247,4.002E-4,0.001291,8.094E-4,0.001612,0.002395,0.001515,1
1504883290972,true,1540.291,0,0.01302,0.006436,0.001712,6.821E-4,0.001684,0.001219,0.003186,2.16E-4,5.894E-4,0.01138,3.714E-4,0.001292,7.56E-4,0.001615,0.002362,0.001516,1
1504883291008,true,1540.349,0,0.0135,0.006829,0.001686,6.783E-4,0.001677,0.001214,0.003165,2.127E-4,3.959E-4,0.01142,3.635E-4,0.001286,7.36E-4,0.001625,0.002363,0.001506,1
1504883291042,true,1540.406,0,0.01317,0.007253,0.001684,6.756E-4,0.001664,0.001212,0.003155,2.109E-4,-8.348E-4,0.01241,3.752E-4,0.001272,7.372E-4,0.001628,0.002371,0.001498,1
1504883291077,true,1540.464,0,0.01228,0.007055,0.001685,6.756E-4,0.00165,0.001205,0.003146,2.077E-4,-0.001635,0.01323,3.721E-4,0.001266,7.569E-4,0.001628,0.002356,0.001499,1
1504883291112,true,1540.521,0,0.01181,0.00641,0.001678,6.761E-4,0.001668,0.001194,0.003135,2.076E-4,-0.001558,0.01332,3.498E-4,0.001272,7.876E-4,0.001617,0.00234,0.001502,1
1504883291274,true,1540.592,0,0.01243,0.00607,0.001669,6.715E-4,0.001662,0.001197,0.003115,2.069E-4,-5.374E-4,0.01227,3.279E-4,0.001275,8.071E-4,0.00161,0.002337,0.001504,1
1504883291308,true,1540.65,0,0.01273,0.006431,0.001644,6.686E-4,0.001654,0.001197,0.003115,1.973E-4,4.386E-4,0.01122,3.239E-4,0.001273,8.039E-4,0.001612,0.002337,0.001503,1
1504883291343,true,1540.707,0,0.01282,0.006712,0.001638,6.6E-4,0.00165,0.001196,0.003109,1.972E-4,-7.78E-5,0.01146,3.187E-4,0.001267,7.778E-4,0.001619,0.002345,0.001493,1
1504883291378,true,1540.765,0,0.01211,0.00704,0.001636,6.53E-4,0.001622,0.001193,0.003089,1.995E-4,-0.001041,0.01222,3.131E-4,0.001256,7.612E-4,0.00162,0.002328,0.001493,1
1504883291413,true,1540.822,0,0.01139,0.006648,0.00162,6.499E-4,0.001604,0.001182,0.003058,2.035E-4,-0.001403,0.01279,2.786E-4,0.001255,7.482E-4,0.001616,0.00229,0.0015,1
1504883291549,true,1540.867,0,0.01176,0.006061,0.001607,6.457E-4,0.001593,0.001177,0.003024,2.048E-4,-9.437E-4,0.01247,2.388E-4,0.001259,7.276E-4,0.001606,0.002259,0.001505,1
1504883291584,true,1540.925,0,0.01209,0.006297,0.001574,6.424E-4,0.00158,0.001176,0.002997,1.976E-4,6.985E-5,0.01138,2.102E-4,0.001259,6.973E-4,0.001601,0.00224,0.001508,1
1504883291618,true,1540.982,0,0.0121,0.006922,0.00153,6.369E-4,0.001571,0.001169,0.002974,1.926E-4,2.7E-4,0.01108,1.939E-4,0.001257,6.371E-4,0.001606,0.002217,0.001505,1
1504883291653,true,1541.04,0,0.01227,0.007235,0.001509,6.291E-4,0.001543,0.001168,0.002949,1.96E-4,-9.551E-4,0.01203,1.764E-4,0.001247,5.772E-4,0.001612,0.002194,0.001498,1
1504883291688,true,1541.097,0,0.01139,0.007329,0.001479,6.323E-4,0.0015,0.001171,0.002929,1.929E-4,-0.001691,0.01272,1.564E-4,0.001244,5.402E-4,0.001621,0.002155,0.001504,1
1504883291849,true,1541.167,0,0.01073,0.006676,0.001477,6.3E-4,0.001478,0.001174,0.002901,1.994E-4,-0.00209,0.01323,1.374E-4,0.001249,5.528E-4,0.00162,0.002131,0.001511,1
1504883291883,true,1541.225,0,0.011,0.006154,0.001466,6.337E-4,0.001479,0.00117,0.00288,1.986E-4,-0.001165,0.01236,1.198E-4,0.001256,5.888E-4,0.001615,0.002137,0.001514,1
1504883291918,true,1541.282,0,0.01115,0.006398,0.001456,6.311E-4,0.001487,0.001168,0.002867,1.962E-4,6.554E-7,0.01119,1.252E-4,0.001257,6.199E-4,0.00161,0.002154,0.001512,1
1504883291953,true,1541.34,0,0.01153,0.006684,0.001463,6.237E-4,0.001483,0.001167,0.002869,1.918E-4,-1.517E-4,0.01117,1.338E-4,0.001255,6.348E-4,0.001617,0.002183,0.001505,1
1504883291988,true,1541.397,0,0.01125,0.007072,0.001468,6.232E-4,0.001481,0.001161,0.002875,1.909E-4,-9.794E-4,0.01181,1.59E-4,0.001243,6.487E-4,0.001626,0.002196,0.001501,1
1504883292123,true,1541.441,0,0.01072,0.006868,0.001475,6.219E-4,0.001474,0.001157,0.002866,1.929E-4,-0.001435,0.0124,1.682E-4,0.001239,6.837E-4,0.001625,0.002192,0.001506,1
1504883292158,true,1541.499,0,0.01057,0.006282,0.00148,6.197E-4,0.001482,0.001151,0.002853,1.938E-4,-0.001169,0.01241,1.582E-4,0.001246,7.112E-4,0.001617,0.002188,0.00151,1
1504883292193,true,1541.556,0,0.01118,0.006277,0.00146,6.207E-4,0.001472,0.001154,0.002829,1.948E-4,-2.606E-4,0.01145,1.505E-4,0.00125,7.276E-4,0.001605,0.002189,0.001512,1
1504883292228,true,1541.614,0,0.01135,0.006812,0.001441,6.147E-4,0.001461,0.001153,0.002817,1.896E-4,2.902E-4,0.01078,1.535E-4,0.001249,7.146E-4,0.001605,0.002198,0.001508,1
1504883292263,true,1541.671,0,0.01181,0.007124,0.001438,6.074E-4,0.001443,0.001157,0.00282,1.835E-4,-6.459E-4,0.01153,1.569E-4,0.001241,6.775E-4,0.001617,0.002196,0.001503,1
1504883292423,true,1541.742,0,0.01083,0.007442,0.001432,6.042E-4,0.001412,0.001154,0.002808,1.82E-4,-0.001538,0.01235,1.584E-4,0.001234,6.579E-4,0.001619,0.002188,0.0015,1
1504883292458,true,1541.8,0,0.01001,0.006923,0.001423,5.999E-4,0.001399,0.001146,0.002802,1.801E-4,-0.001993,0.01303,1.352E-4,0.001237,6.297E-4,0.001616,0.002159,0.001507,1
1504883292493,true,1541.857,0,0.01001,0.006356,0.001403,6.001E-4,0.001382,0.001145,0.002775,1.774E-4,-0.001444,0.01252,9.438E-5,0.001244,6.067E-4,0.00161,0.002137,0.001511,1
1504883292528,true,1541.915,0,0.01076,0.006299,0.001377,6.008E-4,0.001368,0.001146,0.002755,1.758E-4,-3.199E-4,0.01143,7.285E-5,0.001251,5.745E-4,0.001617,0.002129,0.001516,1
1504883292563,true,1541.972,0,0.01124,0.006614,0.001355,5.991E-4,0.00136,0.001152,0.00274,1.768E-4,-1.445E-4,0.01111,8.739E-5,0.001253,5.73E-4,0.001628,0.002143,0.001511,1
1504883292698,true,1542.018,0,0.0114,0.006925,0.001368,5.93E-4,0.001363,0.00115,0.002736,1.785E-4,-0.001049,0.0119,1.062E-4,0.001248,5.9E-4,0.001637,0.00216,0.001506,1
1504883292734,true,1542.076,0,0.01059,0.006894,0.001381,5.912E-4,0.001365,0.001144,0.002738,1.787E-4,-0.001625,0.01258,1.235E-4,0.001242,6.246E-4,0.001641,0.002157,0.001511,1
1504883292768,true,1542.133,0,0.01023,0.006377,0.001389,5.891E-4,0.001374,0.001136,0.002733,1.79E-4,-0.001744,0.01306,1.214E-4,0.001247,6.652E-4,0.001639,0.002157,0.001517,1
1504883292803,true,1542.191,0,0.01094,0.006061,0.001389,5.919E-4,0.00138,0.001135,0.002732,1.735E-4,-8.15E-4,0.01227,1.233E-4,0.00125,7.155E-4,0.00163,0.002165,0.001522,1
1504883292838,true,1542.248,0,0.01127,0.006471,0.001388,5.889E-4,0.001397,0.001129,0.00274,1.619E-4,8.066E-5,0.0114,1.421E-4,0.00125,7.359E-4,0.00163,0.002185,0.001519,1
1504883292999,true,1542.317,0,0.01148,0.006912,0.00139,5.822E-4,0.001392,0.001129,0.002746,1.576E-4,-4.832E-4,0.0118,1.526E-4,0.001248,7.289E-4,0.001637,0.002206,0.001512,1
1504883293033,true,1542.375,0,0.0109,0.007305,0.001398,5.778E-4,0.001377,0.001125,0.002745,1.54E-4,-0.001745,0.01292,1.678E-4,0.001239,7.199E-4,0.001642,0.002212,0.001509,1
1504883293068,true,1542.432,0,0.009901,0.007009,0.00139,5.778E-4,0.00137,0.001118,0.002747,1.511E-4,-0.00222,0.01357,1.621E-4,0.001238,7.166E-4,0.001641,0.002196,0.001512,1
1504883293103,true,1542.49,0,0.009826,0.006294,0.001382,5.787E-4,0.001364,0.001113,0.002731,1.518E-4,-0.001821,0.01345,1.354E-4,0.001245,7.054E-4,0.001635,0.002169,0.001518,1
1504883293138,true,1542.547,0,0.01029,0.006086,0.001355,5.782E-4,0.001354,0.001109,0.002718,1.472E-4,-7.868E-4,0.01232,1.07E-4,0.001253,6.822E-4,0.001631,0.002158,0.00152,1
1504883293273,true,1542.593,0,0.01068,0.006387,0.001317,5.733E-4,0.001344,0.001107,0.002713,1.402E-4,-1.926E-4,0.0117,1.001E-4,0.001253,6.378E-4,0.001633,0.00215,0.001518,1
1504883293309,true,1542.651,0,0.01074,0.006786,0.0013,5.684E-4,0.0013,0.001115,0.002694,1.401E-4,-9.925E-4,0.01224,8.302E-5,0.001251,5.808E-4,0.001643,0.00214,0.001512,1
1504883293343,true,1542.708,0,0.01006,0.006986,0.001283,5.723E-4,0.001274,0.001109,0.00268,1.419E-4,-0.001686,0.0129,8.927E-5,0.001246,5.535E-4,0.001656,0.002127,0.001512,1
1504883293378,true,1542.766,0,0.009525,0.006574,0.001286,5.734E-4,0.001274,0.001105,0.002676,1.408E-4,-0.001944,0.01352,7.755E-5,0.001251,5.782E-4,0.001654,0.00211,0.001519,1
1504883293413,true,1542.823,0,0.01,0.00611,0.001287,5.744E-4,0.00128,0.001108,0.002671,1.369E-4,-0.001194,0.01293,6.956E-5,0.001258,6.165E-4,0.001642,0.002104,0.001523,1
1504883293549,true,1542.867,0,0.01048,0.006399,0.00129,5.659E-4,0.001286,0.001114,0.002664,1.33E-4,-1.686E-4,0.012,7.617E-5,0.001258,6.328E-4,0.001643,0.002113,0.001526,1
1504883293583,true,1542.925,0,0.01068,0.006862,0.001294,5.587E-4,0.001291,0.001112,0.002669,1.313E-4,-2.74E-4,0.01202,8.933E-5,0.001257,6.372E-4,0.00165,0.002137,0.001517,1
1504883293618,true,1542.982,0,0.01071,0.007209,0.001298,5.552E-4,0.001291,0.001109,0.002678,1.302E-4,-0.001469,0.01302,1.132E-4,0.001247,6.493E-4,0.001652,0.00215,0.00151,1
1504883293653,true,1543.04,0,0.009809,0.007104,0.001318,5.494E-4,0.001289,0.001102,0.002672,1.288E-4,-0.001985,0.0136,1.179E-4,0.001244,6.731E-4,0.001651,0.002149,0.001512,1
1504883293689,true,1543.097,0,0.009757,0.006285,0.001311,5.495E-4,0.001299,0.001096,0.002661,1.273E-4,-0.001899,0.01374,9.521E-5,0.001249,6.822E-4,0.001646,0.002141,0.001516,1
1504883293849,true,1543.168,0,0.01045,0.005868,0.001302,5.469E-4,0.001298,0.001095,0.002653,1.204E-4,-8.767E-4,0.01273,7.825E-5,0.001254,6.734E-4,0.001641,0.002136,0.001517,1
1504883293883,true,1543.226,0,0.01054,0.006277,0.001277,5.425E-4,0.00129,0.001098,0.00263,1.211E-4,1.774E-4,0.01164,7.945E-5,0.001254,6.372E-4,0.001643,0.002128,0.001516,1
1504883293918,true,1543.283,0,0.01052,0.006671,0.001261,5.381E-4,0.001273,0.001098,0.002615,1.228E-4,-2.908E-4,0.01184,7.333E-5,0.001251,5.837E-4,0.001652,0.00212,0.001512,1
1504883293953,true,1543.341,0,0.009787,0.007068,0.001245,5.355E-4,0.001244,0.001094,0.002603,1.227E-4,-0.00112,0.01261,6.793E-5,0.001243,5.421E-4,0.001656,0.002096,0.001513,1
1504883293988,true,1543.398,0,0.009178,0.006733,0.00121,5.377E-4,0.001222,0.001086,0.002586,1.212E-4,-0.001424,0.01315,3.983E-5,0.001242,4.921E-4,0.001656,0.002047,0.001524,1
1504883294149,true,1543.468,0,0.009847,0.006015,0.001186,5.368E-4,0.001204,0.001084,0.002548,1.242E-4,-8.086E-4,0.01278,-4.802E-7,0.001252,4.578E-4,0.001652,0.002012,0.001532,1
1504883294184,true,1543.526,0,0.01062,0.006033,0.001171,5.376E-4,0.001199,0.001087,0.002525,1.226E-4,2.351E-4,0.01182,-1.337E-5,0.001257,4.569E-4,0.001649,0.002007,0.001536,1
1504883294218,true,1543.583,0,0.01096,0.006525,0.001164,5.342E-4,0.0012,0.00109,0.002528,1.182E-4,4.678E-4,0.01145,-6.304E-7,0.001256,4.51E-4,0.001658,0.00201,0.001534,1
1504883294253,true,1543.641,0,0.01087,0.006938,0.001164,5.327E-4,0.001198,0.001089,0.00253,1.19E-4,-6.424E-4,0.01239,9.624E-6,0.00125,4.548E-4,0.001664,0.002027,0.001525,1
1504883294289,true,1543.698,0,0.01012,0.006894,0.001166,5.328E-4,0.001206,0.00108,0.002535,1.16E-4,-0.001567,0.01328,2.213E-5,0.001243,4.745E-4,0.001666,0.002023,0.001526,1
1504883294449,true,1543.768,0,0.009684,0.006227,0.001174,5.31E-4,0.001209,0.00107,0.002527,1.189E-4,-0.00179,0.0138,9.281E-6,0.001247,4.972E-4,0.001662,0.002015,0.001532,1
1504883294484,true,1543.826,0,0.0102,0.005651,0.001171,5.342E-4,0.00122,0.001068,0.002519,1.15E-4,-9.237E-4,0.013,-1.266E-5,0.001255,5.261E-4,0.001652,0.00202,0.001534,1
1504883294519,true,1543.883,0,0.01055,0.005833,0.00116,5.328E-4,0.001216,0.001069,0.002509,1.106E-4,2.319E-4,0.01185,-1.283E-5,0.001256,5.244E-4,0.001651,0.002022,0.001534,1
1504883294553,true,1543.941,0,0.01104,0.006042,0.001152,5.244E-4,0.001211,0.001068,0.002502,1.106E-4,8.57E-5,0.01176,-1.79E-5,0.001254,4.954E-4,0.001656,0.002024,0.001526,1
1504883294588,true,1543.998,0,0.01099,0.006464,0.001132,5.229E-4,0.001179,0.00107,0.002489,1.146E-4,-7.548E-4,0.01241,-2.174E-5,0.001242,4.653E-4,0.001659,0.002016,0.001522,1
1504883294724,true,1544.043,0,0.009878,0.006392,0.00112,5.217E-4,0.001155,0.001067,0.002482,1.134E-4,-0.001192,0.01296,-4.098E-5,0.001239,4.347E-4,0.001659,0.001978,0.00153,1
1504883294759,true,1544.101,0,0.01017,0.005613,0.00109,5.244E-4,0.001141,0.001067,0.002466,1.134E-4,-8.536E-4,0.01288,-8.229E-5,0.001246,4.106E-4,0.001649,0.001939,0.001537,1
1504883294793,true,1544.158,0,0.01111,0.005435,0.001048,5.224E-4,0.001122,0.001068,0.002449,1.078E-4,6.701E-5,0.0119,-1.207E-4,0.001252,3.789E-4,0.001641,0.001911,0.001544,1
1504883294828,true,1544.216,0,0.01165,0.005839,9.999E-4,5.23E-4,0.0011,0.001072,0.002424,1.081E-4,5.96E-4,0.01124,-1.455E-4,0.001255,3.216E-4,0.001645,0.001895,0.001542,1
1504883294863,true,1544.273,0,0.01197,0.006076,9.846E-4,5.202E-4,0.001091,0.001074,0.002416,1.035E-4,-2.5E-4,0.0118,-1.483E-4,0.00125,2.662E-4,0.001661,0.001886,0.001537,1
1504883294999,true,1544.318,0,0.01115,0.006451,9.825E-4,5.233E-4,0.001088,0.001068,0.002407,1.088E-4,-0.001227,0.01265,-1.342E-4,0.001243,2.728E-4,0.001669,0.001891,0.001534,1
1504883295034,true,1544.376,0,0.01035,0.005941,9.876E-4,5.204E-4,0.001088,0.001065,0.00241,1.083E-4,-0.001654,0.0133,-1.431E-4,0.001246,2.978E-4,0.00167,0.001881,0.001539,1
1504883295069,true,1544.433,0,0.01065,0.005172,9.901E-4,5.185E-4,0.001082,0.00107,0.002412,1.062E-4,-0.001029,0.01279,-1.606E-4,0.001253,3.365E-4,0.001663,0.001879,0.001544,1
1504883295104,true,1544.491,0,0.01099,0.005309,9.772E-4,5.18E-4,0.001096,0.00107,0.002407,1.021E-4,1.21E-4,0.0116,-1.623E-4,0.001256,3.585E-4,0.001662,0.001904,0.001541,1
1504883295138,true,1544.548,0,0.01114,0.005716,9.759E-4,5.111E-4,0.001112,0.001067,0.002403,1.018E-4,4.139E-4,0.01118,-1.54E-4,0.001255,3.595E-4,0.001669,0.001929,0.001536,1
1504883295299,true,1544.618,0,0.01074,0.00621,9.734E-4,5.1E-4,0.001107,0.001067,0.002406,1.002E-4,-4.921E-4,0.01188,-1.41E-4,0.001247,3.682E-4,0.001673,0.001946,0.001526,1
1504883295334,true,1544.676,0,0.01,0.006204,9.702E-4,5.085E-4,0.001101,0.00106,0.002405,1.027E-4,-9.863E-4,0.0124,-1.36E-4,0.00124,3.808E-4,0.001671,0.001938,0.001526,1
1504883295369,true,1544.733,0,0.009543,0.005616,9.733E-4,5.042E-4,0.001095,0.001056,0.00241,1.004E-4,-9.92E-4,0.01272,-1.661E-4,0.001248,3.841E-4,0.001665,0.001917,0.001533,1
1504883295403,true,1544.791,0,0.01008,0.005308,9.496E-4,5.042E-4,0.001079,0.001056,0.002388,9.866E-5,-4.716E-5,0.01185,-1.95E-4,0.001253,3.761E-4,0.001656,0.001907,0.001533,1
1504883295438,true,1544.848,0,0.01061,0.005712,9.235E-4,5.013E-4,0.001073,0.001056,0.002374,9.667E-5,8.633E-4,0.01095,-2.147E-4,0.001257,3.43E-4,0.001657,0.001905,0.001528,1
1504883295574,true,1544.893,0,0.01079,0.006064,8.902E-4,4.985E-4,0.00105,0.00106,0.002369,9.911E-5,3.572E-4,0.01122,-2.316E-4,0.001255,2.922E-4,0.001665,0.001896,0.001522,1
1504883295609,true,1544.951,0,0.01013,0.006542,8.705E-4,4.962E-4,0.00102,0.001059,0.002353,1.006E-4,-7.825E-4,0.01208,-2.467E-4,0.001248,2.564E-4,0.001668,0.001878,0.001518,1
1504883295644,true,1545.008,0,0.009245,0.006234,8.358E-4,4.978E-4,9.844E-4,0.001056,0.002326,1.05E-4,-0.00145,0.01283,-2.807E-4,0.001251,2.185E-4,0.001673,0.001831,0.001527,1
1504883295679,true,1545.066,0,0.00939,0.005422,8.162E-4,5.021E-4,9.742E-4,0.001058,0.002299,1.114E-4,-0.001108,0.01261,-3.176E-4,0.001262,2.105E-4,0.001674,0.001808,0.001534,1
1504883295713,true,1545.123,0,0.009751,0.00533,8.07E-4,5.005E-4,9.78E-4,0.001059,0.002285,1.097E-4,2.601E-5,0.01148,-3.212E-4,0.001266,2.387E-4,0.00167,0.001818,0.001538,1
1504883295873,true,1545.192,0,0.01013,0.005767,8.044E-4,4.95E-4,9.806E-4,0.001063,0.002293,1.055E-4,6.737E-4,0.01076,-3.07E-4,0.001269,2.519E-4,0.001676,0.00184,0.001533,1
1504883295908,true,1545.25,0,0.01053,0.006147,8.187E-4,4.863E-4,9.76E-4,0.001067,0.002301,1.062E-4,-7.12E-5,0.01128,-2.798E-4,0.001261,2.682E-4,0.001683,0.001867,0.001525,1
1504883295943,true,1545.307,0,0.009772,0.006337,8.352E-4,4.831E-4,9.771E-4,0.001058,0.002302,1.085E-4,-7.036E-4,0.01191,-2.552E-4,0.001255,2.973E-4,0.001689,0.001873,0.001526,1
1504883295978,true,1545.365,0,0.009034,0.005898,8.445E-4,4.834E-4,9.877E-4,0.001048,0.002305,1.108E-4,-9.238E-4,0.01241,-2.569E-4,0.001258,3.37E-4,0.001688,0.001866,0.001536,1
1504883296013,true,1545.422,0,0.009377,0.0055,8.441E-4,4.801E-4,9.913E-4,0.001047,0.002295,1.111E-4,-2.412E-4,0.01191,-2.654E-4,0.001266,3.811E-4,0.001677,0.001874,0.001538,1
1504883296174,true,1545.493,0,0.009641,0.005932,8.367E-4,4.724E-4,9.949E-4,0.001045,0.002288,1.097E-4,8.551E-4,0.01088,-2.541E-4,0.001269,3.903E-4,0.001674,0.001891,0.001535,1
1504883296209,true,1545.551,0,0.009846,0.006465,8.373E-4,4.655E-4,9.961E-4,0.001042,0.002286,1.106E-4,7.168E-4,0.01088,-2.401E-4,0.001269,3.688E-4,0.001684,0.001902,0.001526,1
1504883296244,true,1545.608,0,0.009538,0.006886,8.437E-4,4.605E-4,9.816E-4,0.001039,0.002286,1.111E-4,-3.701E-4,0.01179,-2.216E-4,0.001259,3.49E-4,0.001688,0.001904,0.001518,1
1504883296278,true,1545.666,0,0.008875,0.006739,8.474E-4,4.582E-4,9.606E-4,0.001035,0.002281,1.118E-4,-0.001007,0.01245,-2.343E-4,0.001259,3.332E-4,0.001691,0.001876,0.001525,1
1504883296313,true,1545.723,0,0.0084,0.006,8.436E-4,4.515E-4,9.54E-4,0.001027,0.002267,1.183E-4,-0.001007,0.01262,-2.686E-4,0.001268,3.231E-4,0.001686,0.001846,0.001534,1
1504883296449,true,1545.769,0,0.008735,0.005753,8.201E-4,4.537E-4,9.55E-4,0.001022,0.00225,1.148E-4,-6.519E-5,0.01174,-3.026E-4,0.001277,3.0E-4,0.00168,0.001829,0.001539,1
1504883296484,true,1545.827,0,0.009227,0.006031,7.891E-4,4.529E-4,9.432E-4,0.001027,0.002236,1.151E-4,8.236E-4,0.01083,-3.094E-4,0.001281,2.581E-4,0.001688,0.001823,0.001538,1
1504883296519,true,1545.884,0,0.009361,0.006474,7.923E-4,4.462E-4,9.387E-4,0.001025,0.002227,1.198E-4,3.23E-4,0.01119,-2.905E-4,0.001278,2.507E-4,0.001701,0.001835,0.001535,1
1504883296553,true,1545.942,0,0.009018,0.006817,8.17E-4,4.423E-4,9.343E-4,0.001021,0.002239,1.201E-4,-5.909E-4,0.01204,-2.577E-4,0.001271,2.723E-4,0.001709,0.001843,0.001537,1
