1504883506677,true,1756.043,0,0.007854,0.006485,-0.001238,0.001329,-0.001369,0.002581,4.032E-4,0.001239,-7.587E-4,0.01367,-0.001807,0.002318,-0.001507,0.003075,-1.194E-4,0.002925,0
1504883506714,true,1756.101,0,0.008383,0.006048,-0.001228,0.001329,-0.001343,0.002573,4.086E-4,0.001237,-2.551E-4,0.01334,-0.001808,0.002324,-0.001464,0.003066,-1.113E-4,0.00293,0
1504883506749,true,1756.158,0,0.008757,0.006403,-0.001223,0.001326,-0.001337,0.002577,4.167E-4,0.001227,6.171E-4,0.01253,-0.001799,0.00233,-0.001424,0.003061,-9.282E-5,0.002933,0
1504883506785,true,1756.216,0,0.009128,0.006732,-0.001219,0.001323,-0.001322,0.002575,4.243E-4,0.001224,6.2E-4,0.01248,-0.001777,0.002329,-0.001409,0.003066,-6.315E-5,0.002926,0
1504883506822,true,1756.273,0,0.00909,0.007098,-0.001204,0.001322,-0.001312,0.002574,4.436E-4,0.001222,-4.269E-4,0.01334,-0.001756,0.002326,-0.001394,0.003077,-3.132E-5,0.002918,0
1504883506977,true,1756.343,0,0.008358,0.006831,-0.001186,0.001322,-0.001305,0.002564,4.51E-4,0.001224,-9.249E-4,0.01381,-0.001739,0.002321,-0.001355,0.003077,-1.778E-5,0.002917,0
1504883507013,true,1756.401,0,0.007801,0.006098,-0.001168,0.001321,-0.001282,0.002553,4.599E-4,0.001225,-7.553E-4,0.0138,-0.001758,0.002331,-0.001317,0.00307,-2.567E-5,0.002929,0
1504883507049,true,1756.458,0,0.008087,0.005603,-0.001175,0.00132,-0.001269,0.002553,4.579E-4,0.001223,5.397E-4,0.01249,-0.001775,0.002343,-0.001292,0.00306,-1.528E-5,0.00293,0
1504883507085,true,1756.516,0,0.008374,0.005742,-0.001187,0.001318,-0.00126,0.002553,4.557E-4,0.001218,0.001689,0.0112,-0.001773,0.002342,-0.001302,0.003061,-2.784E-6,0.002927,0
1504883507121,true,1756.573,0,0.008519,0.005967,-0.001192,0.001311,-0.001257,0.002553,4.603E-4,0.001216,0.001481,0.01107,-0.00177,0.002336,-0.001331,0.003069,1.787E-5,0.002914,0
1504883507278,true,1756.643,0,0.00782,0.006286,-0.001191,0.001309,-0.001279,0.002552,4.638E-4,0.00122,7.048E-4,0.01151,-0.001769,0.002326,-0.001347,0.003073,1.798E-5,0.002913,0
1504883507314,true,1756.701,0,0.00676,0.005833,-0.001193,0.001313,-0.001285,0.002541,4.694E-4,0.001222,4.045E-4,0.01175,-0.001769,0.002323,-0.001341,0.003076,1.278E-5,0.002919,0
1504883507350,true,1756.758,0,0.006835,0.004952,-0.001177,0.001312,-0.001263,0.002531,4.705E-4,0.001226,9.665E-4,0.01125,-0.001771,0.002329,-0.001299,0.003064,3.068E-6,0.002927,0
1504883507386,true,1756.816,0,0.007793,0.004505,-0.001182,0.001311,-0.001243,0.002529,4.712E-4,0.001224,0.00218,0.009898,-0.001779,0.002334,-0.001264,0.003058,1.323E-5,0.00293,0
1504883507422,true,1756.873,0,0.007941,0.004705,-0.001188,0.001309,-0.001213,0.002525,4.877E-4,0.001219,0.002628,0.009187,-0.001747,0.002329,-0.001255,0.003063,3.603E-5,0.002922,0
1504883507553,true,1756.919,0,0.007994,0.004835,-0.001171,0.001305,-0.001202,0.002521,5.082E-4,0.001219,0.001774,0.009616,-0.001728,0.002322,-0.001245,0.003072,6.608E-5,0.002912,0
1504883507589,true,1756.977,0,0.006705,0.004697,-0.001162,0.001309,-0.001201,0.002517,5.257E-4,0.001222,0.001152,0.009938,-0.001706,0.00231,-0.001212,0.003076,7.818E-5,0.00291,0
1504883507625,true,1757.034,0,0.005715,0.00378,-0.001144,0.001306,-0.001179,0.002505,5.473E-4,0.001223,0.00122,0.009942,-0.001719,0.002315,-0.001175,0.003068,7.555E-5,0.002918,0
1504883507661,true,1757.092,0,0.005634,0.002924,-0.001144,0.001308,-0.001159,0.002499,5.569E-4,0.001222,0.002396,0.008673,-0.001736,0.002321,-0.001145,0.003057,7.64E-5,0.002923,0
1504883507697,true,1757.149,0,0.005933,0.002777,-0.001164,0.001306,-0.001139,0.002495,5.624E-4,0.001216,0.003847,0.007,-0.001741,0.002321,-0.001147,0.003054,9.053E-5,0.002921,0
1504883507852,true,1757.218,0,0.005831,0.002905,-0.001178,0.001298,-0.001144,0.002499,5.766E-4,0.001214,0.004117,0.006308,-0.001739,0.002313,-0.001174,0.003058,9.743E-5,0.002914,0
1504883507888,true,1757.276,0,0.005251,0.003036,-0.001189,0.001297,-0.001157,0.002495,5.828E-4,0.001218,0.003431,0.006431,-0.001743,0.002302,-0.001206,0.003065,9.23E-5,0.002909,0
1504883507925,true,1757.333,0,0.003968,0.002545,-0.001195,0.001299,-0.001157,0.002485,5.931E-4,0.001218,0.003129,0.006561,-0.001742,0.002292,-0.00122,0.003071,6.533E-5,0.002916,0
1504883507961,true,1757.391,0,0.003356,0.001514,-0.001192,0.001299,-0.001158,0.002481,5.998E-4,0.001219,0.003521,0.006155,-0.001773,0.002299,-0.001185,0.00306,4.972E-5,0.002925,0
1504883507996,true,1757.448,0,0.004006,9.105E-4,-0.001203,0.0013,-0.001155,0.002485,5.984E-4,0.001218,0.00479,0.004682,-0.00179,0.002304,-0.001153,0.003045,5.249E-5,0.002932,0
1504883508127,true,1757.493,0,0.004028,0.001156,-0.001224,0.001297,-0.00114,0.002484,6.108E-4,0.00121,0.005494,0.003539,-0.001778,0.002301,-0.001143,0.003047,7.138E-5,0.002927,0
1504883508163,true,1757.551,0,0.004058,0.001289,-0.001217,0.001292,-0.001151,0.002486,6.365E-4,0.001204,0.004793,0.003709,-0.001754,0.002292,-0.001151,0.00306,9.383E-5,0.002915,0
1504883508199,true,1757.608,0,0.002906,0.001328,-0.001216,0.001294,-0.001164,0.00248,6.569E-4,0.001204,0.003934,0.004111,-0.001739,0.002281,-0.001127,0.003063,1.036E-4,0.002912,0
1504883508235,true,1757.666,0,0.001617,5.291E-4,-0.001205,0.001293,-0.001155,0.002468,6.82E-4,0.001198,0.003765,0.004193,-0.001747,0.002281,-0.001091,0.003058,8.819E-5,0.002923,0
1504883508271,true,1757.723,0,0.001554,-6.353E-4,-0.001204,0.001291,-0.001143,0.002465,6.887E-4,0.001194,0.004549,0.003306,-0.001767,0.002285,-0.001061,0.003045,7.509E-5,0.002933,0
1504883508403,true,1757.769,0,0.001935,-9.555E-4,-0.001226,0.001288,-0.001146,0.002475,6.866E-4,0.001191,0.006008,0.001599,-0.001783,0.002285,-0.001057,0.003041,8.503E-5,0.002933,0
1504883508439,true,1757.827,0,0.002171,-9.174E-4,-0.001261,0.001287,-0.001153,0.002481,6.955E-4,0.00119,0.006498,6.735E-4,-0.001787,0.002283,-0.001088,0.003048,9.64E-5,0.002927,0
1504883508475,true,1757.884,0,0.001825,-8.11E-4,-0.001277,0.001286,-0.001163,0.002478,7.026E-4,0.001192,0.005807,8.803E-4,-0.001787,0.002276,-0.00112,0.00306,1.025E-4,0.002921,0
1504883508511,true,1757.942,0,7.461E-4,-0.001219,-0.00128,0.001287,-0.001183,0.002472,7.084E-4,0.001195,0.005341,0.001123,-0.001775,0.002264,-0.001122,0.00307,7.716E-5,0.00293,0
1504883508547,true,1757.999,0,-2.123E-4,-0.002087,-0.001272,0.001289,-0.00117,0.002464,7.299E-4,0.001191,0.00554,9.94E-4,-0.00179,0.002267,-0.001078,0.003064,5.966E-5,0.002942,0
1504883508703,true,1758.069,0,2.845E-4,-0.002802,-0.001286,0.001293,-0.001152,0.002459,7.286E-4,0.001188,0.006574,-1.657E-4,-0.001817,0.002277,-0.001038,0.003053,5.247E-5,0.002951,0
1504883508739,true,1758.127,0,6.587E-4,-0.002646,-0.00131,0.001295,-0.001134,0.002459,7.385E-4,0.00118,0.007725,-0.001566,-0.001816,0.002278,-0.001026,0.003054,6.79E-5,0.00295,0
1504883508775,true,1758.184,0,8.255E-4,-0.002363,-0.001318,0.001295,-0.00113,0.002462,7.591E-4,0.001179,0.007311,-0.001646,-0.00179,0.002269,-0.001021,0.003064,9.41E-5,0.002939,0
1504883508811,true,1758.242,0,9.517E-5,-0.002128,-0.001311,0.001293,-0.00114,0.002458,7.782E-4,0.001181,0.0063,-0.001107,-0.001763,0.002257,-9.994E-4,0.003073,1.111E-4,0.002931,0
1504883508847,true,1758.299,0,-0.001299,-0.002653,-0.001314,0.001299,-0.001147,0.002451,8.01E-4,0.001179,0.005768,-6.985E-4,-0.001756,0.002254,-9.636E-4,0.003073,9.58E-5,0.002938,0
1504883509003,true,1758.368,0,-0.001747,-0.003718,-0.001316,0.001299,-0.001147,0.002448,8.091E-4,0.001176,0.006184,-0.001167,-0.001787,0.002263,-9.28E-4,0.003066,7.745E-5,0.002948,0
1504883509039,true,1758.426,0,-0.001312,-0.004169,-0.001347,0.001302,-0.00114,0.002451,8.045E-4,0.001174,0.007395,-0.002583,-0.001805,0.002269,-9.055E-4,0.00306,7.896E-5,0.002952,0
1504883509075,true,1758.483,0,-0.00107,-0.003989,-0.001369,0.001297,-0.001133,0.002451,8.185E-4,0.001165,0.008252,-0.003712,-0.001798,0.002268,-9.234E-4,0.00307,9.191E-5,0.002947,0
1504883509111,true,1758.541,0,-9.599E-4,-0.003802,-0.001392,0.001299,-0.001155,0.002457,8.225E-4,0.001166,0.007501,-0.003386,-0.00179,0.002262,-9.639E-4,0.003093,1.041E-4,0.002938,0
1504883509147,true,1758.598,0,-0.002086,-0.003773,-0.001395,0.001301,-0.001164,0.00245,8.349E-4,0.001168,0.006839,-0.00294,-0.001766,0.002251,-9.357E-4,0.003102,9.865E-5,0.00294,0
1504883509277,true,1758.643,0,-0.00301,-0.004494,-0.001389,0.001304,-0.001155,0.00244,8.456E-4,0.001167,0.006764,-0.002667,-0.001764,0.002254,-8.881E-4,0.003102,9.291E-5,0.00295,0
1504883509313,true,1758.701,0,-0.002705,-0.005274,-0.001393,0.001307,-0.001142,0.002434,8.424E-4,0.001165,0.00762,-0.003382,-0.001781,0.002266,-8.449E-4,0.003096,9.607E-5,0.002957,0
1504883509349,true,1758.758,0,-0.001981,-0.005188,-0.001398,0.001301,-0.001119,0.002432,8.581E-4,0.001157,0.008814,-0.004608,-0.001767,0.002272,-8.195E-4,0.003097,1.241E-4,0.002955,0
1504883509386,true,1758.816,0,-0.001855,-0.004792,-0.001402,0.001297,-0.001109,0.002432,8.799E-4,0.00115,0.008688,-0.004747,-0.001744,0.002274,-8.089E-4,0.00311,1.539E-4,0.002947,0
1504883509422,true,1758.873,0,-0.002228,-0.004453,-0.001389,0.001292,-0.001106,0.002427,8.984E-4,0.001149,0.007478,-0.003858,-0.001702,0.002263,-7.813E-4,0.003118,1.772E-4,0.002938,0
1504883509553,true,1758.919,0,-0.00317,-0.004752,-0.001376,0.001291,-0.00112,0.002421,9.176E-4,0.001147,0.006823,-0.003198,-0.001678,0.002256,-7.429E-4,0.003123,1.855E-4,0.002937,0
1504883509589,true,1758.977,0,-0.003681,-0.005729,-0.001364,0.00129,-0.001113,0.002416,9.32E-4,0.001145,0.006804,-0.002968,-0.001687,0.002265,-6.967E-4,0.003116,1.711E-4,0.002943,0
1504883509626,true,1759.034,0,-0.003183,-0.006363,-0.001383,0.001291,-0.001089,0.002415,9.335E-4,0.001143,0.007947,-0.004052,-0.001699,0.002274,-6.668E-4,0.003107,1.737E-4,0.002945,0
1504883509661,true,1759.092,0,-0.00299,-0.006056,-0.00141,0.001288,-0.001089,0.002417,9.422E-4,0.00114,0.008925,-0.005097,-0.001688,0.002278,-6.853E-4,0.003118,1.813E-4,0.002944,0
1504883509698,true,1759.149,0,-0.002883,-0.005817,-0.001418,0.001283,-0.001091,0.002415,9.528E-4,0.001141,0.008449,-0.004908,-0.00166,0.002277,-7.016E-4,0.003137,2.042E-4,0.002931,0
1504883509853,true,1759.219,0,-0.003577,-0.005435,-0.001409,0.00128,-0.001106,0.002411,9.768E-4,0.001139,0.007451,-0.00411,-0.001615,0.002265,-6.738E-4,0.003146,2.206E-4,0.002924,0
1504883509889,true,1759.277,0,-0.004471,-0.005789,-0.001382,0.001276,-0.001106,0.002398,9.972E-4,0.001139,0.007138,-0.003441,-0.001596,0.002269,-6.355E-4,0.003153,2.105E-4,0.002932,0
1504883509925,true,1759.334,0,-0.004363,-0.006633,-0.001382,0.001279,-0.001092,0.00239,0.001007,0.00114,0.007705,-0.003697,-0.001599,0.00228,-5.87E-4,0.003149,2.097E-4,0.002941,0
1504883509961,true,1759.392,0,-0.003488,-0.006703,-0.001386,0.001276,-0.001076,0.002389,0.001013,0.001134,0.008868,-0.004739,-0.001581,0.002289,-5.501E-4,0.003144,2.354E-4,0.002941,0
1504883509997,true,1759.449,0,-0.00314,-0.006163,-0.001378,0.001267,-0.001054,0.002386,0.001032,0.001126,0.009162,-0.005089,-0.001545,0.002295,-5.402E-4,0.003158,2.696E-4,0.00293,0
1504883510128,true,1759.494,0,-0.002606,-0.005835,-0.00135,0.001253,-0.001055,0.002386,0.001063,0.001125,0.007852,-0.003902,-0.001494,0.002288,-5.217E-4,0.003166,3.078E-4,0.002914,0
1504883510164,true,1759.552,0,-0.003462,-0.005732,-0.001331,0.001253,-0.00106,0.002376,0.001093,0.001121,0.006793,-0.002793,-0.001449,0.00228,-4.915E-4,0.003173,3.193E-4,0.002912,0
1504883510200,true,1759.609,0,-0.004332,-0.006335,-0.001322,0.001253,-0.001041,0.002358,0.001102,0.001124,0.006358,-0.001885,-0.001456,0.002293,-4.616E-4,0.003169,3.113E-4,0.002918,0
1504883510236,true,1759.667,0,-0.003993,-0.006854,-0.00132,0.001253,-0.001019,0.002355,0.001112,0.001119,0.007099,-0.002428,-0.001465,0.002307,-4.466E-4,0.00316,3.12E-4,0.002921,0
1504883510273,true,1759.724,0,-0.003382,-0.006565,-0.001343,0.001254,-0.001014,0.002355,0.001124,0.001111,0.008192,-0.003405,-0.001463,0.002325,-4.527E-4,0.003164,3.228E-4,0.002922,0
1504883510428,true,1759.794,0,-0.002692,-0.006084,-0.001329,0.001245,-0.001002,0.002356,0.001144,0.001106,0.007959,-0.003273,-0.001428,0.002328,-4.567E-4,0.003178,3.455E-4,0.002914,0
1504883510463,true,1759.852,0,-0.003015,-0.005335,-0.00131,0.001242,-0.001006,0.002351,0.001172,0.001105,0.006784,-0.002168,-0.001385,0.002323,-4.471E-4,0.00319,3.782E-4,0.002905,0
1504883510499,true,1759.909,0,-0.003656,-0.005322,-0.001285,0.001243,-0.001004,0.002337,0.001204,0.0011,0.006124,-0.001208,-0.001352,0.002324,-4.187E-4,0.003196,3.786E-4,0.00291,0
1504883510535,true,1759.967,0,-0.003761,-0.005728,-0.001243,0.001236,-9.777E-4,0.002331,0.001224,0.0011,0.006136,-7.067E-4,-0.001351,0.002339,-3.873E-4,0.003193,3.844E-4,0.002919,0
1504883510572,true,1760.024,0,-0.002594,-0.005675,-0.001225,0.001237,-9.593E-4,0.00233,0.001231,0.001095,0.007153,-0.001352,-0.001339,0.002354,-3.527E-4,0.003186,4.002E-4,0.002923,0
1504883510728,true,1760.095,0,-0.001805,-0.004639,-0.001209,0.001234,-9.474E-4,0.00233,0.001253,0.001091,0.00782,-0.001734,-0.001302,0.002366,-3.471E-4,0.003193,4.278E-4,0.002922,0
1504883510764,true,1760.153,0,-0.001188,-0.00357,-0.00117,0.001231,-9.217E-4,0.002324,0.001268,0.001092,0.00669,-5.33E-4,-0.001255,0.002367,-3.509E-4,0.003207,4.582E-4,0.002914,0
1504883510800,true,1760.21,0,-0.001668,-0.002699,-0.001123,0.001231,-9.112E-4,0.002318,0.001293,0.001091,0.005215,0.001063,-0.001216,0.002365,-3.352E-4,0.003212,4.649E-4,0.002914,0
1504883510836,true,1760.268,0,-0.002119,-0.002827,-0.001087,0.001234,-8.954E-4,0.002312,0.0013,0.001094,0.004408,0.002367,-0.001208,0.002376,-3.264E-4,0.00321,4.506E-4,0.002922,0
1504883510872,true,1760.325,0,-0.001478,-0.003207,-0.001059,0.001238,-8.663E-4,0.002307,0.001298,0.001097,0.004661,0.002534,-0.001222,0.002395,-3.296E-4,0.003206,4.418E-4,0.002929,0
1504883511003,true,1760.37,0,-1.307E-4,-0.002858,-0.001044,0.001245,-8.455E-4,0.002312,0.001307,0.001092,0.005653,0.001828,-0.001215,0.002408,-3.247E-4,0.003209,4.497E-4,0.002936,0
1504883511039,true,1760.428,0,5.902E-4,-0.002003,-9.98E-4,0.001238,-8.178E-4,0.002312,0.001335,0.001088,0.005692,0.001846,-0.001176,0.002411,-3.269E-4,0.003225,4.839E-4,0.002932,0
1504883511075,true,1760.485,0,0.001058,-0.00125,-9.433E-4,0.001236,-8.027E-4,0.002314,0.001356,0.001093,0.004477,0.00303,-0.001142,0.002413,-3.262E-4,0.003242,5.208E-4,0.002927,0
1504883511111,true,1760.543,0,4.259E-4,-8.533E-4,-8.898E-4,0.00124,-7.919E-4,0.00231,0.001384,0.001097,0.003576,0.004138,-0.001103,0.002411,-3.097E-4,0.003255,5.312E-4,0.002937,0
1504883511148,true,1760.6,0,3.365E-4,-0.001103,-8.388E-4,0.001243,-7.588E-4,0.0023,0.001405,0.001099,0.003354,0.004998,-0.001089,0.002422,-2.804E-4,0.003253,5.317E-4,0.00295,0
1504883511303,true,1760.67,0,0.001304,-0.001252,-7.955E-4,0.00125,-7.271E-4,0.0023,0.001431,0.001097,0.004249,0.004488,-0.001081,0.002437,-2.5E-4,0.003249,5.481E-4,0.002959,0
1504883511339,true,1760.728,0,0.002086,-3.172E-4,-7.493E-4,0.001249,-6.948E-4,0.002301,0.001453,0.001095,0.005092,0.003856,-0.00105,0.002445,-2.397E-4,0.003255,5.714E-4,0.002963,0
1504883511375,true,1760.785,0,0.00292,5.746E-4,-7.016E-4,0.00125,-6.609E-4,0.002298,0.00148,0.001095,0.004504,0.004417,-0.00101,0.002449,-2.502E-4,0.003267,6.078E-4,0.002955,0
1504883511411,true,1760.843,0,0.002717,0.001631,-6.469E-4,0.001251,-6.415E-4,0.002294,0.001495,0.001101,0.003016,0.005925,-9.766E-4,0.002445,-2.498E-4,0.003275,6.227E-4,0.002955,0
1504883511447,true,1760.9,0,0.002189,0.001602,-5.89E-4,0.001253,-6.202E-4,0.002282,0.001507,0.001108,0.002109,0.007141,-9.701E-4,0.002453,-2.475E-4,0.00328,6.092E-4,0.002967,0
1504883511578,true,1760.945,0,0.002389,0.001231,-5.355E-4,0.001259,-5.852E-4,0.002277,0.00151,0.001112,0.002264,0.007401,-9.754E-4,0.002471,-2.344E-4,0.003275,6.035E-4,0.002979,0
1504883511614,true,1761.003,0,0.003345,0.001414,-4.873E-4,0.001261,-5.344E-4,0.002272,0.001524,0.001112,0.003303,0.006492,-9.674E-4,0.002488,-2.038E-4,0.003275,6.33E-4,0.002985,0
1504883511650,true,1761.06,0,0.00386,0.002171,-4.412E-4,0.001259,-4.871E-4,0.00227,0.001545,0.001111,0.003847,0.005957,-9.374E-4,0.002496,-1.936E-4,0.003282,6.677E-4,0.002986,0
1504883511686,true,1761.118,0,0.004468,0.002795,-3.795E-4,0.001253,-4.592E-4,0.002272,0.001576,0.001116,0.002949,0.006694,-8.976E-4,0.002495,-1.862E-4,0.003294,7.058E-4,0.002982,0
1504883511722,true,1761.175,0,0.003826,0.003199,-3.101E-4,0.001251,-4.234E-4,0.002264,0.001603,0.001123,0.00209,0.007532,-8.608E-4,0.002491,-1.611E-4,0.003302,7.199E-4,0.002987,0
1504883511877,true,1761.244,0,0.003489,0.002811,-2.438E-4,0.001252,-3.831E-4,0.002253,0.001629,0.001127,0.001681,0.008231,-8.463E-4,0.002498,-1.275E-4,0.003299,7.176E-4,0.003,0
1504883511914,true,1761.302,0,0.004492,0.002145,-1.867E-4,0.00125,-3.404E-4,0.002254,0.001646,0.00113,0.002418,0.007735,-8.474E-4,0.002512,-9.4E-5,0.003292,7.338E-4,0.003011,0
1504883511949,true,1761.359,0,0.005526,0.002555,-1.427E-4,0.001249,-2.989E-4,0.002255,0.001671,0.001128,0.003532,0.00669,-8.357E-4,0.002523,-7.803E-5,0.003291,7.547E-4,0.003018,0
1504883511986,true,1761.417,0,0.006034,0.003255,-9.965E-5,0.001244,-2.649E-4,0.002253,0.001699,0.001129,0.003608,0.006469,-8.046E-4,0.002526,-9.397E-5,0.003302,7.752E-4,0.003017,0
1504883512022,true,1761.474,0,0.006032,0.003957,-3.895E-5,0.001238,-2.398E-4,0.002249,0.001734,0.001131,0.002315,0.00752,-7.703E-4,0.00252,-1.078E-4,0.003312,7.931E-4,0.00301,0
1504883512153,true,1761.52,0,0.005309,0.003925,5.53E-6,0.00124,-2.215E-4,0.002242,0.001756,0.001138,0.001368,0.008443,-7.477E-4,0.002514,-1.12E-4,0.003316,7.821E-4,0.003016,0
1504883512188,true,1761.578,0,0.004915,0.003336,5.68E-5,0.00124,-2.007E-4,0.002238,0.001763,0.001146,0.001296,0.008737,-7.714E-4,0.002529,-1.173E-4,0.00331,7.668E-4,0.003025,0
1504883512223,true,1761.635,0,0.005666,0.002801,8.37E-5,0.001241,-1.674E-4,0.002237,0.001781,0.001146,0.002271,0.007729,-7.778E-4,0.002543,-1.11E-4,0.003306,7.633E-4,0.003036,0
1504883512257,true,1761.693,0,0.006128,0.00316,1.182E-4,0.001234,-1.314E-4,0.00224,0.00181,0.001143,0.003133,0.006632,-7.629E-4,0.002551,-9.863E-5,0.00331,7.939E-4,0.003034,0
1504883512292,true,1761.75,0,0.00652,0.003441,1.676E-4,0.001226,-1.059E-4,0.002246,0.001852,0.001142,0.002747,0.006631,-7.279E-4,0.002549,-9.588E-5,0.003319,8.334E-4,0.003021,0
1504883512452,true,1761.82,0,0.005994,0.003745,2.227E-4,0.001222,-8.628E-5,0.002243,0.00188,0.001148,0.001867,0.00726,-6.902E-4,0.002541,-7.855E-5,0.003325,8.574E-4,0.003019,0
1504883512487,true,1761.878,0,0.005295,0.003244,2.826E-4,0.001219,-4.955E-5,0.002236,0.001914,0.001151,0.001565,0.007627,-6.736E-4,0.00254,-4.514E-5,0.003323,8.576E-4,0.003031,0
1504883512522,true,1761.935,0,0.005532,0.002364,3.319E-4,0.001218,-8.539E-6,0.002235,0.001944,0.001153,0.002236,0.007154,-6.727E-4,0.002553,-9.394E-6,0.003314,8.605E-4,0.00304,0
1504883512557,true,1761.993,0,0.006561,0.002213,3.691E-4,0.001214,2.875E-5,0.002237,0.001969,0.001153,0.003485,0.005859,-6.555E-4,0.002557,2.431E-5,0.003306,8.867E-4,0.003044,0
1504883512592,true,1762.05,0,0.006864,0.002827,4.144E-4,0.001204,6.334E-5,0.002239,0.002006,0.001148,0.003939,0.005228,-6.298E-4,0.002558,2.478E-5,0.003308,9.216E-4,0.003037,0
1504883512752,true,1762.121,0,0.00741,0.003235,4.683E-4,0.001196,8.822E-5,0.002241,0.002032,0.001153,0.002786,0.006118,-6.05E-4,0.002553,2.145E-5,0.003309,9.44E-4,0.003032,0
1504883512787,true,1762.179,0,0.00668,0.003309,5.166E-4,0.001192,8.826E-5,0.002241,0.002068,0.001154,0.001785,0.006965,-5.867E-4,0.002545,3.127E-5,0.003308,9.422E-4,0.003032,0
1504883512822,true,1762.236,0,0.005891,0.002708,5.488E-4,0.001191,1.158E-4,0.002231,0.002084,0.001158,0.001418,0.007531,-5.929E-4,0.002553,3.071E-5,0.003301,9.242E-4,0.003037,0
1504883512857,true,1762.294,0,0.006383,0.002028,5.806E-4,0.00119,1.413E-4,0.002229,0.002094,0.001163,0.002093,0.006853,-6.181E-4,0.002566,2.972E-5,0.003283,9.156E-4,0.003042,0
1504883512892,true,1762.351,0,0.006781,0.002356,5.981E-4,0.00118,1.681E-4,0.002228,0.002105,0.001161,0.003189,0.005644,-6.304E-4,0.002575,-9.305E-6,0.003279,9.17E-4,0.00304,0
1504883513028,true,1762.395,0,0.007039,0.002587,5.989E-4,0.001177,1.722E-4,0.002237,0.002118,0.001161,0.003122,0.00542,-6.276E-4,0.002576,-7.907E-5,0.003289,9.126E-4,0.003031,0
1504883513063,true,1762.453,0,0.006638,0.002988,6.257E-4,0.001176,1.822E-4,0.002241,0.002156,0.001161,0.002096,0.006125,-6.098E-4,0.002572,-1.05E-4,0.003296,9.168E-4,0.003023,0
1504883513098,true,1762.51,0,0.005708,0.00276,6.648E-4,0.001174,1.93E-4,0.002238,0.00217,0.001167,0.001641,0.006621,-5.907E-4,0.002568,-8.881E-5,0.003296,9.08E-4,0.003028,0
1504883513133,true,1762.568,0,0.005456,0.002023,7.172E-4,0.00117,2.121E-4,0.002242,0.002183,0.001172,0.001936,0.00657,-5.988E-4,0.00258,-6.08E-5,0.003284,8.94E-4,0.003035,0
1504883513167,true,1762.625,0,0.006263,0.001747,7.328E-4,0.001173,2.551E-4,0.002246,0.002201,0.001171,0.003243,0.005335,-5.946E-4,0.002583,-3.829E-5,0.003275,9.037E-4,0.003038,0
1504883513303,true,1762.67,0,0.006699,0.002328,7.569E-4,0.00117,2.868E-4,0.002247,0.002227,0.001166,0.004077,0.004403,-5.7E-4,0.002585,-3.394E-5,0.003274,9.258E-4,0.003034,0
1504883513338,true,1762.728,0,0.007207,0.002819,7.994E-4,0.001163,3.068E-4,0.002248,0.002272,0.001163,0.003377,0.004889,-5.227E-4,0.002573,-3.408E-5,0.003278,9.476E-4,0.003025,0
1504883513373,true,1762.785,0,0.006534,0.003284,8.424E-4,0.001168,3.224E-4,0.002244,0.002303,0.00117,0.002243,0.005855,-4.724E-4,0.002556,-2.758E-5,0.00328,9.581E-4,0.003018,0
1504883513407,true,1762.843,0,0.00574,0.002895,8.882E-4,0.001165,3.386E-4,0.002241,0.00234,0.001168,0.001648,0.006655,-4.652E-4,0.002555,-2.04E-5,0.003276,9.377E-4,0.003025,0
1504883513443,true,1762.9,0,0.005927,0.00225,9.255E-4,0.001163,3.675E-4,0.002237,0.002352,0.00117,0.002193,0.006303,-4.85E-4,0.002566,-1.268E-5,0.003262,9.186E-4,0.003029,0
1504883513603,true,1762.972,0,0.006554,0.002285,9.256E-4,0.001166,3.867E-4,0.002244,0.002359,0.001167,0.003351,0.0052,-4.871E-4,0.002569,-2.686E-5,0.003253,9.165E-4,0.003028,0
1504883513638,true,1763.03,0,0.006759,0.002821,9.35E-4,0.001159,3.881E-4,0.002251,0.00237,0.001166,0.003641,0.004717,-4.814E-4,0.002569,-7.998E-5,0.003258,9.14E-4,0.003019,0
1504883513673,true,1763.087,0,0.006985,0.003199,9.552E-4,0.001155,3.849E-4,0.002258,0.002376,0.001172,0.002614,0.005485,-4.688E-4,0.00256,-1.411E-4,0.003264,9.123E-4,0.003009,0
1504883513708,true,1763.145,0,0.006112,0.003055,9.602E-4,0.001158,3.716E-4,0.002258,0.002386,0.001174,0.002026,0.006037,-4.667E-4,0.002548,-1.916E-4,0.003266,8.779E-4,0.003011,0
1504883513742,true,1763.202,0,0.005736,0.002257,9.716E-4,0.001159,3.736E-4,0.002256,0.002387,0.001179,0.002103,0.006289,-5.004E-4,0.002556,-2.395E-4,0.003265,8.242E-4,0.003023,0
1504883513877,true,1763.245,0,0.006653,0.001664,9.837E-4,0.001164,3.691E-4,0.002268,0.00238,0.001186,0.003148,0.005343,-5.14E-4,0.002565,-2.423E-4,0.003254,8.098E-4,0.003028,0
1504883513912,true,1763.303,0,0.007157,0.002077,9.961E-4,0.001162,3.774E-4,0.002277,0.002394,0.001185,0.004392,0.004092,-4.974E-4,0.002568,-2.472E-4,0.003252,8.134E-4,0.00303,0
1504883513947,true,1763.36,0,0.007754,0.002591,0.001021,0.001157,3.943E-4,0.002284,0.002417,0.001182,0.004087,0.004271,-4.585E-4,0.002559,-2.609E-4,0.00326,8.291E-4,0.00302,0
1504883513982,true,1763.418,0,0.007269,0.003323,0.00106,0.001156,4.046E-4,0.002283,0.002438,0.001186,0.002904,0.005262,-4.121E-4,0.002546,-2.559E-4,0.003263,8.387E-4,0.003013,0
1504883514016,true,1763.475,0,0.006429,0.003068,0.001104,0.001158,4.092E-4,0.002281,0.002464,0.001188,0.00221,0.006209,-3.849E-4,0.00254,-2.298E-4,0.003258,8.265E-4,0.003017,0
1504883514178,true,1763.545,0,0.006417,0.002375,0.001131,0.001165,4.362E-4,0.002279,0.002483,0.001188,0.002431,0.006243,-3.937E-4,0.002548,-2.024E-4,0.003246,8.225E-4,0.00302,0
1504883514212,true,1763.603,0,0.007375,0.002189,0.001145,0.001166,4.543E-4,0.002288,0.00248,0.001193,0.003471,0.005255,-3.839E-4,0.00255,-1.888E-4,0.003237,8.285E-4,0.003019,0
1504883514247,true,1763.66,0,0.00781,0.002631,0.001157,0.00116,4.783E-4,0.002288,0.002495,0.001191,0.004113,0.004518,-3.672E-4,0.002551,-2.095E-4,0.003236,8.428E-4,0.003008,0
1504883514282,true,1763.718,0,0.007985,0.002947,0.001178,0.001157,4.866E-4,0.002291,0.002502,0.001197,0.003271,0.005112,-3.472E-4,0.002543,-2.458E-4,0.003241,8.476E-4,0.002994,0
1504883514317,true,1763.775,0,0.006851,0.003157,0.001196,0.00116,4.746E-4,0.002291,0.002511,0.001202,0.002488,0.005767,-3.337E-4,0.002532,-2.789E-4,0.003241,8.247E-4,0.002994,0
1504883514453,true,1763.821,0,0.00628,0.002405,0.001203,0.00116,4.729E-4,0.002289,0.002512,0.001209,0.00247,0.006047,-3.501E-4,0.002532,-3.098E-4,0.003232,7.846E-4,0.003001,0
1504883514488,true,1763.879,0,0.006549,0.001688,0.001197,0.001161,4.807E-4,0.002289,0.002487,0.001219,0.003468,0.005252,-3.795E-4,0.002538,-3.451E-4,0.003221,7.578E-4,0.003,0
1504883514523,true,1763.936,0,0.007478,0.001689,0.001164,0.001166,4.611E-4,0.002298,0.002466,0.001219,0.00477,0.003975,-4.022E-4,0.002542,-3.921E-4,0.003212,7.429E-4,0.003,0
1504883514557,true,1763.994,0,0.008099,0.002103,0.001142,0.001172,4.456E-4,0.002309,0.002464,0.001224,0.004962,0.003629,-3.931E-4,0.002538,-4.587E-4,0.003222,7.232E-4,0.002996,0
1504883514592,true,1764.051,0,0.008284,0.002634,0.001164,0.001171,4.305E-4,0.002317,0.002467,0.001231,0.003878,0.004514,-3.603E-4,0.002525,-4.834E-4,0.003228,7.263E-4,0.002987,0
1504883514753,true,1764.12,0,0.007265,0.002606,0.001194,0.001175,4.228E-4,0.002316,0.002464,0.001242,0.003116,0.005332,-3.254E-4,0.002515,-4.704E-4,0.003228,7.117E-4,0.002991,0
1504883514788,true,1764.178,0,0.006943,0.00183,0.001224,0.001179,4.342E-4,0.002314,0.002469,0.001246,0.003003,0.005761,-3.293E-4,0.002522,-4.328E-4,0.003214,6.98E-4,0.002999,0
1504883514823,true,1764.235,0,0.007663,0.001393,0.001239,0.001182,4.549E-4,0.002321,0.002463,0.00125,0.003963,0.004872,-3.304E-4,0.002533,-4.008E-4,0.003199,7.062E-4,0.002999,0
1504883514857,true,1764.293,0,0.008031,0.001887,0.001253,0.001179,4.643E-4,0.00233,0.002474,0.001247,0.004921,0.0039,-3.013E-4,0.002534,-3.894E-4,0.003195,7.241E-4,0.002992,0
1504883514892,true,1764.35,0,0.008053,0.002266,0.001284,0.001175,4.689E-4,0.002334,0.002487,0.001251,0.004327,0.004214,-2.667E-4,0.002526,-3.966E-4,0.003198,7.586E-4,0.002976,0
1504883515028,true,1764.396,0,0.007414,0.002562,0.001305,0.001178,4.643E-4,0.002333,0.0025,0.001256,0.003268,0.005062,-2.343E-4,0.002509,-4.083E-4,0.003201,7.662E-4,0.002966,0
1504883515063,true,1764.454,0,0.006386,0.002042,0.001321,0.00118,4.667E-4,0.002328,0.002495,0.001263,0.00299,0.00552,-2.364E-4,0.002508,-4.163E-4,0.003197,7.397E-4,0.002971,0
1504883515098,true,1764.511,0,0.006561,0.001149,0.001311,0.001186,4.691E-4,0.002332,0.002485,0.00127,0.003609,0.005111,-2.615E-4,0.002514,-4.357E-4,0.003186,7.096E-4,0.002975,0
1504883515132,true,1764.569,0,0.007023,0.001147,0.001296,0.001186,4.686E-4,0.002335,0.002458,0.001276,0.004922,0.003821,-2.746E-4,0.002517,-4.618E-4,0.003175,6.865E-4,0.002978,0
1504883515167,true,1764.626,0,0.007419,0.001628,0.001273,0.001188,4.512E-4,0.002345,0.002443,0.001279,0.005545,0.00312,-2.824E-4,0.002515,-5.237E-4,0.003178,6.838E-4,0.002967,0
1504883515327,true,1764.696,0,0.00747,0.002158,0.001256,0.001188,4.161E-4,0.002356,0.002429,0.001287,0.004586,0.003872,-2.848E-4,0.002508,-5.898E-4,0.003187,6.679E-4,0.002961,0
1504883515362,true,1764.754,0,0.006655,0.002397,0.001254,0.001194,3.951E-4,0.002358,0.002415,0.001297,0.003713,0.004728,-2.758E-4,0.0025,-6.302E-4,0.003193,6.363E-4,0.002963,0
1504883515397,true,1764.811,0,0.00613,0.001778,0.001264,0.001201,4.055E-4,0.00235,0.002407,0.001302,0.003392,0.005433,-2.771E-4,0.002501,-6.25E-4,0.003187,6.086E-4,0.002971,0
1504883515432,true,1764.869,0,0.006627,0.001273,0.001272,0.001207,4.289E-4,0.002352,0.002389,0.001309,0.004161,0.004807,-2.843E-4,0.002509,-6.048E-4,0.003177,6.035E-4,0.002972,0
1504883515467,true,1764.926,0,0.007357,0.001466,0.001275,0.001209,4.392E-4,0.00236,0.002378,0.001311,0.005297,0.003734,-2.755E-4,0.002514,-5.959E-4,0.00317,6.169E-4,0.002966,0
1504883515628,true,1764.996,0,0.007512,0.00184,0.001285,0.001207,4.589E-4,0.002362,0.002381,0.001313,0.005102,0.003757,-2.582E-4,0.002515,-6.126E-4,0.003179,6.274E-4,0.002957,0
1504883515663,true,1765.054,0,0.007162,0.002225,0.001308,0.001208,4.618E-4,0.002365,0.002387,0.00132,0.004126,0.00457,-2.305E-4,0.002505,-6.132E-4,0.003182,6.439E-4,0.002948,0
1504883515698,true,1765.111,0,0.006087,0.001937,0.001328,0.001211,4.656E-4,0.00236,0.002395,0.001326,0.00377,0.005033,-2.141E-4,0.002498,-6.022E-4,0.003181,6.361E-4,0.002948,0
1504883515733,true,1765.169,0,0.005711,0.001261,0.001341,0.001211,4.73E-4,0.002358,0.002388,0.001331,0.004041,0.005005,-2.325E-4,0.002505,-5.986E-4,0.00317,6.143E-4,0.002956,0
1504883515767,true,1765.226,0,0.006442,9.368E-4,0.001331,0.001212,4.702E-4,0.002365,0.002375,0.00133,0.005426,0.003822,-2.48E-4,0.002507,-6.1E-4,0.003156,6.015E-4,0.002957,0
1504883515903,true,1765.271,0,0.006856,0.001313,0.001312,0.001209,4.732E-4,0.002367,0.002358,0.001328,0.006396,0.002861,-2.475E-4,0.002506,-6.588E-4,0.003158,5.905E-4,0.002952,0
1504883515938,true,1765.329,0,0.007102,0.001902,0.001288,0.00121,4.503E-4,0.002373,0.002345,0.001331,0.005831,0.003178,-2.479E-4,0.002496,-7.207E-4,0.003163,5.857E-4,0.00294,0
1504883515973,true,1765.386,0,0.006379,0.002334,0.001275,0.001209,4.098E-4,0.002375,0.002322,0.00134,0.004867,0.004081,-2.567E-4,0.002487,-7.706E-4,0.003165,5.615E-4,0.002934,0
1504883516008,true,1765.444,0,0.005513,0.001958,0.001269,0.001216,3.81E-4,0.002381,0.002302,0.001346,0.004398,0.004785,-2.785E-4,0.00249,-7.981E-4,0.003164,5.121E-4,0.002947,0
1504883516043,true,1765.501,0,0.005645,0.00132,0.001263,0.001224,3.939E-4,0.002379,0.002285,0.001351,0.004891,0.004455,-2.901E-4,0.002493,-7.893E-4,0.003152,4.934E-4,0.002954,0
1504883516203,true,1765.571,0,0.006462,0.001272,0.001256,0.001231,4.122E-4,0.002384,0.002269,0.001351,0.00596,0.003436,-2.907E-4,0.002498,-7.798E-4,0.003143,4.878E-4,0.002957,0
1504883516238,true,1765.629,0,0.006962,0.001537,0.001257,0.00123,4.337E-4,0.002387,0.002272,0.001346,0.006183,0.003101,-2.724E-4,0.002496,-7.908E-4,0.003147,5.018E-4,0.002948,0
1504883516273,true,1765.686,0,0.006673,0.002025,0.001271,0.001227,4.21E-4,0.002395,0.002279,0.001347,0.005071,0.003881,-2.445E-4,0.002485,-8.05E-4,0.003153,5.183E-4,0.002936,0
1504883516308,true,1765.744,0,0.005579,0.001933,0.001287,0.00123,4.12E-4,0.002391,0.002284,0.001344,0.004384,0.004526,-2.287E-4,0.002475,-8.03E-4,0.003159,5.069E-4,0.002938,0
1504883516343,true,1765.801,0,0.005061,0.001108,0.001313,0.001228,4.034E-4,0.002389,0.002286,0.001345,0.004477,0.004699,-2.447E-4,0.002478,-7.887E-4,0.003148,4.887E-4,0.002946,0
1504883516478,true,1765.846,0,0.005524,6.083E-4,0.001303,0.001233,4.132E-4,0.002391,0.00228,0.00134,0.00562,0.003708,-2.751E-4,0.002485,-7.898E-4,0.003138,4.779E-4,0.002947,0
1504883516513,true,1765.904,0,0.005994,8.738E-4,0.00129,0.001231,4.029E-4,0.002398,0.002263,0.001334,0.006793,0.002523,-2.758E-4,0.002479,-8.124E-4,0.003131,4.827E-4,0.002944,0
1504883516548,true,1765.961,0,0.006488,0.001198,0.00129,0.001222,3.897E-4,0.002404,0.002255,0.001331,0.006588,0.002558,-2.774E-4,0.00247,-8.606E-4,0.003136,4.741E-4,0.002936,0
1504883516582,true,1766.019,0,0.005937,0.001732,0.00128,0.001218,3.525E-4,0.002405,0.002241,0.00133,0.005584,0.003358,-2.844E-4,0.002455,-9.074E-4,0.003138,4.602E-4,0.002926,0
1504883516617,true,1766.076,0,0.005142,0.001348,0.001254,0.001225,3.262E-4,0.002403,0.002222,0.001332,0.005159,0.004008,-3.161E-4,0.002452,-9.388E-4,0.003137,4.11E-4,0.002934,0
1504883516777,true,1766.145,0,0.005192,6.071E-4,0.001247,0.001234,3.123E-4,0.002404,0.002194,0.001335,0.005427,0.004,-3.437E-4,0.002458,-9.429E-4,0.003127,3.756E-4,0.002942,0
1504883516812,true,1766.203,0,0.00578,4.434E-4,0.001242,0.00124,3.192E-4,0.002406,0.002167,0.001335,0.006478,0.002989,-3.477E-4,0.002462,-9.253E-4,0.003114,3.714E-4,0.002947,0
1504883516847,true,1766.26,0,0.005655,8.681E-4,0.001256,0.001233,3.347E-4,0.002408,0.002159,0.00133,0.007085,0.002211,-3.258E-4,0.002458,-9.278E-4,0.003114,3.834E-4,0.00294,0
1504883516882,true,1766.318,0,0.005764,0.001194,0.001282,0.001231,3.225E-4,0.002418,0.002162,0.001327,0.006322,0.002684,-3.044E-4,0.002445,-9.319E-4,0.003117,4.007E-4,0.002927,0
1504883516916,true,1766.375,0,0.005059,0.001177,0.001305,0.001235,3.136E-4,0.002419,0.002165,0.001328,0.005446,0.003381,-2.82E-4,0.002431,-9.236E-4,0.003118,4.02E-4,0.002925,0
1504883517052,true,1766.421,0,0.004612,4.417E-4,0.001337,0.001234,3.208E-4,0.002416,0.002162,0.001327,0.005246,0.00376,-2.788E-4,0.002429,-8.984E-4,0.003111,3.943E-4,0.002929,0
1504883517087,true,1766.479,0,0.00475,-3.42E-4,0.00136,0.001234,3.378E-4,0.002411,0.002163,0.001323,0.006072,0.003007,-2.989E-4,0.002433,-8.742E-4,0.003098,3.966E-4,0.002931,0
1504883517122,true,1766.536,0,0.00536,-2.779E-4,0.001365,0.00123,3.344E-4,0.002414,0.002161,0.001317,0.007419,0.001676,-3.057E-4,0.002434,-8.753E-4,0.003091,4.091E-4,0.002928,0
1504883517157,true,1766.594,0,0.005788,4.373E-5,0.001351,0.001226,3.33E-4,0.002418,0.002149,0.001312,0.007665,0.001248,-2.991E-4,0.002426,-9.023E-4,0.003088,4.213E-4,0.002916,0
1504883517192,true,1766.651,0,0.005749,4.927E-4,0.00136,0.001219,3.127E-4,0.002417,0.002142,0.001308,0.006881,0.001842,-2.972E-4,0.002411,-9.298E-4,0.003089,4.116E-4,0.00291,0
1504883517352,true,1766.72,0,0.00478,4.128E-4,0.001347,0.001221,2.862E-4,0.002416,0.002131,0.001303,0.006257,0.002386,-3.193E-4,0.0024,-9.562E-4,0.003089,3.801E-4,0.002913,0
1504883517387,true,1766.778,0,0.004448,-2.824E-4,0.001344,0.00122,2.625E-4,0.002413,0.002112,0.001301,0.006293,0.002585,-3.609E-4,0.002403,-9.703E-4,0.003079,3.359E-4,0.00292,0
1504883517422,true,1766.835,0,0.005208,-7.213E-4,0.001346,0.00122,2.518E-4,0.002421,0.00209,0.001299,0.007209,0.001751,-3.732E-4,0.002405,-9.574E-4,0.003065,3.261E-4,0.002922,0
1504883517456,true,1766.893,0,0.005708,-4.607E-4,0.001345,0.001221,2.626E-4,0.002427,0.002084,0.001293,0.008089,7.56E-4,-3.537E-4,0.002402,-9.394E-4,0.00306,3.404E-4,0.002917,0
1504883517491,true,1766.95,0,0.006099,-2.68E-4,0.001362,0.00122,2.719E-4,0.002431,0.002098,0.00129,0.0075,0.001041,-3.235E-4,0.002394,-9.281E-4,0.003062,3.706E-4,0.002904,0
1504883517627,true,1766.996,0,0.005276,6.71E-5,0.001385,0.00122,2.657E-4,0.002433,0.002109,0.001289,0.006474,0.001851,-2.933E-4,0.00238,-9.011E-4,0.003061,3.841E-4,0.002897,0
1504883517662,true,1767.054,0,0.004376,-3.808E-4,0.001408,0.001224,2.745E-4,0.002426,0.002124,0.001286,0.006143,0.002298,-2.817E-4,0.002375,-8.704E-4,0.003057,3.794E-4,0.002901,0
1504883517697,true,1767.111,0,0.00438,-0.001205,0.00144,0.001222,2.988E-4,0.002426,0.002131,0.00128,0.006659,0.001892,-2.955E-4,0.00238,-8.355E-4,0.003043,3.849E-4,0.002902,0
1504883517732,true,1767.169,0,0.005194,-0.001417,0.001454,0.001223,3.124E-4,0.002431,0.002131,0.001272,0.007887,6.455E-4,-2.92E-4,0.002382,-8.078E-4,0.003031,4.011E-4,0.0029,0
1504883517767,true,1767.226,0,0.005585,-0.001054,0.001451,0.001218,3.238E-4,0.002434,0.002147,0.001263,0.008481,-5.266E-5,-2.708E-4,0.002374,-8.175E-4,0.003033,4.216E-4,0.002894,0
1504883517927,true,1767.295,0,0.005735,-5.695E-4,0.001458,0.001215,3.225E-4,0.002435,0.002156,0.001263,0.007649,5.98E-4,-2.464E-4,0.002357,-8.429E-4,0.003037,4.387E-4,0.00288,0
1504883517962,true,1767.353,0,0.00506,-3.714E-4,0.001474,0.001214,3.039E-4,0.002433,0.002162,0.00126,0.007041,0.001215,-2.496E-4,0.002344,-8.561E-4,0.003034,4.207E-4,0.002881,0
1504883517997,true,1767.41,0,0.004589,-9.801E-4,0.001469,0.001216,2.985E-4,0.002426,0.002154,0.001259,0.00685,0.001754,-2.793E-4,0.002345,-8.601E-4,0.003024,3.898E-4,0.002885,0
1504883518032,true,1767.468,0,0.005088,-0.001569,0.001449,0.001216,2.858E-4,0.002427,0.002129,0.001257,0.007622,0.001103,-3.266E-4,0.00235,-8.69E-4,0.003007,3.674E-4,0.002886,0
1504883518066,true,1767.525,0,0.005843,-0.001268,0.001417,0.001221,2.673E-4,0.002438,0.002103,0.001253,0.008538,1.254E-4,-3.43E-4,0.002354,-8.9E-4,0.003003,3.53E-4,0.002885,0
1504883518227,true,1767.596,0,0.006151,-8.153E-4,0.001416,0.00122,2.679E-4,0.002445,0.002107,0.001245,0.008203,1.88E-4,-3.219E-4,0.002348,-9.0E-4,0.003011,3.772E-4,0.002872,0
1504883518262,true,1767.654,0,0.006069,-4.759E-4,0.001445,0.001218,2.703E-4,0.002446,0.00211,0.001248,0.006971,0.001048,-2.894E-4,0.002332,-8.745E-4,0.00301,4.019E-4,0.002862,0
1504883518297,true,1767.711,0,0.005417,-8.541E-4,0.001473,0.001219,2.721E-4,0.002442,0.002127,0.001248,0.006272,0.001736,-2.743E-4,0.002325,-8.361E-4,0.003008,4.08E-4,0.002864,0
1504883518332,true,1767.769,0,0.005221,-0.001599,0.001493,0.001222,2.892E-4,0.002439,0.002135,0.001247,0.006499,0.001727,-2.851E-4,0.00233,-7.89E-4,0.002994,4.096E-4,0.002869,0
1504883518366,true,1767.826,0,0.006218,-0.002043,0.001503,0.001226,2.961E-4,0.002449,0.002141,0.001242,0.007526,7.143E-4,-2.793E-4,0.002332,-7.423E-4,0.002982,4.363E-4,0.002866,0
1504883518503,true,1767.871,0,0.006344,-0.001505,0.001509,0.001221,3.18E-4,0.002448,0.002151,0.001237,0.008417,-1.781E-4,-2.499E-4,0.002328,-7.288E-4,0.002979,4.668E-4,0.00286,0
1504883518539,true,1767.929,0,0.006579,-0.00105,0.00153,0.001215,3.229E-4,0.002454,0.002194,0.001227,0.007916,8.767E-5,-2.291E-4,0.002319,-7.349E-4,0.002984,4.981E-4,0.002847,0
1504883518574,true,1767.986,0,0.005879,-6.008E-4,0.001552,0.001211,3.039E-4,0.002455,0.002213,0.001221,0.007154,7.739E-4,-2.042E-4,0.002303,-7.334E-4,0.002981,5.019E-4,0.002841,0
1504883518609,true,1768.044,0,0.005366,-9.6E-4,0.001563,0.001208,3.044E-4,0.002445,0.002217,0.001219,0.006716,0.001475,-2.11E-4,0.002296,-7.22E-4,0.002974,4.839E-4,0.002846,0
1504883518644,true,1768.101,0,0.005496,-0.001487,0.001553,0.001211,3.061E-4,0.002442,0.002207,0.001215,0.007194,0.001189,-2.435E-4,0.002297,-7.226E-4,0.002959,4.623E-4,0.00285,0
1504883518777,true,1768.146,0,0.006346,-0.001351,0.001509,0.001209,2.868E-4,0.002453,0.002189,0.00121,0.008165,2.199E-4,-2.649E-4,0.002296,-7.348E-4,0.002948,4.598E-4,0.002845,0
1504883518812,true,1768.204,0,0.006781,-7.964E-4,0.001467,0.001209,2.745E-4,0.002463,0.002187,0.001202,0.008316,-6.947E-5,-2.821E-4,0.002293,-7.751E-4,0.002948,4.512E-4,0.002839,0
1504883518848,true,1768.261,0,0.006689,-2.277E-4,0.001442,0.001212,2.419E-4,0.002471,0.002177,0.001203,0.007085,9.213E-4,-2.866E-4,0.002283,-8.124E-4,0.002953,4.541E-4,0.002827,0
1504883518883,true,1768.319,0,0.005891,-2.877E-4,0.001444,0.001214,2.339E-4,0.002468,0.002179,0.001205,0.006268,0.001682,-2.686E-4,0.00227,-8.151E-4,0.002956,4.382E-4,0.00283,0
1504883518918,true,1768.376,0,0.005374,-9.454E-4,0.001455,0.001216,2.362E-4,0.002469,0.002194,0.001202,0.006124,0.00202,-2.76E-4,0.002271,-7.745E-4,0.002946,4.392E-4,0.002831,0
1504883519078,true,1768.446,0,0.005995,-0.001533,0.001463,0.001218,2.546E-4,0.002468,0.002192,0.0012,0.007081,0.001094,-2.825E-4,0.002273,-7.316E-4,0.00293,4.483E-4,0.002833,0
1504883519112,true,1768.504,0,0.006388,-0.001234,0.001459,0.001216,2.69E-4,0.002474,0.002208,0.001192,0.008221,-7.308E-5,-2.708E-4,0.002272,-7.179E-4,0.002925,4.711E-4,0.002831,0
1504883519149,true,1768.561,0,0.006662,-6.8E-4,0.001467,0.001211,2.813E-4,0.00248,0.002231,0.001185,0.008026,-4.756E-5,-2.381E-4,0.002262,-7.122E-4,0.002927,5.041E-4,0.002819,0
1504883519185,true,1768.619,0,0.006179,-1.989E-4,0.001483,0.001209,2.865E-4,0.002472,0.00225,0.001186,0.007173,5.784E-4,-1.974E-4,0.00224,-7.025E-4,0.002925,5.259E-4,0.002811,0
1504883519220,true,1768.676,0,0.005422,-4.181E-4,0.001507,0.001206,2.805E-4,0.002468,0.002264,0.001186,0.006746,0.001178,-1.807E-4,0.002227,-6.845E-4,0.002921,5.129E-4,0.002817,0
1504883519352,true,1768.721,0,0.005299,-0.00103,0.001518,0.001202,2.89E-4,0.002464,0.002261,0.001184,0.007054,0.00118,-2.005E-4,0.002227,-6.703E-4,0.002904,4.84E-4,0.002827,0
1504883519387,true,1768.779,0,0.006195,-0.001243,0.0015,0.001202,2.94E-4,0.002464,0.002245,0.001177,0.008073,1.759E-4,-2.167E-4,0.002222,-6.698E-4,0.002887,4.789E-4,0.002828,0
1504883519422,true,1768.836,0,0.006066,-4.927E-4,0.001468,0.001198,2.895E-4,0.002461,0.002239,0.001169,0.008688,-5.071E-4,-2.267E-4,0.002218,-7.022E-4,0.002884,4.782E-4,0.002818,0
1504883519458,true,1768.894,0,0.006347,-5.525E-5,0.001456,0.001192,2.699E-4,0.002463,0.00223,0.001167,0.007691,1.246E-4,-2.463E-4,0.002208,-7.5E-4,0.002887,4.69E-4,0.002808,0
1504883519493,true,1768.951,0,0.005374,1.765E-4,0.001426,0.001193,2.374E-4,0.00246,0.002218,0.001166,0.00669,9.396E-4,-2.632E-4,0.002195,-7.886E-4,0.002885,4.462E-4,0.002804,0
1504883519653,true,1769.022,0,0.004623,-4.317E-4,0.001396,0.00119,2.225E-4,0.002452,0.002193,0.001169,0.006333,0.001415,-3.201E-4,0.002195,-8.224E-4,0.002879,4.009E-4,0.002809,0
1504883519688,true,1769.08,0,0.00469,-0.001095,0.001337,0.001194,1.996E-4,0.002451,0.002155,0.001173,0.007145,7.361E-4,-3.943E-4,0.002204,-8.533E-4,0.002869,3.615E-4,0.002814,0
1504883519722,true,1769.137,0,0.005366,-0.001119,0.001287,0.001199,1.791E-4,0.002458,0.002134,0.001167,0.008269,-4.389E-4,-4.242E-4,0.002207,-8.826E-4,0.002862,3.439E-4,0.002818,0
1504883519759,true,1769.195,0,0.00569,-8.891E-4,0.001267,0.001196,1.678E-4,0.002465,0.002139,0.001164,0.008512,-8.917E-4,-4.148E-4,0.002203,-9.072E-4,0.002869,3.576E-4,0.002806,0
1504883519795,true,1769.252,0,0.005702,-5.534E-4,0.001272,0.001193,1.625E-4,0.002466,0.002144,0.001166,0.007659,-2.531E-4,-3.917E-4,0.002189,-9.129E-4,0.00287,3.667E-4,0.002796,0
1504883519927,true,1769.296,0,0.004874,-5.949E-4,0.00128,0.001197,1.588E-4,0.002465,0.002146,0.001167,0.007171,2.659E-4,-3.799E-4,0.002175,-9.03E-4,0.002866,3.524E-4,0.002799,0
1504883519962,true,1769.354,0,0.004515,-0.001218,0.001283,0.001197,1.651E-4,0.002456,0.002148,0.001165,0.007207,5.05E-4,-4.009E-4,0.002178,-8.843E-4,0.002854,3.302E-4,0.002804,0
1504883519997,true,1769.411,0,0.004959,-0.001529,0.001284,0.001199,1.83E-4,0.002455,0.00215,0.001158,0.008222,-4.072E-4,-4.066E-4,0.002178,-8.611E-4,0.002837,3.256E-4,0.002806,0
1504883520033,true,1769.469,0,0.005246,-9.202E-4,0.001277,0.001197,1.906E-4,0.002457,0.002149,0.00115,0.009123,-0.001302,-4.082E-4,0.002176,-8.663E-4,0.002828,3.349E-4,0.002799,0
1504883520069,true,1769.526,0,0.005479,-4.38E-4,0.001279,0.001191,2.043E-4,0.002453,0.002151,0.001144,0.008475,-9.25E-4,-4.005E-4,0.002165,-8.959E-4,0.002831,3.445E-4,0.002788,0
1504883520227,true,1769.597,0,0.004895,-1.588E-6,0.001279,0.001189,1.94E-4,0.002444,0.002148,0.001142,0.007257,6.717E-5,-3.961E-4,0.002146,-9.244E-4,0.002832,3.314E-4,0.002779,0
1504883520262,true,1769.655,0,0.003904,-4.199E-4,0.001267,0.001187,1.85E-4,0.002436,0.002122,0.001146,0.006644,7.867E-4,-4.277E-4,0.002142,-9.391E-4,0.002825,2.854E-4,0.002785,0
1504883520297,true,1769.712,0,0.003934,-0.001231,0.001245,0.001186,1.779E-4,0.002436,0.002086,0.001151,0.0069,6.417E-4,-4.868E-4,0.002149,-9.516E-4,0.00281,2.533E-4,0.00279,0
1504883520332,true,1769.77,0,0.004421,-0.001366,0.001196,0.001188,1.731E-4,0.002438,0.002048,0.00115,0.008119,-5.963E-4,-5.409E-4,0.002154,-9.827E-4,0.002797,2.337E-4,0.002788,0
1504883520368,true,1769.827,0,0.004808,-0.001079,0.00114,0.001182,1.478E-4,0.002444,0.002029,0.001145,0.008565,-0.001262,-5.854E-4,0.002152,-0.00104,0.002801,2.251E-4,0.002776,0
1504883520503,true,1769.871,0,0.004759,-7.051E-4,0.001096,0.001179,1.054E-4,0.002448,0.002006,0.001144,0.007667,-6.879E-4,-6.292E-4,0.002145,-0.001105,0.002806,2.039E-4,0.002766,0
1504883520539,true,1769.929,0,0.003888,-5.808E-4,0.00106,0.001187,5.974E-5,0.002451,0.001981,0.00115,0.007027,-1.273E-4,-6.467E-4,0.002135,-0.001137,0.002809,1.802E-4,0.002765,0
1504883520575,true,1769.986,0,0.003177,-0.001032,0.001055,0.001193,4.418E-5,0.00245,0.001969,0.001153,0.006763,3.912E-4,-6.705E-4,0.002135,-0.001136,0.002803,1.457E-4,0.002774,0
1504883520610,true,1770.044,0,0.003734,-0.001471,0.001045,0.001197,6.199E-5,0.002448,0.00195,0.001153,0.007556,-2.605E-4,-6.949E-4,0.002139,-0.001124,0.002786,1.366E-4,0.002776,0
1504883520646,true,1770.101,0,0.004614,-0.001263,0.001021,0.001198,6.179E-5,0.002454,0.001933,0.001147,0.008615,-0.001295,-6.989E-4,0.002141,-0.001126,0.002778,1.373E-4,0.002772,0
1504883520803,true,1770.172,0,0.004856,-7.208E-4,0.001022,0.001195,6.22E-5,0.002457,0.001925,0.001144,0.008292,-0.001196,-6.893E-4,0.002134,-0.001147,0.002781,1.441E-4,0.002762,0
1504883520838,true,1770.23,0,0.004457,-1.62E-4,0.001023,0.001196,5.15E-5,0.002459,0.001929,0.001147,0.006951,-1.742E-4,-6.681E-4,0.002121,-0.001155,0.002783,1.556E-4,0.002747,0
1504883520875,true,1770.287,0,0.003478,-3.701E-4,0.001026,0.001199,4.222E-5,0.002452,0.00193,0.001147,0.006207,6.196E-4,-6.753E-4,0.002113,-0.001155,0.00278,1.321E-4,0.002749,0
1504883520910,true,1770.345,0,0.003171,-0.00112,0.001024,0.001202,4.737E-5,0.002448,0.001905,0.001151,0.006217,7.918E-4,-7.177E-4,0.002117,-0.001156,0.002767,1.077E-4,0.002753,0
1504883520944,true,1770.402,0,0.003586,-0.001381,9.89E-4,0.001204,4.048E-5,0.002453,0.001876,0.001151,0.007183,-1.729E-4,-7.486E-4,0.002116,-0.001165,0.002757,9.731E-5,0.002751,0
1504883521102,true,1770.472,0,0.004071,-0.00107,9.583E-4,0.0012,2.856E-5,0.002458,0.001854,0.00115,0.008009,-0.001168,-7.745E-4,0.002116,-0.0012,0.002753,9.683E-5,0.002741,0
1504883521139,true,1770.53,0,0.004365,-7.431E-4,9.181E-4,0.001197,-1.597E-6,0.002468,0.001848,0.001148,0.007347,-8.085E-4,-7.979E-4,0.00211,-0.001253,0.002759,8.6E-5,0.00273,0
1504883521175,true,1770.587,0,0.003708,-4.982E-4,8.86E-4,0.001198,-4.802E-5,0.002468,0.001831,0.001148,0.006477,-1.527E-4,-8.264E-4,0.002101,-0.001293,0.002757,5.949E-5,0.002726,0
1504883521211,true,1770.645,0,0.002956,-9.506E-4,8.392E-4,0.001207,-7.528E-5,0.002462,0.0018,0.001157,0.006158,3.543E-4,-8.843E-4,0.002104,-0.001314,0.002751,1.172E-5,0.002735,0
1504883521247,true,1770.702,0,0.003074,-0.00151,8.021E-4,0.001217,-9.758E-5,0.002464,0.00177,0.001164,0.006783,-8.771E-5,-9.311E-4,0.002112,-0.00132,0.002739,-1.048E-5,0.002738,0
1504883521378,true,1770.747,0,0.003786,-0.001365,7.882E-4,0.001215,-1.016E-4,0.002465,0.001749,0.001161,0.007776,-0.001103,-9.361E-4,0.002115,-0.001318,0.00273,-9.307E-6,0.00274,0
1504883521414,true,1770.805,0,0.00423,-7.85E-4,7.731E-4,0.001214,-9.888E-5,0.002467,0.001741,0.001163,0.007884,-0.001372,-9.176E-4,0.002108,-0.001329,0.002731,4.598E-6,0.002729,0
1504883521450,true,1770.862,0,0.004354,-2.296E-4,7.815E-4,0.001212,-9.862E-5,0.002467,0.00174,0.001166,0.006558,-3.771E-4,-9.024E-4,0.002099,-0.001337,0.00273,2.156E-5,0.002716,0
1504883521486,true,1770.92,0,0.003558,-1.691E-4,7.824E-4,0.001215,-1.135E-4,0.002464,0.001737,0.001169,0.005527,5.8E-4,-8.812E-4,0.002086,-0.00133,0.002729,9.437E-6,0.002717,0
1504883521522,true,1770.977,0,0.002848,-7.415E-4,7.923E-4,0.001221,-1.044E-4,0.00246,0.001734,0.001174,0.005264,0.001084,-8.907E-4,0.002087,-0.001305,0.002719,-4.228E-6,0.002722,0
1504883521678,true,1771.047,0,0.003201,-0.001227,7.975E-4,0.001223,-8.271E-5,0.002459,0.001718,0.001178,0.006134,3.316E-4,-9.156E-4,0.002095,-0.001286,0.002704,-6.978E-6,0.00272,0
1504883521714,true,1771.105,0,0.003603,-9.66E-4,7.789E-4,0.00122,-8.385E-5,0.002464,0.00171,0.001175,0.007148,-7.294E-4,-9.217E-4,0.002096,-0.0013,0.002699,-4.517E-6,0.002716,0
1504883521750,true,1771.162,0,0.003908,-6.033E-4,7.648E-4,0.001217,-9.22E-5,0.002469,0.001711,0.001172,0.006894,-7.028E-4,-9.289E-4,0.002089,-0.001335,0.002704,5.38E-6,0.002704,0
1504883521786,true,1771.22,0,0.003487,-1.91E-4,7.512E-4,0.001214,-1.227E-4,0.00247,0.001706,0.001172,0.005891,4.766E-5,-9.31E-4,0.002075,-0.00136,0.002704,-3.201E-6,0.002697,0
1504883521822,true,1771.277,0,0.002722,-5.319E-4,7.328E-4,0.001213,-1.582E-4,0.002466,0.001692,0.001178,0.005517,5.621E-4,-9.531E-4,0.002069,-0.00138,0.002701,-3.621E-5,0.002701,0
1504883521953,true,1771.322,0,0.002727,-0.001166,6.94E-4,0.001213,-1.73E-4,0.002459,0.001659,0.001185,0.005791,5.482E-4,-0.001013,0.002076,-0.001397,0.002689,-6.503E-5,0.002703,0
1504883521989,true,1771.38,0,0.003515,-0.001226,6.476E-4,0.001217,-2.06E-4,0.00247,0.001606,0.00119,0.006816,-4.714E-4,-0.001063,0.002084,-0.001414,0.002676,-8.32E-5,0.002705,0
1504883522025,true,1771.437,0,0.003645,-6.046E-4,6.198E-4,0.001218,-2.274E-4,0.00248,0.001585,0.00119,0.007398,-0.001107,-0.001067,0.002088,-0.001439,0.002676,-8.855E-5,0.002704,0
1504883522061,true,1771.495,0,0.00379,1.428E-5,6.28E-4,0.001217,-2.255E-4,0.002484,0.001587,0.001191,0.006397,-3.65E-4,-0.001037,0.002079,-0.00144,0.00268,-6.979E-5,0.002692,0
1504883522097,true,1771.552,0,0.003058,3.077E-4,6.373E-4,0.001219,-2.327E-4,0.00248,0.001594,0.001194,0.005325,5.489E-4,-0.001014,0.002069,-0.001413,0.002679,-6.12E-5,0.002687,0
1504883522228,true,1771.596,0,0.002352,-1.947E-4,6.591E-4,0.001221,-2.269E-4,0.002474,0.001592,0.0012,0.004804,0.001344,-0.001016,0.002072,-0.001383,0.002673,-6.879E-5,0.002689,0
1504883522264,true,1771.654,0,0.002734,-9.143E-4,6.695E-4,0.001226,-2.09E-4,0.002476,0.001594,0.001198,0.005494,8.012E-4,-0.001018,0.002079,-0.001352,0.00266,-6.432E-5,0.002692,0
1504883522300,true,1771.711,0,0.003427,-8.283E-4,6.732E-4,0.001227,-1.846E-4,0.00248,0.00159,0.001198,0.006588,-2.381E-4,-9.887E-4,0.002078,-0.001323,0.002649,-3.955E-5,0.002687,0
1504883522336,true,1771.769,0,0.003892,-4.96E-4,6.878E-4,0.001226,-1.709E-4,0.002483,0.0016,0.001197,0.006717,-5.066E-4,-9.544E-4,0.002073,-0.00132,0.002651,-1.407E-5,0.002677,0
1504883522372,true,1771.826,0,0.003751,-6.345E-5,7.102E-4,0.001219,-1.687E-4,0.002483,0.001604,0.001201,0.005675,3.205E-4,-9.192E-4,0.002058,-0.00132,0.002651,1.331E-5,0.002663,0
1504883522527,true,1771.897,0,0.002901,-1.839E-4,7.31E-4,0.001216,-1.773E-4,0.002479,0.001613,0.001206,0.005198,8.664E-4,-8.985E-4,0.002047,-0.001316,0.002652,1.401E-5,0.002661,0
1504883522564,true,1771.955,0,0.002621,-8.553E-4,7.347E-4,0.001213,-1.711E-4,0.002475,0.001613,0.001207,0.00533,0.001054,-9.279E-4,0.002053,-0.001301,0.002643,-5.856E-6,0.002668,0
1504883522600,true,1772.012,0,0.003414,-0.001271,7.093E-4,0.001216,-1.698E-4,0.002475,0.001593,0.001209,0.006336,1.474E-4,-9.58E-4,0.002061,-0.001296,0.002626,-1.922E-5,0.002673,0
1504883522636,true,1772.07,0,0.003744,-5.689E-4,6.706E-4,0.001214,-1.853E-4,0.002482,0.001579,0.001209,0.007368,-7.888E-4,-9.67E-4,0.00206,-0.001315,0.002623,-1.524E-5,0.002667,0
1504883522672,true,1772.127,0,0.00414,-1.461E-4,6.427E-4,0.001212,-1.967E-4,0.002486,0.001559,0.001216,0.006691,-3.318E-4,-9.711E-4,0.002056,-0.001352,0.002629,-1.447E-5,0.002659,0
1504883522828,true,1772.197,0,0.00371,2.394E-4,6.425E-4,0.001215,-2.163E-4,0.002483,0.001545,0.001221,0.005368,8.114E-4,-9.354E-4,0.002043,-0.001354,0.002629,-1.461E-5,0.002654,0
1504883522864,true,1772.255,0,0.002827,-6.616E-5,6.732E-4,0.001216,-2.128E-4,0.00248,0.001558,0.001224,0.004783,0.001629,-9.105E-4,0.002039,-0.00132,0.002626,-1.748E-5,0.002658,0
1504883522900,true,1772.312,0,0.002695,-7.081E-4,7.086E-4,0.001214,-1.928E-4,0.002482,0.001564,0.001225,0.005158,0.001558,-9.051E-4,0.002046,-0.001275,0.002611,-1.545E-5,0.002663,0
1504883522936,true,1772.37,0,0.003323,-8.156E-4,7.246E-4,0.001215,-1.746E-4,0.002489,0.001566,0.001226,0.006184,5.31E-4,-8.823E-4,0.002052,-0.00124,0.002601,8.935E-6,0.002661,0
1504883522972,true,1772.427,0,0.003553,-3.527E-4,7.493E-4,0.001209,-1.545E-4,0.002493,0.001586,0.001224,0.006696,-4.653E-5,-8.44E-4,0.002056,-0.001221,0.002604,5.131E-5,0.002651,0
1504883523102,true,1772.472,0,0.003708,1.116E-4,7.731E-4,0.00121,-1.317E-4,0.002493,0.001605,0.001225,0.005832,6.131E-4,-7.836E-4,0.002044,-0.001201,0.002609,9.797E-5,0.002635,0
1504883523137,true,1772.53,0,0.00291,2.648E-4,8.114E-4,0.001208,-1.242E-4,0.002492,0.001625,0.001226,0.005307,0.001135,-7.326E-4,0.002031,-0.001171,0.002609,1.095E-4,0.002633,0
1504883523172,true,1772.587,0,0.002396,-3.037E-4,8.499E-4,0.001204,-9.728E-5,0.00248,0.001632,0.001229,0.005313,0.001552,-7.12E-4,0.00203,-0.001136,0.0026,1.025E-4,0.00264,0
1504883523209,true,1772.645,0,0.003168,-9.463E-4,8.676E-4,0.001204,-7.883E-5,0.002475,0.001628,0.001231,0.006214,8.933E-4,-7.099E-4,0.002035,-0.001105,0.002581,1.063E-4,0.002642,0
1504883523245,true,1772.702,0,0.004272,-7.249E-4,8.604E-4,0.0012,-7.674E-5,0.002481,0.001623,0.001226,0.007341,-6.336E-5,-6.914E-4,0.002033,-0.001102,0.002575,1.205E-4,0.002639,0
1504883523403,true,1772.773,0,0.004803,-3.64E-4,8.492E-4,0.001192,-7.835E-5,0.002479,0.00162,0.001224,0.007309,-7.078E-5,-6.706E-4,0.002026,-0.001116,0.002578,1.351E-4,0.002629,0
1504883523439,true,1772.831,0,0.004545,2.4E-4,8.397E-4,0.001189,-9.037E-5,0.002477,0.001611,0.001226,0.006193,9.231E-4,-6.579E-4,0.002016,-0.001133,0.00258,1.377E-4,0.002618,0
1504883523474,true,1772.888,0,0.003796,1.12E-4,8.287E-4,0.001195,-1.002E-4,0.002473,0.001604,0.00123,0.005495,0.001784,-6.45E-4,0.002014,-0.001128,0.00258,1.191E-4,0.002622,0
1504883523509,true,1772.946,0,0.003587,-5.441E-4,8.532E-4,0.001198,-8.919E-5,0.002474,0.001606,0.001233,0.005494,0.002089,-6.358E-4,0.002019,-0.001095,0.002574,1.2E-4,0.002625,0
1504883523545,true,1773.003,0,0.004453,-8.311E-4,8.794E-4,0.001195,-6.629E-5,0.002478,0.00161,0.001231,0.00651,0.001171,-6.098E-4,0.002023,-0.001045,0.002559,1.467E-4,0.002625,0
1504883523678,true,1773.047,0,0.004717,-3.881E-4,8.959E-4,0.001194,-4.292E-5,0.00248,0.001621,0.001229,0.007368,3.46E-4,-5.623E-4,0.002024,-0.001021,0.002558,1.882E-4,0.002615,0
1504883523714,true,1773.105,0,0.004906,-1.131E-4,9.285E-4,0.001187,-2.962E-5,0.002482,0.001644,0.001228,0.007015,5.963E-4,-5.112E-4,0.002019,-0.001007,0.002566,2.236E-4,0.002602,0
1504883523750,true,1773.162,0,0.003811,3.988E-4,9.777E-4,0.001184,-2.444E-5,0.002481,0.001676,0.001227,0.006172,0.001329,-4.436E-4,0.002004,-9.728E-4,0.002568,2.451E-4,0.002597,0
1504883523785,true,1773.22,0,0.003075,-2.792E-5,0.001021,0.00118,2.182E-6,0.00247,0.001705,0.001226,0.005887,0.001931,-4.012E-4,0.001999,-9.273E-4,0.002561,2.505E-4,0.002601,0
1504883523820,true,1773.277,0,0.00345,-6.581E-4,0.001063,0.001178,3.201E-5,0.002466,0.001714,0.001225,0.006617,0.001479,-3.823E-4,0.002004,-8.811E-4,0.002544,2.593E-4,0.002605,0
1504883523977,true,1773.348,0,0.004489,-5.008E-4,0.001069,0.001173,3.941E-5,0.002472,0.001715,0.00122,0.007936,2.986E-4,-3.512E-4,0.002002,-8.59E-4,0.002534,2.859E-4,0.002602,0
1504883524012,true,1773.406,0,0.004995,1.747E-4,0.001086,0.00116,5.139E-5,0.002473,0.001735,0.001213,0.008305,-1.23E-4,-3.148E-4,0.001998,-8.67E-4,0.002534,3.15E-4,0.002591,0
1504883524047,true,1773.463,0,0.005224,7.516E-4,0.001105,0.001151,5.193E-5,0.002468,0.001748,0.001209,0.007098,9.608E-4,-2.771E-4,0.001982,-8.775E-4,0.002535,3.378E-4,0.002575,0
1504883524083,true,1773.521,0,0.004598,7.82E-4,0.001119,0.001143,4.077E-5,0.002459,0.001756,0.001208,0.006165,0.00197,-2.577E-4,0.001967,-8.849E-4,0.002535,3.335E-4,0.00257,0
1504883524117,true,1773.578,0,0.004353,6.2E-5,0.001113,0.001143,2.922E-5,0.002451,0.001747,0.001211,0.005953,0.002544,-2.78E-4,0.001972,-8.778E-4,0.002525,3.043E-4,0.002576,0
1504883524278,true,1773.622,0,0.004815,-4.426E-4,0.001094,0.001149,3.416E-5,0.002454,0.001735,0.001211,0.00677,0.001814,-2.875E-4,0.001983,-8.578E-4,0.002511,2.984E-4,0.00258,0
1504883524313,true,1773.68,0,0.005414,-2.498E-4,0.001097,0.001146,5.334E-5,0.002456,0.001742,0.001205,0.007828,7.58E-4,-2.581E-4,0.001988,-8.356E-4,0.00251,3.275E-4,0.002574,0
1504883524348,true,1773.737,0,0.005716,1.803E-4,0.001116,0.001141,7.982E-5,0.002456,0.001772,0.001196,0.007651,7.384E-4,-2.155E-4,0.001983,-8.214E-4,0.002514,3.675E-4,0.002559,0
1504883524383,true,1773.795,0,0.005191,6.733E-4,0.001156,0.001136,8.136E-5,0.002453,0.001795,0.001192,0.006777,0.001487,-1.64E-4,0.00197,-8.076E-4,0.002515,3.929E-4,0.002548,0
1504883524418,true,1773.852,0,0.004478,4.572E-4,0.001195,0.001137,8.338E-5,0.002445,0.00182,0.001192,0.006455,0.002012,-1.147E-4,0.00196,-7.746E-4,0.002513,4.062E-4,0.002548,0
1504883524553,true,1773.923,0,0.004345,-1.415E-4,0.001231,0.001136,1.089E-4,0.002441,0.001843,0.001188,0.006745,0.002076,-9.796E-5,0.001965,-7.35E-4,0.002506,4.242E-4,0.002547,0
1504883524588,true,1773.981,0,0.005275,-2.15E-4,0.00126,0.001131,1.366E-4,0.002443,0.001858,0.001181,0.00796,0.001051,-5.617E-5,0.001964,-6.944E-4,0.002492,4.501E-4,0.002547,0
1504883524622,true,1774.038,0,0.005716,4.403E-4,0.001274,0.001126,1.634E-4,0.002438,0.001866,0.001178,0.008652,4.432E-4,-5.304E-6,0.001959,-6.898E-4,0.002494,4.799E-4,0.00254,0
1504883524657,true,1774.096,0,0.006304,9.581E-4,0.001303,0.001112,1.701E-4,0.002438,0.00189,0.001173,0.007778,0.001216,3.647E-5,0.001949,-6.886E-4,0.002493,5.134E-4,0.002525,0
1504883524692,true,1774.153,0,0.005309,0.00152,0.001327,0.001109,1.665E-4,0.002432,0.001904,0.001172,0.006722,0.002164,7.122E-5,0.001935,-6.769E-4,0.002491,5.153E-4,0.002519,0
1504883524836,true,1774.197,0,0.004504,0.001057,0.001335,0.001108,1.726E-4,0.002419,0.001904,0.00117,0.006301,0.002894,5.942E-5,0.001938,-6.715E-4,0.002484,4.992E-4,0.002524,0
1504883524871,true,1774.255,0,0.004921,3.975E-4,0.001326,0.001105,1.664E-4,0.002423,0.001905,0.001165,0.006853,0.002491,3.36E-5,0.001945,-6.714E-4,0.002472,4.838E-4,0.002526,0
1504883524906,true,1774.312,0,0.005427,5.849E-4,0.001304,0.00111,1.686E-4,0.002426,0.001909,0.00116,0.007739,0.001536,3.532E-5,0.00195,-6.756E-4,0.002469,4.957E-4,0.002523,0
1504883524941,true,1774.37,0,0.005902,9.296E-4,0.001319,0.001102,1.753E-4,0.002431,0.001922,0.001153,0.007727,0.001394,8.185E-5,0.001944,-6.756E-4,0.002477,5.304E-4,0.00251,0
1504883524976,true,1774.427,0,0.005904,0.001351,0.001357,0.001098,1.767E-4,0.002429,0.001948,0.001151,0.006799,0.002185,1.435E-4,0.001928,-6.583E-4,0.002483,5.659E-4,0.002496,0
1504883525127,true,1774.498,0,0.005187,0.001275,0.001407,0.001094,1.915E-4,0.002416,0.00197,0.001154,0.006148,0.002876,1.859E-4,0.00192,-6.23E-4,0.002483,5.864E-4,0.002494,0
1504883525162,true,1774.556,0,0.004775,6.401E-4,0.001448,0.001092,2.195E-4,0.002406,0.001989,0.001152,0.006221,0.003202,2.016E-4,0.001922,-5.826E-4,0.002474,5.85E-4,0.002502,0
1504883525197,true,1774.613,0,0.005383,3.805E-4,0.001467,0.00109,2.536E-4,0.002404,0.001999,0.001149,0.007249,0.002355,2.217E-4,0.001927,-5.368E-4,0.002464,6.147E-4,0.002501,0
1504883525232,true,1774.671,0,0.005592,0.001103,0.001487,0.001085,2.864E-4,0.002401,0.002026,0.001139,0.008318,0.001351,2.816E-4,0.00192,-5.042E-4,0.002459,6.547E-4,0.002493,0
1504883525267,true,1774.728,0,0.005939,0.001805,0.001525,0.001072,3.157E-4,0.002394,0.002043,0.001136,0.007732,0.001809,3.399E-4,0.001907,-4.968E-4,0.002463,6.961E-4,0.002477,0
1504883525403,true,1774.772,0,0.005486,0.002388,0.001572,0.001061,3.203E-4,0.002391,0.002065,0.001132,0.006435,0.003051,3.884E-4,0.001894,-4.799E-4,0.002461,7.265E-4,0.002466,0
1504883525438,true,1774.83,0,0.00476,0.002181,0.001601,0.00106,3.174E-4,0.002386,0.002083,0.00113,0.005681,0.004161,4.071E-4,0.001888,-4.56E-4,0.002455,7.323E-4,0.002467,0
1504883525472,true,1774.887,0,0.004707,0.001572,0.001618,0.001057,3.334E-4,0.002379,0.002079,0.00113,0.00592,0.004183,3.99E-4,0.001892,-4.257E-4,0.002437,7.217E-4,0.002471,0
1504883525507,true,1774.945,0,0.00525,0.001613,0.0016,0.001057,3.43E-4,0.002377,0.002062,0.00113,0.006946,0.003261,3.887E-4,0.001899,-4.205E-4,0.002426,7.325E-4,0.00247,0
1504883525542,true,1775.002,0,0.005772,0.00191,0.001587,0.001056,3.501E-4,0.002378,0.002056,0.001132,0.007397,0.002794,4.029E-4,0.001901,-4.341E-4,0.002427,7.387E-4,0.002467,0
1504883525703,true,1775.073,0,0.005922,0.002292,0.001614,0.00105,3.615E-4,0.002383,0.002068,0.001134,0.006434,0.003542,4.439E-4,0.001895,-4.339E-4,0.002438,7.668E-4,0.002456,0
1504883525737,true,1775.131,0,0.004834,0.002513,0.00166,0.001046,3.714E-4,0.002379,0.002091,0.001132,0.005709,0.004283,4.918E-4,0.001885,-3.863E-4,0.002439,7.849E-4,0.002453,0
1504883525772,true,1775.188,0,0.004452,0.00193,0.001714,0.001042,3.852E-4,0.002374,0.002109,0.001131,0.005504,0.004846,5.242E-4,0.001881,-3.329E-4,0.002431,7.914E-4,0.002458,0
1504883525807,true,1775.246,0,0.005026,0.001444,0.001743,0.001041,4.124E-4,0.002372,0.002121,0.001129,0.006327,0.004278,5.358E-4,0.001887,-2.855E-4,0.002422,8.119E-4,0.002459,0
1504883525842,true,1775.303,0,0.005633,0.001905,0.001763,0.001036,4.404E-4,0.002372,0.002136,0.001123,0.007519,0.003331,5.862E-4,0.001883,-2.409E-4,0.002417,8.524E-4,0.002459,0
1504883525977,true,1775.349,0,0.005968,0.00267,0.001804,0.001028,4.773E-4,0.002366,0.00216,0.001118,0.007435,0.003389,6.574E-4,0.001872,-2.096E-4,0.00242,9.003E-4,0.002447,0
1504883526012,true,1775.407,0,0.005699,0.003452,0.001857,0.00102,4.946E-4,0.002357,0.002192,0.001117,0.006276,0.004484,7.233E-4,0.001857,-1.779E-4,0.002419,9.382E-4,0.002436,0
1504883526047,true,1775.464,0,0.005072,0.003379,0.001902,0.001017,5.057E-4,0.002348,0.002199,0.00112,0.005582,0.005384,7.615E-4,0.001846,-1.403E-4,0.002413,9.385E-4,0.00244,0
1504883526082,true,1775.522,0,0.004969,0.002818,0.00194,0.001011,5.267E-4,0.002341,0.002211,0.001118,0.005597,0.005714,7.712E-4,0.001847,-1.141E-4,0.002404,9.353E-4,0.002445,0
1504883526117,true,1775.579,0,0.005778,0.00265,0.001947,0.001008,5.407E-4,0.002339,0.002204,0.001117,0.006559,0.004843,7.693E-4,0.00185,-8.963E-5,0.002388,9.455E-4,0.002444,0
1504883526278,true,1775.648,0,0.006386,0.003085,0.00194,0.001003,5.46E-4,0.002341,0.002207,0.001113,0.007258,0.004167,7.777E-4,0.001851,-9.667E-5,0.002386,9.629E-4,0.002438,0
1504883526313,true,1775.706,0,0.00682,0.003441,0.001944,0.001003,5.552E-4,0.00234,0.002221,0.001111,0.0067,0.004554,7.928E-4,0.001847,-1.189E-4,0.002397,9.887E-4,0.002426,0
1504883526348,true,1775.763,0,0.006167,0.003736,0.001983,9.998E-4,5.587E-4,0.002335,0.002248,0.001108,0.005886,0.005342,8.473E-4,0.001834,-8.918E-5,0.002403,0.001006,0.002422,0
1504883526382,true,1775.821,0,0.005743,0.003139,0.002027,0.001,5.773E-4,0.002331,0.002273,0.001106,0.005659,0.005873,8.704E-4,0.001831,-3.025E-5,0.002398,0.001013,0.002428,0
1504883526417,true,1775.878,0,0.006229,0.002413,0.002065,0.001,6.111E-4,0.002323,0.002292,0.001103,0.006462,0.005401,8.886E-4,0.001836,2.306E-5,0.002385,0.001027,0.002432,0
1504883526578,true,1775.948,0,0.007198,0.002579,0.002097,9.97E-4,6.341E-4,0.002324,0.002303,0.001103,0.007656,0.004307,9.167E-4,0.001836,6.939E-5,0.002377,0.001066,0.002432,0
1504883526612,true,1776.006,0,0.007893,0.003144,0.002139,9.869E-4,6.58E-4,0.002326,0.002331,0.001095,0.008008,0.00396,9.709E-4,0.001829,9.423E-5,0.002383,0.001106,0.002423,0
1504883526647,true,1776.063,0,0.00832,0.003781,0.0022,9.77E-4,6.769E-4,0.002321,0.002372,0.001088,0.007061,0.004813,0.001032,0.001814,1.234E-4,0.002387,0.001157,0.002411,0
1504883526682,true,1776.121,0,0.007534,0.004116,0.002248,9.754E-4,6.908E-4,0.002311,0.002402,0.001085,0.006055,0.005882,0.001093,0.001797,1.615E-4,0.002386,0.001171,0.002411,0
1504883526717,true,1776.178,0,0.00743,0.003444,0.002289,9.706E-4,7.215E-4,0.002299,0.002423,0.001081,0.005807,0.006497,0.001113,0.001793,1.967E-4,0.002377,0.001181,0.002413,0
1504883526853,true,1776.224,0,0.008346,0.002859,0.002319,9.672E-4,7.519E-4,0.002293,0.002429,0.001078,0.006626,0.005819,0.001114,0.001798,2.209E-4,0.002365,0.001189,0.002415,0
1504883526888,true,1776.282,0,0.008905,0.003222,0.002322,9.669E-4,7.668E-4,0.002292,0.002433,0.001073,0.007646,0.004794,0.001131,0.001795,2.283E-4,0.002359,0.001213,0.002413,0
1504883526923,true,1776.339,0,0.009268,0.003733,0.002333,9.586E-4,7.86E-4,0.002286,0.002449,0.001069,0.00746,0.004819,0.001155,0.001787,2.085E-4,0.002364,0.00124,0.002399,0
1504883526957,true,1776.397,0,0.00906,0.004027,0.002347,9.6E-4,7.826E-4,0.002284,0.002459,0.001072,0.006424,0.005661,0.001179,0.001775,1.974E-4,0.002369,0.001257,0.002392,0
1504883526992,true,1776.454,0,0.008311,0.003713,0.002381,9.594E-4,7.864E-4,0.002281,0.002492,0.001067,0.005973,0.006249,0.0012,0.00177,2.34E-4,0.002371,0.00126,0.002396,0
1504883527128,true,1776.499,0,0.008336,0.003005,0.002427,9.566E-4,8.265E-4,0.002269,0.002512,0.001069,0.006411,0.006138,0.001203,0.001774,2.996E-4,0.00236,0.00127,0.0024,0
1504883527163,true,1776.557,0,0.009323,0.002784,0.002445,9.574E-4,8.721E-4,0.002262,0.002544,0.001062,0.00762,0.005057,0.001233,0.001771,3.59E-4,0.002345,0.001304,0.002402,0
1504883527197,true,1776.614,0,0.01005,0.003285,0.002476,9.498E-4,9.121E-4,0.002258,0.002577,0.001052,0.008386,0.004244,0.001278,0.001765,3.924E-4,0.002344,0.001343,0.002395,0
1504883527232,true,1776.672,0,0.01081,0.003721,0.002526,9.407E-4,9.546E-4,0.002253,0.002615,0.00105,0.007703,0.004716,0.001343,0.00175,4.297E-4,0.002345,0.001393,0.002385,0
1504883527267,true,1776.729,0,0.01018,0.004178,0.002586,9.345E-4,9.817E-4,0.002243,0.002651,0.001047,0.006647,0.00566,0.001406,0.001733,4.849E-4,0.002343,0.001432,0.002376,0
1504883527427,true,1776.798,0,0.009735,0.003678,0.002647,9.267E-4,0.001031,0.002226,0.002676,0.001046,0.006136,0.006482,0.001435,0.001726,5.362E-4,0.002335,0.001447,0.00238,0
1504883527462,true,1776.856,0,0.01033,0.003007,0.00269,9.205E-4,0.001077,0.002218,0.002698,0.001042,0.006695,0.006107,0.001446,0.001726,5.854E-4,0.00232,0.001466,0.002381,0
1504883527497,true,1776.913,0,0.01107,0.003135,0.002708,9.151E-4,0.001112,0.002213,0.002719,0.001035,0.007595,0.005176,0.001463,0.001723,6.023E-4,0.002313,0.001495,0.00238,0
1504883527532,true,1776.971,0,0.01137,0.0035,0.002729,9.062E-4,0.001138,0.002206,0.002755,0.00102,0.007728,0.004904,0.001485,0.001716,5.98E-4,0.002313,0.001528,0.002368,0
1504883527567,true,1777.028,0,0.01159,0.003744,0.002754,9.003E-4,0.001139,0.002207,0.002772,0.001016,0.006635,0.005694,0.001505,0.001704,5.856E-4,0.002315,0.001554,0.002355,0
1504883527703,true,1777.074,0,0.01076,0.003567,0.002772,8.986E-4,0.00114,0.002199,0.002783,0.001016,0.006048,0.006251,0.001512,0.001693,5.82E-4,0.002316,0.001546,0.002359,0
1504883527738,true,1777.132,0,0.01037,0.002826,0.002799,8.981E-4,0.001165,0.00219,0.002802,0.001015,0.006079,0.006504,0.001511,0.001698,6.133E-4,0.002313,0.001546,0.002368,0
1504883527773,true,1777.189,0,0.01095,0.002438,0.002814,9.017E-4,0.001205,0.002184,0.002816,0.001013,0.007043,0.005598,0.001525,0.001698,6.781E-4,0.002298,0.001578,0.002369,0
1504883527808,true,1777.247,0,0.0114,0.002906,0.002847,8.957E-4,0.001232,0.002184,0.002846,0.001004,0.008045,0.004596,0.001564,0.001692,7.154E-4,0.002294,0.001626,0.002364,0
1504883527843,true,1777.304,0,0.01176,0.003485,0.002893,8.856E-4,0.001263,0.002182,0.002887,9.97E-4,0.007637,0.004774,0.001617,0.001679,7.406E-4,0.002298,0.001665,0.002355,0
1504883528002,true,1777.373,0,0.01113,0.003997,0.002941,8.794E-4,0.001271,0.002178,0.002928,9.926E-4,0.006495,0.005729,0.001678,0.001658,7.829E-4,0.002299,0.001705,0.002349,0
1504883528037,true,1777.431,0,0.01048,0.003652,0.003003,8.682E-4,0.001302,0.002169,0.002969,9.883E-4,0.00577,0.006682,0.001715,0.001648,8.494E-4,0.002289,0.001731,0.002348,0
1504883528072,true,1777.488,0,0.01056,0.002896,0.003049,8.641E-4,0.001344,0.002158,0.002996,9.854E-4,0.006051,0.006621,0.001721,0.001651,9.051E-4,0.002274,0.001746,0.002353,0
1504883528107,true,1777.546,0,0.01111,0.002844,0.00308,8.567E-4,0.001375,0.002157,0.003018,9.768E-4,0.007115,0.005611,0.001734,0.001651,9.467E-4,0.002262,0.001782,0.00235,0
1504883528142,true,1777.603,0,0.01163,0.003249,0.0031,8.446E-4,0.001398,0.002154,0.003044,9.676E-4,0.007471,0.005025,0.001758,0.001646,9.462E-4,0.002261,0.001826,0.002336,0
1504883528303,true,1777.675,0,0.01198,0.003536,0.003139,8.29E-4,0.001405,0.002155,0.003069,9.635E-4,0.006544,0.005623,0.001787,0.001631,9.366E-4,0.002265,0.001858,0.002324,0
1504883528338,true,1777.733,0,0.01106,0.003686,0.003157,8.242E-4,0.001408,0.002145,0.003086,9.61E-4,0.005588,0.006387,0.001798,0.001616,9.294E-4,0.002269,0.001865,0.00232,0
1504883528373,true,1777.79,0,0.01038,0.003121,0.003167,8.209E-4,0.001414,0.00213,0.003091,9.623E-4,0.005274,0.006927,0.001772,0.001619,9.252E-4,0.00226,0.001844,0.002326,0
1504883528408,true,1777.848,0,0.01089,0.002376,0.003158,8.236E-4,0.001421,0.002127,0.003088,9.581E-4,0.006203,0.006127,0.001751,0.001624,9.252E-4,0.002254,0.00184,0.002332,0
1504883528442,true,1777.905,0,0.01154,0.002521,0.003164,8.225E-4,0.001442,0.002122,0.003115,9.445E-4,0.00751,0.004899,0.001759,0.001626,9.546E-4,0.002248,0.001864,0.002333,0
1504883528578,true,1777.949,0,0.01194,0.002932,0.003187,8.171E-4,0.001465,0.00212,0.003149,9.375E-4,0.007509,0.004729,0.001798,0.001615,9.683E-4,0.002256,0.00191,0.002319,0
1504883528613,true,1778.007,0,0.01172,0.003496,0.003228,8.103E-4,0.001478,0.002111,0.003182,9.343E-4,0.006439,0.005545,0.001845,0.001598,9.934E-4,0.002256,0.001944,0.002309,0
1504883528648,true,1778.064,0,0.01073,0.003473,0.003273,8.05E-4,0.001496,0.002097,0.00322,9.304E-4,0.005677,0.006371,0.001868,0.001588,0.001031,0.002255,0.001959,0.00231,0
1504883528683,true,1778.122,0,0.0104,0.002857,0.003308,8.029E-4,0.001527,0.002086,0.003237,9.3E-4,0.005549,0.006762,0.001869,0.001594,0.001083,0.002244,0.001961,0.002316,0
1504883528718,true,1778.179,0,0.01117,0.002497,0.003336,8.005E-4,0.00155,0.002084,0.003263,9.199E-4,0.006447,0.005848,0.00187,0.001597,0.00113,0.002231,0.001991,0.002313,0
1504883528878,true,1778.249,0,0.01143,0.00304,0.003361,7.908E-4,0.001594,0.002077,0.003293,9.075E-4,0.007176,0.004995,0.001877,0.0016,0.001139,0.002234,0.002018,0.002307,0
1504883528913,true,1778.307,0,0.0119,0.003316,0.003385,7.806E-4,0.001614,0.002071,0.003328,8.98E-4,0.006461,0.005374,0.001902,0.001589,0.001121,0.002242,0.002062,0.00229,0
1504883528948,true,1778.364,0,0.01117,0.003636,0.003409,7.715E-4,0.001613,0.002062,0.003359,8.914E-4,0.005508,0.00612,0.001916,0.001575,0.001107,0.002246,0.00208,0.002282,0
1504883528982,true,1778.422,0,0.0102,0.003254,0.003424,7.653E-4,0.001617,0.002047,0.00338,8.843E-4,0.005143,0.006578,0.0019,0.001572,0.0011,0.002242,0.002066,0.002285,0
1504883529017,true,1778.479,0,0.01031,0.002422,0.003419,7.604E-4,0.001607,0.002046,0.00339,8.777E-4,0.005742,0.006071,0.00185,0.001577,0.001079,0.002233,0.002055,0.002286,0
1504883529153,true,1778.524,0,0.01101,0.002412,0.003383,7.616E-4,0.001592,0.002049,0.003379,8.734E-4,0.007007,0.00484,0.001813,0.001582,0.001051,0.00223,0.002041,0.002291,0
1504883529188,true,1778.582,0,0.01124,0.002896,0.003388,7.549E-4,0.00159,0.002048,0.003398,8.651E-4,0.007328,0.004315,0.001822,0.00158,0.00102,0.002237,0.002057,0.002285,0
1504883529222,true,1778.639,0,0.01146,0.003439,0.003407,7.448E-4,0.001592,0.002044,0.003428,8.582E-4,0.006332,0.005097,0.001844,0.001564,0.001031,0.00224,0.002081,0.002275,0
1504883529257,true,1778.697,0,0.01096,0.003442,0.003426,7.444E-4,0.001591,0.002036,0.003459,8.521E-4,0.005413,0.005978,0.001864,0.001552,0.001058,0.002238,0.002091,0.002272,0
1504883529292,true,1778.754,0,0.01037,0.002949,0.003448,7.412E-4,0.001611,0.00202,0.003476,8.508E-4,0.005163,0.00653,0.001851,0.001552,0.001089,0.00223,0.002083,0.002279,0
1504883529453,true,1778.824,0,0.01088,0.00247,0.003454,7.396E-4,0.001644,0.002011,0.003498,8.39E-4,0.005865,0.005898,0.001832,0.001558,0.001125,0.002219,0.002096,0.002278,0
1504883529487,true,1778.882,0,0.01135,0.002759,0.003467,7.321E-4,0.001664,0.002011,0.003516,8.289E-4,0.006886,0.00483,0.001838,0.001558,0.001155,0.002211,0.002119,0.002276,0
1504883529523,true,1778.939,0,0.01171,0.003088,0.003486,7.232E-4,0.00168,0.002006,0.003546,8.211E-4,0.006527,0.004956,0.001861,0.001549,0.001155,0.002213,0.002154,0.002261,0
1504883529557,true,1778.997,0,0.0112,0.003465,0.003512,7.186E-4,0.001681,0.001997,0.003577,8.14E-4,0.005491,0.005715,0.001872,0.001535,0.001146,0.002217,0.002173,0.002251,0
1504883529592,true,1779.054,0,0.01028,0.003099,0.003525,7.111E-4,0.001681,0.001982,0.003587,8.121E-4,0.005059,0.006186,0.001861,0.001529,0.001143,0.002213,0.002155,0.002254,0
1504883529728,true,1779.1,0,0.01007,0.002268,0.003528,6.992E-4,0.001686,0.001972,0.003585,8.096E-4,0.005373,0.006057,0.00182,0.001533,0.00113,0.002202,0.002127,0.002264,0
1504883529762,true,1779.158,0,0.01086,0.001812,0.003502,6.941E-4,0.001696,0.001966,0.003589,7.98E-4,0.006507,0.004872,0.001777,0.001534,0.001108,0.002193,0.002114,0.002268,0
1504883529797,true,1779.215,0,0.01106,0.002321,0.003474,6.855E-4,0.001695,0.001965,0.003588,7.92E-4,0.007379,0.003889,0.001748,0.001533,0.001055,0.002196,0.002103,0.002263,0
1504883529832,true,1779.273,0,0.01136,0.002806,0.003458,6.809E-4,0.00167,0.00197,0.003593,7.874E-4,0.006543,0.004361,0.001745,0.001526,0.001006,0.002207,0.002101,0.002253,0
1504883529867,true,1779.33,0,0.01071,0.003205,0.003488,6.744E-4,0.001678,0.001958,0.003606,7.878E-4,0.00557,0.005096,0.001757,0.001512,0.00101,0.002212,0.002097,0.002253,0
1504883530028,true,1779.399,0,0.01011,0.002682,0.003509,6.727E-4,0.00168,0.001948,0.003629,7.822E-4,0.005117,0.005782,0.001757,0.001509,0.001034,0.002209,0.002085,0.002259,0
1504883530063,true,1779.457,0,0.01034,0.002106,0.003515,6.705E-4,0.001706,0.00194,0.003631,7.776E-4,0.005604,0.005435,0.001734,0.001514,0.001082,0.002194,0.002088,0.00226,0
1504883530098,true,1779.514,0,0.01101,0.002289,0.003504,6.67E-4,0.001724,0.001941,0.003647,7.661E-4,0.006605,0.004375,0.001727,0.001519,0.001101,0.002189,0.002105,0.002258,0
1504883530132,true,1779.572,0,0.01108,0.00291,0.003505,6.62E-4,0.001739,0.001938,0.003672,7.558E-4,0.006513,0.004193,0.001732,0.001519,0.001109,0.002191,0.002139,0.002247,0
1504883530167,true,1779.629,0,0.01099,0.00324,0.003522,6.553E-4,0.00174,0.00194,0.003698,7.528E-4,0.005311,0.005105,0.001746,0.001506,0.00112,0.002193,0.00216,0.002238,0
1504883530303,true,1779.675,0,0.0101,0.00306,0.003542,6.523E-4,0.001745,0.001929,0.003718,7.458E-4,0.004694,0.005717,0.001755,0.001496,0.00114,0.002191,0.002152,0.00224,0
1504883530338,true,1779.733,0,0.009713,0.002247,0.003549,6.495E-4,0.001755,0.00192,0.003729,7.403E-4,0.0047,0.005966,0.001727,0.001497,0.001151,0.00218,0.002129,0.002247,0
1504883530373,true,1779.79,0,0.01012,0.001832,0.003528,6.488E-4,0.001767,0.001918,0.003726,7.368E-4,0.005723,0.004915,0.001685,0.001504,0.001157,0.002163,0.002121,0.002253,0
1504883530408,true,1779.848,0,0.01049,0.002266,0.003497,6.446E-4,0.001778,0.001914,0.003727,7.313E-4,0.006793,0.003826,0.001667,0.001501,0.001124,0.002163,0.002124,0.002248,0
1504883530443,true,1779.905,0,0.01087,0.00269,0.003472,6.388E-4,0.001769,0.00191,0.003728,7.259E-4,0.006428,0.003936,0.001651,0.001494,0.001067,0.002169,0.002122,0.002238,0
1504883530577,true,1779.949,0,0.01047,0.003214,0.003448,6.397E-4,0.001749,0.001902,0.003722,7.244E-4,0.005435,0.00475,0.001639,0.001483,0.001018,0.002178,0.002102,0.002236,0
1504883530613,true,1780.007,0,0.009584,0.002942,0.003439,6.445E-4,0.001741,0.001893,0.003715,7.235E-4,0.005036,0.005387,0.001632,0.001479,0.001012,0.002182,0.002076,0.002245,0
1504883530647,true,1780.064,0,0.009507,0.002392,0.003447,6.475E-4,0.001771,0.001879,0.003713,7.222E-4,0.005238,0.00542,0.001613,0.001486,0.001052,0.00217,0.002067,0.002252,0
1504883530682,true,1780.122,0,0.01013,0.00226,0.003439,6.505E-4,0.001802,0.001875,0.003718,7.158E-4,0.006273,0.004457,0.001602,0.001492,0.001085,0.002162,0.002085,0.002253,0
1504883530717,true,1780.179,0,0.0103,0.002791,0.003435,6.493E-4,0.001814,0.001871,0.003735,7.076E-4,0.006624,0.003948,0.001612,0.001494,0.001103,0.002162,0.002114,0.002244,0
1504883530878,true,1780.25,0,0.01056,0.003153,0.003455,6.444E-4,0.001825,0.00187,0.003758,7.021E-4,0.005623,0.00472,0.001635,0.001485,0.001121,0.00217,0.002149,0.002231,0
1504883530913,true,1780.308,0,0.009831,0.003182,0.003482,6.409E-4,0.001832,0.001861,0.003773,7.014E-4,0.004766,0.005453,0.001658,0.001474,0.001145,0.002175,0.002174,0.002224,0
1504883530947,true,1780.365,0,0.009146,0.002565,0.0035,6.401E-4,0.001845,0.001848,0.003806,6.921E-4,0.004565,0.005959,0.001646,0.001477,0.001178,0.002171,0.002168,0.00223,0
1504883530983,true,1780.423,0,0.009363,0.001965,0.003495,6.442E-4,0.001872,0.001834,0.003825,6.849E-4,0.005451,0.005198,0.001615,0.001486,0.001205,0.002159,0.002172,0.002236,0
1504883531017,true,1780.48,0,0.01014,0.002111,0.003469,6.457E-4,0.001896,0.001826,0.003834,6.737E-4,0.00658,0.004058,0.001604,0.001493,0.001202,0.002156,0.002189,0.002235,0
1504883531178,true,1780.55,0,0.01043,0.002653,0.00345,6.433E-4,0.001896,0.001825,0.003847,6.653E-4,0.006583,0.003866,0.001608,0.001489,0.001163,0.002166,0.002209,0.002225,0
1504883531213,true,1780.608,0,0.01041,0.003181,0.003433,6.43E-4,0.00188,0.001822,0.003839,6.662E-4,0.00556,0.004726,0.001614,0.001477,0.001125,0.002172,0.002215,0.002213,0
1504883531248,true,1780.665,0,0.009493,0.003219,0.003416,6.44E-4,0.001865,0.00181,0.003835,6.656E-4,0.004902,0.005473,0.001597,0.001471,0.001094,0.002174,0.002187,0.002218,0
1504883531283,true,1780.723,0,0.0092,0.00257,0.003391,6.475E-4,0.001854,0.0018,0.003823,6.628E-4,0.004843,0.005848,0.001545,0.001479,0.001074,0.002164,0.002148,0.002226,0
1504883531317,true,1780.78,0,0.009998,0.002221,0.003354,6.545E-4,0.001848,0.001804,0.0038,6.619E-4,0.00559,0.005089,0.001513,0.001492,0.001056,0.002162,0.002137,0.002231,0
1504883531453,true,1780.825,0,0.01019,0.002712,0.003344,6.494E-4,0.001863,0.0018,0.003795,6.593E-4,0.00636,0.004254,0.001518,0.001496,0.001064,0.002167,0.002164,0.002225,0
1504883531488,true,1780.883,0,0.0104,0.003232,0.003347,6.491E-4,0.001882,0.001798,0.003816,6.533E-4,0.005764,0.004682,0.001546,0.001488,0.001082,0.002171,0.002196,0.002213,0
1504883531523,true,1780.94,0,0.009705,0.003579,0.003366,6.471E-4,0.001892,0.001794,0.003833,6.528E-4,0.004898,0.005442,0.001567,0.00148,0.001111,0.002178,0.002221,0.002211,0
1504883531558,true,1780.998,0,0.009027,0.002961,0.003382,6.474E-4,0.001904,0.001785,0.003853,6.51E-4,0.004402,0.00608,0.001574,0.001482,0.001156,0.002173,0.00223,0.002215,0
1504883531593,true,1781.055,0,0.009071,0.00222,0.003388,6.506E-4,0.001925,0.001777,0.00387,6.46E-4,0.005035,0.005658,0.001553,0.001495,0.001202,0.002167,0.002247,0.002218,0
1504883531753,true,1781.125,0,0.01009,0.002015,0.003395,6.492E-4,0.001947,0.001773,0.003888,6.367E-4,0.006257,0.004495,0.001553,0.001503,0.001237,0.002159,0.002287,0.002214,0
1504883531788,true,1781.183,0,0.0107,0.00244,0.003378,6.495E-4,0.001966,0.001766,0.003904,6.306E-4,0.006719,0.003887,0.001565,0.001505,0.001238,0.002165,0.002325,0.002203,0
1504883531823,true,1781.24,0,0.01136,0.002578,0.003389,6.448E-4,0.00196,0.001768,0.00392,6.255E-4,0.005727,0.004673,0.001584,0.001496,0.001223,0.002172,0.002354,0.002192,0
1504883531858,true,1781.298,0,0.01066,0.002737,0.003398,6.392E-4,0.001954,0.001758,0.003923,6.256E-4,0.004995,0.005399,0.0016,0.001483,0.001217,0.002172,0.002349,0.002192,0
1504883531892,true,1781.355,0,0.01017,0.002183,0.003396,6.37E-4,0.001952,0.001746,0.003928,6.218E-4,0.004684,0.005981,0.001568,0.001487,0.001206,0.002166,0.002322,0.0022,0
1504883532028,true,1781.4,0,0.01084,0.001672,0.003379,6.376E-4,0.001956,0.001742,0.00392,6.158E-4,0.00541,0.005401,0.001531,0.001494,0.001193,0.002154,0.002305,0.002204,0
1504883532063,true,1781.458,0,0.01107,0.002177,0.003345,6.369E-4,0.001949,0.001741,0.003904,6.11E-4,0.006405,0.004397,0.001511,0.001501,0.001154,0.002153,0.002295,0.002205,0
1504883532098,true,1781.515,0,0.01142,0.002514,0.003333,6.343E-4,0.001947,0.001737,0.003906,6.061E-4,0.006035,0.004563,0.001507,0.001503,0.001107,0.00217,0.00231,0.002197,0
1504883532132,true,1781.573,0,0.01094,0.003066,0.003343,6.349E-4,0.001937,0.001734,0.003912,6.054E-4,0.004701,0.005618,0.001537,0.001493,0.001127,0.002174,0.002331,0.002189,0
1504883532167,true,1781.63,0,0.01004,0.00281,0.003356,6.355E-4,0.001942,0.001723,0.003929,6.049E-4,0.004274,0.006161,0.001537,0.001493,0.001159,0.002177,0.002342,0.002192,0
1504883532328,true,1781.7,0,0.009746,0.00203,0.00338,6.302E-4,0.001964,0.001717,0.003942,6.05E-4,0.004685,0.006001,0.001523,0.0015,0.001199,0.002172,0.002347,0.002196,0
1504883532363,true,1781.758,0,0.01051,0.001735,0.003382,6.294E-4,0.001995,0.001713,0.003944,6.015E-4,0.005877,0.004826,0.001515,0.00151,0.001231,0.002165,0.002372,0.002195,0
1504883532398,true,1781.815,0,0.0111,0.002124,0.003385,6.23E-4,0.00202,0.001713,0.003955,5.96E-4,0.00672,0.00391,0.00153,0.001514,0.001247,0.002168,0.002409,0.002191,0
1504883532433,true,1781.873,0,0.01146,0.002588,0.003401,6.171E-4,0.002027,0.001712,0.003981,5.894E-4,0.006142,0.004281,0.001561,0.001504,0.00126,0.002173,0.00245,0.002178,0
1504883532467,true,1781.93,0,0.01089,0.002893,0.003424,6.127E-4,0.002022,0.001706,0.004002,5.868E-4,0.005386,0.004922,0.001581,0.001495,0.001274,0.002174,0.002469,0.002174,0
1504883532603,true,1781.975,0,0.01026,0.002458,0.003422,6.143E-4,0.002008,0.0017,0.004008,5.872E-4,0.004994,0.005548,0.001563,0.001499,0.001288,0.002167,0.002454,0.00218,0
1504883532638,true,1782.033,0,0.01069,0.001858,0.003424,6.13E-4,0.002023,0.001691,0.004001,5.864E-4,0.005581,0.00511,0.001531,0.001507,0.001288,0.002155,0.002443,0.002184,0
1504883532673,true,1782.09,0,0.0116,0.002006,0.003406,6.111E-4,0.002018,0.001694,0.003988,5.787E-4,0.006636,0.004112,0.001515,0.001511,0.001272,0.002148,0.002442,0.002185,0
1504883532707,true,1782.148,0,0.01165,0.002593,0.00338,6.04E-4,0.002017,0.001691,0.003987,5.708E-4,0.006621,0.003922,0.00151,0.001508,0.001217,0.002154,0.002445,0.002175,0
1504883532743,true,1782.205,0,0.01141,0.003173,0.003364,6.04E-4,0.002001,0.001685,0.003981,5.71E-4,0.005541,0.00472,0.001495,0.001505,0.001169,0.00216,0.002442,0.002167,0
1504883532903,true,1782.275,0,0.01035,0.003182,0.003353,6.075E-4,0.001979,0.001683,0.003986,5.688E-4,0.004828,0.005404,0.001497,0.001502,0.001164,0.002167,0.002429,0.00217,0
1504883532938,true,1782.333,0,0.009826,0.002452,0.003359,6.104E-4,0.001992,0.001676,0.003981,5.705E-4,0.0048,0.005676,0.001473,0.00151,0.001195,0.002162,0.002419,0.002175,0
1504883532973,true,1782.39,0,0.01031,0.001964,0.003359,6.108E-4,0.002013,0.001675,0.003986,5.645E-4,0.00584,0.004687,0.001453,0.001518,0.001235,0.002152,0.002439,0.002174,0
1504883533007,true,1782.448,0,0.01068,0.002318,0.00334,6.131E-4,0.00203,0.001675,0.003998,5.547E-4,0.006979,0.003567,0.001461,0.00152,0.001251,0.002153,0.00246,0.002174,0
1504883533043,true,1782.505,0,0.01088,0.002815,0.003355,6.062E-4,0.002033,0.001677,0.004013,5.523E-4,0.00676,0.00366,0.001475,0.001517,0.00125,0.002162,0.002491,0.002163,0
1504883533178,true,1782.55,0,0.0103,0.003406,0.003386,5.986E-4,0.002039,0.001667,0.00402,5.525E-4,0.005622,0.004567,0.001507,0.001505,0.001273,0.002163,0.002515,0.002155,0
1504883533213,true,1782.608,0,0.009615,0.003213,0.003402,5.976E-4,0.002047,0.001654,0.00403,5.52E-4,0.005196,0.005139,0.001513,0.001501,0.001304,0.002159,0.002515,0.002161,0
1504883533248,true,1782.665,0,0.009672,0.002552,0.003409,5.944E-4,0.002057,0.001645,0.00403,5.523E-4,0.005479,0.005072,0.001494,0.001505,0.001318,0.002149,0.002503,0.002167,0
1504883533283,true,1782.723,0,0.01035,0.002473,0.003396,5.945E-4,0.002048,0.001647,0.004028,5.456E-4,0.006571,0.004033,0.001478,0.001509,0.001322,0.002135,0.002506,0.002166,0
1504883533318,true,1782.78,0,0.01042,0.00312,0.00337,5.921E-4,0.002048,0.001644,0.004025,5.382E-4,0.006927,0.003544,0.001475,0.00151,0.001286,0.002139,0.002517,0.002154,0
1504883533478,true,1782.851,0,0.01065,0.003496,0.003364,5.846E-4,0.002041,0.001643,0.004014,5.389E-4,0.005857,0.004342,0.001455,0.001505,0.001235,0.002144,0.002517,0.002141,0
1504883533513,true,1782.909,0,0.00967,0.003671,0.00334,5.847E-4,0.002015,0.001639,0.004003,5.415E-4,0.004909,0.005177,0.001434,0.0015,0.001194,0.00215,0.00249,0.002139,0
1504883533548,true,1782.966,0,0.008934,0.003086,0.003312,5.907E-4,0.00199,0.001633,0.003985,5.465E-4,0.004534,0.005798,0.001397,0.001507,0.00116,0.002155,0.002454,0.002148,0
1504883533583,true,1783.024,0,0.009142,0.002558,0.003304,5.922E-4,0.002001,0.001629,0.003966,5.478E-4,0.005321,0.005141,0.001372,0.001514,0.001178,0.002149,0.002447,0.002152,0
1504883533617,true,1783.081,0,0.009716,0.002682,0.003297,5.861E-4,0.002016,0.001629,0.003959,5.439E-4,0.006459,0.004015,0.001365,0.001518,0.001187,0.002148,0.002466,0.002152,0
1504883533778,true,1783.15,0,0.00994,0.003193,0.003291,5.812E-4,0.002019,0.00163,0.003964,5.439E-4,0.006548,0.003779,0.001378,0.001516,0.001184,0.002157,0.002492,0.00214,0
1504883533813,true,1783.208,0,0.009841,0.003686,0.003305,5.786E-4,0.002017,0.001623,0.003975,5.424E-4,0.005571,0.004609,0.001395,0.001508,0.001184,0.002161,0.002503,0.002134,0
1504883533848,true,1783.265,0,0.009357,0.003521,0.003321,5.795E-4,0.002015,0.00161,0.003982,5.449E-4,0.00503,0.005312,0.001409,0.001501,0.001206,0.002162,0.002494,0.002139,0
1504883533883,true,1783.323,0,0.009104,0.002898,0.003344,5.757E-4,0.002029,0.001599,0.003986,5.46E-4,0.005005,0.005657,0.001399,0.001504,0.001236,0.002153,0.002484,0.002147,0
1504883533918,true,1783.38,0,0.009796,0.002615,0.003345,5.717E-4,0.002043,0.001594,0.003973,5.434E-4,0.005976,0.00475,0.001376,0.001509,0.001259,0.002141,0.002489,0.002148,0
1504883534053,true,1783.426,0,0.009986,0.003209,0.003313,5.709E-4,0.002047,0.001594,0.003963,5.36E-4,0.00675,0.003942,0.001369,0.001514,0.001239,0.00214,0.002502,0.002143,0
1504883534088,true,1783.484,0,0.01032,0.003568,0.003308,5.652E-4,0.002037,0.001594,0.003954,5.362E-4,0.006005,0.004485,0.001366,0.001509,0.001196,0.002148,0.002509,0.002129,0
1504883534123,true,1783.541,0,0.009515,0.003844,0.003305,5.596E-4,0.002005,0.001595,0.003944,5.407E-4,0.004753,0.005446,0.001358,0.001497,0.001159,0.002153,0.002495,0.002123,0
1504883534158,true,1783.599,0,0.008631,0.003273,0.003295,5.553E-4,0.00199,0.001586,0.003924,5.392E-4,0.004209,0.00615,0.001323,0.001496,0.001122,0.002151,0.002457,0.002126,0
1504883534193,true,1783.656,0,0.008803,0.00236,0.003257,5.579E-4,0.001968,0.001587,0.00389,5.409E-4,0.004745,0.005733,0.001252,0.001507,0.001078,0.002146,0.00242,0.002131,0
1504883534327,true,1783.7,0,0.009516,0.002169,0.003205,5.629E-4,0.001945,0.001591,0.003861,5.379E-4,0.005955,0.004528,0.001219,0.001514,0.00104,0.002146,0.002396,0.002135,0
1504883534362,true,1783.758,0,0.009972,0.002484,0.003186,5.618E-4,0.001919,0.001599,0.003847,5.392E-4,0.006478,0.003824,0.001219,0.001511,0.001023,0.002153,0.002407,0.002127,0
1504883534397,true,1783.815,0,0.01017,0.002868,0.003196,5.547E-4,0.001901,0.001603,0.003846,5.404E-4,0.005629,0.004392,0.001228,0.001501,0.001008,0.002165,0.002418,0.002118,0
1504883534432,true,1783.873,0,0.009419,0.002918,0.003198,5.53E-4,0.001895,0.001589,0.003852,5.402E-4,0.005028,0.004976,0.001234,0.00149,0.001017,0.002169,0.002409,0.00212,0
1504883534467,true,1783.93,0,0.008846,0.002391,0.003198,5.56E-4,0.001893,0.001582,0.003846,5.423E-4,0.004946,0.005344,0.001218,0.001492,0.001035,0.002161,0.00239,0.002127,0
1504883534627,true,1783.999,0,0.00937,0.001845,0.00318,5.608E-4,0.001902,0.001579,0.003819,5.482E-4,0.005838,0.004584,0.00119,0.001499,0.001062,0.002151,0.002389,0.002134,0
1504883534662,true,1784.057,0,0.009895,0.002101,0.003165,5.606E-4,0.00191,0.001578,0.00381,5.426E-4,0.00692,0.003531,0.001186,0.001501,0.001067,0.002149,0.002395,0.002132,0
1504883534697,true,1784.114,0,0.01008,0.002532,0.003153,5.551E-4,0.001914,0.001578,0.003804,5.414E-4,0.006551,0.003667,0.001194,0.001494,0.001047,0.002155,0.002412,0.002119,0
1504883534732,true,1784.172,0,0.009536,0.003037,0.003152,5.529E-4,0.001899,0.001577,0.003786,5.448E-4,0.00531,0.004597,0.001188,0.001486,0.001027,0.002158,0.002411,0.002109,0
1504883534767,true,1784.229,0,0.008589,0.002723,0.003145,5.505E-4,0.001873,0.00157,0.003774,5.445E-4,0.004675,0.005276,0.001161,0.001479,0.001004,0.002157,0.002375,0.002115,0
1504883534927,true,1784.3,0,0.008428,0.001808,0.003126,5.499E-4,0.001862,0.001564,0.00375,5.423E-4,0.004854,0.00521,0.001107,0.001486,9.8E-4,0.002147,0.002343,0.002118,0
1504883534962,true,1784.358,0,0.009186,0.001307,0.003069,5.537E-4,0.001843,0.001568,0.003718,5.411E-4,0.005922,0.004046,0.001045,0.001495,9.397E-4,0.002139,0.002322,0.002116,0
1504883534997,true,1784.415,0,0.009312,0.001545,0.00302,5.53E-4,0.001821,0.001571,0.00369,5.395E-4,0.006788,0.003049,0.001018,0.001499,8.717E-4,0.002149,0.002299,0.002116,0
1504883535032,true,1784.473,0,0.009508,0.001835,0.003001,5.52E-4,0.001803,0.001575,0.00368,5.403E-4,0.0062,0.0033,0.001019,0.001491,8.263E-4,0.002166,0.002298,0.002108,0
1504883535066,true,1784.53,0,0.008854,0.002029,0.003004,5.481E-4,0.001777,0.001578,0.003667,5.446E-4,0.005449,0.003816,0.001016,0.001483,8.184E-4,0.002172,0.00229,0.002106,0
1504883535202,true,1784.574,0,0.008199,0.001447,0.003003,5.443E-4,0.001768,0.001573,0.003661,5.42E-4,0.005204,0.004236,0.001001,0.001481,8.238E-4,0.00217,0.002264,0.002117,0
1504883535237,true,1784.632,0,0.008892,6.679E-4,0.002991,5.464E-4,0.001777,0.001567,0.003647,5.43E-4,0.005837,0.003735,9.635E-4,0.001489,8.342E-4,0.002163,0.002246,0.002123,0
1504883535272,true,1784.689,0,0.009639,8.194E-4,0.002966,5.426E-4,0.001781,0.001568,0.00363,5.385E-4,0.0069,0.002638,9.465E-4,0.001491,8.395E-4,0.002159,0.002246,0.002127,0
1504883535307,true,1784.747,0,0.009992,0.00131,0.002957,5.402E-4,0.001782,0.001567,0.003631,5.333E-4,0.006967,0.002331,9.472E-4,0.001488,8.286E-4,0.002163,0.002259,0.002119,0
1504883535341,true,1784.804,0,0.00971,0.001796,0.002951,5.385E-4,0.001759,0.001567,0.00363,5.32E-4,0.005777,0.003254,9.522E-4,0.001478,8.161E-4,0.002165,0.002262,0.002108,0
1504883535477,true,1784.85,0,0.008606,0.001845,0.002947,5.363E-4,0.001739,0.00156,0.003617,5.363E-4,0.004976,0.004003,9.404E-4,0.00147,8.067E-4,0.002164,0.002234,0.002112,0
1504883535512,true,1784.908,0,0.007971,0.001157,0.002916,5.411E-4,0.001729,0.001554,0.003598,5.385E-4,0.004851,0.00432,8.907E-4,0.001475,7.887E-4,0.002155,0.002192,0.002121,0
1504883535547,true,1784.965,0,0.008339,6.368E-4,0.002875,5.462E-4,0.001719,0.001559,0.003575,5.349E-4,0.005744,0.003427,8.307E-4,0.001485,7.627E-4,0.002146,0.002165,0.002126,0
1504883535582,true,1785.023,0,0.008802,7.857E-4,0.002824,5.459E-4,0.001698,0.001561,0.003552,5.287E-4,0.006747,0.00232,7.933E-4,0.001489,7.093E-4,0.002149,0.002146,0.002127,0
1504883535617,true,1785.08,0,0.009145,0.001029,0.002793,5.441E-4,0.001666,0.001569,0.003539,5.244E-4,0.006394,0.002282,7.82E-4,0.001484,6.527E-4,0.002162,0.002139,0.002121,0
1504883535777,true,1785.15,0,0.008787,0.00137,0.002777,5.455E-4,0.00164,0.001569,0.003527,5.294E-4,0.005523,0.00287,7.855E-4,0.00147,6.441E-4,0.002171,0.002138,0.002118,0
1504883535812,true,1785.208,0,0.007903,0.001028,0.002769,5.457E-4,0.001626,0.001561,0.003532,5.271E-4,0.004969,0.003446,7.811E-4,0.001463,6.583E-4,0.002172,0.002115,0.002123,0
1504883535847,true,1785.265,0,0.008053,2.928E-4,0.002758,5.468E-4,0.001626,0.001553,0.00353,5.263E-4,0.005353,0.003279,7.512E-4,0.001467,6.785E-4,0.002162,0.002095,0.002132,0
1504883535882,true,1785.323,0,0.008797,2.162E-4,0.00273,5.481E-4,0.001628,0.001555,0.003513,5.239E-4,0.006457,0.002179,7.25E-4,0.001471,6.959E-4,0.002155,0.002091,0.002138,0
1504883535917,true,1785.38,0,0.009068,8.471E-4,0.002714,5.474E-4,0.00164,0.001553,0.003514,5.177E-4,0.006882,0.001564,7.304E-4,0.001468,6.977E-4,0.002158,0.002104,0.002136,0
1504883536052,true,1785.425,0,0.009272,0.001387,0.002708,5.451E-4,0.001635,0.001555,0.003524,5.149E-4,0.005789,0.00231,7.426E-4,0.00146,7.005E-4,0.002161,0.002118,0.002126,0
1504883536087,true,1785.483,0,0.008353,0.001595,0.002705,5.439E-4,0.00162,0.001551,0.003526,5.142E-4,0.004764,0.003186,7.417E-4,0.001454,7.07E-4,0.002161,0.002115,0.002123,0
1504883536122,true,1785.54,0,0.007665,9.4E-4,0.002693,5.446E-4,0.001627,0.001538,0.003514,5.178E-4,0.004321,0.003766,7.125E-4,0.001455,7.075E-4,0.002157,0.002085,0.002128,0
1504883536157,true,1785.598,0,0.008011,2.43E-4,0.002678,5.413E-4,0.001627,0.001535,0.003496,5.176E-4,0.004917,0.003184,6.605E-4,0.001465,6.97E-4,0.002147,0.00207,0.002134,0
1504883536191,true,1785.655,0,0.008668,3.277E-4,0.002638,5.398E-4,0.001623,0.001536,0.003476,5.153E-4,0.005946,0.002088,6.261E-4,0.00147,6.616E-4,0.002145,0.002053,0.002136,0
1504883536352,true,1785.725,0,0.008718,7.417E-4,0.002591,5.423E-4,0.001607,0.001539,0.003461,5.162E-4,0.005878,0.001873,5.937E-4,0.001474,5.994E-4,0.002159,0.002049,0.002131,0
1504883536386,true,1785.783,0,0.008438,0.001198,0.002567,5.433E-4,0.001588,0.001538,0.003447,5.208E-4,0.004901,0.002635,5.964E-4,0.001463,5.758E-4,0.002173,0.002054,0.002124,0
1504883536421,true,1785.84,0,0.007515,0.001127,0.002555,5.464E-4,0.001581,0.001532,0.003446,5.245E-4,0.004406,0.003192,5.943E-4,0.001458,5.899E-4,0.002179,0.002039,0.002131,0
1504883536456,true,1785.898,0,0.007082,6.299E-4,0.002559,5.454E-4,0.001582,0.00153,0.003439,5.301E-4,0.004459,0.003441,5.761E-4,0.001464,6.207E-4,0.002172,0.00203,0.002138,0
1504883536491,true,1785.955,0,0.008111,2.32E-4,0.002546,5.479E-4,0.001589,0.001529,0.003432,5.3E-4,0.005426,0.002625,5.518E-4,0.001471,6.551E-4,0.002166,0.002031,0.002145,0
