1506099136808,true,1482.953,0,0.01642,0.01093,0.009439,-0.001783,0.01197,-0.002455,0.00887,-0.001598,0.02289,0.01066,0.01024,-0.001662,0.01075,-0.002114,0.01009,-0.001353,0
1506099136844,true,1483.011,0,0.01659,0.01098,0.009424,-0.001785,0.012,-0.002458,0.008877,-0.001597,0.0232,0.01019,0.01024,-0.001661,0.01077,-0.002118,0.01012,-0.001354,0
1506099136880,true,1483.068,0,0.01646,0.01114,0.00941,-0.001797,0.01202,-0.002458,0.008862,-0.001592,0.02353,0.009757,0.01023,-0.001659,0.01076,-0.002115,0.01015,-0.001358,0
1506099136916,true,1483.126,0,0.0164,0.01131,0.009387,-0.00181,0.012,-0.002453,0.008845,-0.001583,0.0233,0.009866,0.01023,-0.001667,0.01075,-0.002107,0.01018,-0.001362,0
1506099136952,true,1483.183,0,0.01593,0.01158,0.009346,-0.001819,0.01197,-0.002451,0.008838,-0.001581,0.02303,0.01011,0.0102,-0.00167,0.01073,-0.00211,0.01017,-0.001365,0
1506099137107,true,1483.252,0,0.01591,0.01148,0.009286,-0.001821,0.01193,-0.002448,0.008828,-0.00158,0.02295,0.01021,0.01017,-0.001675,0.01072,-0.002116,0.01012,-0.001358,0
1506099137144,true,1483.31,0,0.01606,0.01134,0.009226,-0.001825,0.01189,-0.00245,0.008787,-0.001578,0.02342,0.009659,0.01012,-0.001674,0.01068,-0.002122,0.01008,-0.001356,0
1506099137180,true,1483.367,0,0.0165,0.01137,0.009172,-0.001832,0.01185,-0.002447,0.008761,-0.001586,0.0241,0.008866,0.01007,-0.001677,0.01062,-0.002124,0.01005,-0.001356,0
1506099137216,true,1483.425,0,0.01695,0.01145,0.009111,-0.001825,0.01181,-0.002432,0.008733,-0.00159,0.02432,0.008446,0.01004,-0.001674,0.01058,-0.002121,0.01004,-0.001361,0
1506099137252,true,1483.482,0,0.01665,0.01168,0.009109,-0.001829,0.0118,-0.002423,0.008717,-0.001586,0.02379,0.00891,0.01007,-0.001689,0.01057,-0.002123,0.01005,-0.001371,0
1506099137408,true,1483.553,0,0.01649,0.01169,0.009105,-0.00183,0.0118,-0.002421,0.008702,-0.001586,0.02344,0.009271,0.01007,-0.001693,0.01058,-0.002122,0.01003,-0.00137,0
1506099137444,true,1483.611,0,0.01651,0.01128,0.009127,-0.001844,0.0118,-0.002418,0.008684,-0.001583,0.02349,0.009344,0.01005,-0.001688,0.01059,-0.002122,0.01004,-0.001375,0
1506099137480,true,1483.668,0,0.01689,0.01101,0.0091,-0.001843,0.0118,-0.002417,0.008671,-0.001587,0.02415,0.008681,0.01002,-0.001689,0.01058,-0.002124,0.01004,-0.001377,0
1506099137516,true,1483.726,0,0.01693,0.01098,0.009079,-0.00184,0.0118,-0.002414,0.008666,-0.001593,0.02485,0.007878,0.01003,-0.001689,0.01059,-0.002128,0.01006,-0.001384,0
1506099137552,true,1483.783,0,0.01724,0.01104,0.009087,-0.001851,0.01181,-0.00242,0.00865,-0.00159,0.02504,0.007523,0.01003,-0.001695,0.01057,-0.002128,0.01007,-0.001398,0
1506099137683,true,1483.827,0,0.0171,0.01108,0.009084,-0.001863,0.01179,-0.002429,0.008611,-0.001593,0.02483,0.007651,0.01005,-0.001708,0.01055,-0.00213,0.01005,-0.001405,0
1506099137719,true,1483.885,0,0.01694,0.01104,0.009065,-0.001871,0.01177,-0.002441,0.008586,-0.001592,0.02459,0.007919,0.01002,-0.001715,0.01054,-0.002142,0.01,-0.00141,0
1506099137755,true,1483.942,0,0.01712,0.01056,0.009043,-0.001883,0.01173,-0.002446,0.008533,-0.00159,0.02495,0.007571,0.009978,-0.001718,0.0105,-0.002148,0.009947,-0.001417,0
1506099137791,true,1484.0,0,0.01763,0.01028,0.009001,-0.001897,0.01166,-0.002453,0.008475,-0.001601,0.0257,0.006776,0.009926,-0.00171,0.01046,-0.002157,0.009903,-0.001428,0
1506099137828,true,1484.057,0,0.01714,0.01076,0.00896,-0.001907,0.01159,-0.002456,0.008432,-0.00161,0.0259,0.006438,0.009891,-0.00171,0.01039,-0.002162,0.009842,-0.001435,0
1506099137983,true,1484.128,0,0.01746,0.01077,0.008896,-0.001898,0.01153,-0.002449,0.008389,-0.001616,0.02524,0.006946,0.009887,-0.001721,0.01033,-0.002158,0.009789,-0.00144,0
1506099138020,true,1484.186,0,0.01713,0.01071,0.008923,-0.001908,0.01152,-0.002449,0.008371,-0.001624,0.02461,0.007466,0.009902,-0.001727,0.01033,-0.002163,0.009774,-0.001445,0
1506099138055,true,1484.243,0,0.01727,0.01029,0.008941,-0.00191,0.01153,-0.002456,0.008359,-0.001627,0.02431,0.007866,0.009894,-0.00172,0.01034,-0.002162,0.009741,-0.001435,0
1506099138091,true,1484.301,0,0.01742,0.009748,0.008945,-0.001912,0.01154,-0.00246,0.008352,-0.001636,0.02452,0.007709,0.009885,-0.001718,0.01036,-0.002166,0.009767,-0.001445,0
1506099138127,true,1484.358,0,0.01797,0.009656,0.008933,-0.001912,0.01157,-0.002469,0.008346,-0.001639,0.02529,0.006897,0.0099,-0.001717,0.01037,-0.002168,0.009791,-0.001452,0
1506099138258,true,1484.403,0,0.01841,0.009289,0.008927,-0.001911,0.01159,-0.002471,0.008342,-0.001643,0.02549,0.006701,0.009932,-0.001721,0.01038,-0.002169,0.009827,-0.001465,0
1506099138294,true,1484.461,0,0.01837,0.009227,0.008963,-0.001926,0.01162,-0.00248,0.008351,-0.001646,0.02512,0.007235,0.009989,-0.001734,0.01039,-0.002167,0.009862,-0.001479,0
1506099138330,true,1484.518,0,0.01849,0.009015,0.008976,-0.001935,0.01164,-0.002486,0.008365,-0.001651,0.02463,0.007907,0.01002,-0.001735,0.0104,-0.002167,0.009867,-0.00148,0
1506099138366,true,1484.576,0,0.01864,0.008703,0.008988,-0.00194,0.01164,-0.002497,0.008366,-0.001654,0.02463,0.008197,0.01002,-0.001734,0.01042,-0.002179,0.009867,-0.001481,0
1506099138402,true,1484.633,0,0.01845,0.008887,0.008971,-0.001947,0.01162,-0.002502,0.00835,-0.001656,0.02513,0.007847,0.01001,-0.001733,0.01043,-0.002187,0.009851,-0.001489,0
1506099138557,true,1484.703,0,0.0187,0.009062,0.008967,-0.001962,0.01162,-0.002507,0.008345,-0.001658,0.02557,0.007494,0.01001,-0.001735,0.01043,-0.002197,0.009849,-0.001495,0
1506099138593,true,1484.761,0,0.019,0.009222,0.008948,-0.001975,0.0116,-0.002512,0.008323,-0.001653,0.02502,0.008139,0.01001,-0.001739,0.01041,-0.002194,0.009838,-0.001508,0
1506099138630,true,1484.818,0,0.01884,0.009314,0.008915,-0.001978,0.01155,-0.002509,0.008314,-0.001647,0.02426,0.00915,0.00999,-0.00173,0.01037,-0.002185,0.009816,-0.001514,0
1506099138666,true,1484.876,0,0.01892,0.009145,0.008926,-0.001978,0.01154,-0.002506,0.008307,-0.001646,0.02388,0.009811,0.009993,-0.00172,0.01037,-0.00218,0.009797,-0.001506,0
1506099138702,true,1484.933,0,0.01886,0.008946,0.008965,-0.001978,0.01159,-0.002506,0.00831,-0.001641,0.02383,0.01007,0.01001,-0.001711,0.01042,-0.002185,0.009805,-0.001498,0
1506099138833,true,1484.978,0,0.01924,0.008997,0.009012,-0.001983,0.01166,-0.002515,0.008339,-0.001643,0.02434,0.009613,0.01007,-0.00171,0.01048,-0.002187,0.009863,-0.001496,0
1506099138869,true,1485.036,0,0.01961,0.009125,0.009073,-0.001992,0.0117,-0.002513,0.008379,-0.001645,0.02469,0.009481,0.01014,-0.001712,0.01054,-0.002181,0.009931,-0.001502,0
1506099138905,true,1485.093,0,0.01959,0.009544,0.009129,-0.001996,0.01177,-0.002522,0.00842,-0.001646,0.02425,0.01014,0.0102,-0.001712,0.01061,-0.00218,0.01001,-0.001509,0
1506099138941,true,1485.151,0,0.01953,0.009763,0.009198,-0.002006,0.01182,-0.002522,0.00846,-0.001643,0.02389,0.01074,0.01028,-0.001713,0.01068,-0.002175,0.01007,-0.001509,0
1506099138978,true,1485.208,0,0.01996,0.009599,0.009283,-0.002015,0.0119,-0.002532,0.008501,-0.001637,0.02354,0.01153,0.01034,-0.001706,0.01077,-0.002181,0.01013,-0.00151,0
1506099139133,true,1485.278,0,0.0203,0.009658,0.009332,-0.002022,0.01197,-0.00254,0.00854,-0.001631,0.02388,0.01156,0.01041,-0.0017,0.01085,-0.002191,0.01019,-0.001507,0
1506099139169,true,1485.336,0,0.02046,0.009996,0.009372,-0.002029,0.01201,-0.002548,0.008591,-0.001638,0.02425,0.01146,0.01047,-0.001695,0.0109,-0.002193,0.01026,-0.001507,0
1506099139205,true,1485.393,0,0.02093,0.01018,0.009404,-0.00204,0.01206,-0.002549,0.008632,-0.001637,0.02403,0.01192,0.01054,-0.0017,0.01094,-0.002194,0.01032,-0.001518,0
1506099139242,true,1485.451,0,0.02092,0.01064,0.009434,-0.002055,0.01209,-0.002557,0.008662,-0.001631,0.02337,0.01289,0.0106,-0.001708,0.01098,-0.002198,0.01036,-0.001524,0
1506099139277,true,1485.508,0,0.02083,0.01071,0.009451,-0.002067,0.01209,-0.002555,0.00869,-0.001623,0.02274,0.0139,0.01063,-0.001712,0.01102,-0.002201,0.01036,-0.001519,0
1506099139433,true,1485.579,0,0.02096,0.01063,0.009453,-0.002061,0.01209,-0.002546,0.008716,-0.001614,0.02252,0.01433,0.01063,-0.001699,0.01105,-0.002204,0.01037,-0.001509,0
1506099139469,true,1485.637,0,0.02139,0.01079,0.009512,-0.002069,0.01215,-0.002543,0.008761,-0.001612,0.02285,0.01413,0.01068,-0.001692,0.01112,-0.002203,0.01045,-0.001511,0
1506099139506,true,1485.694,0,0.02199,0.01099,0.00957,-0.002074,0.01222,-0.002543,0.008824,-0.00161,0.02314,0.014,0.01076,-0.001686,0.0112,-0.0022,0.01054,-0.00151,0
1506099139542,true,1485.752,0,0.02249,0.01121,0.009644,-0.002075,0.01231,-0.00254,0.008884,-0.0016,0.02284,0.01469,0.01088,-0.001696,0.01129,-0.002196,0.01064,-0.001509,0
1506099139578,true,1485.809,0,0.02291,0.01139,0.009746,-0.002085,0.01239,-0.002535,0.008946,-0.001592,0.02223,0.01552,0.01099,-0.001703,0.01141,-0.0022,0.01073,-0.001503,0
1506099139708,true,1485.853,0,0.02299,0.01154,0.009844,-0.002089,0.01248,-0.002541,0.009037,-0.001588,0.0217,0.01647,0.01109,-0.001708,0.0115,-0.002193,0.0108,-0.001496,0
1506099139744,true,1485.911,0,0.02296,0.01204,0.009915,-0.002083,0.01256,-0.002533,0.009108,-0.001581,0.02172,0.01681,0.01117,-0.001704,0.01162,-0.002204,0.01089,-0.001491,0
1506099139781,true,1485.968,0,0.02337,0.01252,0.009997,-0.002086,0.01266,-0.002538,0.00918,-0.001577,0.02207,0.01682,0.01129,-0.001706,0.01172,-0.002205,0.011,-0.001492,0
1506099139841,true,1486.026,0,0.02335,0.01314,0.01007,-0.002093,0.01276,-0.002541,0.009244,-0.001573,0.02168,0.0176,0.0114,-0.001708,0.01181,-0.002211,0.0111,-0.001494,0
1506099139878,true,1486.083,0,0.02349,0.01379,0.01013,-0.002093,0.01278,-0.002534,0.0093,-0.001565,0.02058,0.0191,0.01148,-0.00171,0.01187,-0.00221,0.0112,-0.001503,0
1506099139983,true,1486.129,0,0.02355,0.01407,0.0102,-0.002101,0.01281,-0.002532,0.009342,-0.001554,0.0199,0.02031,0.01157,-0.001716,0.01195,-0.002214,0.01125,-0.001506,0
1506099140019,true,1486.187,0,0.02382,0.01425,0.01023,-0.0021,0.01283,-0.002534,0.009371,-0.00154,0.01946,0.02128,0.01162,-0.001716,0.012,-0.002216,0.01129,-0.001497,0
1506099140055,true,1486.244,0,0.02404,0.0145,0.01024,-0.002085,0.01282,-0.00252,0.009413,-0.001535,0.01937,0.02166,0.01165,-0.001704,0.01204,-0.002213,0.01131,-0.001482,0
1506099140092,true,1486.302,0,0.02424,0.0151,0.01031,-0.002072,0.01286,-0.002507,0.009461,-0.001524,0.01943,0.0219,0.01172,-0.001689,0.01211,-0.002209,0.01138,-0.00147,0
1506099140128,true,1486.359,0,0.02439,0.01571,0.01038,-0.002064,0.01296,-0.002502,0.009531,-0.00151,0.0189,0.02286,0.01184,-0.001691,0.01218,-0.002197,0.01148,-0.001458,0
1506099140283,true,1486.428,0,0.02445,0.01643,0.01049,-0.00206,0.01301,-0.002486,0.00961,-0.001496,0.018,0.02419,0.01195,-0.001693,0.01229,-0.002188,0.0116,-0.00145,0
1506099140319,true,1486.486,0,0.02416,0.01696,0.01061,-0.002055,0.01307,-0.002472,0.009696,-0.001486,0.01705,0.02565,0.01206,-0.001683,0.01241,-0.002185,0.01171,-0.001443,0
1506099140355,true,1486.543,0,0.02454,0.01713,0.01071,-0.002046,0.01316,-0.002469,0.009775,-0.001476,0.01675,0.02643,0.01216,-0.001677,0.01251,-0.002181,0.0118,-0.001429,0
1506099140402,true,1486.601,0,0.02497,0.01757,0.01081,-0.00204,0.01323,-0.002457,0.009852,-0.001474,0.01672,0.02691,0.01228,-0.001671,0.0126,-0.002173,0.01192,-0.001423,0
1506099140439,true,1486.658,0,0.02532,0.01826,0.01092,-0.00203,0.01331,-0.002453,0.009917,-0.00147,0.01657,0.02751,0.01239,-0.001665,0.01269,-0.002172,0.01202,-0.00142,0
1506099140557,true,1486.702,0,0.02564,0.01895,0.01102,-0.002028,0.01337,-0.002448,0.009966,-0.001461,0.01575,0.02886,0.0125,-0.001667,0.01276,-0.002168,0.01212,-0.001427,0
1506099140593,true,1486.76,0,0.02624,0.01915,0.01112,-0.002027,0.01341,-0.002447,0.01002,-0.001458,0.01503,0.0301,0.0126,-0.001668,0.01284,-0.002167,0.01219,-0.001427,0
1506099140629,true,1486.817,0,0.02633,0.01927,0.0112,-0.00203,0.01344,-0.002457,0.01004,-0.001458,0.01445,0.03107,0.01265,-0.001666,0.0129,-0.002177,0.01222,-0.001427,0
1506099140665,true,1486.875,0,0.02683,0.01907,0.01124,-0.002028,0.01343,-0.002463,0.01004,-0.00146,0.01477,0.03099,0.01268,-0.001662,0.01292,-0.002195,0.01222,-0.001434,0
1506099140701,true,1486.932,0,0.02713,0.0192,0.01124,-0.002012,0.01336,-0.002451,0.01003,-0.001462,0.01582,0.0301,0.01268,-0.001647,0.01288,-0.002195,0.0122,-0.001436,0
1506099140858,true,1487.002,0,0.02718,0.01963,0.01128,-0.002,0.01334,-0.002447,0.01004,-0.001469,0.01643,0.02956,0.01273,-0.001643,0.01288,-0.00219,0.01221,-0.001439,0
1506099140894,true,1487.06,0,0.02725,0.01973,0.01134,-0.001992,0.01336,-0.002459,0.01005,-0.001479,0.0161,0.02988,0.01281,-0.001645,0.01291,-0.002193,0.01223,-0.001451,0
1506099140930,true,1487.117,0,0.02682,0.01973,0.01142,-0.001992,0.01335,-0.002467,0.01004,-0.001484,0.01612,0.03004,0.01288,-0.001655,0.01294,-0.0022,0.01224,-0.001455,0
1506099140966,true,1487.175,0,0.02655,0.01951,0.01149,-0.001993,0.01334,-0.002469,0.01001,-0.001488,0.01654,0.02986,0.01292,-0.001655,0.01297,-0.002214,0.01222,-0.001458,0
1506099141002,true,1487.232,0,0.02677,0.01927,0.01155,-0.001994,0.01334,-0.002475,0.009997,-0.001504,0.01754,0.02875,0.01294,-0.001649,0.01299,-0.002227,0.01221,-0.001462,0
1506099141132,true,1487.278,0,0.02638,0.01935,0.0116,-0.001991,0.01337,-0.00249,0.009982,-0.001525,0.01874,0.02741,0.01298,-0.00165,0.01299,-0.002232,0.01221,-0.001483,0
1506099141168,true,1487.336,0,0.02625,0.01922,0.01165,-0.001989,0.01337,-0.002504,0.009965,-0.001544,0.01914,0.0268,0.01304,-0.001658,0.01298,-0.002241,0.0122,-0.001509,0
1506099141204,true,1487.393,0,0.02609,0.01886,0.01172,-0.001999,0.01334,-0.002519,0.009948,-0.001564,0.01954,0.02618,0.01308,-0.001672,0.01297,-0.002255,0.01216,-0.001533,0
1506099141241,true,1487.451,0,0.02582,0.01809,0.01174,-0.002004,0.0133,-0.002537,0.0099,-0.001583,0.02005,0.0255,0.01308,-0.001676,0.01293,-0.002272,0.01208,-0.001548,0
1506099141277,true,1487.508,0,0.02592,0.01711,0.01173,-0.002009,0.01323,-0.002556,0.009839,-0.001598,0.02116,0.02407,0.01304,-0.00168,0.01287,-0.002291,0.01199,-0.001569,0
1506099141427,true,1487.573,0,0.02598,0.01636,0.01169,-0.00201,0.01314,-0.002577,0.009757,-0.001617,0.02318,0.02164,0.01297,-0.001679,0.01278,-0.002312,0.0119,-0.001599,0
1506099141464,true,1487.631,0,0.02577,0.01581,0.01159,-0.001991,0.01302,-0.002589,0.009669,-0.001637,0.02477,0.01956,0.01291,-0.001679,0.01264,-0.002318,0.01176,-0.001611,0
1506099141500,true,1487.688,0,0.02584,0.01515,0.01159,-0.001987,0.01292,-0.00259,0.009582,-0.00165,0.02536,0.01851,0.01289,-0.001687,0.01256,-0.002325,0.01165,-0.001632,0
1506099141536,true,1487.746,0,0.02559,0.01442,0.01163,-0.001997,0.01287,-0.002608,0.009513,-0.001664,0.02598,0.01736,0.01289,-0.001702,0.01253,-0.002342,0.01156,-0.001648,0
1506099141572,true,1487.803,0,0.02528,0.01333,0.01164,-0.002,0.01283,-0.002629,0.009445,-0.00168,0.02717,0.01593,0.01289,-0.001712,0.01251,-0.002366,0.01145,-0.00166,0
1506099141707,true,1487.853,0,0.02521,0.01227,0.01164,-0.002004,0.01279,-0.002645,0.009368,-0.001699,0.02926,0.01329,0.01283,-0.00171,0.01247,-0.002396,0.01135,-0.00168,0
1506099141744,true,1487.911,0,0.02505,0.01157,0.01162,-0.002003,0.01272,-0.002654,0.009297,-0.00172,0.03146,0.01046,0.0128,-0.00172,0.0124,-0.002412,0.01127,-0.001704,0
1506099141780,true,1487.968,0,0.02488,0.01065,0.01161,-0.002002,0.01268,-0.002675,0.009228,-0.001743,0.03261,0.00852,0.01279,-0.001732,0.01231,-0.002418,0.01117,-0.001732,0
1506099141816,true,1488.026,0,0.02396,0.01012,0.01162,-0.002007,0.01262,-0.002695,0.009157,-0.001764,0.03319,0.00708,0.01276,-0.001753,0.01223,-0.002432,0.01107,-0.001763,0
1506099141852,true,1488.083,0,0.02328,0.009002,0.0116,-0.002015,0.01255,-0.002716,0.009087,-0.001786,0.03417,0.005456,0.01271,-0.001771,0.01214,-0.002445,0.01094,-0.001782,0
1506099142007,true,1488.152,0,0.02296,0.007701,0.01155,-0.002017,0.01247,-0.002737,0.009004,-0.001807,0.03575,0.003306,0.01261,-0.001767,0.01206,-0.002471,0.01078,-0.001802,0
1506099142043,true,1488.21,0,0.02247,0.006591,0.01147,-0.002021,0.01235,-0.002756,0.008908,-0.001829,0.03812,1.887E-4,0.0125,-0.001774,0.01195,-0.002498,0.01064,-0.001825,0
1506099142079,true,1488.267,0,0.02217,0.005705,0.01137,-0.002029,0.01221,-0.002773,0.008803,-0.001852,0.04024,-0.002772,0.01242,-0.001789,0.01178,-0.002514,0.01048,-0.001857,0
1506099142116,true,1488.325,0,0.02199,0.004882,0.01126,-0.002027,0.01204,-0.002785,0.008675,-0.001862,0.0411,-0.004537,0.01232,-0.001802,0.01158,-0.002519,0.0103,-0.001872,0
1506099142152,true,1488.382,0,0.02121,0.00421,0.0112,-0.00202,0.01188,-0.002785,0.008559,-0.001879,0.0418,-0.00604,0.01224,-0.001818,0.01143,-0.002522,0.01011,-0.00188,0
1506099142307,true,1488.453,0,0.02057,0.003373,0.01118,-0.002024,0.01179,-0.002798,0.008452,-0.001887,0.04274,-0.007582,0.01217,-0.001832,0.01133,-0.002535,0.009928,-0.001881,0
1506099142343,true,1488.511,0,0.0206,0.002216,0.01116,-0.002027,0.01174,-0.00282,0.00837,-0.001904,0.04434,-0.009782,0.01208,-0.001841,0.01127,-0.002562,0.009783,-0.001889,0
1506099142380,true,1488.568,0,0.02012,0.001469,0.01113,-0.002034,0.01167,-0.002836,0.008269,-0.001916,0.04622,-0.01237,0.01203,-0.001855,0.01118,-0.002587,0.009675,-0.001902,0
1506099142416,true,1488.626,0,0.01971,8.813E-4,0.0111,-0.002038,0.0116,-0.002853,0.008175,-0.001927,0.04733,-0.01425,0.01195,-0.00186,0.01105,-0.002593,0.009568,-0.001923,0
1506099142452,true,1488.683,0,0.01895,3.394E-4,0.01106,-0.00204,0.01154,-0.002867,0.008094,-0.001935,0.04746,-0.01518,0.01191,-0.001876,0.01094,-0.002598,0.009472,-0.001941,0
1506099142582,true,1488.729,0,0.01798,-4.481E-4,0.01105,-0.002052,0.01146,-0.002875,0.008039,-0.001943,0.04778,-0.01605,0.01185,-0.001893,0.01087,-0.002611,0.009358,-0.001952,0
1506099142619,true,1488.787,0,0.01752,-0.001459,0.011,-0.002058,0.01138,-0.002884,0.007941,-0.001947,0.04849,-0.01714,0.01174,-0.001892,0.01079,-0.002627,0.009224,-0.001957,0
1506099142655,true,1488.844,0,0.01716,-0.002243,0.01095,-0.002068,0.01129,-0.002896,0.007844,-0.00195,0.04983,-0.019,0.01162,-0.001892,0.01069,-0.002644,0.009089,-0.001961,0
1506099142691,true,1488.902,0,0.01703,-0.002738,0.01084,-0.002069,0.01115,-0.002898,0.007765,-0.00196,0.05121,-0.02081,0.01152,-0.001898,0.01055,-0.002646,0.008977,-0.001972,0
1506099142727,true,1488.959,0,0.01673,-0.003202,0.01073,-0.00208,0.01102,-0.002902,0.007683,-0.001963,0.05165,-0.02188,0.01144,-0.001917,0.01037,-0.002645,0.008838,-0.001985,0
1506099142882,true,1489.028,0,0.01642,-0.003546,0.01065,-0.002098,0.01087,-0.002909,0.00759,-0.001966,0.0515,-0.02231,0.01135,-0.00194,0.01018,-0.002639,0.008665,-0.001994,0
1506099142919,true,1489.086,0,0.01588,-0.004108,0.01052,-0.002094,0.0107,-0.002913,0.007477,-0.001966,0.05164,-0.02275,0.0112,-0.001945,0.01001,-0.002635,0.008457,-0.001989,0
1506099142955,true,1489.143,0,0.01547,-0.00468,0.01044,-0.00209,0.01056,-0.00291,0.007367,-0.001961,0.05238,-0.02367,0.01109,-0.001941,0.009877,-0.00264,0.008298,-0.001984,0
1506099142991,true,1489.201,0,0.01539,-0.005021,0.01039,-0.00209,0.0105,-0.002913,0.00729,-0.001969,0.05344,-0.02509,0.01103,-0.001946,0.009805,-0.002648,0.008211,-0.001985,0
1506099143027,true,1489.258,0,0.01494,-0.004989,0.01035,-0.002094,0.01044,-0.002916,0.007226,-0.001971,0.05436,-0.02631,0.01098,-0.001952,0.00971,-0.002644,0.008154,-0.001996,0
1506099143158,true,1489.304,0,0.01502,-0.005284,0.01033,-0.002105,0.01036,-0.002917,0.007178,-0.001979,0.05404,-0.0264,0.01094,-0.001969,0.00961,-0.002641,0.008096,-0.002015,0
1506099143194,true,1489.362,0,0.01417,-0.005409,0.01027,-0.002107,0.01026,-0.002912,0.00712,-0.00198,0.05363,-0.02637,0.0109,-0.00198,0.009526,-0.002641,0.007996,-0.002011,0
1506099143230,true,1489.419,0,0.01374,-0.005998,0.01025,-0.002113,0.01019,-0.002919,0.00707,-0.001982,0.05365,-0.02653,0.01081,-0.001976,0.00947,-0.002648,0.007879,-0.002004,0
1506099143266,true,1489.477,0,0.01405,-0.006717,0.01022,-0.002128,0.01011,-0.002917,0.007002,-0.001982,0.05446,-0.02755,0.01073,-0.001974,0.009404,-0.002658,0.007796,-0.002002,0
1506099143302,true,1489.534,0,0.01394,-0.007056,0.01016,-0.002138,0.01004,-0.002923,0.006937,-0.001985,0.05555,-0.02881,0.01065,-0.001979,0.009321,-0.002661,0.007724,-0.002004,0
1506099143434,true,1489.578,0,0.01359,-0.006941,0.01007,-0.002148,0.009938,-0.00292,0.006862,-0.001982,0.05579,-0.02929,0.01058,-0.001986,0.00918,-0.002653,0.00764,-0.002014,0
1506099143470,true,1489.636,0,0.0133,-0.007005,0.009962,-0.002159,0.00982,-0.002924,0.006782,-0.00198,0.05518,-0.029,0.0105,-0.002001,0.009066,-0.002652,0.007549,-0.002028,0
1506099143506,true,1489.693,0,0.01309,-0.007303,0.00986,-0.002172,0.009675,-0.00293,0.006697,-0.001977,0.05496,-0.02891,0.01041,-0.002022,0.008927,-0.002647,0.007398,-0.002021,0
1506099143543,true,1489.751,0,0.01292,-0.007708,0.009729,-0.00218,0.009536,-0.002934,0.006599,-0.001978,0.05489,-0.02897,0.01023,-0.002018,0.008785,-0.002656,0.007224,-0.002016,0
1506099143579,true,1489.808,0,0.01308,-0.007976,0.009576,-0.002165,0.009408,-0.002935,0.006493,-0.001974,0.05545,-0.02983,0.01009,-0.002007,0.008631,-0.002652,0.007059,-0.002004,0
1506099143733,true,1489.879,0,0.01287,-0.007857,0.009526,-0.002165,0.009315,-0.00293,0.006407,-0.001972,0.05595,-0.03062,0.01004,-0.002013,0.008526,-0.002644,0.006981,-0.002008,0
1506099143769,true,1489.937,0,0.01279,-0.00788,0.009502,-0.002168,0.009297,-0.00294,0.006363,-0.001974,0.05561,-0.03053,0.01001,-0.002019,0.008427,-0.002625,0.006936,-0.002015,0
1506099143805,true,1489.994,0,0.01253,-0.008125,0.009475,-0.002178,0.00925,-0.002946,0.006325,-0.001974,0.05497,-0.03012,0.009999,-0.002034,0.008367,-0.002621,0.006875,-0.002021,0
1506099143841,true,1490.052,0,0.01222,-0.00851,0.009428,-0.002182,0.009184,-0.002953,0.006279,-0.001973,0.05483,-0.02991,0.009933,-0.002035,0.008309,-0.002621,0.006791,-0.002012,0
1506099143877,true,1490.109,0,0.01264,-0.009104,0.009373,-0.002181,0.009124,-0.002951,0.00623,-0.00197,0.05519,-0.0303,0.009848,-0.002027,0.008264,-0.002626,0.006716,-0.002001,0
1506099144033,true,1490.179,0,0.01285,-0.009229,0.009317,-0.002185,0.00909,-0.002955,0.006165,-0.001967,0.0561,-0.03127,0.009798,-0.002028,0.008222,-0.002631,0.006679,-0.001999,0
1506099144069,true,1490.237,0,0.01305,-0.009139,0.009273,-0.002194,0.009025,-0.002954,0.006101,-0.001967,0.05644,-0.03178,0.009773,-0.002035,0.008138,-0.002622,0.006631,-0.002003,0
1506099144105,true,1490.294,0,0.01319,-0.009163,0.009245,-0.002211,0.008971,-0.002963,0.006048,-0.001962,0.05594,-0.03142,0.009737,-0.002044,0.008052,-0.002614,0.00659,-0.00202,0
1506099144141,true,1490.352,0,0.01289,-0.009134,0.009173,-0.00222,0.008884,-0.002971,0.006007,-0.001967,0.05546,-0.03095,0.009677,-0.002054,0.007958,-0.002605,0.006504,-0.002018,0
1506099144178,true,1490.409,0,0.01274,-0.009401,0.009078,-0.00223,0.008802,-0.002984,0.005942,-0.001963,0.05505,-0.03032,0.009584,-0.002055,0.007863,-0.002609,0.00639,-0.002008,0
1506099144307,true,1490.454,0,0.01292,-0.009616,0.008971,-0.002239,0.008703,-0.002984,0.00586,-0.001959,0.05542,-0.0307,0.009459,-0.002047,0.007756,-0.002612,0.006274,-0.002003,0
1506099144343,true,1490.512,0,0.01311,-0.00956,0.008839,-0.002224,0.008586,-0.002979,0.005771,-0.001961,0.05587,-0.03131,0.009355,-0.002039,0.007623,-0.002604,0.006177,-0.001998,0
1506099144380,true,1490.569,0,0.01299,-0.009292,0.008776,-0.002216,0.008501,-0.002969,0.005715,-0.001952,0.0556,-0.03127,0.009334,-0.002043,0.007533,-0.002588,0.006136,-0.002003,0
1506099144416,true,1490.627,0,0.01261,-0.009152,0.008782,-0.002219,0.008493,-0.002976,0.005686,-0.001954,0.05476,-0.03059,0.009329,-0.002051,0.00751,-0.002584,0.006131,-0.002011,0
1506099144452,true,1490.684,0,0.01231,-0.009237,0.008801,-0.002227,0.008496,-0.002981,0.005668,-0.001952,0.05426,-0.0301,0.009322,-0.00206,0.007493,-0.002579,0.006102,-0.002007,0
1506099144585,true,1490.73,0,0.01238,-0.00964,0.008794,-0.002233,0.008502,-0.002993,0.005633,-0.001948,0.05412,-0.02983,0.009259,-0.00205,0.007491,-0.002586,0.006056,-0.001998,0
1506099144621,true,1490.788,0,0.01283,-0.00985,0.008768,-0.002236,0.008492,-0.003001,0.005605,-0.001945,0.05484,-0.03056,0.009212,-0.002038,0.007473,-0.002588,0.006032,-0.001987,0
1506099144657,true,1490.845,0,0.01296,-0.00972,0.008755,-0.002239,0.008476,-0.003,0.00557,-0.001939,0.05542,-0.03122,0.009223,-0.002044,0.007453,-0.002582,0.00604,-0.001991,0
1506099144693,true,1490.903,0,0.01315,-0.009626,0.008742,-0.002244,0.008448,-0.002999,0.005556,-0.001939,0.05498,-0.03089,0.009232,-0.002058,0.007408,-0.002578,0.006035,-0.001999,0
1506099144729,true,1490.96,0,0.01246,-0.009219,0.008742,-0.002256,0.008392,-0.003001,0.005552,-0.001945,0.05431,-0.03033,0.009217,-0.002065,0.007368,-0.002576,0.005988,-0.002,0
1506099144884,true,1491.029,0,0.0122,-0.00928,0.008713,-0.002266,0.008321,-0.003005,0.005524,-0.001948,0.05397,-0.02986,0.009171,-0.002068,0.007333,-0.002575,0.005902,-0.001987,0
1506099144920,true,1491.087,0,0.01239,-0.009486,0.008657,-0.002275,0.008264,-0.003009,0.005472,-0.00194,0.05423,-0.03007,0.009091,-0.002064,0.007255,-0.002575,0.005827,-0.001982,0
1506099144956,true,1491.144,0,0.0124,-0.009209,0.00857,-0.00228,0.008186,-0.003012,0.005414,-0.001941,0.05491,-0.03072,0.009023,-0.002067,0.007163,-0.002575,0.005746,-0.001979,0
1506099144992,true,1491.202,0,0.01216,-0.009028,0.008456,-0.002285,0.008097,-0.00301,0.005362,-0.001941,0.05497,-0.03097,0.008946,-0.002071,0.007052,-0.002569,0.005669,-0.001984,0
1506099145029,true,1491.259,0,0.0119,-0.00882,0.008327,-0.002272,0.008001,-0.003006,0.005297,-0.001933,0.05418,-0.03035,0.008863,-0.002067,0.006938,-0.002563,0.005583,-0.001987,0
1506099145183,true,1491.329,0,0.01143,-0.008859,0.008311,-0.002266,0.007931,-0.002996,0.005251,-0.001921,0.05363,-0.02984,0.008827,-0.00206,0.006889,-0.00255,0.005536,-0.00198,0
1506099145219,true,1491.387,0,0.0109,-0.009118,0.008342,-0.00227,0.007919,-0.002991,0.005254,-0.00192,0.05349,-0.0296,0.008789,-0.002049,0.006899,-0.002552,0.005522,-0.001978,0
1506099145255,true,1491.444,0,0.01122,-0.009344,0.008376,-0.002275,0.00796,-0.002992,0.005235,-0.00191,0.05403,-0.03017,0.008761,-0.002037,0.006929,-0.002556,0.005547,-0.001982,0
1506099145292,true,1491.502,0,0.01128,-0.009343,0.008383,-0.002275,0.007992,-0.003001,0.005245,-0.001919,0.05476,-0.03091,0.008785,-0.002038,0.006921,-0.002556,0.005569,-0.001986,0
1506099145328,true,1491.559,0,0.0113,-0.009239,0.008407,-0.002282,0.007993,-0.002996,0.005261,-0.001921,0.05456,-0.03077,0.008826,-0.00205,0.006903,-0.002545,0.005594,-0.001993,0
1506099145457,true,1491.604,0,0.01114,-0.008999,0.008453,-0.00229,0.007998,-0.002994,0.005263,-0.001917,0.05395,-0.03014,0.008869,-0.002056,0.006912,-0.002542,0.005609,-0.001992,0
1506099145493,true,1491.662,0,0.01065,-0.008816,0.008483,-0.002297,0.00801,-0.003001,0.005264,-0.001913,0.05343,-0.0295,0.008888,-0.002064,0.006925,-0.00254,0.005579,-0.001981,0
1506099145529,true,1491.719,0,0.01064,-0.008899,0.008514,-0.002311,0.008015,-0.003003,0.005252,-0.001909,0.0533,-0.0292,0.008866,-0.002059,0.006943,-0.002549,0.00556,-0.00198,0
1506099145565,true,1491.777,0,0.01066,-0.008703,0.008513,-0.002321,0.007995,-0.003001,0.005257,-0.001919,0.05384,-0.0297,0.008848,-0.002051,0.00693,-0.002554,0.005538,-0.001976,0
1506099145602,true,1491.834,0,0.01079,-0.008596,0.008461,-0.002323,0.007965,-0.003003,0.005236,-0.001916,0.05408,-0.03003,0.008823,-0.002051,0.006862,-0.002552,0.005514,-0.00198,0
1506099145758,true,1491.903,0,0.01089,-0.008483,0.008409,-0.002327,0.007907,-0.002997,0.00522,-0.001915,0.05329,-0.02935,0.008809,-0.002062,0.006793,-0.002549,0.005481,-0.001995,0
1506099145794,true,1491.961,0,0.0107,-0.00861,0.008343,-0.00233,0.007828,-0.002992,0.005211,-0.001916,0.05275,-0.0289,0.008779,-0.002074,0.006726,-0.002548,0.005411,-0.001994,0
1506099145830,true,1492.018,0,0.01037,-0.008938,0.008257,-0.002319,0.007747,-0.002985,0.005173,-0.001913,0.05256,-0.02861,0.008691,-0.002063,0.006646,-0.002544,0.005308,-0.001987,0
1506099145866,true,1492.076,0,0.01056,-0.009259,0.008226,-0.002306,0.007691,-0.002968,0.005121,-0.001901,0.05283,-0.02891,0.008643,-0.002048,0.006587,-0.002536,0.005247,-0.001969,0
1506099145902,true,1492.133,0,0.01072,-0.009238,0.00825,-0.002304,0.007718,-0.002966,0.005138,-0.001906,0.05348,-0.02954,0.008643,-0.002038,0.006587,-0.002532,0.005262,-0.001958,0
1506099146034,true,1492.179,0,0.01096,-0.009171,0.008286,-0.002304,0.007753,-0.002963,0.005169,-0.001909,0.05354,-0.02957,0.008708,-0.002043,0.006596,-0.002522,0.005306,-0.001966,0
1506099146070,true,1492.237,0,0.01086,-0.008815,0.008327,-0.002306,0.007774,-0.002957,0.005195,-0.001905,0.05294,-0.0289,0.008765,-0.002053,0.006617,-0.002521,0.005357,-0.00197,0
1506099146106,true,1492.294,0,0.01056,-0.008779,0.008385,-0.002311,0.007796,-0.002956,0.005225,-0.001903,0.05249,-0.02833,0.008813,-0.002062,0.006654,-0.002521,0.005349,-0.001958,0
1506099146143,true,1492.352,0,0.01065,-0.009081,0.008424,-0.002315,0.007811,-0.002952,0.005229,-0.001898,0.05225,-0.02782,0.008817,-0.002051,0.006692,-0.002527,0.005346,-0.001948,0
1506099146178,true,1492.409,0,0.01129,-0.009195,0.008456,-0.002321,0.007853,-0.002954,0.005245,-0.0019,0.05282,-0.02823,0.008834,-0.002047,0.006735,-0.002537,0.005366,-0.001949,0
1506099146334,true,1492.48,0,0.01157,-0.00903,0.008472,-0.002325,0.007872,-0.002955,0.005266,-0.001898,0.05323,-0.02865,0.008855,-0.002047,0.006724,-0.002529,0.0054,-0.001952,0
1506099146370,true,1492.538,0,0.01183,-0.008999,0.008474,-0.002333,0.007863,-0.002951,0.005269,-0.001897,0.05269,-0.02817,0.008856,-0.002051,0.006697,-0.002524,0.005431,-0.001969,0
1506099146407,true,1492.595,0,0.01142,-0.008614,0.008442,-0.002334,0.007831,-0.002949,0.005274,-0.001893,0.05205,-0.02758,0.008859,-0.002063,0.006664,-0.002519,0.005412,-0.001976,0
1506099146443,true,1492.653,0,0.01118,-0.008785,0.008395,-0.002333,0.007786,-0.002948,0.005267,-0.00189,0.05163,-0.02706,0.00881,-0.002062,0.00663,-0.002522,0.005357,-0.00197,0
1506099146479,true,1492.71,0,0.01133,-0.009195,0.008351,-0.002338,0.007736,-0.002949,0.005244,-0.00189,0.05189,-0.02717,0.008735,-0.002056,0.006583,-0.002534,0.005286,-0.001957,0
1506099146608,true,1492.754,0,0.01197,-0.009401,0.008268,-0.00234,0.007705,-0.002956,0.00521,-0.001883,0.05263,-0.02802,0.008662,-0.002051,0.006504,-0.002535,0.005224,-0.00195,0
1506099146644,true,1492.812,0,0.01192,-0.0092,0.008161,-0.002342,0.007631,-0.002952,0.005162,-0.001877,0.05277,-0.02826,0.0086,-0.002053,0.006384,-0.002529,0.005163,-0.001958,0
1506099146680,true,1492.869,0,0.01204,-0.009045,0.008046,-0.00233,0.007547,-0.002944,0.005116,-0.001875,0.05204,-0.02772,0.008539,-0.002053,0.006268,-0.002513,0.00509,-0.001958,0
1506099146716,true,1492.927,0,0.01195,-0.008895,0.00801,-0.002309,0.007487,-0.002929,0.005091,-0.00187,0.05144,-0.02713,0.008537,-0.002053,0.006219,-0.002503,0.005038,-0.00195,0
1506099146753,true,1492.984,0,0.01214,-0.009126,0.008058,-0.002303,0.00751,-0.002922,0.005101,-0.001867,0.0511,-0.02651,0.008549,-0.002046,0.006265,-0.002515,0.005022,-0.001935,0
1506099146907,true,1493.053,0,0.01247,-0.009145,0.008112,-0.002302,0.007555,-0.002922,0.005116,-0.001867,0.05148,-0.02684,0.008563,-0.002041,0.006325,-0.002525,0.005056,-0.001932,0
1506099146944,true,1493.111,0,0.01246,-0.00903,0.008145,-0.002311,0.007591,-0.002925,0.005135,-0.001867,0.05198,-0.02732,0.008582,-0.002032,0.006358,-0.002531,0.00509,-0.001934,0
1506099146980,true,1493.168,0,0.0124,-0.008803,0.008169,-0.002313,0.007591,-0.002916,0.005166,-0.001868,0.05177,-0.02726,0.008605,-0.002029,0.006347,-0.002524,0.005148,-0.001953,0
1506099147016,true,1493.226,0,0.01239,-0.0086,0.00818,-0.002312,0.007583,-0.002908,0.005169,-0.001864,0.05117,-0.02672,0.008637,-0.002037,0.006352,-0.002519,0.005171,-0.001956,0
1506099147052,true,1493.283,0,0.01206,-0.008711,0.008193,-0.00231,0.007588,-0.002913,0.005178,-0.001866,0.05075,-0.02623,0.008648,-0.002044,0.006377,-0.002521,0.00517,-0.001953,0
1506099147183,true,1493.329,0,0.01156,-0.008812,0.00819,-0.002312,0.007588,-0.002914,0.005162,-0.001861,0.05095,-0.02625,0.008608,-0.002032,0.006391,-0.00253,0.005146,-0.001946,0
1506099147219,true,1493.387,0,0.01186,-0.008946,0.008157,-0.002313,0.007561,-0.002911,0.00516,-0.001861,0.0516,-0.02698,0.008567,-0.002025,0.006377,-0.002538,0.005135,-0.001947,0
1506099147255,true,1493.444,0,0.01193,-0.008829,0.008107,-0.002314,0.007519,-0.002909,0.005135,-0.001857,0.05221,-0.02766,0.008544,-0.002021,0.00632,-0.002537,0.005119,-0.001953,0
1506099147291,true,1493.502,0,0.01181,-0.008345,0.008045,-0.002314,0.007451,-0.002903,0.005107,-0.00185,0.05164,-0.02716,0.00852,-0.002029,0.006246,-0.00253,0.005078,-0.001962,0
1506099147327,true,1493.559,0,0.01156,-0.008065,0.008004,-0.002322,0.007392,-0.002906,0.005074,-0.001844,0.05111,-0.02665,0.008496,-0.002038,0.006183,-0.002528,0.005011,-0.001959,0
1506099147483,true,1493.63,0,0.01138,-0.008056,0.00795,-0.002332,0.007314,-0.002905,0.005023,-0.001837,0.05089,-0.02625,0.008414,-0.002035,0.006112,-0.002533,0.004899,-0.001951,0
1506099147519,true,1493.688,0,0.01179,-0.008221,0.007819,-0.002311,0.007238,-0.002896,0.004959,-0.001834,0.051,-0.02634,0.008306,-0.002018,0.006046,-0.00254,0.004789,-0.001941,0
1506099147555,true,1493.745,0,0.01211,-0.008129,0.007798,-0.002298,0.007168,-0.002882,0.004908,-0.001828,0.05138,-0.02682,0.00828,-0.002005,0.005995,-0.002532,0.004762,-0.001933,0
1506099147592,true,1493.803,0,0.01203,-0.007937,0.007813,-0.002291,0.007185,-0.002874,0.004916,-0.00183,0.0513,-0.02685,0.008341,-0.002009,0.00599,-0.002525,0.004794,-0.001939,0
1506099147627,true,1493.86,0,0.0118,-0.007863,0.007876,-0.002298,0.007233,-0.002875,0.004921,-0.001828,0.05055,-0.02619,0.008386,-0.002015,0.006016,-0.002523,0.004834,-0.001949,0
1506099147783,true,1493.93,0,0.01148,-0.007777,0.007918,-0.002299,0.007275,-0.002882,0.004931,-0.001826,0.05009,-0.02583,0.00842,-0.002021,0.006056,-0.002527,0.004859,-0.00195,0
1506099147819,true,1493.988,0,0.01118,-0.007871,0.007934,-0.002296,0.007306,-0.002889,0.004938,-0.001828,0.04995,-0.02555,0.008418,-0.002013,0.006079,-0.002534,0.004844,-0.001945,0
1506099147855,true,1494.045,0,0.01149,-0.008156,0.00795,-0.002295,0.007315,-0.002886,0.004937,-0.001826,0.05063,-0.02612,0.008397,-0.002001,0.006109,-0.002543,0.00487,-0.001948,0
1506099147891,true,1494.103,0,0.01168,-0.008073,0.007979,-0.002297,0.007324,-0.002887,0.004929,-0.001821,0.05129,-0.02687,0.008407,-0.001999,0.006112,-0.002542,0.004875,-0.001945,0
1506099147928,true,1494.16,0,0.01189,-0.007827,0.007983,-0.002298,0.007329,-0.002889,0.00493,-0.00182,0.0512,-0.02684,0.008432,-0.002005,0.006091,-0.002539,0.004888,-0.001954,0
1506099148058,true,1494.205,0,0.01159,-0.007395,0.008017,-0.002307,0.0073,-0.002888,0.00492,-0.001818,0.05071,-0.02636,0.008442,-0.002017,0.006074,-0.00254,0.004887,-0.001957,0
1506099148094,true,1494.263,0,0.01146,-0.00745,0.008022,-0.002314,0.007267,-0.002893,0.004904,-0.001819,0.05005,-0.02563,0.008425,-0.002021,0.006068,-0.002546,0.004832,-0.001944,0
1506099148130,true,1494.32,0,0.01159,-0.007641,0.008,-0.00232,0.007235,-0.002901,0.004884,-0.001818,0.04987,-0.02544,0.00835,-0.00201,0.006045,-0.002556,0.004783,-0.001939,0
1506099148167,true,1494.378,0,0.01166,-0.007666,0.007963,-0.002326,0.007184,-0.002895,0.004866,-0.001826,0.05051,-0.02614,0.008319,-0.002014,0.00602,-0.002572,0.004744,-0.001947,0
1506099148203,true,1494.435,0,0.01182,-0.007596,0.007884,-0.002308,0.007127,-0.002884,0.004836,-0.001823,0.05072,-0.02654,0.008276,-0.002006,0.005942,-0.002568,0.004692,-0.001952,0
1506099148334,true,1494.479,0,0.01157,-0.007376,0.007926,-0.002305,0.007099,-0.002868,0.004821,-0.001824,0.0502,-0.02627,0.008297,-0.002013,0.005923,-0.002559,0.004704,-0.001958,0
1506099148370,true,1494.537,0,0.01126,-0.007438,0.008005,-0.002304,0.007144,-0.002863,0.004835,-0.001818,0.04969,-0.0259,0.008345,-0.002021,0.005973,-0.002558,0.004735,-0.00196,0
1506099148407,true,1494.594,0,0.01128,-0.00782,0.008091,-0.002311,0.007204,-0.002861,0.004863,-0.001818,0.04967,-0.02572,0.008364,-0.002017,0.006023,-0.002562,0.004751,-0.001954,0
1506099148443,true,1494.652,0,0.01149,-0.008052,0.008137,-0.002308,0.007264,-0.002864,0.004872,-0.001811,0.0502,-0.02623,0.008364,-0.002011,0.006077,-0.002572,0.004804,-0.00196,0
1506099148479,true,1494.709,0,0.01169,-0.0079,0.008178,-0.002304,0.00729,-0.002861,0.004888,-0.001806,0.05103,-0.02705,0.008388,-0.002004,0.006113,-0.002571,0.004838,-0.001958,0
1506099148634,true,1494.78,0,0.01192,-0.007682,0.008216,-0.002304,0.00732,-0.002855,0.004912,-0.001801,0.05123,-0.02721,0.008463,-0.002007,0.006142,-0.002567,0.004888,-0.001963,0
1506099148670,true,1494.838,0,0.01198,-0.007501,0.008289,-0.002316,0.007357,-0.002856,0.004946,-0.001799,0.05064,-0.02672,0.00852,-0.002021,0.006175,-0.002566,0.004935,-0.001972,0
1506099148706,true,1494.895,0,0.0117,-0.007339,0.008343,-0.002325,0.007377,-0.002864,0.004962,-0.001801,0.05002,-0.02608,0.008567,-0.002036,0.006204,-0.002571,0.004936,-0.001969,0
1506099148743,true,1494.953,0,0.01173,-0.007401,0.008348,-0.002326,0.007384,-0.00287,0.004967,-0.001796,0.04965,-0.02553,0.008551,-0.002034,0.006238,-0.002582,0.004924,-0.001967,0
1506099148779,true,1495.01,0,0.01213,-0.007486,0.008327,-0.002324,0.007365,-0.002864,0.00498,-0.001796,0.04995,-0.02587,0.008515,-0.00203,0.006252,-0.002595,0.004931,-0.00197,0
1506099148908,true,1495.056,0,0.01242,-0.007352,0.008321,-0.00233,0.007353,-0.002864,0.004969,-0.001792,0.05039,-0.02631,0.008499,-0.002034,0.006245,-0.002605,0.004939,-0.00198,0
1506099148944,true,1495.114,0,0.01269,-0.007425,0.008266,-0.002319,0.007312,-0.002851,0.004962,-0.001788,0.04999,-0.02605,0.008468,-0.002033,0.006194,-0.002605,0.004929,-0.001988,0
1506099148980,true,1495.171,0,0.01259,-0.00748,0.008294,-0.002313,0.007294,-0.002836,0.004966,-0.001778,0.04923,-0.02542,0.008489,-0.002037,0.006187,-0.002596,0.004941,-0.001991,0
1506099149017,true,1495.229,0,0.01234,-0.007622,0.008381,-0.002313,0.007355,-0.002836,0.005015,-0.001776,0.049,-0.02516,0.008523,-0.002038,0.00625,-0.002595,0.004967,-0.001986,0
1506099149053,true,1495.286,0,0.01236,-0.007852,0.008448,-0.002312,0.007431,-0.002834,0.005064,-0.001775,0.0494,-0.02545,0.008542,-0.002031,0.006317,-0.002605,0.005019,-0.001985,0
1506099149208,true,1495.355,0,0.01271,-0.007846,0.008513,-0.002318,0.007491,-0.002831,0.00511,-0.001774,0.05032,-0.02635,0.008578,-0.002031,0.00637,-0.002613,0.005085,-0.001988,0
1506099149245,true,1495.413,0,0.0129,-0.007632,0.008549,-0.002315,0.007556,-0.002834,0.005147,-0.001767,0.05079,-0.02677,0.008625,-0.002037,0.00641,-0.002613,0.005163,-0.001999,0
1506099149281,true,1495.47,0,0.0134,-0.007561,0.008618,-0.002318,0.007603,-0.002836,0.005188,-0.001765,0.05036,-0.02636,0.008687,-0.002048,0.006462,-0.002617,0.005234,-0.002008,0
1506099149317,true,1495.528,0,0.01323,-0.007242,0.008686,-0.002321,0.007653,-0.00284,0.005231,-0.001758,0.04982,-0.02568,0.008764,-0.002065,0.006532,-0.002623,0.005277,-0.00201,0
1506099149353,true,1495.585,0,0.01328,-0.007446,0.008766,-0.002333,0.007685,-0.002846,0.005255,-0.001752,0.04958,-0.02528,0.008782,-0.002062,0.006584,-0.002632,0.005301,-0.002009,0
1506099149509,true,1495.655,0,0.01347,-0.007517,0.008799,-0.002337,0.007715,-0.002846,0.005293,-0.001759,0.04997,-0.02557,0.00876,-0.002057,0.006624,-0.002645,0.005324,-0.002006,0
1506099149545,true,1495.713,0,0.01351,-0.007394,0.008791,-0.00234,0.007722,-0.002839,0.005291,-0.001755,0.05052,-0.02614,0.008769,-0.002056,0.006635,-0.002651,0.005359,-0.002015,0
1506099149582,true,1495.77,0,0.01348,-0.007229,0.008774,-0.002344,0.007717,-0.002841,0.005298,-0.00175,0.05043,-0.02616,0.008756,-0.002058,0.006596,-0.002649,0.005387,-0.002033,0
1506099149618,true,1495.828,0,0.01328,-0.00718,0.008744,-0.002351,0.007701,-0.00284,0.005287,-0.001736,0.04989,-0.02572,0.008734,-0.002071,0.006555,-0.002645,0.005372,-0.002043,0
1506099149654,true,1495.885,0,0.01298,-0.007347,0.008684,-0.002328,0.007648,-0.00282,0.005272,-0.001722,0.04954,-0.02526,0.008702,-0.002066,0.006511,-0.002635,0.005319,-0.002031,0
1506099149783,true,1495.93,0,0.01271,-0.00758,0.008731,-0.002321,0.00765,-0.002808,0.0053,-0.001713,0.04972,-0.02533,0.008699,-0.002058,0.006556,-0.002644,0.005343,-0.002024,0
1506099149819,true,1495.988,0,0.01286,-0.007773,0.0088,-0.002322,0.007738,-0.002807,0.005342,-0.001711,0.05034,-0.026,0.008728,-0.002049,0.006619,-0.002651,0.005411,-0.002026,0
1506099149855,true,1496.045,0,0.01306,-0.007629,0.008872,-0.002327,0.007814,-0.002812,0.005379,-0.001706,0.05099,-0.02662,0.008785,-0.002049,0.006669,-0.002655,0.005457,-0.002026,0
1506099149892,true,1496.103,0,0.013,-0.007429,0.008922,-0.002332,0.007841,-0.00281,0.005418,-0.001703,0.05066,-0.02632,0.00884,-0.002062,0.006679,-0.002647,0.005509,-0.002031,0
1506099149928,true,1496.16,0,0.01257,-0.007253,0.008955,-0.002328,0.00787,-0.002811,0.005461,-0.001694,0.05001,-0.02569,0.008923,-0.002078,0.006723,-0.002645,0.005542,-0.002028,0
1506099150084,true,1496.23,0,0.01232,-0.007361,0.009011,-0.002328,0.007914,-0.002807,0.005503,-0.001692,0.04967,-0.02509,0.008947,-0.002073,0.006771,-0.002653,0.005574,-0.002021,0
1506099150120,true,1496.288,0,0.01272,-0.007552,0.009075,-0.002336,0.007979,-0.002812,0.005542,-0.00169,0.04999,-0.02521,0.00896,-0.002066,0.006836,-0.002668,0.005599,-0.002012,0
1506099150156,true,1496.345,0,0.01314,-0.007526,0.009099,-0.00234,0.00801,-0.002807,0.00556,-0.001682,0.05053,-0.02586,0.008976,-0.002066,0.006876,-0.002671,0.005639,-0.002012,0
1506099150192,true,1496.403,0,0.01353,-0.007565,0.009113,-0.002342,0.008019,-0.002802,0.005576,-0.001679,0.05066,-0.02608,0.008991,-0.002074,0.006877,-0.002673,0.005678,-0.00202,0
1506099150228,true,1496.46,0,0.01362,-0.007535,0.009115,-0.002351,0.007988,-0.002792,0.005598,-0.001677,0.05019,-0.02565,0.009003,-0.002083,0.006863,-0.002674,0.0057,-0.002029,0
1506099150357,true,1496.505,0,0.01322,-0.007653,0.009094,-0.002355,0.007944,-0.002785,0.00561,-0.001674,0.04997,-0.02537,0.008982,-0.002091,0.006841,-0.002677,0.005683,-0.002031,0
1506099150393,true,1496.563,0,0.01292,-0.007911,0.009054,-0.002365,0.007901,-0.002788,0.005591,-0.001666,0.05007,-0.02534,0.008916,-0.002083,0.006792,-0.00268,0.00562,-0.002021,0
1506099150430,true,1496.62,0,0.01291,-0.008218,0.008976,-0.002362,0.00786,-0.002784,0.005555,-0.001656,0.05097,-0.02619,0.008828,-0.002074,0.006751,-0.002688,0.005567,-0.002016,0
1506099150466,true,1496.678,0,0.01295,-0.008136,0.008906,-0.002343,0.007791,-0.002769,0.005519,-0.001644,0.05165,-0.02701,0.008782,-0.002061,0.00669,-0.002682,0.005516,-0.002002,0
1506099150502,true,1496.735,0,0.01283,-0.007802,0.008946,-0.002337,0.007775,-0.002747,0.005537,-0.001633,0.05137,-0.02683,0.008845,-0.002068,0.00667,-0.002665,0.005537,-0.001998,0
1506099150634,true,1496.781,0,0.01316,-0.00768,0.009018,-0.002333,0.007831,-0.002747,0.005587,-0.001635,0.0507,-0.02627,0.008908,-0.002075,0.006711,-0.002663,0.005575,-0.001999,0
1506099150670,true,1496.839,0,0.01303,-0.007707,0.009061,-0.002322,0.007893,-0.002753,0.005618,-0.00163,0.05038,-0.02576,0.008963,-0.002083,0.006775,-0.002668,0.005594,-0.00199,0
1506099150706,true,1496.896,0,0.01297,-0.007782,0.009124,-0.002328,0.007944,-0.002749,0.00564,-0.001622,0.05069,-0.02585,0.008963,-0.002072,0.006809,-0.00267,0.005617,-0.001987,0
1506099150743,true,1496.954,0,0.01292,-0.007828,0.009174,-0.002323,0.007992,-0.002747,0.005649,-0.001616,0.05141,-0.02647,0.009002,-0.00207,0.006858,-0.002672,0.005647,-0.001978,0
1506099150779,true,1497.011,0,0.01308,-0.007765,0.009214,-0.002324,0.008019,-0.002738,0.00569,-0.001618,0.05173,-0.02682,0.009062,-0.002072,0.00689,-0.00267,0.005712,-0.001985,0
1506099150934,true,1497.08,0,0.01322,-0.007681,0.009261,-0.002328,0.008055,-0.002736,0.005749,-0.001619,0.05123,-0.02652,0.0091,-0.002079,0.006905,-0.002664,0.005742,-0.001986,0
1506099150971,true,1497.138,0,0.01314,-0.007862,0.009273,-0.002321,0.008065,-0.002736,0.00577,-0.001613,0.0509,-0.02625,0.009139,-0.002092,0.006929,-0.002665,0.005761,-0.001989,0
1506099151007,true,1497.195,0,0.01311,-0.008239,0.009263,-0.002319,0.008076,-0.002735,0.005801,-0.001612,0.05091,-0.02611,0.009108,-0.002088,0.006933,-0.002667,0.005741,-0.001982,0
1506099151043,true,1497.253,0,0.01334,-0.008552,0.009249,-0.002323,0.008078,-0.002734,0.005817,-0.001609,0.05147,-0.02662,0.009073,-0.00208,0.006921,-0.002674,0.005733,-0.001981,0
1506099151079,true,1497.31,0,0.01355,-0.008567,0.009192,-0.002318,0.008061,-0.002729,0.005805,-0.001604,0.05222,-0.02741,0.009044,-0.002074,0.006886,-0.002671,0.005721,-0.001982,0
1506099151233,true,1497.381,0,0.01368,-0.008439,0.009148,-0.002319,0.008016,-0.002725,0.005811,-0.001607,0.05216,-0.0275,0.009025,-0.002077,0.006836,-0.002665,0.005717,-0.001994,0
1506099151269,true,1497.439,0,0.01377,-0.008162,0.009105,-0.002327,0.007962,-0.002721,0.0058,-0.001603,0.05141,-0.02683,0.00901,-0.002088,0.006766,-0.002659,0.005675,-0.001997,0
1506099151305,true,1497.496,0,0.01339,-0.00801,0.009046,-0.00233,0.007899,-0.00272,0.005792,-0.001602,0.05094,-0.02632,0.008981,-0.002098,0.006702,-0.002655,0.005602,-0.001995,0
1506099151342,true,1497.554,0,0.01334,-0.008255,0.008964,-0.00231,0.007842,-0.002709,0.005757,-0.001596,0.05092,-0.02608,0.00888,-0.002076,0.006651,-0.002652,0.005514,-0.001976,0
1506099151378,true,1497.611,0,0.01378,-0.008428,0.008968,-0.002293,0.007855,-0.0027,0.005729,-0.001585,0.05137,-0.02648,0.008874,-0.002061,0.006655,-0.002647,0.005515,-0.001965,0
1506099151509,true,1497.656,0,0.01401,-0.008376,0.009037,-0.002291,0.00793,-0.002697,0.005759,-0.001584,0.05176,-0.02685,0.008927,-0.002059,0.006695,-0.002641,0.005595,-0.001972,0
1506099151546,true,1497.714,0,0.01408,-0.008199,0.009085,-0.00229,0.008006,-0.002698,0.00581,-0.001584,0.05148,-0.02666,0.009002,-0.002065,0.006736,-0.002634,0.005684,-0.001981,0
1506099151582,true,1497.771,0,0.01382,-0.008016,0.009146,-0.002291,0.00805,-0.002696,0.005865,-0.001588,0.05091,-0.02614,0.009061,-0.002078,0.006776,-0.002625,0.005739,-0.001981,0
1506099151618,true,1497.829,0,0.01374,-0.008237,0.009195,-0.002295,0.008078,-0.002692,0.005898,-0.001583,0.05067,-0.02578,0.00907,-0.00207,0.006816,-0.00262,0.005742,-0.001969,0
1506099151654,true,1497.886,0,0.01344,-0.008376,0.009235,-0.002296,0.008133,-0.002696,0.005936,-0.001578,0.05092,-0.02581,0.009075,-0.002063,0.006865,-0.00262,0.005774,-0.001963,0
1506099151783,true,1497.931,0,0.01359,-0.008207,0.009253,-0.002299,0.008177,-0.002699,0.005959,-0.001581,0.05157,-0.02646,0.00911,-0.002063,0.006902,-0.002624,0.005813,-0.00196,0
1506099151819,true,1497.989,0,0.01405,-0.008048,0.009261,-0.002296,0.008229,-0.002703,0.006004,-0.001587,0.05193,-0.02684,0.009154,-0.002067,0.006885,-0.002612,0.005862,-0.001968,0
1506099151855,true,1498.046,0,0.01445,-0.007839,0.009248,-0.002293,0.008234,-0.002701,0.006026,-0.001585,0.05136,-0.02632,0.009201,-0.00208,0.006879,-0.002604,0.005902,-0.001981,0
1506099151892,true,1498.104,0,0.01387,-0.007569,0.009245,-0.002295,0.008234,-0.002696,0.006039,-0.001579,0.05068,-0.02553,0.009223,-0.002086,0.006888,-0.002601,0.00589,-0.001976,0
1506099151928,true,1498.161,0,0.01364,-0.00772,0.009234,-0.002299,0.008217,-0.002691,0.006021,-0.001571,0.05042,-0.02511,0.009191,-0.002079,0.006874,-0.002598,0.005853,-0.001965,0
1506099152084,true,1498.231,0,0.01376,-0.007877,0.009198,-0.002301,0.008202,-0.002692,0.005987,-0.001565,0.05061,-0.0253,0.009141,-0.00207,0.006846,-0.002599,0.005837,-0.001968,0
1506099152120,true,1498.289,0,0.01399,-0.007962,0.00915,-0.0023,0.008168,-0.002687,0.005978,-0.001572,0.0514,-0.02613,0.009101,-0.002063,0.006808,-0.002593,0.005831,-0.001972,0
1506099152157,true,1498.346,0,0.01391,-0.007923,0.009086,-0.002303,0.008109,-0.002676,0.005954,-0.001568,0.05119,-0.02603,0.009075,-0.002062,0.00673,-0.002576,0.005821,-0.001984,0
1506099152193,true,1498.404,0,0.01397,-0.007983,0.009017,-0.002304,0.008057,-0.002673,0.005923,-0.001566,0.05052,-0.02551,0.00904,-0.002067,0.006652,-0.002562,0.005785,-0.001989,0
1506099152229,true,1498.461,0,0.01385,-0.00822,0.008953,-0.002305,0.007995,-0.00267,0.005896,-0.001564,0.05005,-0.02514,0.008983,-0.002067,0.00659,-0.002558,0.005722,-0.001986,0
1506099152385,true,1498.531,0,0.01386,-0.00854,0.008841,-0.00228,0.007919,-0.002654,0.005862,-0.001559,0.05011,-0.02521,0.008861,-0.002041,0.006519,-0.00255,0.005634,-0.00197,0
1506099152421,true,1498.589,0,0.01368,-0.008507,0.008843,-0.002269,0.007896,-0.002628,0.005844,-0.001555,0.05091,-0.02598,0.008845,-0.002027,0.006524,-0.002545,0.005642,-0.001961,0
1506099152457,true,1498.646,0,0.01354,-0.008176,0.008887,-0.002265,0.007933,-0.002624,0.00588,-0.00156,0.0514,-0.02656,0.008892,-0.002024,0.006539,-0.00253,0.0057,-0.001966,0
1506099152493,true,1498.704,0,0.01398,-0.007936,0.008932,-0.002265,0.007964,-0.002617,0.005914,-0.00156,0.05102,-0.0262,0.008944,-0.00203,0.006571,-0.002522,0.005746,-0.001967,0
1506099152529,true,1498.761,0,0.0137,-0.007639,0.008972,-0.00227,0.007961,-0.00261,0.005934,-0.001556,0.05036,-0.02543,0.008988,-0.002041,0.006597,-0.002519,0.005749,-0.001961,0
1506099152658,true,1498.805,0,0.01385,-0.007854,0.008997,-0.002268,0.007974,-0.002608,0.00595,-0.001556,0.04981,-0.0247,0.009003,-0.002039,0.006633,-0.00252,0.005743,-0.001949,0
1506099152694,true,1498.863,0,0.01412,-0.008061,0.009044,-0.002272,0.007979,-0.002594,0.005952,-0.001547,0.05006,-0.02481,0.009008,-0.00203,0.006691,-0.002526,0.005748,-0.001932,0
1506099152730,true,1498.92,0,0.01388,-0.007653,0.009073,-0.00227,0.008005,-0.002586,0.005972,-0.00155,0.05059,-0.02539,0.009016,-0.002015,0.006729,-0.002524,0.005784,-0.001925,0
1506099152766,true,1498.978,0,0.01393,-0.00756,0.009089,-0.002274,0.008011,-0.002578,0.006003,-0.001555,0.05074,-0.02561,0.009053,-0.002018,0.006736,-0.00252,0.005829,-0.001933,0
1506099152802,true,1499.035,0,0.01371,-0.007324,0.009104,-0.002279,0.008011,-0.002579,0.00604,-0.001559,0.0501,-0.02501,0.00907,-0.002017,0.006748,-0.002521,0.005861,-0.001942,0
1506099152959,true,1499.106,0,0.01342,-0.007492,0.009087,-0.002281,0.007983,-0.002571,0.006059,-0.001559,0.0498,-0.02474,0.009079,-0.002021,0.006745,-0.002516,0.00585,-0.001939,0
1506099152996,true,1499.164,0,0.01318,-0.007881,0.009078,-0.002285,0.00796,-0.002571,0.00607,-0.001558,0.04991,-0.02465,0.009039,-0.002014,0.006743,-0.002517,0.005807,-0.001926,0
1506099153032,true,1499.221,0,0.01354,-0.008092,0.009035,-0.002285,0.007941,-0.002574,0.006064,-0.00156,0.05063,-0.02529,0.008985,-0.002005,0.006729,-0.002522,0.005787,-0.00192,0
1506099153069,true,1499.279,0,0.01403,-0.008082,0.008972,-0.002283,0.007914,-0.002572,0.006058,-0.001564,0.05141,-0.02612,0.008961,-0.002008,0.006684,-0.002517,0.00576,-0.001916,0
1506099153105,true,1499.336,0,0.01429,-0.007852,0.008925,-0.002292,0.007869,-0.00257,0.00604,-0.001567,0.05135,-0.02622,0.008938,-0.002014,0.006611,-0.002509,0.00573,-0.001924,0
1506099153233,true,1499.382,0,0.01406,-0.007704,0.008877,-0.002296,0.007807,-0.002563,0.006014,-0.001567,0.05073,-0.02566,0.008896,-0.002019,0.006558,-0.002506,0.005686,-0.00193,0
1506099153269,true,1499.44,0,0.01383,-0.007727,0.008807,-0.002286,0.007733,-0.002555,0.005964,-0.001561,0.05017,-0.02505,0.008823,-0.002013,0.006489,-0.002499,0.005593,-0.001919,0
1506099153306,true,1499.497,0,0.01432,-0.007989,0.008783,-0.002264,0.007706,-0.002547,0.005931,-0.00155,0.05,-0.02489,0.008766,-0.001995,0.006467,-0.002493,0.005535,-0.001897,0
1506099153342,true,1499.555,0,0.0146,-0.008034,0.008849,-0.002262,0.007762,-0.002546,0.005942,-0.001548,0.05061,-0.02554,0.008799,-0.001993,0.006531,-0.002503,0.005576,-0.001897,0
1506099153378,true,1499.612,0,0.01435,-0.00772,0.008911,-0.002268,0.007811,-0.00254,0.005956,-0.001538,0.05099,-0.02596,0.008842,-0.001989,0.006569,-0.002506,0.005616,-0.001897,0
1506099153535,true,1499.681,0,0.01446,-0.007645,0.008968,-0.002272,0.007834,-0.002536,0.005994,-0.001535,0.05043,-0.02548,0.00888,-0.001994,0.006587,-0.002498,0.005685,-0.001909,0
1506099153571,true,1499.739,0,0.0143,-0.007647,0.008986,-0.002265,0.007853,-0.002536,0.006008,-0.001527,0.05001,-0.02511,0.00891,-0.001994,0.006611,-0.002491,0.005719,-0.001909,0
1506099153607,true,1499.796,0,0.0142,-0.007988,0.009025,-0.002262,0.007893,-0.002538,0.006035,-0.001523,0.05007,-0.02496,0.008923,-0.001985,0.006652,-0.00249,0.005719,-0.001895,0
1506099153643,true,1499.854,0,0.0143,-0.008106,0.009069,-0.002263,0.007939,-0.002543,0.006069,-0.001517,0.05059,-0.02531,0.008947,-0.001982,0.006713,-0.0025,0.005749,-0.001886,0
1506099153679,true,1499.911,0,0.01427,-0.007912,0.009081,-0.002258,0.007978,-0.002543,0.006089,-0.001515,0.05133,-0.02611,0.008971,-0.001977,0.006755,-0.0025,0.005792,-0.001883,0
1506099153809,true,1499.957,0,0.01415,-0.007452,0.009093,-0.002258,0.008022,-0.002552,0.006103,-0.00151,0.05128,-0.02603,0.009009,-0.001982,0.006754,-0.002492,0.005825,-0.001887,0
1506099153846,true,1500.015,0,0.01407,-0.007262,0.009102,-0.002258,0.008018,-0.002552,0.006127,-0.001509,0.05074,-0.02552,0.009048,-0.001996,0.00676,-0.002489,0.005849,-0.001895,0
1506099153882,true,1500.072,0,0.01401,-0.007329,0.009139,-0.002266,0.008033,-0.002562,0.006136,-0.001502,0.05015,-0.02486,0.009047,-0.002001,0.006765,-0.002487,0.005842,-0.00189,0
1506099153918,true,1500.13,0,0.01397,-0.007643,0.009131,-0.002265,0.008022,-0.002564,0.006157,-0.001502,0.05,-0.02453,0.009029,-0.002002,0.006769,-0.002493,0.005812,-0.001884,0
1506099153954,true,1500.187,0,0.01384,-0.007639,0.00911,-0.00227,0.008011,-0.002563,0.006129,-0.001496,0.05058,-0.02507,0.008978,-0.001995,0.006762,-0.002501,0.005797,-0.001884,0
1506099154108,true,1500.256,0,0.01385,-0.007602,0.009066,-0.002269,0.007976,-0.002558,0.006114,-0.001493,0.05104,-0.0256,0.008977,-0.002002,0.006732,-0.002503,0.005791,-0.001889,0
1506099154144,true,1500.314,0,0.01383,-0.007426,0.009006,-0.002268,0.007949,-0.002558,0.006105,-0.001492,0.05071,-0.02538,0.008959,-0.00201,0.006678,-0.002503,0.005792,-0.001905,0
1506099154180,true,1500.371,0,0.01333,-0.007204,0.00895,-0.002272,0.007893,-0.002551,0.006091,-0.001488,0.05005,-0.02489,0.008932,-0.002021,0.006617,-0.002499,0.005757,-0.001912,0
1506099154216,true,1500.429,0,0.01311,-0.007444,0.008888,-0.002246,0.007827,-0.002536,0.006058,-0.00148,0.04987,-0.02466,0.008866,-0.002011,0.006552,-0.002483,0.005678,-0.001889,0
1506099154252,true,1500.486,0,0.01308,-0.007664,0.00894,-0.00224,0.007855,-0.002526,0.006051,-0.001472,0.05018,-0.02488,0.008866,-0.002003,0.006596,-0.002488,0.005697,-0.001884,0
1506099154385,true,1500.532,0,0.01309,-0.007569,0.008992,-0.002235,0.007913,-0.00252,0.006078,-0.001475,0.05106,-0.02567,0.008902,-0.002002,0.006659,-0.00249,0.005766,-0.001886,0
1506099154421,true,1500.59,0,0.01339,-0.00744,0.009045,-0.002242,0.007939,-0.002513,0.006113,-0.001476,0.05127,-0.02596,0.008972,-0.002011,0.006683,-0.002485,0.005817,-0.001893,0
1506099154458,true,1500.647,0,0.01351,-0.007212,0.009082,-0.002237,0.007968,-0.002514,0.006135,-0.001472,0.05063,-0.02536,0.009021,-0.002021,0.006712,-0.002482,0.005887,-0.001905,0
1506099154494,true,1500.705,0,0.01356,-0.007137,0.009123,-0.002231,0.008005,-0.002518,0.006159,-0.001469,0.04992,-0.02461,0.009064,-0.002023,0.006756,-0.002482,0.005906,-0.001901,0
1506099154530,true,1500.762,0,0.01334,-0.007182,0.009178,-0.002229,0.008045,-0.002516,0.006202,-0.001471,0.04975,-0.02414,0.009093,-0.002018,0.006822,-0.002488,0.005937,-0.001898,0
1506099154685,true,1500.832,0,0.01301,-0.006988,0.009225,-0.002229,0.008107,-0.002516,0.006245,-0.001474,0.05015,-0.02447,0.009122,-0.002014,0.006879,-0.002494,0.005965,-0.001894,0
1506099154721,true,1500.89,0,0.01354,-0.007111,0.009276,-0.002238,0.00815,-0.002514,0.006262,-0.001473,0.05059,-0.02493,0.009147,-0.002008,0.006901,-0.002491,0.00602,-0.001899,0
1506099154757,true,1500.947,0,0.01343,-0.007102,0.009299,-0.002242,0.00818,-0.002519,0.006277,-0.001465,0.05042,-0.02476,0.009193,-0.002016,0.006915,-0.002485,0.006087,-0.001914,0
1506099154793,true,1501.005,0,0.01327,-0.006945,0.009329,-0.002253,0.008181,-0.002517,0.006289,-0.001455,0.04999,-0.02431,0.009216,-0.00202,0.006907,-0.002475,0.006123,-0.001922,0
1506099154829,true,1501.062,0,0.01323,-0.007156,0.009344,-0.002255,0.008177,-0.002516,0.006307,-0.001451,0.0497,-0.02398,0.009211,-0.002024,0.006907,-0.002473,0.006103,-0.001917,0
1506099154984,true,1501.133,0,0.01313,-0.007476,0.009317,-0.002254,0.008168,-0.002522,0.006314,-0.001452,0.0499,-0.02401,0.009172,-0.002014,0.006907,-0.002481,0.00608,-0.001915,0
1506099155020,true,1501.191,0,0.01312,-0.007329,0.009298,-0.002255,0.008164,-0.002525,0.006322,-0.001459,0.05066,-0.02476,0.009126,-0.002007,0.006894,-0.002486,0.006065,-0.001912,0
1506099155056,true,1501.248,0,0.01326,-0.006942,0.00925,-0.002253,0.00813,-0.00252,0.006338,-0.001463,0.05116,-0.0253,0.009123,-0.002011,0.006857,-0.002485,0.006055,-0.001916,0
1506099155093,true,1501.306,0,0.0134,-0.006625,0.009213,-0.002259,0.008074,-0.002507,0.006342,-0.00146,0.0505,-0.02487,0.009117,-0.002019,0.006801,-0.002484,0.006023,-0.001924,0
1506099155129,true,1501.363,0,0.01345,-0.006438,0.009146,-0.00226,0.008013,-0.002499,0.006328,-0.001464,0.04997,-0.02443,0.009091,-0.002028,0.006746,-0.002484,0.005998,-0.001935,0
1506099155235,true,1501.381,0,0.01311,-0.006507,0.009082,-0.002257,0.007955,-0.002492,0.006302,-0.001463,0.04954,-0.02395,0.009011,-0.002027,0.006689,-0.002482,0.00591,-0.001928,0
1506099155271,true,1501.439,0,0.01329,-0.006913,0.009007,-0.002228,0.00791,-0.002476,0.00628,-0.001462,0.0498,-0.0242,0.008941,-0.002004,0.006641,-0.002477,0.005844,-0.001914,0
1506099155307,true,1501.496,0,0.01358,-0.006989,0.009035,-0.002224,0.007935,-0.002461,0.006289,-0.001458,0.0504,-0.02491,0.00895,-0.001995,0.006667,-0.002481,0.005875,-0.001911,0
1506099155343,true,1501.554,0,0.01404,-0.006984,0.009063,-0.002222,0.007996,-0.002458,0.006328,-0.00146,0.05046,-0.02507,0.008996,-0.001998,0.006687,-0.002475,0.005947,-0.001919,0
1506099155380,true,1501.611,0,0.01399,-0.00689,0.009121,-0.002228,0.008039,-0.002454,0.006366,-0.001463,0.05003,-0.02467,0.00905,-0.002003,0.006714,-0.002471,0.006022,-0.001935,0
1506099155533,true,1501.682,0,0.01413,-0.007115,0.009164,-0.002232,0.008073,-0.002459,0.006395,-0.001459,0.04963,-0.02435,0.009092,-0.002007,0.006756,-0.002468,0.006048,-0.001934,0
1506099155570,true,1501.74,0,0.01385,-0.007347,0.009231,-0.002231,0.00814,-0.002468,0.006427,-0.001458,0.04961,-0.02421,0.009115,-0.001998,0.006802,-0.002471,0.006051,-0.001918,0
1506099155606,true,1501.797,0,0.0142,-0.007513,0.009274,-0.00223,0.008194,-0.002467,0.006431,-0.001447,0.05026,-0.02484,0.009133,-0.001995,0.006843,-0.002474,0.006083,-0.001913,0
1506099155642,true,1501.855,0,0.01463,-0.007516,0.009305,-0.002228,0.008257,-0.002474,0.00647,-0.001452,0.05105,-0.0256,0.009184,-0.001998,0.006874,-0.002473,0.006139,-0.001916,0
1506099155678,true,1501.912,0,0.01501,-0.007414,0.009325,-0.002231,0.008294,-0.002479,0.006504,-0.001449,0.05088,-0.02545,0.009233,-0.002004,0.006886,-0.002468,0.006188,-0.001929,0
1506099155833,true,1501.982,0,0.01474,-0.007189,0.009356,-0.002238,0.008324,-0.002483,0.006529,-0.001445,0.05016,-0.02469,0.009257,-0.002006,0.006913,-0.002471,0.006224,-0.001938,0
1506099155870,true,1502.04,0,0.01434,-0.007169,0.009344,-0.002234,0.008332,-0.002481,0.006546,-0.001444,0.04965,-0.02402,0.009262,-0.002012,0.006937,-0.002475,0.006202,-0.00193,0
1506099155906,true,1502.097,0,0.01428,-0.007331,0.009349,-0.002237,0.008338,-0.002483,0.006533,-0.001435,0.0495,-0.02381,0.009239,-0.002003,0.006967,-0.002482,0.006182,-0.001926,0
1506099155942,true,1502.155,0,0.01471,-0.007505,0.009338,-0.002239,0.008327,-0.002476,0.006519,-0.001428,0.05008,-0.02441,0.009221,-0.001994,0.006972,-0.002485,0.006189,-0.001924,0
1506099155978,true,1502.212,0,0.01446,-0.007257,0.0093,-0.002242,0.008315,-0.002469,0.006513,-0.001423,0.0504,-0.02489,0.009208,-0.002,0.006948,-0.002483,0.006206,-0.001935,0
1506099156135,true,1502.282,0,0.01442,-0.007257,0.009234,-0.002235,0.008287,-0.002465,0.006524,-0.001425,0.0499,-0.02459,0.009199,-0.002014,0.00692,-0.002484,0.0062,-0.00194,0
1506099156171,true,1502.34,0,0.01429,-0.007341,0.009204,-0.002242,0.008251,-0.002464,0.006497,-0.00142,0.04949,-0.02439,0.009167,-0.002024,0.006886,-0.002482,0.006162,-0.001945,0
1506099156207,true,1502.397,0,0.01419,-0.007802,0.009128,-0.002233,0.008209,-0.002463,0.006476,-0.001417,0.04941,-0.02431,0.009091,-0.002016,0.006847,-0.002485,0.00609,-0.001942,0
1506099156243,true,1502.455,0,0.01419,-0.008183,0.009088,-0.002212,0.008163,-0.002442,0.00644,-0.001405,0.04987,-0.02477,0.009017,-0.001995,0.006824,-0.002483,0.00605,-0.00193,0
1506099156279,true,1502.512,0,0.0144,-0.007979,0.009134,-0.00221,0.008205,-0.002435,0.006447,-0.001399,0.05066,-0.02565,0.009048,-0.00199,0.006844,-0.002479,0.006109,-0.001928,0
1506099156409,true,1502.557,0,0.0144,-0.007773,0.009177,-0.002209,0.008278,-0.002436,0.006487,-0.001396,0.05077,-0.02592,0.009111,-0.001992,0.006876,-0.002475,0.00618,-0.001937,0
1506099156445,true,1502.615,0,0.01456,-0.007531,0.00924,-0.00221,0.00833,-0.002435,0.006524,-0.001392,0.05,-0.02531,0.00917,-0.002002,0.006927,-0.002473,0.00623,-0.001942,0
1506099156481,true,1502.672,0,0.01434,-0.007465,0.009295,-0.002208,0.008369,-0.002438,0.006559,-0.001392,0.04949,-0.02478,0.009229,-0.002014,0.006998,-0.002483,0.006244,-0.001936,0
1506099156517,true,1502.73,0,0.01445,-0.007827,0.00937,-0.002205,0.00842,-0.002434,0.006585,-0.001387,0.04931,-0.02444,0.009237,-0.002002,0.007076,-0.002494,0.006269,-0.001928,0
1506099156553,true,1502.787,0,0.01465,-0.00802,0.009413,-0.002203,0.008484,-0.002428,0.006613,-0.001385,0.04958,-0.02479,0.009248,-0.001964,0.007173,-0.002479,0.006353,-0.001907,0
1506099156685,true,1502.832,0,0.01455,-0.007851,0.009459,-0.002203,0.008546,-0.002424,0.006642,-0.001387,0.05041,-0.02532,0.009325,-0.001945,0.007263,-0.002462,0.006473,-0.001905,0
1506099156721,true,1502.89,0,0.01465,-0.007806,0.009507,-0.002206,0.00858,-0.00242,0.006672,-0.001388,0.05045,-0.02508,0.009406,-0.001935,0.007332,-0.002441,0.006585,-0.001904,0
1506099156757,true,1502.947,0,0.01457,-0.007776,0.009535,-0.002209,0.008599,-0.002409,0.006689,-0.001381,0.05014,-0.02446,0.009488,-0.001926,0.007415,-0.002423,0.006675,-0.001895,0
1506099156793,true,1503.005,0,0.0142,-0.007837,0.009563,-0.002213,0.008613,-0.002413,0.006727,-0.001384,0.05016,-0.02408,0.009523,-0.00191,0.007502,-0.002412,0.006722,-0.001869,0
1506099156830,true,1503.062,0,0.01441,-0.008059,0.009563,-0.002213,0.008638,-0.002421,0.00673,-0.001378,0.05063,-0.02412,0.009544,-0.001885,0.007576,-0.002403,0.006761,-0.001843,0
1506099156983,true,1503.133,0,0.015,-0.008074,0.009558,-0.002212,0.008651,-0.002422,0.006743,-0.001382,0.0517,-0.02483,0.009574,-0.001868,0.007633,-0.002392,0.006819,-0.001828,0
1506099157020,true,1503.191,0,0.01494,-0.007762,0.009523,-0.002213,0.008636,-0.002417,0.006758,-0.001385,0.05226,-0.02507,0.009613,-0.001857,0.007642,-0.00237,0.006869,-0.00182,0
1506099157056,true,1503.248,0,0.01526,-0.007585,0.009487,-0.002215,0.008612,-0.002415,0.00677,-0.001387,0.05187,-0.02441,0.009645,-0.001848,0.00765,-0.002356,0.006901,-0.001812,0
1506099157092,true,1503.306,0,0.01503,-0.007488,0.009463,-0.002202,0.008559,-0.002408,0.006758,-0.001379,0.05139,-0.02368,0.009656,-0.001829,0.007658,-0.002334,0.006898,-0.001786,0
1506099157128,true,1503.363,0,0.01495,-0.007807,0.009486,-0.002193,0.008558,-0.0024,0.006737,-0.001367,0.05105,-0.02289,0.009679,-0.001798,0.00774,-0.002319,0.006933,-0.001753,0
1506099157258,true,1503.407,0,0.01478,-0.007719,0.009566,-0.002192,0.008629,-0.0024,0.006765,-0.001366,0.05172,-0.02315,0.009737,-0.001772,0.007856,-0.002313,0.00704,-0.001737,0
1506099157295,true,1503.465,0,0.01501,-0.007656,0.009596,-0.002189,0.008714,-0.002398,0.006799,-0.001365,0.05237,-0.02345,0.009829,-0.001758,0.007956,-0.002302,0.007154,-0.001722,0
1506099157331,true,1503.522,0,0.01514,-0.007617,0.009616,-0.002181,0.008756,-0.00239,0.006831,-0.001361,0.05246,-0.0233,0.009916,-0.001745,0.008024,-0.002281,0.007249,-0.001711,0
1506099157367,true,1503.58,0,0.01505,-0.007543,0.009652,-0.002176,0.008805,-0.002389,0.006855,-0.001355,0.05208,-0.02274,0.01,-0.001735,0.008106,-0.00226,0.007325,-0.001691,0
1506099157403,true,1503.637,0,0.01471,-0.007529,0.009688,-0.00217,0.008857,-0.002392,0.006914,-0.001358,0.05206,-0.02227,0.01009,-0.001721,0.008201,-0.002241,0.007401,-0.001669,0
1506099157558,true,1503.706,0,0.01485,-0.007667,0.009718,-0.002165,0.008934,-0.002401,0.00695,-0.001355,0.05227,-0.02188,0.01013,-0.001694,0.008304,-0.00223,0.007463,-0.001639,0
1506099157594,true,1503.764,0,0.01509,-0.007782,0.009747,-0.002167,0.008981,-0.002404,0.006977,-0.001351,0.05301,-0.02216,0.01018,-0.001673,0.008408,-0.002223,0.007539,-0.001614,0
1506099157630,true,1503.821,0,0.01524,-0.007432,0.009767,-0.00217,0.009005,-0.002394,0.006997,-0.001347,0.05367,-0.02246,0.01027,-0.00166,0.008483,-0.002211,0.007608,-0.001598,0
1506099157666,true,1503.879,0,0.01496,-0.00687,0.009756,-0.002169,0.009007,-0.002387,0.007024,-0.001351,0.05332,-0.0218,0.01035,-0.001651,0.008538,-0.002194,0.007679,-0.001588,0
1506099157702,true,1503.936,0,0.01459,-0.0065,0.009773,-0.002171,0.009,-0.002384,0.007049,-0.001348,0.05271,-0.02081,0.01042,-0.001648,0.008607,-0.002185,0.007719,-0.001574,0
1506099157858,true,1504.007,0,0.01408,-0.006376,0.009781,-0.002169,0.008995,-0.002383,0.007072,-0.001347,0.05236,-0.01993,0.01045,-0.001639,0.008668,-0.002175,0.007727,-0.001551,0
1506099157894,true,1504.065,0,0.01393,-0.00649,0.009749,-0.002164,0.008982,-0.002384,0.007076,-0.00134,0.05252,-0.01977,0.01045,-0.001619,0.008725,-0.002177,0.007759,-0.001537,0
1506099157930,true,1504.122,0,0.01391,-0.006267,0.009695,-0.002138,0.008983,-0.002374,0.007079,-0.001337,0.05308,-0.02006,0.01046,-0.001594,0.00875,-0.002161,0.00779,-0.001522,0
1506099157966,true,1504.18,0,0.01385,-0.005931,0.009729,-0.002123,0.00904,-0.002367,0.007107,-0.001333,0.05329,-0.01999,0.01054,-0.001589,0.008824,-0.002144,0.007873,-0.001513,0
1506099158002,true,1504.237,0,0.0144,-0.005981,0.009823,-0.002123,0.00913,-0.002371,0.007164,-0.001328,0.05277,-0.01925,0.01065,-0.001586,0.008916,-0.00213,0.007987,-0.001511,0
1506099158132,true,1504.281,0,0.01435,-0.00594,0.009903,-0.002125,0.00921,-0.002369,0.007221,-0.001324,0.05251,-0.01862,0.01076,-0.001588,0.009015,-0.00212,0.008071,-0.001495,0
1506099158169,true,1504.339,0,0.01412,-0.006064,0.009963,-0.002118,0.009268,-0.002362,0.007278,-0.00132,0.05252,-0.01813,0.01083,-0.001579,0.009126,-0.002119,0.008144,-0.001478,0
1506099158205,true,1504.396,0,0.01448,-0.006188,0.01003,-0.002117,0.00934,-0.002359,0.007321,-0.001315,0.05322,-0.01845,0.01088,-0.001566,0.009235,-0.002122,0.008228,-0.001467,0
1506099158241,true,1504.454,0,0.01477,-0.005822,0.01006,-0.002108,0.009425,-0.002361,0.007376,-0.001319,0.05401,-0.01893,0.01098,-0.001565,0.009329,-0.002116,0.00831,-0.001459,0
1506099158277,true,1504.511,0,0.01508,-0.005433,0.01011,-0.002105,0.009473,-0.002353,0.007437,-0.001314,0.05393,-0.01866,0.01107,-0.001568,0.009411,-0.00211,0.008405,-0.001462,0
1506099158433,true,1504.582,0,0.01508,-0.00504,0.01015,-0.002104,0.009518,-0.002351,0.007489,-0.001309,0.05316,-0.01768,0.01115,-0.001573,0.009466,-0.002099,0.008461,-0.001456,0
1506099158469,true,1504.64,0,0.015,-0.00516,0.01021,-0.002103,0.009556,-0.002351,0.007533,-0.001309,0.05277,-0.01688,0.0112,-0.001571,0.009553,-0.002104,0.008503,-0.001446,0
1506099158505,true,1504.697,0,0.01495,-0.005122,0.01024,-0.002102,0.009586,-0.002348,0.007579,-0.001312,0.05273,-0.01651,0.01121,-0.001555,0.009628,-0.002111,0.008536,-0.001437,0
1506099158541,true,1504.755,0,0.01541,-0.005135,0.01025,-0.002099,0.009617,-0.002347,0.00761,-0.00131,0.05335,-0.01689,0.01122,-0.001546,0.009685,-0.002121,0.00856,-0.001431,0
1506099158577,true,1504.812,0,0.01558,-0.004841,0.01024,-0.002099,0.009615,-0.002341,0.007636,-0.001308,0.05382,-0.01724,0.01126,-0.00155,0.009704,-0.002119,0.008605,-0.001434,0
1506099158708,true,1504.857,0,0.01551,-0.004609,0.01024,-0.002097,0.009609,-0.002337,0.007665,-0.001302,0.05351,-0.01693,0.01128,-0.001552,0.00971,-0.002116,0.00865,-0.001445,0
1506099158744,true,1504.915,0,0.01579,-0.004666,0.01022,-0.002088,0.009603,-0.002332,0.007695,-0.001299,0.05317,-0.01657,0.01128,-0.001555,0.009728,-0.002115,0.00864,-0.001436,0
1506099158780,true,1504.972,0,0.01558,-0.004717,0.01022,-0.002065,0.0096,-0.002312,0.007721,-0.001288,0.05316,-0.01632,0.01129,-0.00154,0.009776,-0.002115,0.008649,-0.001419,0
1506099158816,true,1505.03,0,0.01623,-0.004909,0.0103,-0.002057,0.0097,-0.002308,0.007752,-0.001275,0.05351,-0.01654,0.01135,-0.001536,0.009886,-0.00212,0.008708,-0.001408,0
1506099158852,true,1505.087,0,0.01666,-0.004805,0.01038,-0.002046,0.009798,-0.002298,0.007832,-0.001278,0.0541,-0.01709,0.01143,-0.001532,0.009976,-0.002122,0.008828,-0.001405,0
1506099159008,true,1505.157,0,0.01687,-0.004404,0.01048,-0.002046,0.009912,-0.002295,0.007914,-0.001277,0.05417,-0.01703,0.01155,-0.001539,0.01006,-0.00212,0.008944,-0.001407,0
1506099159044,true,1505.215,0,0.0171,-0.004003,0.01058,-0.002044,0.01001,-0.002297,0.007997,-0.001278,0.05365,-0.01638,0.01164,-0.001543,0.01015,-0.002117,0.009064,-0.001417,0
1506099159080,true,1505.272,0,0.01708,-0.003985,0.01068,-0.002038,0.01008,-0.002289,0.008081,-0.001278,0.05306,-0.01547,0.01173,-0.001546,0.01026,-0.002119,0.009143,-0.001413,0
1506099159116,true,1505.33,0,0.01724,-0.004116,0.01075,-0.002034,0.01017,-0.002288,0.008167,-0.001281,0.0529,-0.01497,0.01179,-0.001539,0.01037,-0.002125,0.009219,-0.001405,0
1506099159152,true,1505.387,0,0.01779,-0.004248,0.01082,-0.00203,0.01026,-0.002281,0.00822,-0.001273,0.05352,-0.01548,0.01183,-0.001531,0.01048,-0.002134,0.009317,-0.001404,0
1506099159283,true,1505.432,0,0.01829,-0.004149,0.01087,-0.002028,0.01031,-0.00227,0.008282,-0.001265,0.0542,-0.01605,0.01188,-0.001517,0.01053,-0.002127,0.009395,-0.001402,0
1506099159319,true,1505.49,0,0.01843,-0.004053,0.01092,-0.002031,0.01037,-0.002269,0.008335,-0.001261,0.05413,-0.01592,0.01194,-0.001516,0.01056,-0.002117,0.009472,-0.001408,0
1506099159355,true,1505.547,0,0.01811,-0.003727,0.01097,-0.002032,0.01041,-0.002266,0.008406,-0.001264,0.05356,-0.01528,0.01197,-0.001517,0.01062,-0.002117,0.009541,-0.001414,0
1506099159391,true,1505.605,0,0.01825,-0.003962,0.01099,-0.002025,0.01043,-0.002265,0.008438,-0.001257,0.0535,-0.01499,0.01199,-0.001518,0.01067,-0.002116,0.009572,-0.001407,0
1506099159427,true,1505.662,0,0.01879,-0.00439,0.01101,-0.002026,0.01046,-0.002263,0.008462,-0.001251,0.05376,-0.01515,0.01198,-0.00151,0.01071,-0.002124,0.009574,-0.001397,0
1506099159583,true,1505.732,0,0.01921,-0.004284,0.01101,-0.002023,0.01046,-0.002256,0.008491,-0.001249,0.05452,-0.01584,0.012,-0.001509,0.01074,-0.002132,0.009612,-0.001396,0
1506099159619,true,1505.79,0,0.01952,-0.004068,0.01097,-0.002005,0.01048,-0.00225,0.008505,-0.001243,0.05469,-0.01599,0.01201,-0.001501,0.01072,-0.002125,0.009639,-0.001394,0
1506099159655,true,1505.847,0,0.01942,-0.003603,0.01102,-0.001997,0.01048,-0.002225,0.008528,-0.001228,0.05409,-0.01528,0.01206,-0.001503,0.01075,-0.002115,0.009686,-0.001392,0
1506099159691,true,1505.905,0,0.01945,-0.003539,0.01109,-0.001985,0.01059,-0.002223,0.008589,-0.001225,0.05344,-0.01458,0.01214,-0.001508,0.01085,-0.002116,0.009765,-0.001388,0
1506099159728,true,1505.962,0,0.01941,-0.003691,0.01119,-0.001979,0.01069,-0.002217,0.008654,-0.001219,0.05312,-0.01402,0.01221,-0.001501,0.01096,-0.002121,0.009837,-0.001379,0
1506099159858,true,1506.008,0,0.01958,-0.003881,0.01127,-0.001974,0.01078,-0.00221,0.008733,-0.001223,0.05347,-0.01428,0.01227,-0.001488,0.01108,-0.00213,0.009945,-0.00138,0
1506099159894,true,1506.066,0,0.0197,-0.003813,0.01133,-0.001966,0.01086,-0.002198,0.008808,-0.00122,0.05435,-0.01494,0.01233,-0.001477,0.01117,-0.002131,0.01006,-0.001385,0
1506099159930,true,1506.123,0,0.01974,-0.003645,0.01138,-0.001951,0.01095,-0.002192,0.008875,-0.001216,0.05448,-0.01501,0.0124,-0.001474,0.01124,-0.002123,0.01017,-0.001391,0
1506099159966,true,1506.181,0,0.0197,-0.003593,0.01146,-0.001952,0.01101,-0.002182,0.008949,-0.001216,0.05406,-0.01452,0.0125,-0.001483,0.01131,-0.002117,0.01028,-0.001402,0
1506099160002,true,1506.238,0,0.01913,-0.00376,0.0115,-0.001946,0.01105,-0.002176,0.009,-0.001204,0.05371,-0.01398,0.01256,-0.001487,0.01139,-0.002113,0.01034,-0.001398,0
1506099160158,true,1506.307,0,0.01931,-0.004022,0.01157,-0.001942,0.01111,-0.002174,0.009052,-0.001199,0.05393,-0.01395,0.01258,-0.001482,0.01147,-0.002115,0.01037,-0.001389,0
1506099160194,true,1506.365,0,0.01904,-0.003794,0.01159,-0.001939,0.01117,-0.002174,0.009072,-0.001187,0.05456,-0.01449,0.01262,-0.001481,0.01152,-0.002114,0.01043,-0.001383,0
1506099160230,true,1506.422,0,0.01934,-0.003484,0.0116,-0.001935,0.0112,-0.00217,0.009099,-0.001177,0.05517,-0.01498,0.01266,-0.001485,0.01155,-0.002114,0.01049,-0.001385,0
1506099160266,true,1506.48,0,0.01932,-0.003294,0.01162,-0.001934,0.01123,-0.002178,0.009142,-0.001175,0.05465,-0.01448,0.01269,-0.001492,0.01156,-0.002104,0.01053,-0.001395,0
1506099160302,true,1506.537,0,0.01911,-0.003119,0.01161,-0.001926,0.01123,-0.002177,0.009161,-0.001167,0.05414,-0.014,0.01274,-0.001511,0.01157,-0.002105,0.01056,-0.001401,0
1506099160458,true,1506.608,0,0.01895,-0.003279,0.01158,-0.001921,0.01122,-0.002176,0.009198,-0.001168,0.05362,-0.01339,0.01274,-0.001514,0.01159,-0.002105,0.01056,-0.001398,0
1506099160494,true,1506.666,0,0.01866,-0.003353,0.01155,-0.001921,0.01121,-0.002175,0.009207,-0.001163,0.05379,-0.01352,0.0127,-0.001509,0.0116,-0.00211,0.01056,-0.001401,0
1506099160530,true,1506.723,0,0.01901,-0.003507,0.01148,-0.001912,0.0112,-0.002171,0.009191,-0.001159,0.05429,-0.01404,0.01266,-0.001499,0.01158,-0.002112,0.01056,-0.001405,0
1506099160566,true,1506.781,0,0.01866,-0.003288,0.01144,-0.001887,0.01118,-0.002155,0.009209,-0.001153,0.05422,-0.0141,0.01266,-0.001491,0.01155,-0.002096,0.01057,-0.001399,0
1506099160602,true,1506.838,0,0.0189,-0.003266,0.01147,-0.00188,0.01123,-0.00215,0.009264,-0.001148,0.05391,-0.01369,0.01273,-0.001498,0.01159,-0.002091,0.01065,-0.001412,0
1506099160733,true,1506.882,0,0.01878,-0.003354,0.01154,-0.001877,0.01128,-0.002147,0.009312,-0.001146,0.0535,-0.01316,0.0128,-0.001506,0.01165,-0.002085,0.0107,-0.001407,0
1506099160769,true,1506.94,0,0.01853,-0.003424,0.01157,-0.001868,0.01133,-0.002148,0.009352,-0.001139,0.05348,-0.01295,0.01284,-0.001506,0.01172,-0.002094,0.01075,-0.001408,0
1506099160805,true,1506.997,0,0.01856,-0.003476,0.01159,-0.001859,0.01139,-0.002148,0.009375,-0.001137,0.0539,-0.01334,0.01286,-0.001505,0.01179,-0.002105,0.01079,-0.001404,0
1506099160841,true,1507.055,0,0.01892,-0.003264,0.0116,-0.001848,0.01143,-0.002147,0.009408,-0.001137,0.05451,-0.01391,0.0129,-0.001504,0.01182,-0.0021,0.01083,-0.001404,0
1506099160878,true,1507.112,0,0.01921,-0.003051,0.01163,-0.001848,0.01147,-0.002145,0.009446,-0.001134,0.05448,-0.01384,0.01295,-0.001511,0.01185,-0.002094,0.01088,-0.001411,0
1506099161008,true,1507.158,0,0.01877,-0.002766,0.01168,-0.001852,0.01151,-0.002151,0.009486,-0.001135,0.05369,-0.01298,0.01299,-0.001519,0.01189,-0.002091,0.01093,-0.001413,0
1506099161044,true,1507.216,0,0.01846,-0.002787,0.01168,-0.001845,0.01155,-0.002156,0.009513,-0.001132,0.05311,-0.01227,0.01299,-0.001517,0.01192,-0.00209,0.01093,-0.001405,0
1506099161080,true,1507.273,0,0.01828,-0.003034,0.01169,-0.001848,0.01155,-0.002148,0.009532,-0.00113,0.05319,-0.01226,0.01297,-0.001509,0.01195,-0.002096,0.01094,-0.001402,0
1506099161116,true,1507.331,0,0.0184,-0.003116,0.01168,-0.00185,0.01158,-0.002156,0.009548,-0.00113,0.05374,-0.01275,0.01295,-0.001511,0.01195,-0.002092,0.01094,-0.001396,0
1506099161152,true,1507.388,0,0.01806,-0.002932,0.01162,-0.001847,0.01157,-0.002153,0.009552,-0.001132,0.05415,-0.01321,0.01297,-0.001514,0.01193,-0.002091,0.01095,-0.0014,0
1506099161308,true,1507.459,0,0.0181,-0.002899,0.01158,-0.001849,0.01155,-0.002158,0.009564,-0.001133,0.05383,-0.01299,0.01298,-0.001526,0.0119,-0.002092,0.01094,-0.001412,0
1506099161344,true,1507.517,0,0.01772,-0.002801,0.01153,-0.001851,0.01151,-0.002158,0.009565,-0.001136,0.05332,-0.01256,0.01296,-0.001541,0.01187,-0.002097,0.01092,-0.001415,0
1506099161380,true,1507.574,0,0.01753,-0.003074,0.01147,-0.001853,0.01148,-0.002168,0.009568,-0.001141,0.05295,-0.0121,0.0129,-0.001537,0.01185,-0.002105,0.01086,-0.001407,0
1506099161417,true,1507.632,0,0.01766,-0.003319,0.01142,-0.001857,0.01143,-0.002178,0.009539,-0.001141,0.05333,-0.01249,0.01282,-0.00153,0.01181,-0.002112,0.0108,-0.001404,0
1506099161453,true,1507.689,0,0.01753,-0.002966,0.01134,-0.001852,0.01135,-0.002167,0.0095,-0.001146,0.05372,-0.01306,0.01277,-0.001529,0.01174,-0.002115,0.01075,-0.001403,0
1506099161608,true,1507.758,0,0.01772,-0.002755,0.01128,-0.001833,0.0113,-0.002158,0.009465,-0.001144,0.0537,-0.01312,0.01274,-0.00152,0.0117,-0.002108,0.01073,-0.001404,0
1506099161644,true,1507.816,0,0.01756,-0.002338,0.01131,-0.001834,0.01134,-0.002161,0.009463,-0.001147,0.05283,-0.01237,0.01276,-0.001528,0.01169,-0.0021,0.01074,-0.001407,0
1506099161680,true,1507.873,0,0.01719,-0.002299,0.01134,-0.001837,0.01137,-0.002162,0.009482,-0.001157,0.05223,-0.0118,0.01278,-0.001534,0.01171,-0.002103,0.01074,-0.001403,0
1506099161717,true,1507.931,0,0.01708,-0.002603,0.01137,-0.001844,0.01138,-0.002163,0.009492,-0.001162,0.05201,-0.01153,0.01276,-0.001529,0.01173,-0.002112,0.01072,-0.001397,0
1506099161752,true,1507.988,0,0.01706,-0.002688,0.01137,-0.001847,0.01139,-0.002167,0.009492,-0.001166,0.05249,-0.0119,0.01273,-0.001525,0.01174,-0.002121,0.01071,-0.001394,0
1506099161883,true,1508.032,0,0.01712,-0.002531,0.01135,-0.001841,0.01142,-0.002168,0.009485,-0.00117,0.05301,-0.01256,0.01274,-0.001524,0.01174,-0.002118,0.01073,-0.001391,0
1506099161919,true,1508.09,0,0.01719,-0.002517,0.01136,-0.001845,0.01143,-0.002162,0.009494,-0.001175,0.05262,-0.01241,0.01276,-0.001529,0.01173,-0.002113,0.01076,-0.001402,0
1506099161955,true,1508.147,0,0.01681,-0.00233,0.01135,-0.001844,0.01143,-0.002169,0.009475,-0.001171,0.05208,-0.01193,0.01278,-0.001539,0.01173,-0.002114,0.01078,-0.001413,0
1506099161992,true,1508.205,0,0.01653,-0.002444,0.01132,-0.00185,0.01144,-0.002174,0.009475,-0.00118,0.05171,-0.01153,0.01276,-0.001542,0.01173,-0.002116,0.01074,-0.001403,0
1506099162028,true,1508.262,0,0.01659,-0.002508,0.0113,-0.001857,0.01143,-0.002176,0.009468,-0.001184,0.05186,-0.01158,0.0127,-0.001532,0.01174,-0.00213,0.01072,-0.001403,0
1506099162158,true,1508.308,0,0.01692,-0.002295,0.01127,-0.001867,0.0114,-0.002173,0.009449,-0.001193,0.05233,-0.01208,0.01266,-0.001528,0.01171,-0.002137,0.01069,-0.001402,0
1506099162194,true,1508.366,0,0.01669,-0.002027,0.01123,-0.001871,0.01136,-0.002173,0.009425,-0.001197,0.05227,-0.01221,0.01264,-0.001529,0.01166,-0.002136,0.01067,-0.001407,0
1506099162230,true,1508.423,0,0.01664,-0.001503,0.01119,-0.00188,0.01128,-0.002167,0.00938,-0.001198,0.05137,-0.01136,0.01261,-0.001535,0.01162,-0.002134,0.01065,-0.001415,0
1506099162266,true,1508.481,0,0.01617,-0.001039,0.01115,-0.001886,0.01122,-0.002164,0.009377,-0.001214,0.05035,-0.01031,0.0126,-0.001544,0.01158,-0.002138,0.01061,-0.001415,0
1506099162303,true,1508.538,0,0.01613,-0.001172,0.01106,-0.001871,0.01116,-0.002163,0.009329,-0.00121,0.04974,-0.009382,0.01254,-0.001534,0.01153,-0.002136,0.01054,-0.001407,0
1506099162458,true,1508.608,0,0.01621,-0.001131,0.01106,-0.001864,0.01111,-0.002153,0.009285,-0.0012,0.04962,-0.009132,0.01252,-0.001521,0.01154,-0.002138,0.01054,-0.001401,0
1506099162494,true,1508.666,0,0.01621,-8.549E-4,0.01106,-0.001859,0.01118,-0.002159,0.009273,-0.001204,0.04982,-0.009254,0.01255,-0.00152,0.01157,-0.002136,0.0106,-0.001402,0
1506099162530,true,1508.723,0,0.01641,-5.163E-4,0.01106,-0.001855,0.01119,-0.002155,0.009279,-0.001205,0.04923,-0.008651,0.01259,-0.001524,0.01161,-0.002132,0.01066,-0.001408,0
1506099162567,true,1508.781,0,0.01632,-1.72E-4,0.0111,-0.001865,0.01123,-0.002155,0.009292,-0.00121,0.04818,-0.007565,0.01261,-0.001525,0.01163,-0.002127,0.01073,-0.001417,0
1506099162603,true,1508.838,0,0.01602,1.709E-4,0.01109,-0.001858,0.01126,-0.00216,0.009289,-0.001207,0.04757,-0.006559,0.01265,-0.001523,0.01165,-0.00212,0.01074,-0.001407,0
1506099162733,true,1508.883,0,0.01607,1.846E-4,0.01112,-0.001863,0.0113,-0.002158,0.009286,-0.001203,0.04694,-0.005543,0.01269,-0.001521,0.0117,-0.002119,0.01076,-0.001397,0
1506099162769,true,1508.941,0,0.01684,4.547E-4,0.01113,-0.00186,0.01133,-0.002156,0.009288,-0.001207,0.04694,-0.005263,0.01272,-0.001519,0.01175,-0.002121,0.01079,-0.00139,0
1506099162805,true,1508.998,0,0.01716,9.333E-4,0.01112,-0.001858,0.01135,-0.002157,0.00931,-0.00121,0.04674,-0.004859,0.01279,-0.001525,0.01177,-0.002114,0.01085,-0.001392,0
1506099162841,true,1509.056,0,0.01704,0.001618,0.01113,-0.00186,0.01136,-0.002155,0.009307,-0.001213,0.0458,-0.003697,0.01283,-0.00153,0.0118,-0.002112,0.0109,-0.0014,0
1506099162878,true,1509.113,0,0.01714,0.002063,0.01113,-0.001862,0.01136,-0.002157,0.009316,-0.001211,0.04464,-0.002184,0.01287,-0.001539,0.01182,-0.002111,0.01091,-0.001397,0
1506099163033,true,1509.184,0,0.01707,0.002285,0.01115,-0.001867,0.01135,-0.00216,0.009314,-0.001213,0.04352,-6.134E-4,0.0129,-0.001538,0.01185,-0.002108,0.0109,-0.001387,0
1506099163069,true,1509.242,0,0.01759,0.002284,0.01114,-0.001872,0.01136,-0.002165,0.009291,-0.00121,0.0432,7.748E-5,0.01288,-0.001531,0.01186,-0.002115,0.01091,-0.001378,0
1506099163106,true,1509.299,0,0.01784,0.002648,0.01113,-0.001878,0.01134,-0.002164,0.009258,-0.001204,0.04305,4.094E-4,0.01287,-0.001523,0.01186,-0.002112,0.01093,-0.001372,0
1506099163142,true,1509.357,0,0.01859,0.002928,0.01108,-0.001883,0.01131,-0.002162,0.009251,-0.0012,0.04263,9.633E-4,0.01288,-0.001526,0.01184,-0.002107,0.01093,-0.001369,0
1506099163178,true,1509.414,0,0.01861,0.003509,0.01105,-0.001877,0.01124,-0.00215,0.009233,-0.001199,0.04176,0.002093,0.01285,-0.001524,0.01179,-0.002089,0.01092,-0.001368,0
1506099163333,true,1509.483,0,0.01861,0.003947,0.01107,-0.001875,0.01121,-0.002132,0.009215,-0.001191,0.04081,0.00339,0.01288,-0.00152,0.0118,-0.002074,0.01093,-0.001358,0
1506099163369,true,1509.541,0,0.01862,0.004165,0.01114,-0.001876,0.01127,-0.002137,0.009231,-0.001184,0.04008,0.004651,0.01293,-0.001522,0.01186,-0.002065,0.01097,-0.001345,0
1506099163405,true,1509.598,0,0.01947,0.004245,0.01121,-0.001875,0.01133,-0.002137,0.009254,-0.001186,0.03993,0.005192,0.01297,-0.001512,0.01193,-0.002062,0.01101,-0.001331,0
1506099163441,true,1509.656,0,0.0197,0.004899,0.01124,-0.001874,0.01138,-0.002129,0.009259,-0.001185,0.04005,0.005398,0.01305,-0.001508,0.012,-0.002059,0.01106,-0.001328,0
1506099163478,true,1509.713,0,0.01992,0.005398,0.01124,-0.001864,0.01142,-0.002126,0.009267,-0.00118,0.03921,0.006577,0.01311,-0.001507,0.01203,-0.002049,0.01112,-0.001321,0
1506099163607,true,1509.759,0,0.01995,0.005939,0.01125,-0.001861,0.01146,-0.002126,0.009291,-0.00118,0.03803,0.008092,0.01317,-0.001507,0.01209,-0.002042,0.01116,-0.001317,0
1506099163644,true,1509.817,0,0.02026,0.005974,0.01132,-0.001866,0.01149,-0.002132,0.009327,-0.001182,0.03724,0.009319,0.01323,-0.00151,0.01216,-0.002035,0.0112,-0.001308,0
1506099163680,true,1509.874,0,0.02059,0.005943,0.01134,-0.00186,0.01153,-0.002142,0.009343,-0.001183,0.03681,0.0101,0.01326,-0.001501,0.0122,-0.002035,0.01121,-0.001294,0
1506099163716,true,1509.932,0,0.02106,0.00619,0.01134,-0.001855,0.01156,-0.002143,0.009353,-0.001183,0.03694,0.01021,0.01329,-0.001497,0.01222,-0.002028,0.01124,-0.001284,0
1506099163752,true,1509.989,0,0.02139,0.006542,0.01132,-0.001856,0.01156,-0.002136,0.009379,-0.001183,0.03701,0.01022,0.01332,-0.001492,0.01224,-0.002023,0.01124,-0.001271,0
1506099163908,true,1510.058,0,0.02163,0.006973,0.01131,-0.001863,0.01153,-0.002134,0.009403,-0.00119,0.0363,0.01115,0.01335,-0.001494,0.01222,-0.002014,0.01126,-0.001269,0
1506099163944,true,1510.116,0,0.02193,0.007132,0.01132,-0.00187,0.01149,-0.002131,0.009382,-0.001185,0.03552,0.01218,0.01337,-0.001504,0.01222,-0.002008,0.01124,-0.001258,0
1506099163980,true,1510.173,0,0.02216,0.006873,0.01129,-0.001867,0.01146,-0.002131,0.009378,-0.001186,0.0352,0.01282,0.01338,-0.0015,0.01222,-0.00201,0.0112,-0.001251,0
1506099164016,true,1510.231,0,0.02253,0.006735,0.01123,-0.001862,0.01142,-0.002129,0.009323,-0.001181,0.03528,0.01295,0.01337,-0.001499,0.0122,-0.002012,0.01117,-0.001248,0
1506099164053,true,1510.288,0,0.02282,0.006849,0.01119,-0.001851,0.01134,-0.002109,0.009271,-0.001178,0.03559,0.01265,0.01336,-0.00149,0.01217,-0.001999,0.01115,-0.001237,0
1506099164183,true,1510.334,0,0.02289,0.006924,0.01123,-0.001853,0.01136,-0.002105,0.009292,-0.001181,0.03558,0.01285,0.01343,-0.001492,0.01219,-0.001992,0.0112,-0.001241,0
1506099164219,true,1510.392,0,0.02313,0.006973,0.01128,-0.001856,0.0114,-0.002107,0.0093,-0.001183,0.03499,0.01352,0.01348,-0.00149,0.01222,-0.001983,0.01125,-0.001244,0
1506099164255,true,1510.449,0,0.02271,0.006884,0.01133,-0.00186,0.01143,-0.002105,0.009321,-0.001185,0.03473,0.01394,0.01352,-0.001495,0.01225,-0.001974,0.01128,-0.001237,0
1506099164291,true,1510.507,0,0.02267,0.00642,0.01137,-0.001863,0.01148,-0.002107,0.009335,-0.001178,0.03461,0.01426,0.01354,-0.001489,0.01229,-0.001974,0.01128,-0.001222,0
1506099164328,true,1510.564,0,0.02271,0.005997,0.0114,-0.001863,0.0115,-0.002101,0.009359,-0.001189,0.03518,0.0137,0.01356,-0.001481,0.01233,-0.00197,0.0113,-0.001217,0
1506099164458,true,1510.609,0,0.02269,0.005692,0.01141,-0.001865,0.01153,-0.002094,0.009376,-0.001189,0.03591,0.01295,0.01357,-0.001471,0.01235,-0.001961,0.01135,-0.001213,0
1506099164494,true,1510.667,0,0.02257,0.005413,0.0114,-0.001855,0.01155,-0.00209,0.009396,-0.001183,0.0358,0.01296,0.01361,-0.001469,0.01238,-0.001959,0.0114,-0.001217,0
1506099164530,true,1510.724,0,0.02243,0.00496,0.0114,-0.001852,0.01156,-0.002094,0.00941,-0.001178,0.03581,0.01296,0.01364,-0.001477,0.01238,-0.001949,0.01143,-0.001217,0
1506099164566,true,1510.782,0,0.02207,0.004517,0.01138,-0.001852,0.01158,-0.002098,0.009418,-0.001178,0.03571,0.01305,0.01365,-0.001479,0.0124,-0.00195,0.01142,-0.001208,0
1506099164603,true,1510.839,0,0.02231,0.003741,0.01137,-0.001857,0.01157,-0.002099,0.009426,-0.001175,0.03614,0.01267,0.01365,-0.001478,0.0124,-0.00195,0.0114,-0.001196,0
1506099164758,true,1510.909,0,0.02229,0.003328,0.01131,-0.001853,0.01154,-0.002098,0.009415,-0.001176,0.03683,0.01193,0.01363,-0.001473,0.0124,-0.00195,0.01139,-0.00119,0
1506099164794,true,1510.967,0,0.02191,0.003161,0.01127,-0.001855,0.01151,-0.002099,0.009391,-0.001174,0.03732,0.01138,0.01363,-0.001472,0.01236,-0.001944,0.0114,-0.0012,0
1506099164830,true,1511.024,0,0.02177,0.002873,0.01122,-0.001836,0.01145,-0.002087,0.009365,-0.001167,0.037,0.01172,0.0136,-0.001464,0.01231,-0.00193,0.01137,-0.001196,0
1506099164866,true,1511.082,0,0.02104,0.002605,0.01122,-0.001828,0.01143,-0.002068,0.009381,-0.001161,0.03675,0.01197,0.01363,-0.001461,0.01234,-0.00192,0.01139,-0.001188,0
1506099164902,true,1511.139,0,0.02054,0.001825,0.01124,-0.001823,0.01147,-0.002071,0.009405,-0.001157,0.03682,0.01191,0.01366,-0.001455,0.0124,-0.001919,0.01142,-0.001173,0
1506099165058,true,1511.208,0,0.02047,0.001052,0.01126,-0.001822,0.01152,-0.002072,0.009426,-0.00115,0.03735,0.01133,0.01369,-0.001449,0.01245,-0.001922,0.01146,-0.001163,0
1506099165094,true,1511.266,0,0.02054,2.839E-4,0.01124,-0.001816,0.01157,-0.002075,0.009427,-0.001141,0.03819,0.01042,0.01373,-0.001451,0.0125,-0.001921,0.01153,-0.001159,0
1506099165130,true,1511.323,0,0.02023,-5.381E-4,0.01121,-0.001805,0.01161,-0.00208,0.009461,-0.001146,0.03868,0.0097,0.01375,-0.00145,0.01253,-0.001914,0.01157,-0.001158,0
1506099165166,true,1511.381,0,0.02016,-0.001541,0.01122,-0.001807,0.01163,-0.002083,0.009489,-0.001148,0.03865,0.009563,0.01377,-0.001451,0.01257,-0.001905,0.01161,-0.001154,0
1506099165203,true,1511.438,0,0.01912,-0.002303,0.01121,-0.001803,0.01164,-0.002085,0.009502,-0.001149,0.03878,0.009398,0.01378,-0.001452,0.01261,-0.001903,0.01162,-0.001144,0
1506099165358,true,1511.509,0,0.01813,-0.003107,0.01118,-0.001799,0.01164,-0.002087,0.009514,-0.00115,0.03898,0.009235,0.01376,-0.001439,0.01263,-0.001898,0.0116,-0.001124,0
1506099165394,true,1511.567,0,0.0177,-0.003592,0.01114,-0.001792,0.01164,-0.002093,0.009513,-0.001153,0.03943,0.008815,0.01375,-0.00143,0.01263,-0.001889,0.0116,-0.001109,0
1506099165430,true,1511.624,0,0.01727,-0.003919,0.01112,-0.001793,0.01165,-0.002097,0.009514,-0.001156,0.03978,0.008327,0.01377,-0.00143,0.01263,-0.001883,0.01161,-0.001105,0
1506099165467,true,1511.682,0,0.01723,-0.004494,0.01106,-0.001791,0.01162,-0.002094,0.009517,-0.001157,0.03971,0.008252,0.01376,-0.001431,0.01262,-0.001879,0.01161,-0.001101,0
1506099165503,true,1511.739,0,0.01666,-0.005162,0.01102,-0.00179,0.01158,-0.002096,0.009493,-0.001155,0.03953,0.008124,0.01374,-0.001429,0.01261,-0.001878,0.01159,-0.001094,0
1506099165609,true,1511.76,0,0.01596,-0.005961,0.01095,-0.001789,0.01155,-0.0021,0.009461,-0.001135,0.03946,0.008059,0.0137,-0.001419,0.01259,-0.001876,0.01155,-0.001084,0
1506099165645,true,1511.818,0,0.01543,-0.006596,0.01087,-0.001766,0.0115,-0.002084,0.009449,-0.001134,0.03947,0.007879,0.01362,-0.001399,0.01257,-0.001865,0.01152,-0.001066,0
1506099165681,true,1511.875,0,0.0149,-0.006709,0.01086,-0.001751,0.0115,-0.002068,0.00946,-0.001131,0.03972,0.007617,0.01363,-0.001387,0.01261,-0.001858,0.01155,-0.001051,0
1506099165717,true,1511.933,0,0.01456,-0.006313,0.01091,-0.001748,0.01157,-0.002069,0.009495,-0.00113,0.03962,0.007827,0.01367,-0.001386,0.01264,-0.001846,0.01162,-0.001044,0
1506099165753,true,1511.99,0,0.01441,-0.005911,0.01094,-0.00174,0.01163,-0.002066,0.009509,-0.00112,0.03894,0.008686,0.01371,-0.001381,0.01269,-0.001833,0.01168,-0.001027,0
1506099165908,true,1512.059,0,0.01418,-0.005438,0.011,-0.001737,0.01168,-0.002065,0.009566,-0.001119,0.03816,0.009744,0.01377,-0.001387,0.01275,-0.001827,0.01173,-0.00101,0
1506099165944,true,1512.117,0,0.01435,-0.005063,0.01106,-0.001731,0.01174,-0.002063,0.009589,-0.001106,0.03764,0.01074,0.0138,-0.001382,0.01281,-0.001826,0.01174,-9.901E-4,0
1506099165981,true,1512.174,0,0.01492,-0.004482,0.01112,-0.00173,0.01179,-0.002059,0.009628,-0.001106,0.03748,0.01119,0.01384,-0.001375,0.01286,-0.001821,0.01177,-9.73E-4,0
1506099166016,true,1512.232,0,0.01506,-0.003643,0.01116,-0.001729,0.01186,-0.002075,0.009687,-0.001114,0.03725,0.01162,0.01388,-0.001373,0.0129,-0.001819,0.01181,-9.594E-4,0
1506099166053,true,1512.289,0,0.01516,-0.002627,0.01118,-0.001725,0.01191,-0.002076,0.009717,-0.001118,0.03618,0.01289,0.01391,-0.001372,0.01293,-0.001816,0.01184,-9.57E-4,0
1506099166208,true,1512.36,0,0.01526,-0.001737,0.01122,-0.001729,0.01192,-0.002067,0.009744,-0.001118,0.03506,0.01425,0.01392,-0.001371,0.01294,-0.001813,0.01186,-9.485E-4,0
1506099166244,true,1512.418,0,0.01532,-0.001117,0.01122,-0.001731,0.01191,-0.002064,0.009747,-0.001115,0.03409,0.01561,0.01394,-0.001374,0.01293,-0.001809,0.01183,-9.32E-4,0
1506099166280,true,1512.475,0,0.0155,-6.957E-4,0.01124,-0.00173,0.01191,-0.002064,0.009763,-0.001116,0.03337,0.01668,0.01391,-0.001369,0.01292,-0.001806,0.01181,-9.196E-4,0
1506099166317,true,1512.533,0,0.01627,-7.004E-5,0.01125,-0.001735,0.01191,-0.002067,0.009766,-0.001115,0.03331,0.01682,0.0139,-0.001369,0.01289,-0.001803,0.01182,-9.215E-4,0
1506099166353,true,1512.59,0,0.01688,8.13E-4,0.01124,-0.001741,0.01189,-0.002068,0.009738,-0.001114,0.03321,0.01709,0.01387,-0.001369,0.01285,-0.001802,0.01179,-9.152E-4,0
1506099166483,true,1512.634,0,0.01742,0.001771,0.0112,-0.001727,0.01183,-0.002058,0.009717,-0.001108,0.03218,0.01816,0.01382,-0.001362,0.01278,-0.001787,0.01174,-9.031E-4,0
1506099166519,true,1512.692,0,0.01793,0.002608,0.01121,-0.001714,0.01182,-0.002048,0.009726,-0.001101,0.03105,0.01948,0.01383,-0.00136,0.01277,-0.001772,0.01175,-8.935E-4,0
1506099166556,true,1512.749,0,0.01836,0.00321,0.01127,-0.001707,0.01189,-0.002051,0.009759,-0.0011,0.02994,0.02101,0.01386,-0.001356,0.01281,-0.001768,0.01177,-8.832E-4,0
1506099166592,true,1512.807,0,0.01883,0.004168,0.01135,-0.001705,0.01196,-0.002053,0.009787,-0.001095,0.0293,0.02199,0.01389,-0.001356,0.01286,-0.001773,0.0118,-8.82E-4,0
1506099166628,true,1512.864,0,0.0193,0.005364,0.01141,-0.001709,0.01202,-0.002054,0.009823,-0.001098,0.029,0.02253,0.01392,-0.001356,0.01289,-0.001772,0.01182,-8.724E-4,0
