1506099256779,true,1603.036,0,0.02834,0.01524,0.01215,-0.001626,0.013,-0.002535,0.0103,-0.001218,0.02147,0.03533,0.01434,-0.001187,0.01373,-0.001745,0.01305,-0.00105,1
1506099256909,true,1603.081,0,0.02815,0.01513,0.0122,-0.001626,0.01306,-0.002537,0.01035,-0.001224,0.02137,0.03547,0.01442,-0.001189,0.0138,-0.001741,0.01311,-0.001048,1
1506099256946,true,1603.139,0,0.02784,0.01486,0.01226,-0.00163,0.01311,-0.002541,0.0104,-0.00123,0.02162,0.0353,0.01448,-0.001192,0.01388,-0.001746,0.01317,-0.001048,1
1506099256982,true,1603.196,0,0.0281,0.01425,0.01231,-0.001631,0.01317,-0.002544,0.01042,-0.001234,0.02191,0.03509,0.01454,-0.001194,0.01395,-0.001745,0.01321,-0.00104,1
1506099257018,true,1603.254,0,0.02822,0.01376,0.01234,-0.001629,0.01322,-0.00254,0.01045,-0.001234,0.02307,0.03395,0.01456,-0.001183,0.01399,-0.001743,0.01324,-0.001027,1
1506099257054,true,1603.311,0,0.02825,0.01363,0.01237,-0.001624,0.0133,-0.002546,0.01048,-0.001231,0.02437,0.0327,0.01459,-0.001173,0.01404,-0.001737,0.01329,-0.001021,1
1506099257209,true,1603.381,0,0.02836,0.01336,0.0124,-0.001623,0.01336,-0.002547,0.01052,-0.001234,0.02502,0.03196,0.01463,-0.001175,0.01408,-0.001733,0.01334,-0.001018,1
1506099257245,true,1603.439,0,0.02779,0.01337,0.0124,-0.001613,0.01339,-0.002546,0.01053,-0.001224,0.02503,0.03196,0.01466,-0.001178,0.01412,-0.001731,0.01338,-0.001023,1
1506099257282,true,1603.496,0,0.02754,0.01287,0.01243,-0.001623,0.0134,-0.002552,0.01055,-0.00122,0.02519,0.03181,0.01467,-0.001179,0.01414,-0.001736,0.01337,-0.001017,1
1506099257318,true,1603.554,0,0.02753,0.0124,0.01242,-0.00163,0.01339,-0.002558,0.01053,-0.001216,0.0257,0.03139,0.01465,-0.001172,0.01414,-0.001743,0.01336,-0.001013,1
1506099257354,true,1603.611,0,0.02784,0.01227,0.0124,-0.001641,0.01338,-0.002563,0.01051,-0.001217,0.02654,0.03054,0.01462,-0.001169,0.01415,-0.00175,0.01332,-0.001009,1
1506099257509,true,1603.681,0,0.02759,0.01226,0.01233,-0.00164,0.01337,-0.002569,0.01048,-0.001215,0.02699,0.03003,0.0146,-0.001169,0.0141,-0.001751,0.01327,-0.001006,1
1506099257545,true,1603.739,0,0.02771,0.01218,0.01228,-0.001627,0.01333,-0.00256,0.01045,-0.001211,0.02679,0.03019,0.01459,-0.001165,0.01407,-0.001743,0.01325,-0.001003,1
1506099257582,true,1603.796,0,0.02761,0.01197,0.0123,-0.001619,0.01335,-0.002556,0.01044,-0.001203,0.02673,0.03033,0.01463,-0.00117,0.0141,-0.001743,0.01327,-0.001004,1
1506099257618,true,1603.854,0,0.02716,0.01166,0.01232,-0.001623,0.01341,-0.002561,0.01047,-0.001209,0.02674,0.03044,0.01464,-0.00117,0.01414,-0.001746,0.01329,-0.001006,1
1506099257654,true,1603.911,0,0.02731,0.01106,0.01235,-0.001626,0.01345,-0.002557,0.01049,-0.001216,0.02723,0.02988,0.01466,-0.001167,0.01417,-0.001747,0.01332,-0.001002,1
1506099257785,true,1603.956,0,0.02714,0.01095,0.01235,-0.001623,0.0135,-0.002568,0.01051,-0.001216,0.02808,0.02901,0.01467,-0.001159,0.01418,-0.001744,0.01333,-0.001001,1
1506099257821,true,1604.014,0,0.0271,0.01085,0.01237,-0.001628,0.01355,-0.002573,0.01052,-0.001221,0.02835,0.02864,0.01469,-0.001158,0.01421,-0.00174,0.01336,-0.001002,1
1506099257857,true,1604.071,0,0.02679,0.01101,0.01237,-0.00163,0.0136,-0.002578,0.01055,-0.00122,0.02832,0.02876,0.01473,-0.001163,0.01424,-0.001743,0.01338,-0.001007,1
1506099257893,true,1604.129,0,0.02689,0.01097,0.01238,-0.001634,0.01362,-0.002576,0.01056,-0.001215,0.02827,0.02878,0.01474,-0.001165,0.01425,-0.001744,0.0134,-0.001003,1
1506099257929,true,1604.186,0,0.0264,0.01093,0.01239,-0.001644,0.01365,-0.002588,0.01055,-0.001213,0.02837,0.0288,0.01471,-0.001159,0.01427,-0.00175,0.01338,-0.001002,1
1506099258085,true,1604.256,0,0.02687,0.01063,0.01236,-0.00165,0.01363,-0.002584,0.01053,-0.001204,0.02868,0.02847,0.01468,-0.001154,0.01427,-0.001765,0.01336,-0.001004,1
1506099258121,true,1604.314,0,0.02705,0.01077,0.0123,-0.001652,0.0136,-0.002587,0.01051,-0.001206,0.029,0.02807,0.01466,-0.001151,0.01423,-0.001774,0.01333,-0.00101,1
1506099258157,true,1604.371,0,0.02664,0.01096,0.01224,-0.001662,0.01352,-0.002586,0.01048,-0.001205,0.02872,0.02823,0.01463,-0.001163,0.01416,-0.001775,0.01328,-0.001018,1
1506099258193,true,1604.429,0,0.02637,0.01095,0.01216,-0.001668,0.01346,-0.00259,0.01046,-0.001202,0.02821,0.02862,0.01458,-0.001169,0.01411,-0.001784,0.01321,-0.001023,1
1506099258229,true,1604.486,0,0.02617,0.01063,0.01206,-0.001665,0.01337,-0.002587,0.01041,-0.001206,0.02809,0.02877,0.01449,-0.001166,0.01403,-0.001784,0.0131,-0.001019,1
1506099258360,true,1604.532,0,0.02603,0.01025,0.01199,-0.001657,0.01329,-0.002576,0.01036,-0.0012,0.02828,0.02855,0.01443,-0.001159,0.01398,-0.001779,0.01302,-0.001004,1
1506099258396,true,1604.59,0,0.026,0.01015,0.01197,-0.001655,0.0133,-0.00257,0.01037,-0.001208,0.02869,0.02787,0.01442,-0.001159,0.01398,-0.001788,0.01301,-0.001009,1
1506099258432,true,1604.647,0,0.02576,0.01025,0.01197,-0.00166,0.01332,-0.002569,0.01037,-0.001207,0.02876,0.02761,0.01442,-0.001163,0.01396,-0.001785,0.01302,-0.00102,1
1506099258468,true,1604.705,0,0.02571,0.01026,0.01195,-0.001658,0.01334,-0.00257,0.01038,-0.001216,0.02828,0.02791,0.01442,-0.001174,0.01396,-0.00179,0.01301,-0.001026,1
1506099258505,true,1604.762,0,0.02544,0.01032,0.01194,-0.001659,0.01334,-0.002576,0.01037,-0.001216,0.02787,0.02828,0.01439,-0.001176,0.01396,-0.001795,0.01298,-0.001031,1
1506099258635,true,1604.807,0,0.02548,0.009967,0.01194,-0.001665,0.01333,-0.002581,0.01035,-0.001217,0.02747,0.02867,0.01437,-0.001176,0.01397,-0.001802,0.01294,-0.001025,1
1506099258671,true,1604.865,0,0.02545,0.0099,0.01192,-0.00167,0.01334,-0.002593,0.01034,-0.001224,0.02783,0.02823,0.01434,-0.001178,0.01396,-0.001808,0.01293,-0.001029,1
1506099258707,true,1604.922,0,0.02506,0.0102,0.01189,-0.001674,0.01335,-0.002607,0.01032,-0.001229,0.02848,0.02756,0.01433,-0.001186,0.01392,-0.001811,0.01291,-0.001037,1
1506099258743,true,1604.98,0,0.02469,0.01057,0.01185,-0.001684,0.0133,-0.002609,0.0103,-0.001237,0.02799,0.02781,0.01429,-0.001187,0.01388,-0.001816,0.01287,-0.001045,1
1506099258779,true,1605.037,0,0.02464,0.01056,0.01182,-0.001695,0.01326,-0.002616,0.01027,-0.001246,0.02737,0.02828,0.01423,-0.001194,0.01383,-0.001821,0.01282,-0.001058,1
1506099258935,true,1605.106,0,0.02462,0.01035,0.01175,-0.001703,0.01317,-0.002616,0.01023,-0.001254,0.02686,0.02869,0.01417,-0.001195,0.01377,-0.001831,0.01273,-0.001062,1
1506099258971,true,1605.164,0,0.02439,0.01004,0.01167,-0.001712,0.0131,-0.002624,0.01017,-0.001254,0.02652,0.02898,0.01407,-0.001194,0.01369,-0.001838,0.01264,-0.001068,1
1506099259007,true,1605.221,0,0.02458,0.009987,0.01159,-0.001721,0.01301,-0.002629,0.01011,-0.001264,0.02673,0.02853,0.01398,-0.001197,0.01359,-0.00184,0.01256,-0.001072,1
1506099259043,true,1605.279,0,0.02495,0.009927,0.01149,-0.001708,0.01291,-0.002616,0.01004,-0.001264,0.02721,0.02789,0.01391,-0.001195,0.01349,-0.001835,0.01249,-0.001071,1
1506099259080,true,1605.336,0,0.02469,0.01005,0.01147,-0.001707,0.01288,-0.002612,0.01001,-0.001269,0.02675,0.02807,0.0139,-0.001203,0.01345,-0.001827,0.01247,-0.001079,1
1506099259235,true,1605.406,0,0.0246,0.01009,0.01149,-0.001712,0.01288,-0.002614,0.009987,-0.001266,0.02642,0.0283,0.0139,-0.001212,0.01344,-0.001829,0.01246,-0.001081,1
1506099259271,true,1605.464,0,0.02475,0.009939,0.01149,-0.001716,0.01286,-0.00262,0.009962,-0.001271,0.02604,0.02869,0.01388,-0.001214,0.01344,-0.001836,0.01244,-0.001082,1
1506099259307,true,1605.521,0,0.02509,0.009644,0.01147,-0.001716,0.01284,-0.002613,0.009918,-0.001273,0.02594,0.02866,0.01384,-0.001217,0.01343,-0.001843,0.01242,-0.001081,1
1506099259343,true,1605.579,0,0.02504,0.009974,0.01146,-0.001721,0.01283,-0.002608,0.009883,-0.001278,0.02623,0.02824,0.01382,-0.00122,0.01341,-0.001846,0.01241,-0.001077,1
1506099259379,true,1605.636,0,0.02504,0.01032,0.01148,-0.001731,0.01284,-0.002614,0.009863,-0.001281,0.02595,0.02834,0.01381,-0.001227,0.01339,-0.001846,0.0124,-0.001081,1
1506099259510,true,1605.682,0,0.02479,0.01059,0.01147,-0.001738,0.01283,-0.00262,0.00985,-0.001281,0.02518,0.02902,0.0138,-0.001237,0.01336,-0.001846,0.01239,-0.001089,1
1506099259546,true,1605.74,0,0.02423,0.0108,0.01147,-0.001751,0.0128,-0.002625,0.009833,-0.001286,0.02462,0.0295,0.01376,-0.001244,0.01334,-0.001854,0.01234,-0.001092,1
1506099259582,true,1605.797,0,0.02422,0.01042,0.01144,-0.001762,0.01275,-0.002632,0.009798,-0.001284,0.02415,0.02984,0.0137,-0.001243,0.01328,-0.001854,0.01229,-0.001093,1
1506099259618,true,1605.855,0,0.02428,0.01031,0.0114,-0.001774,0.01269,-0.002638,0.009754,-0.001289,0.0243,0.02949,0.01364,-0.001244,0.01321,-0.001859,0.01221,-0.001086,1
1506099259655,true,1605.912,0,0.02446,0.01031,0.01133,-0.001786,0.01262,-0.002639,0.009704,-0.001295,0.02475,0.02899,0.01358,-0.001248,0.01315,-0.001863,0.01215,-0.001083,1
1506099259810,true,1605.981,0,0.02448,0.01035,0.01123,-0.001787,0.01253,-0.002638,0.009658,-0.001298,0.02457,0.02902,0.0135,-0.001251,0.01303,-0.001854,0.01207,-0.001085,1
1506099259846,true,1606.039,0,0.02447,0.01039,0.01115,-0.001773,0.01244,-0.002628,0.009616,-0.0013,0.0238,0.02956,0.01346,-0.001249,0.01296,-0.001839,0.01201,-0.001077,1
1506099259882,true,1606.096,0,0.02432,0.01034,0.01118,-0.001775,0.01243,-0.002632,0.009588,-0.001294,0.02321,0.0301,0.01347,-0.001255,0.01296,-0.00184,0.01198,-0.001071,1
1506099259918,true,1606.154,0,0.02421,0.0104,0.01122,-0.001787,0.01245,-0.002633,0.009574,-0.001294,0.02284,0.03042,0.0135,-0.001259,0.01296,-0.001835,0.01196,-0.00106,1
1506099259955,true,1606.211,0,0.02448,0.01032,0.01123,-0.001791,0.01246,-0.002635,0.009565,-0.001299,0.02311,0.03013,0.01351,-0.001264,0.01297,-0.001837,0.01197,-0.001054,1
1506099260085,true,1606.257,0,0.02434,0.0108,0.01123,-0.001789,0.01246,-0.002625,0.009568,-0.001302,0.02305,0.0301,0.01353,-0.001264,0.01296,-0.001834,0.01199,-0.001052,1
1506099260121,true,1606.315,0,0.02405,0.01127,0.01124,-0.001788,0.0125,-0.002633,0.009559,-0.001305,0.02246,0.03063,0.01356,-0.001273,0.01297,-0.001827,0.01201,-0.001051,1
1506099260157,true,1606.372,0,0.02407,0.01145,0.01126,-0.001788,0.01252,-0.002635,0.009568,-0.001305,0.02185,0.03123,0.01358,-0.001278,0.01298,-0.001821,0.01202,-0.001049,1
1506099260193,true,1606.43,0,0.02415,0.01122,0.01127,-0.001793,0.01252,-0.002637,0.009548,-0.001298,0.02137,0.03179,0.01357,-0.001273,0.013,-0.001824,0.01201,-0.001049,1
1506099260229,true,1606.487,0,0.02438,0.01103,0.01127,-0.001796,0.01253,-0.002645,0.00954,-0.001296,0.0214,0.03181,0.01356,-0.001273,0.013,-0.001829,0.01202,-0.00105,1
1506099260385,true,1606.557,0,0.02471,0.01113,0.01124,-0.001803,0.01253,-0.002645,0.009524,-0.001295,0.02174,0.03135,0.01353,-0.001268,0.01296,-0.001825,0.012,-0.00105,1
1506099260421,true,1606.615,0,0.02507,0.01125,0.01122,-0.001815,0.0125,-0.002645,0.009516,-0.001297,0.02179,0.03135,0.0135,-0.001266,0.01291,-0.001823,0.01199,-0.001056,1
1506099260457,true,1606.672,0,0.02529,0.01148,0.01118,-0.001827,0.01244,-0.002646,0.009498,-0.001295,0.02141,0.03178,0.01346,-0.001268,0.01285,-0.001813,0.01195,-0.001053,1
1506099260493,true,1606.73,0,0.02506,0.01166,0.01112,-0.001833,0.01235,-0.002635,0.009487,-0.001298,0.02111,0.03225,0.01342,-0.001272,0.0128,-0.001812,0.01189,-0.001049,1
1506099260529,true,1606.787,0,0.02501,0.01167,0.01103,-0.001813,0.01226,-0.002614,0.009443,-0.001298,0.02067,0.03288,0.01337,-0.001258,0.01274,-0.001802,0.01181,-0.001028,1
1506099260660,true,1606.832,0,0.02496,0.01177,0.01102,-0.001801,0.01224,-0.002592,0.009433,-0.001292,0.02071,0.0328,0.01338,-0.001255,0.01275,-0.001795,0.01181,-0.00102,1
1506099260696,true,1606.89,0,0.02478,0.01212,0.01106,-0.001805,0.01228,-0.002596,0.009419,-0.001282,0.02084,0.03274,0.0134,-0.001252,0.01277,-0.001792,0.01183,-0.001014,1
1506099260732,true,1606.947,0,0.02449,0.01241,0.0111,-0.00181,0.01233,-0.002596,0.009442,-0.001285,0.02037,0.03324,0.01344,-0.001254,0.01279,-0.001785,0.01186,-0.001009,1
1506099260768,true,1607.005,0,0.02402,0.01273,0.01115,-0.001815,0.01236,-0.002594,0.009461,-0.001287,0.01991,0.0337,0.01348,-0.001251,0.01281,-0.001776,0.0119,-0.001007,1
1506099260805,true,1607.062,0,0.02382,0.0127,0.01116,-0.00181,0.0124,-0.0026,0.00948,-0.001288,0.01953,0.03414,0.0135,-0.001249,0.01284,-0.001767,0.01188,-9.872E-4,1
1506099260960,true,1607.132,0,0.02417,0.01238,0.01122,-0.001818,0.01244,-0.002601,0.009497,-0.001288,0.0195,0.03427,0.01352,-0.001245,0.0129,-0.001769,0.01191,-9.786E-4,1
1506099260996,true,1607.19,0,0.02483,0.01225,0.01124,-0.001821,0.01248,-0.002595,0.009487,-0.00128,0.01969,0.03402,0.01352,-0.001238,0.01294,-0.001771,0.01193,-9.706E-4,1
1506099261032,true,1607.247,0,0.0251,0.01249,0.01123,-0.001825,0.0125,-0.002592,0.009515,-0.001282,0.02007,0.03367,0.01353,-0.001233,0.01294,-0.001763,0.01193,-9.666E-4,1
1506099261068,true,1607.305,0,0.02559,0.01261,0.01124,-0.001827,0.0125,-0.002595,0.009529,-0.001287,0.01999,0.03386,0.01353,-0.001232,0.01294,-0.00176,0.01193,-9.682E-4,1
1506099261104,true,1607.362,0,0.02534,0.01291,0.01122,-0.001834,0.01248,-0.002602,0.009526,-0.001288,0.01982,0.03406,0.0135,-0.001228,0.01293,-0.001755,0.01191,-9.61E-4,1
1506099261235,true,1607.407,0,0.02581,0.01261,0.01119,-0.001835,0.01244,-0.002609,0.009509,-0.001284,0.01969,0.03433,0.01347,-0.001225,0.0129,-0.001752,0.01186,-9.499E-4,1
1506099261272,true,1607.465,0,0.02598,0.01249,0.01114,-0.00184,0.01238,-0.002608,0.009493,-0.001289,0.01985,0.03424,0.01342,-0.001222,0.01286,-0.001751,0.01182,-9.48E-4,1
1506099261308,true,1607.522,0,0.0261,0.0127,0.01109,-0.001846,0.01232,-0.002607,0.00946,-0.00129,0.02024,0.0339,0.01336,-0.001215,0.01281,-0.001748,0.01177,-9.45E-4,1
1506099261344,true,1607.58,0,0.02599,0.01276,0.01105,-0.001861,0.01224,-0.002607,0.009426,-0.001292,0.01992,0.03422,0.01328,-0.001206,0.01274,-0.001742,0.01171,-9.434E-4,1
1506099261380,true,1607.637,0,0.02575,0.01304,0.01093,-0.001855,0.01212,-0.002597,0.009394,-0.001291,0.01941,0.03469,0.01321,-0.001196,0.01264,-0.00173,0.01165,-9.398E-4,1
1506099261535,true,1607.707,0,0.02512,0.01306,0.01086,-0.001834,0.01205,-0.002575,0.009342,-0.001282,0.01905,0.03504,0.01316,-0.00118,0.0126,-0.001713,0.0116,-9.225E-4,1
1506099261571,true,1607.765,0,0.02482,0.01292,0.01088,-0.001833,0.01206,-0.002568,0.009324,-0.001277,0.01907,0.03511,0.01314,-0.001163,0.01264,-0.001715,0.0116,-9.176E-4,1
1506099261607,true,1607.822,0,0.0251,0.01272,0.01089,-0.00183,0.01209,-0.002563,0.009332,-0.001281,0.01947,0.03465,0.01316,-0.001156,0.01266,-0.001708,0.01162,-9.15E-4,1
1506099261643,true,1607.88,0,0.0249,0.01292,0.01089,-0.001833,0.01209,-0.002559,0.009334,-0.001286,0.01998,0.03406,0.01316,-0.001151,0.01267,-0.0017,0.01164,-9.158E-4,1
1506099261680,true,1607.937,0,0.02469,0.0131,0.01091,-0.001833,0.01208,-0.002558,0.009299,-0.001284,0.01999,0.03403,0.01316,-0.00115,0.01265,-0.001685,0.01165,-9.148E-4,1
1506099261835,true,1608.008,0,0.02464,0.01302,0.01092,-0.001838,0.01208,-0.002564,0.009282,-0.001277,0.01975,0.03418,0.01315,-0.001143,0.01267,-0.001686,0.01162,-9.04E-4,1
1506099261871,true,1608.066,0,0.02489,0.01265,0.0109,-0.001834,0.0121,-0.002572,0.009282,-0.001279,0.01971,0.03429,0.01314,-0.001141,0.01268,-0.001681,0.01159,-8.93E-4,1
1506099261907,true,1608.123,0,0.02519,0.01237,0.01091,-0.001843,0.0121,-0.00258,0.00925,-0.001276,0.02021,0.03386,0.01309,-0.001129,0.01267,-0.00168,0.01155,-8.826E-4,1
1506099261944,true,1608.181,0,0.02547,0.01229,0.01086,-0.001839,0.01208,-0.002582,0.009201,-0.001271,0.02078,0.0332,0.01305,-0.001116,0.01264,-0.001674,0.01151,-8.718E-4,1
1506099261980,true,1608.238,0,0.02546,0.0125,0.0108,-0.001837,0.01203,-0.00258,0.00915,-0.001271,0.02084,0.03313,0.01302,-0.001109,0.01261,-0.00167,0.01148,-8.769E-4,1
1506099262110,true,1608.283,0,0.02509,0.01269,0.01075,-0.00184,0.01198,-0.002584,0.009105,-0.001272,0.0204,0.03347,0.01296,-0.001098,0.01256,-0.001663,0.01145,-8.794E-4,1
1506099262146,true,1608.341,0,0.02421,0.01278,0.01067,-0.001839,0.01191,-0.002584,0.009035,-0.00126,0.0201,0.03363,0.0129,-0.001092,0.01251,-0.001658,0.01138,-8.711E-4,1
1506099262182,true,1608.398,0,0.02362,0.01265,0.0106,-0.001841,0.01182,-0.002586,0.008985,-0.001255,0.02007,0.03369,0.0128,-0.001077,0.01244,-0.001655,0.0113,-8.66E-4,1
1506099262218,true,1608.456,0,0.02349,0.01237,0.01048,-0.001826,0.01175,-0.002586,0.008918,-0.001254,0.02062,0.03298,0.0127,-0.001057,0.01236,-0.001648,0.01124,-8.62E-4,1
1506099262254,true,1608.513,0,0.02342,0.01237,0.01044,-0.001814,0.01171,-0.002572,0.008868,-0.001247,0.02123,0.03228,0.01268,-0.001049,0.01232,-0.001636,0.01122,-8.558E-4,1
1506099262385,true,1608.558,0,0.02333,0.01237,0.01043,-0.001807,0.01175,-0.002578,0.008877,-0.001252,0.02117,0.03226,0.01267,-0.00104,0.01233,-0.001628,0.01126,-8.638E-4,1
1506099262421,true,1608.616,0,0.02299,0.01246,0.01045,-0.001803,0.01175,-0.002577,0.008872,-0.00125,0.02092,0.03245,0.01269,-0.00104,0.01235,-0.001624,0.01128,-8.581E-4,1
1506099262457,true,1608.673,0,0.0225,0.01258,0.01046,-0.001799,0.01177,-0.002579,0.008852,-0.001243,0.02069,0.03276,0.01268,-0.001034,0.01237,-0.001617,0.01127,-8.541E-4,1
1506099262493,true,1608.731,0,0.0224,0.0125,0.01045,-0.001794,0.01178,-0.002586,0.008834,-0.001239,0.02074,0.03271,0.01268,-0.001027,0.01238,-0.001614,0.01124,-8.384E-4,1
1506099262529,true,1608.788,0,0.02256,0.01274,0.01046,-0.001792,0.0118,-0.002589,0.008815,-0.001238,0.02112,0.03232,0.01268,-0.00102,0.0124,-0.001612,0.01125,-8.283E-4,1
1506099262684,true,1608.857,0,0.02231,0.01294,0.01045,-0.001792,0.01182,-0.002595,0.008807,-0.001243,0.02115,0.03226,0.01268,-0.001022,0.01241,-0.001608,0.01124,-8.253E-4,1
1506099262720,true,1608.915,0,0.02254,0.0131,0.01044,-0.001792,0.01184,-0.002598,0.008789,-0.001234,0.02083,0.0327,0.01269,-0.00102,0.0124,-0.001601,0.01124,-8.252E-4,1
1506099262756,true,1608.972,0,0.02229,0.01317,0.01043,-0.001789,0.01184,-0.002607,0.008768,-0.001234,0.02039,0.03324,0.01269,-0.00102,0.01239,-0.001598,0.01122,-8.223E-4,1
1506099262792,true,1609.03,0,0.02224,0.0129,0.01039,-0.001789,0.01181,-0.002607,0.00873,-0.001222,0.02006,0.03367,0.01267,-0.001019,0.01237,-0.001597,0.01119,-8.195E-4,1
1506099262829,true,1609.087,0,0.02211,0.01264,0.01036,-0.001791,0.01178,-0.002605,0.0087,-0.001221,0.02037,0.03333,0.01262,-0.001009,0.01235,-0.001595,0.01115,-8.166E-4,1
1506099262984,true,1609.156,0,0.02229,0.01265,0.0103,-0.00179,0.01172,-0.002604,0.00865,-0.001218,0.02075,0.03285,0.01256,-9.964E-4,0.01231,-0.001597,0.01111,-8.157E-4,1
1506099263020,true,1609.214,0,0.0218,0.01308,0.01023,-0.001785,0.01166,-0.002602,0.008621,-0.001219,0.02082,0.03269,0.01253,-9.981E-4,0.01226,-0.00159,0.01106,-8.144E-4,1
1506099263056,true,1609.271,0,0.02166,0.01327,0.01014,-0.001757,0.01159,-0.002581,0.008571,-0.00121,0.02044,0.03306,0.0125,-9.913E-4,0.0122,-0.001576,0.01099,-7.979E-4,1
1506099263093,true,1609.329,0,0.02188,0.01301,0.01016,-0.001751,0.0116,-0.002582,0.00855,-0.001203,0.01994,0.03357,0.01252,-9.93E-4,0.01221,-0.001566,0.01098,-7.881E-4,1
1506099263128,true,1609.386,0,0.02154,0.01296,0.01021,-0.001746,0.01167,-0.002582,0.008571,-0.001209,0.0197,0.03394,0.01256,-9.921E-4,0.01225,-0.001562,0.011,-7.795E-4,1
1506099263259,true,1609.432,0,0.02189,0.01297,0.01025,-0.001744,0.01172,-0.002581,0.008572,-0.001207,0.02015,0.03354,0.01259,-9.874E-4,0.0123,-0.001558,0.01104,-7.715E-4,1
1506099263295,true,1609.49,0,0.02222,0.01318,0.01027,-0.001735,0.01177,-0.002573,0.00858,-0.001204,0.02034,0.03337,0.01264,-9.888E-4,0.01235,-0.001554,0.01107,-7.734E-4,1
1506099263331,true,1609.547,0,0.02188,0.01364,0.01031,-0.00173,0.01182,-0.002572,0.0086,-0.001204,0.02005,0.03373,0.01267,-9.858E-4,0.01238,-0.00155,0.01109,-7.616E-4,1
1506099263367,true,1609.605,0,0.02182,0.01374,0.01036,-0.001729,0.01188,-0.00257,0.008601,-0.0012,0.01967,0.03398,0.0127,-9.884E-4,0.01242,-0.001545,0.01113,-7.588E-4,1
1506099263404,true,1609.662,0,0.02174,0.01349,0.01041,-0.001732,0.01193,-0.002576,0.00861,-0.001192,0.01929,0.03455,0.01272,-9.837E-4,0.01247,-0.001544,0.01114,-7.451E-4,1
1506099263534,true,1609.706,0,0.0219,0.01309,0.01045,-0.001741,0.01196,-0.002578,0.008621,-0.001189,0.01951,0.03433,0.01273,-9.791E-4,0.0125,-0.001547,0.01118,-7.509E-4,1
1506099263570,true,1609.764,0,0.02213,0.01319,0.01045,-0.001738,0.01196,-0.002573,0.008623,-0.001192,0.02,0.03382,0.01274,-9.812E-4,0.01252,-0.001546,0.0112,-7.512E-4,1
1506099263606,true,1609.821,0,0.02198,0.01341,0.01044,-0.001739,0.01196,-0.002573,0.008618,-0.001189,0.02024,0.03354,0.01274,-9.83E-4,0.0125,-0.001538,0.01118,-7.46E-4,1
1506099263643,true,1609.879,0,0.02219,0.01358,0.0104,-0.00173,0.01192,-0.002568,0.008595,-0.001177,0.01997,0.03377,0.01274,-9.825E-4,0.01247,-0.001536,0.01117,-7.443E-4,1
1506099263679,true,1609.936,0,0.02229,0.01372,0.01035,-0.001726,0.01188,-0.002566,0.008585,-0.001174,0.01961,0.03417,0.01271,-9.871E-4,0.01243,-0.001531,0.01113,-7.385E-4,1
1506099263834,true,1610.007,0,0.02235,0.01359,0.01032,-0.001727,0.01182,-0.002561,0.008567,-0.001172,0.01922,0.03455,0.01269,-9.882E-4,0.01238,-0.001523,0.01107,-7.3E-4,1
1506099263870,true,1610.065,0,0.02253,0.01353,0.01028,-0.001725,0.01176,-0.002556,0.008532,-0.001168,0.01939,0.03437,0.01265,-9.887E-4,0.01233,-0.001524,0.01102,-7.294E-4,1
1506099263906,true,1610.122,0,0.02278,0.01371,0.01018,-0.001699,0.01167,-0.002538,0.008494,-0.00116,0.01969,0.03406,0.01261,-9.705E-4,0.01229,-0.00152,0.01096,-7.209E-4,1
1506099263943,true,1610.18,0,0.02287,0.01378,0.01021,-0.001693,0.01168,-0.002526,0.008476,-0.001155,0.01965,0.03411,0.01264,-9.716E-4,0.0123,-0.001515,0.01097,-7.192E-4,1
1506099263978,true,1610.237,0,0.02264,0.01399,0.01028,-0.001693,0.01172,-0.002517,0.008484,-0.001156,0.0192,0.0346,0.01269,-9.736E-4,0.01234,-0.001511,0.01101,-7.187E-4,1
1506099264109,true,1610.283,0,0.02236,0.01378,0.01034,-0.001692,0.01178,-0.002517,0.008511,-0.001155,0.01893,0.03495,0.01274,-9.769E-4,0.0124,-0.001507,0.01104,-7.117E-4,1
1506099264145,true,1610.341,0,0.02232,0.01342,0.01039,-0.001689,0.01182,-0.002514,0.008525,-0.001151,0.01887,0.03503,0.01277,-9.765E-4,0.01244,-0.001505,0.01108,-7.108E-4,1
1506099264181,true,1610.398,0,0.02277,0.01314,0.01041,-0.001687,0.01186,-0.002509,0.008544,-0.001153,0.01921,0.03457,0.01278,-9.664E-4,0.01247,-0.0015,0.0111,-7.009E-4,1
1506099264218,true,1610.456,0,0.02252,0.01343,0.01046,-0.001689,0.0119,-0.002505,0.008557,-0.001145,0.01975,0.034,0.01281,-9.646E-4,0.01249,-0.001493,0.01112,-6.946E-4,1
1506099264254,true,1610.513,0,0.02237,0.01354,0.01047,-0.001689,0.01191,-0.002497,0.008573,-0.001141,0.0193,0.03442,0.01283,-9.658E-4,0.01251,-0.001491,0.01115,-6.946E-4,1
1506099264408,true,1610.582,0,0.0221,0.01366,0.01049,-0.001693,0.01192,-0.002497,0.008575,-0.001142,0.01909,0.03459,0.01284,-9.666E-4,0.01252,-0.001482,0.01116,-6.913E-4,1
1506099264445,true,1610.64,0,0.02201,0.01357,0.0105,-0.001699,0.0119,-0.002495,0.008565,-0.001134,0.01893,0.03486,0.01283,-9.643E-4,0.01253,-0.001486,0.01114,-6.894E-4,1
1506099264481,true,1610.697,0,0.02204,0.01343,0.0105,-0.001704,0.01187,-0.002489,0.008557,-0.001138,0.01903,0.03467,0.0128,-9.582E-4,0.01252,-0.001491,0.01113,-6.921E-4,1
1506099264517,true,1610.755,0,0.02169,0.01363,0.01049,-0.001705,0.01184,-0.00249,0.008539,-0.001135,0.01946,0.03427,0.01279,-9.609E-4,0.01249,-0.001491,0.0111,-6.89E-4,1
1506099264553,true,1610.812,0,0.02172,0.01388,0.01044,-0.001705,0.01181,-0.002495,0.008529,-0.00114,0.01949,0.03408,0.01277,-9.618E-4,0.01243,-0.001482,0.01108,-6.935E-4,1
1506099264709,true,1610.883,0,0.02162,0.01396,0.01039,-0.001708,0.01178,-0.002502,0.008525,-0.001141,0.01919,0.03442,0.01275,-9.636E-4,0.01238,-0.001479,0.01105,-6.969E-4,1
1506099264745,true,1610.941,0,0.02122,0.01379,0.01031,-0.001695,0.01169,-0.002491,0.008505,-0.001141,0.01882,0.03468,0.01271,-9.578E-4,0.01233,-0.001471,0.011,-6.951E-4,1
1506099264781,true,1610.998,0,0.02119,0.01351,0.01033,-0.001684,0.01168,-0.002478,0.008485,-0.001135,0.0187,0.03477,0.01268,-9.419E-4,0.01235,-0.001474,0.01097,-6.844E-4,1
1506099264818,true,1611.056,0,0.0214,0.01326,0.01035,-0.001677,0.01172,-0.002478,0.0085,-0.001137,0.01931,0.03412,0.01269,-9.399E-4,0.01238,-0.00147,0.01099,-6.816E-4,1
1506099264854,true,1611.113,0,0.02146,0.01339,0.01039,-0.00168,0.01175,-0.002471,0.008525,-0.001137,0.02001,0.03338,0.01272,-9.4E-4,0.01241,-0.001467,0.01104,-6.84E-4,1
1506099264984,true,1611.157,0,0.02113,0.01371,0.0104,-0.00168,0.01178,-0.00247,0.008539,-0.00114,0.02002,0.03335,0.01276,-9.462E-4,0.01242,-0.001457,0.01107,-6.835E-4,1
1506099265020,true,1611.215,0,0.02084,0.01405,0.01042,-0.001679,0.01179,-0.002473,0.008535,-0.001131,0.01972,0.03364,0.01279,-9.484E-4,0.01243,-0.001457,0.01108,-6.792E-4,1
1506099265057,true,1611.272,0,0.02036,0.01409,0.01044,-0.001682,0.01182,-0.002476,0.008549,-0.001127,0.01935,0.03407,0.0128,-9.39E-4,0.01245,-0.001455,0.01109,-6.732E-4,1
1506099265092,true,1611.33,0,0.0204,0.01397,0.01046,-0.001683,0.01184,-0.002481,0.008547,-0.001129,0.01937,0.03416,0.01279,-9.361E-4,0.01246,-0.001453,0.01109,-6.662E-4,1
1506099265129,true,1611.387,0,0.02035,0.01401,0.01046,-0.001684,0.01183,-0.002481,0.008539,-0.001123,0.01981,0.03372,0.01279,-9.314E-4,0.01247,-0.001458,0.01107,-6.569E-4,1
1506099265284,true,1611.458,0,0.02058,0.0141,0.01046,-0.001688,0.01184,-0.002488,0.008533,-0.001129,0.01983,0.03381,0.01278,-9.308E-4,0.01247,-0.001459,0.01105,-6.559E-4,1
1506099265320,true,1611.516,0,0.02048,0.01421,0.01044,-0.001697,0.01182,-0.002493,0.008531,-0.001133,0.01948,0.03419,0.01277,-9.299E-4,0.01245,-0.001456,0.01103,-6.522E-4,1
1506099265356,true,1611.573,0,0.02028,0.01415,0.01042,-0.001699,0.01178,-0.002495,0.008526,-0.001138,0.01893,0.03476,0.01275,-9.357E-4,0.01243,-0.001459,0.01101,-6.529E-4,1
1506099265393,true,1611.631,0,0.02032,0.01367,0.01039,-0.001701,0.01173,-0.002499,0.008495,-0.001129,0.01875,0.035,0.01271,-9.319E-4,0.01239,-0.001461,0.01095,-6.469E-4,1
1506099265429,true,1611.688,0,0.02041,0.01342,0.01034,-0.00169,0.01166,-0.002496,0.008475,-0.001131,0.01888,0.03474,0.01264,-9.247E-4,0.01233,-0.001451,0.01091,-6.445E-4,1
1506099265559,true,1611.732,0,0.02046,0.01356,0.01035,-0.001682,0.01166,-0.002491,0.008464,-0.00113,0.01951,0.03409,0.01265,-9.177E-4,0.01231,-0.001449,0.01091,-6.431E-4,1
1506099265595,true,1611.79,0,0.02044,0.01381,0.0104,-0.001686,0.01171,-0.002492,0.008487,-0.001133,0.01956,0.03402,0.01268,-9.166E-4,0.01231,-0.001437,0.01093,-6.434E-4,1
1506099265631,true,1611.847,0,0.02073,0.01389,0.01046,-0.001691,0.01175,-0.0025,0.008502,-0.001128,0.01927,0.03428,0.01269,-9.1E-4,0.01233,-0.001429,0.01096,-6.411E-4,1
1506099265667,true,1611.905,0,0.0206,0.0138,0.01052,-0.0017,0.01181,-0.00251,0.008519,-0.001125,0.01907,0.0345,0.01273,-9.111E-4,0.01237,-0.001428,0.01099,-6.376E-4,1
1506099265703,true,1611.962,0,0.0208,0.0135,0.01056,-0.001699,0.01186,-0.002515,0.008521,-0.001122,0.01876,0.03495,0.01275,-9.076E-4,0.01239,-0.001431,0.011,-6.288E-4,1
1506099265834,true,1612.008,0,0.02108,0.01349,0.0106,-0.0017,0.01189,-0.002511,0.008541,-0.001123,0.01912,0.03469,0.01275,-8.995E-4,0.01243,-0.001432,0.01103,-6.246E-4,1
1506099265870,true,1612.066,0,0.02113,0.01372,0.0106,-0.001692,0.01194,-0.002509,0.008573,-0.001125,0.01944,0.03444,0.01277,-8.912E-4,0.01245,-0.001433,0.01106,-6.241E-4,1
1506099265906,true,1612.123,0,0.02089,0.01405,0.01061,-0.001688,0.01195,-0.002505,0.008619,-0.001124,0.01912,0.03474,0.01281,-8.98E-4,0.01245,-0.00143,0.01109,-6.288E-4,1
1506099265943,true,1612.181,0,0.02101,0.01399,0.01061,-0.001679,0.01195,-0.002506,0.008633,-0.00112,0.01872,0.03516,0.01285,-9.044E-4,0.01245,-0.001427,0.0111,-6.309E-4,1
1506099265979,true,1612.238,0,0.02109,0.01379,0.01061,-0.001676,0.01195,-0.002508,0.008667,-0.001123,0.01837,0.03563,0.01284,-9.072E-4,0.01244,-0.001426,0.01109,-6.266E-4,1
1506099266135,true,1612.309,0,0.02094,0.01349,0.01058,-0.001674,0.01194,-0.002514,0.008669,-0.001124,0.01857,0.03552,0.01281,-9.012E-4,0.01243,-0.001426,0.01106,-6.199E-4,1
1506099266171,true,1612.367,0,0.02101,0.01348,0.01055,-0.001669,0.01192,-0.002516,0.008649,-0.001116,0.019,0.03505,0.01277,-8.957E-4,0.0124,-0.001428,0.01104,-6.122E-4,1
1506099266207,true,1612.424,0,0.02088,0.01364,0.0105,-0.001667,0.01189,-0.002521,0.00864,-0.001111,0.01923,0.03478,0.01275,-8.979E-4,0.01234,-0.00142,0.01102,-6.129E-4,1
1506099266243,true,1612.482,0,0.02104,0.01378,0.01045,-0.001659,0.01185,-0.002513,0.008627,-0.001111,0.0189,0.03506,0.01273,-9.022E-4,0.01229,-0.001415,0.01098,-6.169E-4,1
1506099266280,true,1612.539,0,0.02114,0.01378,0.01044,-0.001642,0.01179,-0.002497,0.008612,-0.001105,0.01872,0.03523,0.01274,-9.022E-4,0.01227,-0.001411,0.01095,-6.062E-4,1
1506099266434,true,1612.608,0,0.0211,0.01361,0.01049,-0.001633,0.01182,-0.002492,0.008626,-0.001093,0.01856,0.03554,0.0128,-9.078E-4,0.01229,-0.001409,0.01097,-6.004E-4,1
1506099266471,true,1612.666,0,0.02111,0.01372,0.01054,-0.001628,0.01188,-0.002488,0.008663,-0.001099,0.01882,0.03531,0.01283,-9.123E-4,0.01235,-0.001413,0.01102,-5.949E-4,1
1506099266507,true,1612.723,0,0.02103,0.01403,0.0106,-0.001627,0.01194,-0.002484,0.008693,-0.0011,0.01918,0.03489,0.01289,-9.103E-4,0.01239,-0.00141,0.01106,-5.922E-4,1
1506099266543,true,1612.781,0,0.02094,0.01409,0.01066,-0.001629,0.012,-0.002482,0.008738,-0.001102,0.01883,0.03517,0.01293,-9.025E-4,0.01242,-0.001406,0.01109,-5.915E-4,1
1506099266579,true,1612.838,0,0.02098,0.01422,0.0107,-0.001622,0.01206,-0.002471,0.008773,-0.001101,0.01814,0.03586,0.01298,-9.048E-4,0.01246,-0.0014,0.01114,-5.949E-4,1
1506099266735,true,1612.908,0,0.02064,0.01423,0.01075,-0.001621,0.01214,-0.002474,0.00881,-0.001103,0.01782,0.03627,0.01301,-9.062E-4,0.01252,-0.0014,0.01118,-5.894E-4,1
1506099266771,true,1612.966,0,0.02064,0.014,0.01076,-0.001614,0.0122,-0.002483,0.008836,-0.0011,0.0177,0.03652,0.01304,-9.089E-4,0.01255,-0.001403,0.01122,-5.845E-4,1
1506099266808,true,1613.023,0,0.02096,0.01383,0.01076,-0.001606,0.01223,-0.002475,0.008884,-0.001098,0.01842,0.03585,0.01304,-9.044E-4,0.01257,-0.001404,0.01127,-5.94E-4,1
1506099266844,true,1613.081,0,0.02092,0.01406,0.01075,-0.001598,0.01224,-0.002471,0.008909,-0.001098,0.01862,0.03558,0.01305,-9.004E-4,0.01255,-0.001399,0.0113,-5.948E-4,1
1506099266880,true,1613.138,0,0.02118,0.01417,0.01074,-0.001601,0.01224,-0.002464,0.008922,-0.00109,0.01838,0.03584,0.01306,-9.051E-4,0.01254,-0.0014,0.01131,-5.955E-4,1
1506099266984,true,1613.158,0,0.02102,0.01416,0.01072,-0.001593,0.01222,-0.002464,0.008919,-0.001088,0.01819,0.03607,0.01305,-9.147E-4,0.0125,-0.001391,0.0113,-5.899E-4,1
1506099267020,true,1613.216,0,0.02062,0.01423,0.01071,-0.001595,0.01221,-0.002462,0.008946,-0.00109,0.01811,0.03632,0.01304,-9.189E-4,0.0125,-0.001398,0.01129,-5.887E-4,1
1506099267056,true,1613.273,0,0.02049,0.01423,0.01067,-0.001595,0.01217,-0.002461,0.008933,-0.001088,0.01812,0.03625,0.01302,-9.19E-4,0.01247,-0.001401,0.01123,-5.748E-4,1
1506099267093,true,1613.331,0,0.02073,0.01427,0.01063,-0.001594,0.01214,-0.002462,0.008912,-0.001085,0.01841,0.03591,0.01298,-9.151E-4,0.01243,-0.001401,0.01119,-5.772E-4,1
1506099267129,true,1613.388,0,0.02091,0.01444,0.01056,-0.001586,0.01207,-0.002455,0.008891,-0.001086,0.01832,0.03597,0.01292,-9.047E-4,0.01236,-0.001396,0.01115,-5.796E-4,1
1506099267284,true,1613.457,0,0.02094,0.01457,0.01053,-0.001569,0.01201,-0.002428,0.00888,-0.001079,0.01812,0.03617,0.01292,-9.004E-4,0.01234,-0.00139,0.01113,-5.754E-4,1
1506099267321,true,1613.515,0,0.02092,0.01445,0.01059,-0.001571,0.01205,-0.002429,0.008907,-0.001082,0.01761,0.03661,0.01295,-9.05E-4,0.01237,-0.001389,0.01115,-5.695E-4,1
1506099267357,true,1613.572,0,0.02053,0.01424,0.01063,-0.001571,0.0121,-0.002427,0.008923,-0.00108,0.01748,0.03679,0.01297,-9.003E-4,0.01241,-0.001391,0.01118,-5.602E-4,1
1506099267393,true,1613.63,0,0.02084,0.01393,0.01067,-0.001573,0.01213,-0.002426,0.008939,-0.001084,0.01779,0.03641,0.01298,-8.959E-4,0.01244,-0.001389,0.01119,-5.512E-4,1
1506099267429,true,1613.687,0,0.02078,0.01401,0.01066,-0.001571,0.01217,-0.002427,0.008944,-0.001082,0.01823,0.03584,0.01299,-8.947E-4,0.01244,-0.00138,0.01122,-5.432E-4,1
1506099267585,true,1613.758,0,0.02091,0.0142,0.01064,-0.001562,0.01221,-0.002427,0.008951,-0.001081,0.01812,0.03598,0.01301,-8.94E-4,0.01243,-0.001371,0.01125,-5.415E-4,1
1506099267621,true,1613.816,0,0.02072,0.01458,0.01067,-0.001569,0.01222,-0.002429,0.008971,-0.001085,0.01782,0.03633,0.01303,-8.971E-4,0.01244,-0.001367,0.01126,-5.352E-4,1
1506099267657,true,1613.873,0,0.0208,0.01461,0.01067,-0.001568,0.01225,-0.00244,0.008984,-0.001084,0.01767,0.03659,0.01304,-9.023E-4,0.01245,-0.001367,0.01125,-5.326E-4,1
1506099267693,true,1613.931,0,0.02095,0.01444,0.01068,-0.001568,0.01224,-0.002442,0.008975,-0.001081,0.0175,0.03684,0.01304,-8.974E-4,0.01246,-0.00137,0.01124,-5.274E-4,1
1506099267729,true,1613.988,0,0.02137,0.01435,0.01064,-0.001564,0.01223,-0.002443,0.008963,-0.00108,0.01763,0.03664,0.01303,-8.989E-4,0.01245,-0.001369,0.01124,-5.255E-4,1
1506099267859,true,1614.033,0,0.0216,0.01459,0.0106,-0.001564,0.01223,-0.002448,0.008941,-0.001079,0.01782,0.0364,0.01301,-8.998E-4,0.01243,-0.001365,0.01122,-5.233E-4,1
1506099267895,true,1614.091,0,0.0215,0.0146,0.01058,-0.001571,0.0122,-0.00245,0.00893,-0.001081,0.0174,0.03675,0.013,-9.084E-4,0.01239,-0.001364,0.01119,-5.219E-4,1
1506099267931,true,1614.148,0,0.02154,0.01444,0.01058,-0.001583,0.01218,-0.002462,0.008919,-0.001087,0.01698,0.03715,0.01296,-9.056E-4,0.01235,-0.00136,0.01115,-5.164E-4,1
1506099267967,true,1614.206,0,0.02131,0.01417,0.01054,-0.001584,0.01214,-0.002472,0.008897,-0.001087,0.01681,0.03737,0.01291,-8.999E-4,0.01231,-0.001363,0.0111,-5.118E-4,1
1506099268003,true,1614.263,0,0.02144,0.01385,0.01051,-0.001577,0.01209,-0.002454,0.00886,-0.001085,0.01719,0.0369,0.01287,-8.861E-4,0.01227,-0.001354,0.01105,-4.994E-4,1
1506099268159,true,1614.333,0,0.02188,0.01379,0.01052,-0.001568,0.01212,-0.002454,0.008853,-0.001086,0.01777,0.03628,0.01287,-8.895E-4,0.01229,-0.001354,0.01107,-4.959E-4,1
1506099268196,true,1614.391,0,0.02161,0.01422,0.01055,-0.001569,0.01215,-0.002448,0.008851,-0.001088,0.01799,0.03596,0.01288,-8.912E-4,0.01231,-0.001351,0.01109,-4.942E-4,1
1506099268231,true,1614.448,0,0.02171,0.01439,0.01058,-0.001575,0.01217,-0.002451,0.008836,-0.001087,0.01773,0.03621,0.0129,-8.969E-4,0.01233,-0.001348,0.01111,-4.902E-4,1
1506099268268,true,1614.506,0,0.02147,0.01444,0.01058,-0.00157,0.01218,-0.002454,0.00883,-0.001087,0.01746,0.03649,0.01292,-9.022E-4,0.01235,-0.00135,0.0111,-4.812E-4,1
1506099268304,true,1614.563,0,0.02152,0.01428,0.01059,-0.001573,0.0122,-0.002456,0.008838,-0.00109,0.01736,0.03664,0.01291,-8.973E-4,0.01238,-0.001353,0.01111,-4.781E-4,1
1506099268434,true,1614.609,0,0.02173,0.01428,0.01062,-0.001577,0.01223,-0.002461,0.00882,-0.001083,0.0175,0.03641,0.0129,-8.943E-4,0.0124,-0.001356,0.01113,-4.74E-4,1
1506099268471,true,1614.667,0,0.0218,0.01432,0.01061,-0.001583,0.01226,-0.002469,0.008803,-0.001086,0.0178,0.03605,0.01289,-8.991E-4,0.01239,-0.001352,0.01115,-4.706E-4,1
1506099268507,true,1614.724,0,0.02151,0.01469,0.01061,-0.001589,0.01227,-0.002474,0.008789,-0.00109,0.01761,0.0362,0.01289,-9.012E-4,0.01237,-0.001351,0.01116,-4.758E-4,1
1506099268543,true,1614.782,0,0.0214,0.01469,0.01061,-0.001596,0.01226,-0.002477,0.008781,-0.001088,0.01724,0.03651,0.01289,-9.07E-4,0.01236,-0.001347,0.01115,-4.775E-4,1
1506099268579,true,1614.839,0,0.02111,0.01464,0.0106,-0.001602,0.01223,-0.002481,0.008741,-0.001083,0.0171,0.03662,0.01287,-9.132E-4,0.01233,-0.001343,0.01114,-4.802E-4,1
1506099268734,true,1614.908,0,0.0215,0.01418,0.01055,-0.001598,0.01219,-0.002475,0.00872,-0.001085,0.01705,0.03657,0.01283,-9.13E-4,0.01231,-0.001348,0.01114,-4.857E-4,1
1506099268771,true,1614.966,0,0.02186,0.0141,0.01051,-0.001605,0.01214,-0.002476,0.008679,-0.001082,0.01762,0.03588,0.0128,-9.143E-4,0.01228,-0.001351,0.01112,-4.859E-4,1
1506099268807,true,1615.023,0,0.02172,0.01424,0.01045,-0.001607,0.01211,-0.002479,0.008654,-0.001094,0.01783,0.03558,0.01275,-9.147E-4,0.01222,-0.001348,0.0111,-4.959E-4,1
1506099268843,true,1615.081,0,0.02182,0.01429,0.0104,-0.001613,0.01204,-0.002478,0.008609,-0.001101,0.01741,0.03588,0.01271,-9.192E-4,0.01216,-0.001344,0.01105,-5.053E-4,1
1506099268879,true,1615.138,0,0.02195,0.01425,0.01031,-0.0016,0.01195,-0.002468,0.008567,-0.001104,0.0172,0.03608,0.01266,-9.186E-4,0.01209,-0.001339,0.01099,-5.002E-4,1
1506099269009,true,1615.184,0,0.02191,0.01418,0.0103,-0.001592,0.01194,-0.002462,0.008539,-0.001107,0.01688,0.03635,0.01265,-9.129E-4,0.01208,-0.001334,0.01097,-4.924E-4,1
1506099269046,true,1615.242,0,0.02215,0.01406,0.01033,-0.001588,0.01196,-0.002456,0.00853,-0.001113,0.01707,0.03615,0.01266,-9.136E-4,0.01211,-0.001339,0.01099,-4.93E-4,1
1506099269082,true,1615.299,0,0.02227,0.01424,0.01034,-0.001588,0.012,-0.002462,0.008515,-0.001114,0.0174,0.03572,0.01268,-9.17E-4,0.01214,-0.001341,0.01103,-4.966E-4,1
1506099269118,true,1615.357,0,0.02202,0.01451,0.01034,-0.001585,0.01204,-0.00246,0.008513,-0.001113,0.01713,0.03588,0.01269,-9.198E-4,0.01216,-0.001342,0.01106,-5.043E-4,1
1506099269154,true,1615.414,0,0.02227,0.01452,0.01034,-0.001583,0.01206,-0.002462,0.008485,-0.001106,0.01658,0.03633,0.01271,-9.328E-4,0.01217,-0.001343,0.01108,-5.072E-4,1
1506099269309,true,1615.483,0,0.02177,0.01449,0.01036,-0.001586,0.01208,-0.002461,0.008501,-0.00111,0.01636,0.03651,0.01272,-9.331E-4,0.01219,-0.001344,0.0111,-5.081E-4,1
1506099269345,true,1615.541,0,0.02137,0.0142,0.01037,-0.001589,0.01211,-0.002471,0.008523,-0.001116,0.01649,0.03645,0.01271,-9.31E-4,0.01222,-0.001347,0.01111,-5.106E-4,1
1506099269381,true,1615.598,0,0.02144,0.01411,0.01035,-0.00159,0.01211,-0.002463,0.008524,-0.001116,0.01703,0.03577,0.0127,-9.296E-4,0.01223,-0.001347,0.01112,-5.125E-4,1
1506099269417,true,1615.656,0,0.02126,0.01426,0.01032,-0.001589,0.01212,-0.002467,0.008511,-0.001121,0.01728,0.03553,0.0127,-9.285E-4,0.01222,-0.001343,0.01114,-5.187E-4,1
1506099269453,true,1615.713,0,0.02105,0.0145,0.0103,-0.001588,0.01211,-0.002465,0.008493,-0.001115,0.01697,0.03588,0.0127,-9.316E-4,0.0122,-0.00134,0.01115,-5.231E-4,1
1506099269584,true,1615.759,0,0.02094,0.01464,0.01029,-0.001594,0.0121,-0.002467,0.008469,-0.001111,0.0166,0.03625,0.01268,-9.344E-4,0.01219,-0.001338,0.01112,-5.169E-4,1
1506099269620,true,1615.817,0,0.02063,0.01451,0.01026,-0.001595,0.01208,-0.002468,0.008432,-0.001108,0.01644,0.03648,0.01267,-9.344E-4,0.01218,-0.001335,0.0111,-5.134E-4,1
1506099269657,true,1615.874,0,0.02104,0.01414,0.01024,-0.0016,0.01204,-0.002469,0.008399,-0.001103,0.01646,0.03651,0.01263,-9.28E-4,0.01218,-0.001343,0.01107,-5.128E-4,1
1506099269693,true,1615.932,0,0.02121,0.01415,0.01019,-0.0016,0.012,-0.002469,0.008357,-0.001102,0.01685,0.03604,0.0126,-9.263E-4,0.01216,-0.001346,0.01103,-5.086E-4,1
1506099269729,true,1615.989,0,0.02137,0.01419,0.01014,-0.001604,0.01197,-0.002473,0.008314,-0.001098,0.01681,0.03602,0.01257,-9.229E-4,0.01213,-0.001348,0.01099,-5.135E-4,1
1506099269885,true,1616.058,0,0.02108,0.0144,0.01009,-0.001606,0.01191,-0.002476,0.008267,-0.001096,0.01644,0.03641,0.01254,-9.246E-4,0.01207,-0.001346,0.01095,-5.174E-4,1
1506099269921,true,1616.116,0,0.02066,0.01437,0.01002,-0.001602,0.01183,-0.002474,0.008224,-0.001097,0.01625,0.03653,0.01249,-9.224E-4,0.01202,-0.001347,0.01089,-5.226E-4,1
1506099269957,true,1616.173,0,0.02036,0.01405,0.009927,-0.001587,0.01171,-0.00245,0.008161,-0.001091,0.01623,0.03658,0.01241,-9.089E-4,0.01196,-0.00134,0.0108,-5.101E-4,1
1506099269993,true,1616.231,0,0.02062,0.01374,0.009902,-0.001581,0.0117,-0.002444,0.008129,-0.001088,0.01682,0.03593,0.01239,-8.995E-4,0.01195,-0.001334,0.01079,-5.053E-4,1
1506099270029,true,1616.288,0,0.02063,0.01383,0.009912,-0.001582,0.01174,-0.002451,0.008114,-0.001086,0.01738,0.03526,0.01239,-8.973E-4,0.01198,-0.001335,0.01081,-5.044E-4,1
1506099270185,true,1616.359,0,0.02083,0.01387,0.009935,-0.001596,0.01176,-0.002452,0.00812,-0.001086,0.01745,0.03512,0.01241,-8.993E-4,0.01201,-0.001337,0.01082,-5.078E-4,1
1506099270220,true,1616.417,0,0.02075,0.01391,0.009963,-0.0016,0.01177,-0.002454,0.00811,-0.001077,0.01701,0.03557,0.01245,-9.098E-4,0.01203,-0.001335,0.01081,-5.046E-4,1
1506099270257,true,1616.474,0,0.02071,0.0138,0.00998,-0.001606,0.01178,-0.002455,0.008113,-0.001078,0.01668,0.03597,0.01247,-9.112E-4,0.01205,-0.001334,0.01081,-5.012E-4,1
1506099270293,true,1616.532,0,0.02083,0.01363,0.01,-0.001602,0.01181,-0.002457,0.008101,-0.001077,0.01675,0.03599,0.01247,-9.031E-4,0.01209,-0.001338,0.01082,-5.002E-4,1
1506099270329,true,1616.589,0,0.02093,0.01359,0.01004,-0.001607,0.01181,-0.002456,0.008101,-0.00108,0.01712,0.03549,0.01248,-8.974E-4,0.01213,-0.001337,0.01084,-5.018E-4,1
1506099270435,true,1616.61,0,0.02078,0.01381,0.01005,-0.001612,0.01181,-0.002452,0.0081,-0.00108,0.01741,0.03521,0.01249,-8.926E-4,0.01216,-0.001338,0.01086,-5.055E-4,1
1506099270471,true,1616.668,0,0.02093,0.01377,0.01008,-0.001621,0.01181,-0.00245,0.008104,-0.001083,0.01722,0.03535,0.0125,-8.898E-4,0.01218,-0.001339,0.01086,-5.078E-4,1
1506099270507,true,1616.725,0,0.0206,0.01375,0.01011,-0.001638,0.01181,-0.002456,0.008086,-0.001075,0.01724,0.03538,0.01252,-8.909E-4,0.0122,-0.001346,0.01085,-5.049E-4,1
1506099270543,true,1616.783,0,0.02021,0.01355,0.0101,-0.001641,0.0118,-0.002458,0.008059,-0.00107,0.01715,0.03565,0.0125,-8.852E-4,0.0122,-0.00135,0.01082,-4.932E-4,1
1506099270580,true,1616.84,0,0.02046,0.01318,0.01007,-0.00164,0.01177,-0.00246,0.008047,-0.001072,0.01763,0.03518,0.01247,-8.772E-4,0.01219,-0.001353,0.01079,-4.942E-4,1
1506099270735,true,1616.909,0,0.0209,0.01309,0.01004,-0.001642,0.01174,-0.002459,0.008042,-0.001079,0.01836,0.03435,0.01246,-8.758E-4,0.01216,-0.001351,0.01076,-4.91E-4,1
1506099270771,true,1616.967,0,0.02092,0.01318,0.009994,-0.001645,0.01169,-0.002457,0.008026,-0.00108,0.01863,0.034,0.01243,-8.726E-4,0.01212,-0.001348,0.01072,-4.904E-4,1
1506099270807,true,1617.024,0,0.02057,0.0134,0.009946,-0.001653,0.01165,-0.002461,0.007986,-0.001077,0.0183,0.03431,0.01241,-8.753E-4,0.01207,-0.001349,0.01067,-4.959E-4,1
1506099270843,true,1617.082,0,0.02066,0.01326,0.009888,-0.001632,0.01157,-0.002451,0.007943,-0.001072,0.01805,0.0346,0.01236,-8.63E-4,0.01202,-0.001339,0.01061,-4.902E-4,1
1506099270879,true,1617.139,0,0.02037,0.01324,0.009942,-0.001634,0.01156,-0.002443,0.007919,-0.001071,0.01799,0.03474,0.01236,-8.596E-4,0.01204,-0.001343,0.0106,-4.836E-4,1
1506099271035,true,1617.21,0,0.02049,0.01331,0.00999,-0.001641,0.01161,-0.002454,0.007911,-0.001069,0.01836,0.0343,0.01236,-8.465E-4,0.01207,-0.001343,0.01062,-4.846E-4,1
1506099271071,true,1617.268,0,0.02056,0.01324,0.01,-0.001644,0.01164,-0.002464,0.007919,-0.001078,0.01846,0.03415,0.01239,-8.452E-4,0.01209,-0.001342,0.01064,-4.909E-4,1
1506099271107,true,1617.325,0,0.02049,0.0134,0.01002,-0.00164,0.01167,-0.00247,0.007929,-0.001086,0.0183,0.03429,0.01242,-8.477E-4,0.01211,-0.001347,0.01065,-4.955E-4,1
1506099271144,true,1617.383,0,0.02025,0.01352,0.01002,-0.001629,0.01168,-0.002471,0.00795,-0.001087,0.01803,0.03452,0.01244,-8.437E-4,0.01213,-0.001342,0.01066,-4.958E-4,1
1506099271179,true,1617.44,0,0.02003,0.01327,0.01005,-0.001624,0.01172,-0.002475,0.007953,-0.001083,0.01804,0.03465,0.01245,-8.431E-4,0.01217,-0.001347,0.01067,-4.946E-4,1
1506099271335,true,1617.509,0,0.02014,0.01294,0.01009,-0.001629,0.01175,-0.00248,0.007962,-0.001081,0.01834,0.03439,0.01245,-8.337E-4,0.0122,-0.001348,0.01068,-4.943E-4,1
1506099271371,true,1617.567,0,0.02014,0.01297,0.0101,-0.001632,0.01176,-0.002481,0.007987,-0.001087,0.01886,0.03383,0.01247,-8.357E-4,0.01221,-0.001352,0.01071,-5.035E-4,1
1506099271407,true,1617.624,0,0.0203,0.01295,0.01011,-0.001634,0.01176,-0.002484,0.008006,-0.001094,0.01917,0.03346,0.01248,-8.387E-4,0.01221,-0.00135,0.01072,-5.106E-4,1
1506099271443,true,1617.682,0,0.02045,0.01303,0.01013,-0.001642,0.01174,-0.002481,0.008007,-0.001097,0.01894,0.03377,0.01251,-8.512E-4,0.01219,-0.001351,0.01072,-5.144E-4,1
1506099271479,true,1617.739,0,0.01998,0.01325,0.01011,-0.001642,0.0117,-0.002479,0.008019,-0.001099,0.01868,0.0341,0.01251,-8.584E-4,0.01218,-0.001354,0.01069,-5.112E-4,1
1506099271609,true,1617.783,0,0.01949,0.01323,0.01011,-0.001646,0.01168,-0.002488,0.008008,-0.001107,0.01851,0.03438,0.01251,-8.595E-4,0.01216,-0.001361,0.01065,-5.064E-4,1
1506099271645,true,1617.841,0,0.01972,0.01309,0.0101,-0.00165,0.01166,-0.002493,0.008005,-0.001114,0.01857,0.03435,0.01246,-8.518E-4,0.01213,-0.001366,0.01063,-5.077E-4,1
1506099271681,true,1617.898,0,0.01986,0.01326,0.01004,-0.001641,0.0116,-0.002485,0.00799,-0.001123,0.01888,0.03391,0.01242,-8.424E-4,0.01208,-0.00136,0.0106,-5.066E-4,1
1506099271718,true,1617.956,0,0.02012,0.0133,0.01007,-0.001634,0.01161,-0.002481,0.007999,-0.001121,0.0189,0.03383,0.01244,-8.417E-4,0.01208,-0.001358,0.01061,-5.079E-4,1
1506099271754,true,1618.013,0,0.01991,0.01339,0.01013,-0.001633,0.01166,-0.002487,0.008007,-0.00112,0.01831,0.03437,0.0125,-8.516E-4,0.01211,-0.001359,0.01064,-5.159E-4,1
1506099271884,true,1618.059,0,0.01982,0.01333,0.01016,-0.00163,0.0117,-0.00249,0.008024,-0.001114,0.01795,0.03481,0.01252,-8.479E-4,0.01216,-0.001361,0.01068,-5.146E-4,1
1506099271921,true,1618.117,0,0.02003,0.0131,0.01019,-0.001627,0.01176,-0.002502,0.008026,-0.001105,0.01797,0.03482,0.01254,-8.467E-4,0.01219,-0.001362,0.01071,-5.093E-4,1
1506099271957,true,1618.174,0,0.02001,0.01311,0.01022,-0.001623,0.0118,-0.002503,0.008061,-0.001111,0.01853,0.03436,0.01255,-8.442E-4,0.01222,-0.001369,0.01074,-5.086E-4,1
1506099271993,true,1618.232,0,0.01988,0.01343,0.01025,-0.001623,0.01184,-0.002507,0.008089,-0.001109,0.01902,0.03388,0.01258,-8.443E-4,0.01223,-0.001366,0.01078,-5.076E-4,1
1506099272029,true,1618.289,0,0.01983,0.01372,0.01029,-0.001624,0.01188,-0.002513,0.008112,-0.001102,0.01884,0.03414,0.0126,-8.457E-4,0.01226,-0.001367,0.0108,-5.058E-4,1
1506099272185,true,1618.36,0,0.01911,0.01424,0.01033,-0.001627,0.01189,-0.002519,0.008129,-0.001101,0.01846,0.03469,0.01263,-8.481E-4,0.01229,-0.001373,0.01081,-5.0E-4,1
1506099272221,true,1618.418,0,0.01913,0.01424,0.01036,-0.00163,0.01192,-0.002526,0.008137,-0.0011,0.01802,0.03532,0.01266,-8.529E-4,0.01231,-0.001381,0.01082,-5.003E-4,1
1506099272257,true,1618.475,0,0.01925,0.01408,0.01039,-0.001633,0.01194,-0.002529,0.008141,-0.001097,0.01786,0.03551,0.01265,-8.51E-4,0.01233,-0.001386,0.01082,-4.976E-4,1
1506099272294,true,1618.533,0,0.01965,0.01401,0.01039,-0.00163,0.01194,-0.002534,0.008138,-0.001096,0.01798,0.03533,0.01267,-8.577E-4,0.0123,-0.001388,0.01083,-5.02E-4,1
1506099272330,true,1618.59,0,0.01959,0.01437,0.01039,-0.001636,0.01193,-0.002538,0.008159,-0.001101,0.01793,0.03529,0.01268,-8.652E-4,0.0123,-0.001388,0.01083,-5.08E-4,1
1506099272460,true,1618.634,0,0.01967,0.01452,0.01038,-0.001642,0.01193,-0.002545,0.008159,-0.0011,0.01731,0.03584,0.01266,-8.683E-4,0.01227,-0.00139,0.01082,-5.114E-4,1
1506099272495,true,1618.692,0,0.01965,0.01446,0.01036,-0.001646,0.01189,-0.002543,0.008136,-0.001095,0.01704,0.03619,0.01265,-8.756E-4,0.01226,-0.001395,0.01082,-5.225E-4,1
1506099272532,true,1618.749,0,0.01978,0.0141,0.01033,-0.001652,0.01185,-0.002547,0.00811,-0.001089,0.01681,0.03646,0.01261,-8.726E-4,0.01222,-0.001398,0.01078,-5.244E-4,1
1506099272568,true,1618.807,0,0.01981,0.01399,0.0103,-0.001659,0.0118,-0.002547,0.008088,-0.001091,0.01716,0.03594,0.01256,-8.714E-4,0.01216,-0.001395,0.01073,-5.267E-4,1
1506099272604,true,1618.864,0,0.02012,0.01408,0.01025,-0.001662,0.01173,-0.002548,0.008071,-0.001097,0.0174,0.03561,0.01251,-8.682E-4,0.0121,-0.001394,0.01068,-5.216E-4,1
1506099272759,true,1618.934,0,0.02024,0.01432,0.0102,-0.001647,0.01165,-0.002532,0.008026,-0.001084,0.01727,0.03578,0.01248,-8.619E-4,0.01203,-0.00138,0.01063,-5.186E-4,1
1506099272795,true,1618.992,0,0.02009,0.01474,0.01027,-0.001658,0.01167,-0.002529,0.008031,-0.001081,0.01671,0.03636,0.01251,-8.667E-4,0.01203,-0.001374,0.01065,-5.153E-4,1
1506099272832,true,1619.049,0,0.02024,0.01477,0.0103,-0.001659,0.0117,-0.002531,0.008056,-0.001078,0.01616,0.0371,0.01252,-8.704E-4,0.01206,-0.001375,0.01068,-5.148E-4,1
1506099272868,true,1619.107,0,0.02038,0.01468,0.01033,-0.001662,0.01172,-0.002531,0.00808,-0.001079,0.01597,0.03735,0.01253,-8.686E-4,0.0121,-0.001379,0.01069,-5.081E-4,1
1506099272904,true,1619.164,0,0.02035,0.01481,0.01035,-0.001664,0.01177,-0.002534,0.008106,-0.001079,0.01636,0.03718,0.01255,-8.642E-4,0.01213,-0.001382,0.0107,-5.058E-4,1
1506099273059,true,1619.234,0,0.02031,0.01511,0.01038,-0.001668,0.01181,-0.002536,0.008132,-0.001085,0.01632,0.03728,0.01258,-8.687E-4,0.01215,-0.001381,0.01073,-5.119E-4,1
1506099273095,true,1619.292,0,0.02037,0.01528,0.0104,-0.001672,0.01184,-0.002541,0.008159,-0.001084,0.016,0.03761,0.01258,-8.673E-4,0.01218,-0.001381,0.01077,-5.181E-4,1
1506099273132,true,1619.349,0,0.02031,0.01525,0.01042,-0.001669,0.01188,-0.002543,0.008184,-0.001088,0.01562,0.03799,0.01259,-8.683E-4,0.0122,-0.00138,0.01079,-5.208E-4,1
1506099273168,true,1619.407,0,0.02022,0.01498,0.01042,-0.001669,0.0119,-0.00255,0.008195,-0.001085,0.01571,0.03797,0.01258,-8.684E-4,0.01221,-0.001378,0.01079,-5.204E-4,1
1506099273204,true,1619.464,0,0.02078,0.01455,0.01045,-0.00168,0.01193,-0.002548,0.00821,-0.001087,0.01605,0.03756,0.01257,-8.674E-4,0.01221,-0.001378,0.01078,-5.156E-4,1
1506099273335,true,1619.51,0,0.02105,0.01454,0.01047,-0.001692,0.01192,-0.002545,0.008214,-0.001093,0.01677,0.03681,0.01255,-8.72E-4,0.0122,-0.001377,0.01079,-5.204E-4,1
1506099273371,true,1619.568,0,0.02126,0.01463,0.01046,-0.0017,0.01191,-0.002549,0.008209,-0.001096,0.01697,0.03658,0.01256,-8.822E-4,0.01218,-0.001374,0.01079,-5.292E-4,1
1506099273407,true,1619.625,0,0.0212,0.01491,0.01043,-0.001705,0.01188,-0.002555,0.008205,-0.001098,0.01686,0.03676,0.01255,-8.876E-4,0.01214,-0.001369,0.01079,-5.398E-4,1
1506099273443,true,1619.683,0,0.02117,0.01484,0.01039,-0.001714,0.01184,-0.002559,0.008186,-0.001099,0.01653,0.03717,0.01252,-8.955E-4,0.0121,-0.001359,0.01076,-5.396E-4,1
1506099273480,true,1619.74,0,0.02085,0.01478,0.01035,-0.001719,0.01181,-0.002571,0.008168,-0.001104,0.01629,0.03743,0.01248,-8.992E-4,0.01207,-0.001368,0.01068,-5.26E-4,1
1506099273635,true,1619.81,0,0.02069,0.01485,0.01031,-0.00173,0.01173,-0.002566,0.008139,-0.001108,0.01648,0.03726,0.01244,-9.019E-4,0.01202,-0.001373,0.01061,-5.167E-4,1
1506099273671,true,1619.868,0,0.02065,0.01485,0.01024,-0.001728,0.01165,-0.002562,0.0081,-0.001105,0.0167,0.03692,0.01239,-8.959E-4,0.01195,-0.001369,0.01055,-5.197E-4,1
1506099273707,true,1619.925,0,0.02046,0.01507,0.01022,-0.001722,0.01158,-0.002542,0.008075,-0.001105,0.01659,0.03694,0.01237,-8.996E-4,0.01192,-0.001367,0.01054,-5.237E-4,1
1506099273744,true,1619.983,0,0.01997,0.01518,0.01026,-0.00173,0.0116,-0.002544,0.008083,-0.001111,0.01628,0.03725,0.01241,-9.116E-4,0.01194,-0.001368,0.01056,-5.278E-4,1
1506099273780,true,1620.04,0,0.0199,0.01486,0.01027,-0.001731,0.01164,-0.002548,0.00811,-0.001116,0.01617,0.03734,0.01241,-9.2E-4,0.01195,-0.001369,0.01056,-5.266E-4,1
1506099273910,true,1620.085,0,0.02039,0.01418,0.01027,-0.001735,0.01165,-0.002549,0.008128,-0.001125,0.01651,0.03697,0.01242,-9.265E-4,0.01198,-0.001374,0.01058,-5.302E-4,1
1506099273946,true,1620.143,0,0.02056,0.01409,0.01026,-0.001738,0.01165,-0.002542,0.008132,-0.001127,0.01719,0.03616,0.01241,-9.23E-4,0.012,-0.001377,0.0106,-5.287E-4,1
1506099273982,true,1620.2,0,0.02056,0.01418,0.01025,-0.001732,0.01165,-0.002535,0.008137,-0.001127,0.01767,0.03549,0.01242,-9.294E-4,0.012,-0.001375,0.01061,-5.3E-4,1
1506099274018,true,1620.258,0,0.02043,0.01432,0.01024,-0.001729,0.01166,-0.002532,0.008156,-0.001131,0.01747,0.03566,0.01245,-9.398E-4,0.01201,-0.001376,0.01064,-5.35E-4,1
1506099274054,true,1620.315,0,0.02005,0.01437,0.01024,-0.001729,0.01165,-0.002529,0.008169,-0.001136,0.01716,0.03591,0.01247,-9.503E-4,0.01203,-0.001382,0.01065,-5.391E-4,1
1506099274185,true,1620.36,0,0.01953,0.01421,0.01025,-0.00174,0.01165,-0.00253,0.008176,-0.001145,0.01695,0.0362,0.01246,-9.577E-4,0.01202,-0.001383,0.01063,-5.391E-4,1
1506099274221,true,1620.418,0,0.01971,0.01396,0.01024,-0.001742,0.01164,-0.002535,0.00817,-0.001145,0.01725,0.03581,0.01245,-9.593E-4,0.01204,-0.001398,0.01062,-5.384E-4,1
1506099274257,true,1620.475,0,0.01939,0.01423,0.0102,-0.001742,0.01162,-0.00253,0.008148,-0.001154,0.01778,0.03523,0.01241,-9.521E-4,0.01203,-0.0014,0.01062,-5.447E-4,1
1506099274293,true,1620.533,0,0.01941,0.01427,0.01017,-0.001748,0.01158,-0.002528,0.008114,-0.001157,0.01775,0.03517,0.01238,-9.519E-4,0.01201,-0.001398,0.0106,-5.476E-4,1
1506099274330,true,1620.59,0,0.01911,0.01426,0.01013,-0.001753,0.01152,-0.002526,0.008097,-0.001157,0.01735,0.03548,0.01237,-9.664E-4,0.01197,-0.001399,0.01058,-5.519E-4,1
1506099274485,true,1620.66,0,0.01898,0.01397,0.01009,-0.001753,0.01146,-0.00252,0.008066,-0.001161,0.0172,0.03554,0.01232,-9.703E-4,0.01194,-0.001407,0.01052,-5.464E-4,1
1506099274521,true,1620.718,0,0.01918,0.01345,0.01003,-0.001739,0.0114,-0.002508,0.008025,-0.001154,0.01723,0.03546,0.01228,-9.7E-4,0.01192,-0.001409,0.01047,-5.386E-4,1
1506099274557,true,1620.775,0,0.01933,0.01326,0.01004,-0.001731,0.01143,-0.002509,0.008012,-0.001147,0.01771,0.03479,0.01227,-9.682E-4,0.01195,-0.001413,0.01049,-5.423E-4,1
1506099274593,true,1620.833,0,0.01927,0.01354,0.01004,-0.00173,0.01147,-0.002512,0.008022,-0.001154,0.01839,0.03402,0.01229,-9.698E-4,0.01196,-0.001415,0.01053,-5.502E-4,1
1506099274630,true,1620.89,0,0.01941,0.01369,0.01005,-0.001729,0.01151,-0.00252,0.008028,-0.001164,0.01822,0.03409,0.01231,-9.789E-4,0.01198,-0.001421,0.01056,-5.575E-4,1
1506099274785,true,1620.961,0,0.01929,0.01384,0.01004,-0.001728,0.0115,-0.00252,0.008035,-0.00117,0.01788,0.03438,0.01232,-9.849E-4,0.012,-0.001423,0.01057,-5.581E-4,1
1506099274821,true,1621.019,0,0.01935,0.01369,0.01005,-0.001727,0.01152,-0.002519,0.008038,-0.001175,0.01741,0.03478,0.01234,-9.91E-4,0.01202,-0.001427,0.01056,-5.56E-4,1
1506099274857,true,1621.076,0,0.01919,0.0135,0.01008,-0.001728,0.01154,-0.002521,0.008026,-0.001175,0.01753,0.03473,0.01232,-9.828E-4,0.01205,-0.001438,0.01056,-5.542E-4,1
1506099274893,true,1621.134,0,0.01961,0.01345,0.01007,-0.001731,0.01155,-0.00252,0.008003,-0.00117,0.01778,0.03439,0.0123,-9.778E-4,0.01207,-0.001445,0.0106,-5.636E-4,1
1506099274929,true,1621.191,0,0.0195,0.01363,0.01007,-0.001728,0.01155,-0.002514,0.007983,-0.00117,0.01792,0.03424,0.01231,-9.858E-4,0.01209,-0.001451,0.01061,-5.673E-4,1
1506099275059,true,1621.235,0,0.01928,0.01382,0.01008,-0.001732,0.01155,-0.002518,0.007965,-0.001165,0.01773,0.03446,0.01233,-9.915E-4,0.01208,-0.001453,0.0106,-5.737E-4,1
1506099275095,true,1621.293,0,0.01876,0.01395,0.01006,-0.001732,0.01151,-0.002513,0.007931,-0.00116,0.01739,0.03475,0.01232,-0.001001,0.01207,-0.001451,0.01059,-5.767E-4,1
1506099275131,true,1621.35,0,0.01837,0.01381,0.01004,-0.001735,0.01149,-0.002517,0.007913,-0.001161,0.01728,0.03493,0.01228,-9.981E-4,0.01206,-0.001456,0.01056,-5.771E-4,1
1506099275168,true,1621.408,0,0.01856,0.01365,0.009988,-0.001733,0.01148,-0.002521,0.007891,-0.001162,0.01756,0.03462,0.01224,-9.963E-4,0.01204,-0.00146,0.01052,-5.779E-4,1
1506099275204,true,1621.465,0,0.01863,0.01387,0.009941,-0.001732,0.01147,-0.002531,0.007852,-0.001159,0.01793,0.03416,0.0122,-9.972E-4,0.01202,-0.001471,0.0105,-5.839E-4,1
1506099275360,true,1621.536,0,0.0188,0.01412,0.009906,-0.001736,0.01143,-0.002538,0.007825,-0.001157,0.01781,0.03422,0.01217,-0.001002,0.01198,-0.001473,0.01046,-5.883E-4,1
1506099275396,true,1621.594,0,0.01878,0.01429,0.009845,-0.001728,0.01136,-0.002537,0.00779,-0.001154,0.01714,0.0349,0.01213,-0.001004,0.01193,-0.001471,0.01041,-5.848E-4,1
1506099275433,true,1621.651,0,0.01843,0.0144,0.009813,-0.00171,0.01133,-0.002527,0.007753,-0.001147,0.01662,0.03547,0.01212,-0.001001,0.01193,-0.001469,0.01039,-5.814E-4,1
1506099275469,true,1621.709,0,0.01862,0.0141,0.009855,-0.001711,0.01138,-0.002533,0.007757,-0.001149,0.01647,0.03569,0.01213,-9.996E-4,0.01195,-0.001468,0.01041,-5.816E-4,1
1506099275505,true,1621.766,0,0.01879,0.01422,0.009904,-0.001722,0.01144,-0.002534,0.007755,-0.001152,0.01664,0.03543,0.01214,-9.959E-4,0.012,-0.001475,0.01046,-5.863E-4,1
1506099275635,true,1621.81,0,0.01895,0.01431,0.009899,-0.001713,0.01149,-0.002536,0.007762,-0.001154,0.01672,0.03524,0.01217,-9.954E-4,0.01204,-0.001477,0.0105,-5.917E-4,1
1506099275671,true,1621.868,0,0.01908,0.0144,0.009913,-0.001712,0.01153,-0.002542,0.0078,-0.001165,0.01629,0.03564,0.01218,-9.918E-4,0.01205,-0.001471,0.01054,-5.97E-4,1
1506099275707,true,1621.925,0,0.01909,0.01438,0.009962,-0.001715,0.01154,-0.002536,0.007842,-0.001172,0.01582,0.03614,0.01221,-9.948E-4,0.01209,-0.001473,0.01057,-6.0E-4,1
1506099275743,true,1621.983,0,0.01888,0.01408,0.009987,-0.001713,0.01158,-0.002539,0.007868,-0.001168,0.01572,0.03625,0.01222,-9.96E-4,0.01213,-0.001476,0.01059,-5.984E-4,1
1506099275780,true,1622.04,0,0.0192,0.01403,0.01,-0.001713,0.01159,-0.00254,0.007875,-0.001164,0.01592,0.03603,0.01224,-9.916E-4,0.01215,-0.001481,0.0106,-5.926E-4,1
1506099275935,true,1622.111,0,0.01922,0.01416,0.01,-0.001711,0.01161,-0.002537,0.007877,-0.001161,0.01653,0.03543,0.01225,-9.895E-4,0.01218,-0.001489,0.01063,-5.964E-4,1
1506099275971,true,1622.169,0,0.01951,0.01427,0.01001,-0.001715,0.01162,-0.002536,0.007887,-0.001162,0.01693,0.035,0.01226,-9.939E-4,0.01218,-0.001482,0.01065,-6.02E-4,1
1506099276007,true,1622.226,0,0.01928,0.0147,0.01,-0.001717,0.01161,-0.002535,0.007889,-0.001163,0.01661,0.03544,0.01226,-9.956E-4,0.01218,-0.001486,0.01065,-6.013E-4,1
1506099276044,true,1622.284,0,0.01882,0.01492,0.009984,-0.001717,0.01159,-0.002532,0.00789,-0.001163,0.01601,0.03612,0.01227,-0.001003,0.01218,-0.001486,0.01065,-6.073E-4,1
1506099276080,true,1622.341,0,0.01864,0.01487,0.009965,-0.001719,0.01158,-0.002538,0.007875,-0.001161,0.01562,0.03656,0.01225,-9.961E-4,0.01218,-0.001488,0.01063,-6.013E-4,1
1506099276209,true,1622.385,0,0.01891,0.01477,0.009923,-0.001713,0.01158,-0.002547,0.007879,-0.001161,0.01584,0.03633,0.01223,-9.896E-4,0.01217,-0.001491,0.01062,-6.018E-4,1
1506099276245,true,1622.443,0,0.01905,0.01502,0.009905,-0.001718,0.01155,-0.002547,0.007862,-0.001164,0.01596,0.03613,0.0122,-9.845E-4,0.01213,-0.001489,0.01061,-6.06E-4,1
1506099276282,true,1622.5,0,0.01913,0.01503,0.009849,-0.001703,0.0115,-0.002533,0.007846,-0.001163,0.01583,0.03619,0.01219,-9.771E-4,0.01206,-0.00147,0.0106,-6.052E-4,1
1506099276318,true,1622.558,0,0.01872,0.01528,0.009865,-0.001698,0.01153,-0.002523,0.00786,-0.001165,0.01544,0.03652,0.01223,-9.769E-4,0.01208,-0.001464,0.01063,-6.012E-4,1
1506099276354,true,1622.615,0,0.01878,0.01495,0.00991,-0.001699,0.01159,-0.002524,0.007892,-0.001165,0.01517,0.03675,0.01226,-9.781E-4,0.01213,-0.001466,0.01065,-5.985E-4,1
1506099276509,true,1622.685,0,0.01898,0.0146,0.009951,-0.001697,0.01164,-0.002528,0.007907,-0.001165,0.0153,0.03665,0.01228,-9.759E-4,0.01216,-0.001458,0.01071,-6.006E-4,1
1506099276546,true,1622.743,0,0.0193,0.01464,0.009977,-0.001694,0.0117,-0.002528,0.007936,-0.001167,0.01604,0.03592,0.01231,-9.737E-4,0.01221,-0.001457,0.01074,-5.946E-4,1
1506099276582,true,1622.8,0,0.01968,0.01484,0.01001,-0.001694,0.01174,-0.002524,0.007952,-0.001162,0.01642,0.03549,0.01233,-9.734E-4,0.01224,-0.00145,0.01079,-5.931E-4,1
1506099276618,true,1622.858,0,0.01974,0.01517,0.01005,-0.001694,0.01178,-0.002522,0.007982,-0.001163,0.01616,0.03571,0.01237,-9.75E-4,0.01227,-0.001448,0.01082,-5.898E-4,1
1506099276654,true,1622.915,0,0.01929,0.01553,0.01008,-0.001693,0.01181,-0.002518,0.007995,-0.001158,0.01572,0.03624,0.01241,-9.746E-4,0.0123,-0.001444,0.01085,-5.819E-4,1
1506099276785,true,1622.96,0,0.01902,0.0154,0.01014,-0.001697,0.01184,-0.00252,0.008002,-0.001149,0.01554,0.03656,0.01245,-9.752E-4,0.01234,-0.001445,0.01088,-5.762E-4,1
1506099276821,true,1623.018,0,0.01901,0.01538,0.01016,-0.001695,0.01189,-0.002522,0.008022,-0.001149,0.01571,0.03651,0.01247,-9.694E-4,0.01236,-0.001446,0.01091,-5.738E-4,1
1506099276857,true,1623.075,0,0.01914,0.01547,0.01016,-0.001688,0.0119,-0.002524,0.008025,-0.001146,0.01605,0.03609,0.0125,-9.704E-4,0.01239,-0.001447,0.01093,-5.734E-4,1
1506099276893,true,1623.133,0,0.01931,0.01557,0.01016,-0.001688,0.01192,-0.002524,0.008019,-0.001143,0.01601,0.03605,0.0125,-9.668E-4,0.01239,-0.001443,0.01094,-5.739E-4,1
1506099276930,true,1623.19,0,0.01938,0.01571,0.01015,-0.001689,0.01192,-0.002526,0.00802,-0.001139,0.01574,0.03627,0.0125,-9.683E-4,0.01239,-0.001439,0.01097,-5.812E-4,1
1506099277085,true,1623.261,0,0.01932,0.01554,0.01015,-0.001687,0.01189,-0.002522,0.008012,-0.001133,0.01553,0.03648,0.01249,-9.706E-4,0.01239,-0.001432,0.01097,-5.826E-4,1
1506099277121,true,1623.319,0,0.01908,0.0153,0.01012,-0.001677,0.01187,-0.00252,0.008018,-0.001136,0.01565,0.03648,0.01247,-9.61E-4,0.01237,-0.001425,0.01095,-5.77E-4,1
1506099277157,true,1623.376,0,0.01922,0.01514,0.01014,-0.001669,0.01188,-0.002505,0.008013,-0.001131,0.01625,0.03593,0.01249,-9.562E-4,0.01238,-0.001416,0.01097,-5.723E-4,1
1506099277194,true,1623.434,0,0.01942,0.01531,0.0102,-0.00167,0.01194,-0.002507,0.008031,-0.001132,0.01686,0.03529,0.01252,-9.496E-4,0.01241,-0.001416,0.011,-5.65E-4,1
1506099277230,true,1623.491,0,0.01958,0.01553,0.01024,-0.001665,0.01199,-0.002505,0.008069,-0.001135,0.01667,0.03547,0.01257,-9.55E-4,0.01244,-0.001408,0.01104,-5.619E-4,1
1506099277360,true,1623.535,0,0.01968,0.01564,0.0103,-0.001667,0.01205,-0.002507,0.008094,-0.001133,0.01641,0.03585,0.01262,-9.583E-4,0.01247,-0.001404,0.01108,-5.639E-4,1
1506099277396,true,1623.593,0,0.01968,0.01555,0.01035,-0.001667,0.01209,-0.002506,0.008114,-0.001126,0.01607,0.03632,0.01264,-9.589E-4,0.01252,-0.001404,0.01111,-5.623E-4,1
1506099277432,true,1623.65,0,0.01974,0.01541,0.0104,-0.001666,0.01215,-0.002514,0.008145,-0.001126,0.01619,0.03628,0.01267,-9.55E-4,0.01256,-0.001408,0.01114,-5.591E-4,1
1506099277468,true,1623.708,0,0.0198,0.01549,0.01042,-0.001663,0.0122,-0.002511,0.008165,-0.001128,0.01657,0.03587,0.01269,-9.486E-4,0.0126,-0.001415,0.01116,-5.563E-4,1
1506099277505,true,1623.765,0,0.02011,0.01552,0.01045,-0.001665,0.01224,-0.002513,0.00818,-0.001126,0.01664,0.03578,0.01271,-9.455E-4,0.01262,-0.001415,0.01119,-5.633E-4,1
1506099277659,true,1623.836,0,0.01969,0.01578,0.01048,-0.00167,0.01226,-0.002505,0.008187,-0.001123,0.01633,0.0362,0.01274,-9.45E-4,0.01263,-0.001413,0.01122,-5.639E-4,1
1506099277696,true,1623.894,0,0.01968,0.0156,0.01048,-0.00167,0.01225,-0.002503,0.008209,-0.001121,0.01604,0.03651,0.01275,-9.439E-4,0.01263,-0.001411,0.01122,-5.618E-4,1
1506099277732,true,1623.951,0,0.01955,0.01523,0.01048,-0.001672,0.01225,-0.002504,0.008225,-0.00112,0.01578,0.03685,0.01273,-9.33E-4,0.01263,-0.001411,0.01121,-5.566E-4,1
1506099277768,true,1624.009,0,0.01964,0.01512,0.01049,-0.00168,0.01225,-0.002508,0.008219,-0.001118,0.01616,0.03649,0.0127,-9.277E-4,0.01261,-0.001412,0.0112,-5.551E-4,1
1506099277804,true,1624.066,0,0.01977,0.01528,0.01046,-0.001676,0.01226,-0.002517,0.008222,-0.001126,0.0168,0.03585,0.01267,-9.216E-4,0.0126,-0.001414,0.0112,-5.577E-4,1
1506099277935,true,1624.111,0,0.02018,0.01537,0.01044,-0.001679,0.01224,-0.002516,0.008222,-0.001125,0.01682,0.03575,0.01267,-9.285E-4,0.01257,-0.001412,0.01117,-5.528E-4,1
1506099277971,true,1624.169,0,0.02,0.01572,0.01043,-0.00167,0.01219,-0.002504,0.008216,-0.001126,0.01642,0.03619,0.01265,-9.23E-4,0.01253,-0.001404,0.01114,-5.491E-4,1
1506099278007,true,1624.226,0,0.01972,0.0158,0.01048,-0.001671,0.01222,-0.002505,0.008241,-0.001126,0.01602,0.03663,0.01266,-9.212E-4,0.01254,-0.001399,0.01114,-5.391E-4,1
1506099278043,true,1624.284,0,0.01976,0.0156,0.01055,-0.001675,0.01228,-0.002509,0.008266,-0.001129,0.01588,0.03686,0.01267,-9.154E-4,0.01257,-0.0014,0.01116,-5.358E-4,1
1506099278080,true,1624.341,0,0.01995,0.01556,0.01057,-0.001668,0.01234,-0.002509,0.008302,-0.001136,0.0163,0.0365,0.0127,-9.11E-4,0.01262,-0.001403,0.0112,-5.375E-4,1
1506099278235,true,1624.411,0,0.02024,0.0156,0.01059,-0.001668,0.0124,-0.002511,0.008344,-0.001141,0.01665,0.03616,0.01272,-9.042E-4,0.01264,-0.001399,0.01125,-5.481E-4,1
1506099278271,true,1624.469,0,0.0205,0.01557,0.01062,-0.001667,0.01244,-0.002507,0.008378,-0.001141,0.01643,0.0364,0.01275,-9.082E-4,0.01267,-0.001396,0.01129,-5.514E-4,1
1506099278307,true,1624.526,0,0.02045,0.0155,0.01066,-0.001674,0.01249,-0.00251,0.00841,-0.001142,0.0161,0.03681,0.01278,-9.143E-4,0.0127,-0.001394,0.01133,-5.551E-4,1
1506099278343,true,1624.584,0,0.02038,0.01523,0.01071,-0.00168,0.01256,-0.00252,0.00845,-0.001152,0.01605,0.03693,0.01279,-9.092E-4,0.01273,-0.001397,0.01136,-5.549E-4,1
1506099278380,true,1624.641,0,0.02032,0.0153,0.01071,-0.001678,0.0126,-0.002528,0.008479,-0.001154,0.01648,0.03666,0.01279,-9.03E-4,0.01276,-0.0014,0.01138,-5.547E-4,1
1506099278535,true,1624.712,0,0.02051,0.01546,0.01072,-0.001674,0.01261,-0.002526,0.00851,-0.001164,0.01699,0.03611,0.0128,-9.026E-4,0.01279,-0.001408,0.01139,-5.544E-4,1
1506099278571,true,1624.77,0,0.02034,0.01575,0.01072,-0.001679,0.01261,-0.002512,0.008529,-0.001172,0.01701,0.03604,0.01281,-9.058E-4,0.0128,-0.001411,0.0114,-5.589E-4,1
1506099278607,true,1624.827,0,0.01991,0.01632,0.01072,-0.001679,0.01259,-0.002511,0.008543,-0.001169,0.01676,0.03629,0.01281,-9.092E-4,0.01279,-0.00141,0.01141,-5.658E-4,1
1506099278644,true,1624.885,0,0.02009,0.01615,0.0107,-0.001679,0.01258,-0.00251,0.008558,-0.001172,0.0162,0.0369,0.01281,-9.124E-4,0.01278,-0.001408,0.01139,-5.624E-4,1
1506099278680,true,1624.942,0,0.02034,0.01575,0.01071,-0.001685,0.01255,-0.002509,0.00856,-0.001174,0.01599,0.03718,0.01277,-9.101E-4,0.01277,-0.00141,0.01138,-5.651E-4,1
1506099278810,true,1624.986,0,0.02021,0.01566,0.01069,-0.00169,0.01253,-0.00252,0.008558,-0.001179,0.01632,0.03686,0.01275,-9.128E-4,0.01275,-0.00141,0.01134,-5.604E-4,1
1506099278846,true,1625.044,0,0.02038,0.01591,0.01065,-0.001695,0.0125,-0.002518,0.008538,-0.001179,0.01687,0.03626,0.01271,-9.084E-4,0.01271,-0.001407,0.01131,-5.626E-4,1
1506099278882,true,1625.101,0,0.02019,0.01593,0.01062,-0.001709,0.01246,-0.002518,0.008542,-0.00118,0.01681,0.03628,0.01267,-9.074E-4,0.01267,-0.001408,0.01129,-5.712E-4,1
1506099278918,true,1625.159,0,0.0195,0.01623,0.01058,-0.001715,0.01241,-0.002527,0.00853,-0.001187,0.01655,0.03658,0.01262,-9.119E-4,0.01261,-0.001414,0.01125,-5.721E-4,1
1506099278955,true,1625.216,0,0.01918,0.0161,0.01051,-0.001721,0.01234,-0.002536,0.008515,-0.001193,0.01633,0.03685,0.01256,-9.143E-4,0.01256,-0.001417,0.01118,-5.773E-4,1
1506099279085,true,1625.262,0,0.01907,0.01574,0.01043,-0.001721,0.01227,-0.002542,0.008463,-0.00119,0.01655,0.03657,0.01247,-9.132E-4,0.0125,-0.001422,0.01108,-5.74E-4,1
1506099279121,true,1625.32,0,0.01912,0.01585,0.01035,-0.001713,0.01218,-0.00253,0.008416,-0.001185,0.01699,0.03614,0.0124,-9.067E-4,0.01242,-0.001417,0.01101,-5.669E-4,1
1506099279157,true,1625.377,0,0.01923,0.01619,0.01033,-0.00171,0.01217,-0.002528,0.008415,-0.001187,0.01731,0.03579,0.01239,-9.082E-4,0.01241,-0.001416,0.01099,-5.665E-4,1
1506099279194,true,1625.435,0,0.01928,0.01647,0.01033,-0.001714,0.01218,-0.00253,0.008409,-0.00119,0.01671,0.03633,0.01239,-9.175E-4,0.01243,-0.001419,0.01099,-5.655E-4,1
1506099279230,true,1625.492,0,0.01913,0.01664,0.01033,-0.001716,0.01219,-0.002537,0.008434,-0.001204,0.01621,0.03682,0.01239,-9.271E-4,0.01242,-0.001413,0.01099,-5.651E-4,1
1506099279385,true,1625.561,0,0.01888,0.0164,0.01033,-0.001714,0.01218,-0.002541,0.008439,-0.001208,0.01601,0.03715,0.01238,-9.249E-4,0.01245,-0.001422,0.01097,-5.631E-4,1
1506099279421,true,1625.619,0,0.01894,0.01634,0.01032,-0.001708,0.01215,-0.002534,0.008437,-0.001212,0.01616,0.03698,0.01238,-9.248E-4,0.01245,-0.001427,0.01096,-5.597E-4,1
1506099279457,true,1625.676,0,0.01918,0.01619,0.01031,-0.001706,0.01216,-0.00254,0.008443,-0.001224,0.01671,0.03636,0.01237,-9.296E-4,0.01246,-0.001427,0.01099,-5.686E-4,1
1506099279493,true,1625.734,0,0.01887,0.01647,0.01029,-0.00171,0.01217,-0.002544,0.008444,-0.00123,0.01685,0.03613,0.01236,-9.282E-4,0.01246,-0.001424,0.011,-5.762E-4,1
1506099279530,true,1625.791,0,0.01835,0.01663,0.01027,-0.00171,0.01218,-0.002551,0.008436,-0.001233,0.01655,0.03635,0.01236,-9.406E-4,0.01246,-0.001425,0.011,-5.842E-4,1
1506099279660,true,1625.837,0,0.01794,0.01651,0.01027,-0.001719,0.01215,-0.002554,0.008409,-0.001226,0.01644,0.03642,0.01235,-9.424E-4,0.01248,-0.001437,0.01098,-5.873E-4,1
1506099279696,true,1625.895,0,0.01772,0.01632,0.01024,-0.001719,0.01213,-0.002562,0.008408,-0.001234,0.0166,0.03631,0.01233,-9.474E-4,0.01248,-0.001442,0.01093,-5.778E-4,1
1506099279732,true,1625.952,0,0.01765,0.01631,0.0102,-0.00172,0.01211,-0.002561,0.008373,-0.001235,0.0172,0.03565,0.01231,-9.545E-4,0.01246,-0.001445,0.01091,-5.776E-4,1
1506099279769,true,1626.01,0,0.01798,0.01624,0.01016,-0.00172,0.01205,-0.002559,0.008346,-0.001238,0.01764,0.03524,0.01229,-9.636E-4,0.01242,-0.001452,0.01088,-5.741E-4,1
1506099279805,true,1626.067,0,0.01798,0.01646,0.01012,-0.001728,0.01201,-0.002566,0.008313,-0.001241,0.01742,0.03537,0.01227,-9.767E-4,0.01239,-0.001454,0.01085,-5.804E-4,1
1506099279958,true,1626.135,0,0.0178,0.01671,0.01006,-0.001733,0.01196,-0.002575,0.008276,-0.001242,0.01681,0.03589,0.01223,-9.872E-4,0.01234,-0.001459,0.0108,-5.822E-4,1
1506099279994,true,1626.193,0,0.01824,0.01627,0.01001,-0.001737,0.01187,-0.002579,0.008239,-0.001249,0.01645,0.03633,0.01219,-9.979E-4,0.01229,-0.001461,0.01074,-5.849E-4,1
1506099280031,true,1626.25,0,0.01828,0.01599,0.009944,-0.00174,0.01181,-0.002586,0.008181,-0.001248,0.01644,0.03631,0.01211,-9.949E-4,0.01223,-0.001471,0.01065,-5.788E-4,1
1506099280067,true,1626.308,0,0.01843,0.016,0.009852,-0.001729,0.01172,-0.002585,0.008116,-0.001255,0.01674,0.03588,0.01205,-9.896E-4,0.01215,-0.001473,0.01058,-5.769E-4,1
1506099280104,true,1626.365,0,0.01862,0.01597,0.009817,-0.00172,0.01167,-0.002575,0.008084,-0.001252,0.01687,0.03569,0.01205,-9.93E-4,0.01214,-0.001476,0.01055,-5.771E-4,1
1506099280259,true,1626.436,0,0.01851,0.01613,0.009855,-0.001728,0.01169,-0.002582,0.008081,-0.001261,0.01656,0.03591,0.01206,-9.998E-4,0.01213,-0.001471,0.01057,-5.851E-4,1
1506099280295,true,1626.494,0,0.01864,0.01597,0.009873,-0.001733,0.01168,-0.002583,0.008072,-0.001263,0.01642,0.03604,0.01206,-0.001006,0.01214,-0.001468,0.01058,-5.872E-4,1
1506099280331,true,1626.551,0,0.01879,0.01563,0.009886,-0.001737,0.01168,-0.002582,0.008069,-0.001265,0.01638,0.03613,0.01206,-0.001004,0.01213,-0.001467,0.01058,-5.893E-4,1
1506099280367,true,1626.609,0,0.01923,0.01539,0.009848,-0.001727,0.01169,-0.002588,0.008047,-0.001268,0.01665,0.03583,0.01206,-0.001007,0.01215,-0.001474,0.01059,-5.903E-4,1
1506099280404,true,1626.666,0,0.0195,0.01545,0.009839,-0.001727,0.01172,-0.002591,0.008025,-0.001274,0.01704,0.03538,0.01205,-0.001005,0.01218,-0.001482,0.0106,-5.931E-4,1
1506099280534,true,1626.711,0,0.01943,0.01586,0.00984,-0.001728,0.01173,-0.002593,0.008007,-0.001271,0.01711,0.03535,0.01207,-0.001012,0.01217,-0.001481,0.01061,-5.964E-4,1
1506099280570,true,1626.769,0,0.01931,0.01619,0.009848,-0.001732,0.01175,-0.002607,0.008009,-0.001273,0.01659,0.03586,0.0121,-0.001027,0.01218,-0.001483,0.01062,-6.007E-4,1
1506099280607,true,1626.826,0,0.01915,0.01622,0.009856,-0.001736,0.01175,-0.002618,0.008001,-0.001277,0.01609,0.03649,0.01211,-0.001038,0.01218,-0.001487,0.01062,-5.963E-4,1
1506099280643,true,1626.884,0,0.01957,0.01602,0.009867,-0.001739,0.01172,-0.002622,0.007982,-0.001275,0.01593,0.0367,0.0121,-0.001037,0.01218,-0.001494,0.0106,-5.953E-4,1
1506099280679,true,1626.941,0,0.01979,0.01597,0.009835,-0.001741,0.01171,-0.002628,0.007946,-0.001271,0.01629,0.03631,0.01209,-0.001034,0.01216,-0.001499,0.01059,-5.982E-4,1
1506099280834,true,1627.011,0,0.01973,0.01618,0.009797,-0.001743,0.01168,-0.002623,0.007922,-0.001271,0.01641,0.03607,0.01206,-0.001034,0.01212,-0.001498,0.01058,-6.08E-4,1
1506099280871,true,1627.069,0,0.02007,0.01613,0.009784,-0.001755,0.01164,-0.002631,0.007893,-0.001274,0.01615,0.03634,0.01204,-0.001038,0.01206,-0.001493,0.01056,-6.152E-4,1
1506099280907,true,1627.126,0,0.01968,0.01634,0.00974,-0.001759,0.01158,-0.002636,0.007858,-0.001271,0.01609,0.03646,0.01204,-0.001045,0.01202,-0.001496,0.01052,-6.196E-4,1
1506099280943,true,1627.184,0,0.01975,0.01604,0.009694,-0.001769,0.01152,-0.002641,0.007829,-0.001272,0.01587,0.03667,0.01199,-0.001048,0.01197,-0.001497,0.01047,-6.251E-4,1
1506099280979,true,1627.241,0,0.02014,0.01579,0.009644,-0.001763,0.01142,-0.00263,0.007785,-0.00127,0.01598,0.03664,0.01193,-0.00104,0.0119,-0.001493,0.01041,-6.229E-4,1
1506099281109,true,1627.285,0,0.02026,0.01593,0.009624,-0.001756,0.01137,-0.00262,0.007746,-0.001267,0.01633,0.03623,0.01193,-0.001036,0.01188,-0.001492,0.01039,-6.202E-4,1
1506099281145,true,1627.343,0,0.02037,0.01608,0.009667,-0.001765,0.0114,-0.002627,0.007722,-0.001264,0.01641,0.03624,0.01195,-0.001039,0.01187,-0.001489,0.01041,-6.236E-4,1
1506099281181,true,1627.4,0,0.02032,0.0164,0.009702,-0.001773,0.01142,-0.002636,0.007727,-0.001267,0.01565,0.037,0.01196,-0.001042,0.01187,-0.001491,0.01046,-6.313E-4,1
1506099281217,true,1627.458,0,0.0202,0.01633,0.009744,-0.001774,0.01144,-0.00264,0.0077,-0.00126,0.01508,0.03769,0.01198,-0.001042,0.01188,-0.001495,0.01048,-6.34E-4,1
1506099281254,true,1627.515,0,0.02022,0.016,0.009741,-0.00177,0.01147,-0.002642,0.007694,-0.001261,0.01487,0.03801,0.01198,-0.001036,0.0119,-0.001499,0.01049,-6.31E-4,1
1506099281408,true,1627.586,0,0.0205,0.01585,0.009757,-0.001768,0.0115,-0.002641,0.00769,-0.001263,0.01501,0.03785,0.012,-0.001036,0.01192,-0.001505,0.01051,-6.345E-4,1
1506099281445,true,1627.644,0,0.02029,0.01605,0.009778,-0.00177,0.01153,-0.002647,0.007712,-0.001267,0.01537,0.03752,0.01202,-0.001037,0.01195,-0.001507,0.01054,-6.335E-4,1
1506099281481,true,1627.701,0,0.02041,0.0162,0.009792,-0.001774,0.01153,-0.002641,0.00771,-0.001268,0.01534,0.03758,0.01203,-0.001031,0.01196,-0.001509,0.01055,-6.379E-4,1
1506099281517,true,1627.759,0,0.02016,0.01636,0.009821,-0.001782,0.01153,-0.002647,0.007723,-0.001267,0.01492,0.03794,0.01205,-0.001037,0.01196,-0.001508,0.01056,-6.414E-4,1
1506099281553,true,1627.816,0,0.02007,0.01624,0.009814,-0.001783,0.0115,-0.002645,0.007732,-0.001267,0.01492,0.03804,0.01205,-0.001036,0.01194,-0.001503,0.01056,-6.473E-4,1
1506099281684,true,1627.861,0,0.02002,0.01612,0.009816,-0.001788,0.01149,-0.002647,0.007729,-0.001271,0.01499,0.03796,0.01203,-0.001034,0.01194,-0.001515,0.01053,-6.416E-4,1
1506099281720,true,1627.919,0,0.02026,0.01615,0.009785,-0.001786,0.01146,-0.002649,0.007685,-0.001262,0.01557,0.03741,0.01202,-0.001029,0.01195,-0.001527,0.01054,-6.485E-4,1
1506099281757,true,1627.976,0,0.01997,0.01658,0.009769,-0.00179,0.01143,-0.002653,0.007659,-0.001256,0.01589,0.03713,0.012,-0.00103,0.01192,-0.001531,0.01054,-6.565E-4,1
1506099281793,true,1628.034,0,0.02007,0.01679,0.009758,-0.001801,0.0114,-0.002649,0.007645,-0.001256,0.01566,0.03744,0.01197,-0.001023,0.01187,-0.001529,0.01052,-6.628E-4,1
1506099281829,true,1628.091,0,0.01992,0.01702,0.00973,-0.001811,0.01134,-0.002651,0.007632,-0.001258,0.01504,0.0381,0.01193,-0.001027,0.01183,-0.00153,0.01049,-6.704E-4,1
1506099281984,true,1628.161,0,0.01973,0.01696,0.009705,-0.00182,0.0113,-0.002656,0.007618,-0.001263,0.01492,0.03837,0.01191,-0.001031,0.01178,-0.001531,0.01042,-6.661E-4,1
1506099282020,true,1628.219,0,0.01979,0.01665,0.00966,-0.001831,0.01123,-0.002657,0.007579,-0.001265,0.01508,0.03817,0.01184,-0.001025,0.01174,-0.001537,0.01038,-6.735E-4,1
1506099282057,true,1628.276,0,0.01963,0.01676,0.009593,-0.001833,0.01115,-0.002654,0.007532,-0.001266,0.01515,0.0379,0.01178,-0.001021,0.01167,-0.001538,0.01033,-6.761E-4,1
1506099282093,true,1628.334,0,0.01979,0.01665,0.00951,-0.001815,0.01104,-0.002635,0.007497,-0.001268,0.01498,0.03791,0.01174,-0.001019,0.0116,-0.00153,0.01029,-6.774E-4,1
1506099282129,true,1628.391,0,0.01937,0.0168,0.009524,-0.001816,0.01102,-0.00263,0.00748,-0.001265,0.01458,0.0382,0.01173,-0.001018,0.0116,-0.00153,0.01028,-6.767E-4,1
1506099282259,true,1628.437,0,0.01896,0.01661,0.009539,-0.001818,0.01102,-0.002626,0.007481,-0.001268,0.01441,0.03824,0.01177,-0.001028,0.01161,-0.001529,0.01029,-6.795E-4,1
1506099282296,true,1628.495,0,0.0188,0.01632,0.009549,-0.001821,0.01104,-0.002634,0.007485,-0.001273,0.01454,0.03815,0.01176,-0.001024,0.01164,-0.001538,0.01028,-6.759E-4,1
1506099282332,true,1628.552,0,0.01909,0.01609,0.009577,-0.001826,0.01104,-0.002632,0.007489,-0.001276,0.01496,0.03762,0.01176,-0.001018,0.01167,-0.001542,0.01028,-6.78E-4,1
1506099282368,true,1628.61,0,0.01904,0.01631,0.009583,-0.001825,0.01104,-0.002625,0.007505,-0.001286,0.01547,0.03708,0.01178,-0.001023,0.01166,-0.001538,0.01029,-6.808E-4,1
1506099282404,true,1628.667,0,0.01913,0.01643,0.009585,-0.001821,0.01108,-0.002635,0.007519,-0.001292,0.01517,0.03746,0.01181,-0.001025,0.01166,-0.001532,0.01031,-6.873E-4,1
1506099282534,true,1628.711,0,0.01914,0.01639,0.009635,-0.001834,0.01108,-0.002639,0.007538,-0.001297,0.01472,0.03783,0.01182,-0.00103,0.01167,-0.001533,0.01032,-6.916E-4,1
1506099282571,true,1628.769,0,0.01921,0.01603,0.009653,-0.001835,0.01109,-0.002649,0.007531,-0.0013,0.01445,0.0382,0.01181,-0.001027,0.01167,-0.001531,0.01031,-6.889E-4,1
1506099282607,true,1628.826,0,0.01926,0.01584,0.009636,-0.001832,0.01107,-0.002648,0.007521,-0.001305,0.01451,0.03809,0.01179,-0.001022,0.01168,-0.001536,0.0103,-6.935E-4,1
1506099282643,true,1628.884,0,0.01942,0.0158,0.009616,-0.001836,0.01107,-0.002657,0.007492,-0.001304,0.01495,0.0375,0.01177,-0.001019,0.01168,-0.001544,0.01029,-6.958E-4,1
1506099282679,true,1628.941,0,0.01961,0.01581,0.009585,-0.001841,0.01104,-0.002664,0.007471,-0.001302,0.01506,0.0374,0.01175,-0.001015,0.01164,-0.001536,0.01026,-7.002E-4,1
1506099282835,true,1629.012,0,0.01941,0.01587,0.009565,-0.001851,0.01099,-0.002667,0.007465,-0.001305,0.0148,0.03749,0.01174,-0.001018,0.0116,-0.001536,0.01025,-7.088E-4,1
1506099282871,true,1629.07,0,0.01905,0.01572,0.009527,-0.001856,0.01094,-0.002673,0.00745,-0.001306,0.01466,0.03756,0.01172,-0.001026,0.01155,-0.001533,0.01021,-7.178E-4,1
1506099282907,true,1629.127,0,0.01917,0.01534,0.009487,-0.001863,0.01086,-0.002671,0.007406,-0.001301,0.01454,0.03767,0.01166,-0.001021,0.0115,-0.001533,0.01015,-7.144E-4,1
1506099282943,true,1629.185,0,0.01932,0.01509,0.009423,-0.001869,0.01077,-0.00267,0.007363,-0.001307,0.01508,0.03703,0.01163,-0.001029,0.01146,-0.00154,0.0101,-7.201E-4,1
1506099282980,true,1629.242,0,0.01946,0.01509,0.009333,-0.001862,0.0107,-0.002675,0.007315,-0.00131,0.01562,0.03644,0.0116,-0.001032,0.01138,-0.001537,0.01003,-7.195E-4,1
1506099283135,true,1629.312,0,0.01964,0.0152,0.00927,-0.001845,0.01063,-0.002665,0.007285,-0.001313,0.01571,0.03621,0.0116,-0.001033,0.01134,-0.001527,0.009984,-7.164E-4,1
1506099283171,true,1629.37,0,0.01946,0.01545,0.009312,-0.00185,0.01065,-0.002665,0.007287,-0.001319,0.01523,0.03662,0.01163,-0.001041,0.01136,-0.001525,0.009979,-7.168E-4,1
1506099283207,true,1629.427,0,0.01917,0.0152,0.009318,-0.001846,0.01067,-0.002671,0.007298,-0.001323,0.01493,0.03698,0.01165,-0.001046,0.01137,-0.001526,0.009978,-7.165E-4,1
1506099283243,true,1629.485,0,0.01927,0.01477,0.009305,-0.00184,0.01068,-0.002675,0.007307,-0.001328,0.01474,0.03718,0.01166,-0.001043,0.01141,-0.001534,0.009986,-7.146E-4,1
1506099283279,true,1629.542,0,0.01952,0.01472,0.009316,-0.001844,0.01069,-0.002672,0.007288,-0.001329,0.01514,0.03663,0.01167,-0.001043,0.0114,-0.001531,0.009999,-7.137E-4,1
1506099283409,true,1629.587,0,0.01947,0.01471,0.009321,-0.001841,0.01071,-0.002677,0.007296,-0.001334,0.01552,0.03611,0.01169,-0.001048,0.0114,-0.001524,0.01001,-7.149E-4,1
1506099283445,true,1629.645,0,0.01946,0.01467,0.009341,-0.001847,0.01073,-0.002681,0.007317,-0.001339,0.01547,0.03616,0.01172,-0.001054,0.0114,-0.001517,0.01003,-7.209E-4,1
1506099283481,true,1629.702,0,0.01954,0.01448,0.00935,-0.00185,0.01072,-0.002684,0.007305,-0.001341,0.0151,0.03641,0.01174,-0.001061,0.01142,-0.001517,0.01003,-7.168E-4,1
1506099283517,true,1629.76,0,0.01925,0.01426,0.00933,-0.001847,0.0107,-0.002682,0.007294,-0.001337,0.01483,0.03674,0.01174,-0.001055,0.01142,-0.001514,0.01002,-7.149E-4,1
1506099283553,true,1629.817,0,0.01938,0.01415,0.009301,-0.001849,0.01069,-0.002687,0.007269,-0.001339,0.01507,0.03638,0.01174,-0.001055,0.01141,-0.001515,0.01002,-7.145E-4,1
1506099283709,true,1629.887,0,0.01974,0.01405,0.009255,-0.001852,0.01067,-0.0027,0.00724,-0.001333,0.01555,0.03595,0.01173,-0.001055,0.01139,-0.00152,0.01002,-7.227E-4,1
1506099283746,true,1629.945,0,0.01976,0.01434,0.009229,-0.001859,0.01061,-0.002696,0.007202,-0.001329,0.01576,0.0358,0.01173,-0.001062,0.01134,-0.001518,0.01,-7.236E-4,1
1506099283782,true,1630.002,0,0.01979,0.01456,0.009188,-0.001863,0.01056,-0.002695,0.007174,-0.001329,0.01535,0.03612,0.01172,-0.001073,0.0113,-0.001518,0.00999,-7.289E-4,1
1506099283818,true,1630.06,0,0.01948,0.01471,0.009132,-0.001861,0.0105,-0.002702,0.007145,-0.001329,0.01505,0.03647,0.01167,-0.001074,0.01127,-0.00152,0.00994,-7.276E-4,1
1506099283854,true,1630.117,0,0.01941,0.01442,0.009061,-0.001859,0.01043,-0.002703,0.007114,-0.001333,0.01478,0.03681,0.01161,-0.00107,0.01122,-0.001524,0.009884,-7.263E-4,1
1506099283984,true,1630.162,0,0.01978,0.01429,0.008997,-0.001844,0.01036,-0.002689,0.007059,-0.001326,0.01511,0.03644,0.01158,-0.00106,0.01118,-0.001522,0.009854,-7.195E-4,1
1506099284020,true,1630.22,0,0.02008,0.01422,0.009001,-0.001839,0.0104,-0.00269,0.007073,-0.001329,0.01572,0.0358,0.01159,-0.001055,0.01121,-0.001527,0.009898,-7.264E-4,1
1506099284057,true,1630.277,0,0.01999,0.01432,0.009013,-0.001838,0.01043,-0.002687,0.007087,-0.001336,0.01572,0.03566,0.01161,-0.001055,0.01121,-0.001516,0.009925,-7.25E-4,1
1506099284093,true,1630.335,0,0.01984,0.01433,0.009065,-0.001849,0.01046,-0.002691,0.007062,-0.001332,0.01572,0.03566,0.01164,-0.001064,0.01125,-0.001519,0.009957,-7.259E-4,1
1506099284129,true,1630.392,0,0.01997,0.01421,0.009059,-0.001844,0.01046,-0.00269,0.007066,-0.001329,0.01562,0.03578,0.01165,-0.001063,0.01127,-0.001523,0.009954,-7.215E-4,1
1506099284285,true,1630.462,0,0.02017,0.0139,0.009086,-0.001846,0.01047,-0.002693,0.007059,-0.001328,0.01578,0.03572,0.01165,-0.001064,0.01129,-0.001521,0.009939,-7.123E-4,1
1506099284321,true,1630.52,0,0.02041,0.01402,0.009104,-0.001846,0.0105,-0.002695,0.007047,-0.001322,0.0162,0.03533,0.01167,-0.001066,0.01131,-0.001523,0.009959,-7.054E-4,1
1506099284357,true,1630.577,0,0.02042,0.01436,0.009103,-0.001846,0.01052,-0.002695,0.007048,-0.00132,0.01649,0.03506,0.0117,-0.001065,0.01132,-0.001522,0.009995,-7.101E-4,1
1506099284393,true,1630.635,0,0.02032,0.01471,0.009137,-0.001858,0.01051,-0.002691,0.007059,-0.001324,0.01605,0.03549,0.01172,-0.001069,0.01134,-0.001527,0.01002,-7.11E-4,1
1506099284429,true,1630.692,0,0.0201,0.01475,0.009134,-0.001855,0.01051,-0.002696,0.007055,-0.001324,0.01549,0.03603,0.01172,-0.001067,0.01134,-0.001526,0.01001,-7.107E-4,1
1506099284559,true,1630.737,0,0.01979,0.01465,0.009115,-0.001855,0.01047,-0.002697,0.007044,-0.001318,0.01506,0.03663,0.0117,-0.001067,0.01135,-0.001535,0.01,-7.098E-4,1
1506099284595,true,1630.795,0,0.0199,0.01441,0.009101,-0.001854,0.01045,-0.00269,0.00704,-0.001316,0.01516,0.03653,0.01167,-0.001058,0.01134,-0.001537,0.009967,-7.009E-4,1
1506099284632,true,1630.852,0,0.01998,0.01429,0.009058,-0.001849,0.01044,-0.0027,0.00703,-0.001316,0.01557,0.03609,0.01164,-0.001053,0.01133,-0.001545,0.009958,-7.017E-4,1
1506099284668,true,1630.91,0,0.02006,0.01429,0.009028,-0.001852,0.01041,-0.0027,0.007021,-0.001317,0.01567,0.03592,0.0116,-0.001052,0.01129,-0.001544,0.009937,-7.087E-4,1
1506099284704,true,1630.967,0,0.01984,0.01448,0.008977,-0.001852,0.01037,-0.002701,0.00699,-0.001307,0.01539,0.03612,0.01157,-0.00105,0.01125,-0.001547,0.009912,-7.118E-4,1
1506099284859,true,1631.036,0,0.01983,0.01433,0.008936,-0.001856,0.01032,-0.002702,0.006971,-0.00131,0.01523,0.03625,0.01153,-0.001055,0.01121,-0.001546,0.009859,-7.108E-4,1
1506099284895,true,1631.094,0,0.01956,0.01408,0.008876,-0.001844,0.01023,-0.002688,0.006941,-0.00131,0.01514,0.03631,0.01148,-0.001045,0.01116,-0.001544,0.009794,-7.036E-4,1
1506099284931,true,1631.151,0,0.01979,0.01396,0.008887,-0.001838,0.01022,-0.002678,0.006918,-0.001303,0.01561,0.03585,0.01147,-0.001038,0.01117,-0.001544,0.009789,-6.995E-4,1
1506099284968,true,1631.209,0,0.01997,0.01414,0.008923,-0.001837,0.01025,-0.002675,0.006944,-0.001307,0.01592,0.03557,0.01151,-0.001041,0.0112,-0.001544,0.009816,-6.988E-4,1
1506099285004,true,1631.266,0,0.01982,0.01446,0.008979,-0.001844,0.01029,-0.002677,0.006966,-0.001309,0.01555,0.03598,0.01153,-0.001041,0.01123,-0.001542,0.009844,-7.015E-4,1
1506099285160,true,1631.338,0,0.01918,0.01494,0.009029,-0.001847,0.01032,-0.002679,0.006969,-0.001303,0.01508,0.03663,0.01155,-0.001045,0.01124,-0.001537,0.009873,-7.038E-4,1
1506099285196,true,1631.396,0,0.01924,0.01467,0.009061,-0.00185,0.01031,-0.002676,0.006968,-0.0013,0.0149,0.03693,0.01156,-0.001043,0.01126,-0.001539,0.009878,-7.047E-4,1
1506099285232,true,1631.453,0,0.01918,0.01439,0.009088,-0.001845,0.01035,-0.002677,0.006993,-0.001305,0.01491,0.03698,0.01157,-0.001044,0.0113,-0.001546,0.009876,-6.91E-4,1
1506099285268,true,1631.511,0,0.01936,0.01426,0.009104,-0.001845,0.0104,-0.002685,0.007018,-0.001311,0.01528,0.03661,0.01158,-0.001042,0.01133,-0.001549,0.009909,-6.966E-4,1
1506099285304,true,1631.568,0,0.01937,0.01441,0.009133,-0.001848,0.01042,-0.00269,0.00704,-0.001311,0.01556,0.03627,0.0116,-0.001043,0.01135,-0.00155,0.009939,-7.043E-4,1
1506099285434,true,1631.612,0,0.01944,0.01436,0.009172,-0.001857,0.01043,-0.002694,0.00705,-0.00131,0.01521,0.03661,0.0116,-0.00105,0.01136,-0.00155,0.009961,-7.068E-4,1
1506099285471,true,1631.67,0,0.01918,0.01438,0.009179,-0.001862,0.01042,-0.002697,0.007061,-0.001309,0.01512,0.03673,0.01159,-0.001048,0.01136,-0.001549,0.009945,-7.006E-4,1
1506099285507,true,1631.727,0,0.01932,0.01407,0.009188,-0.001869,0.01044,-0.002706,0.00706,-0.001302,0.01487,0.03694,0.01157,-0.001042,0.01136,-0.00155,0.00994,-6.989E-4,1
1506099285543,true,1631.785,0,0.0197,0.01372,0.009165,-0.001868,0.01041,-0.002707,0.007054,-0.001302,0.01512,0.03665,0.01154,-0.001037,0.01136,-0.001548,0.009902,-6.905E-4,1
1506099285579,true,1631.842,0,0.02004,0.01377,0.009128,-0.001867,0.01039,-0.002707,0.007055,-0.001301,0.01547,0.03634,0.01152,-0.001034,0.01132,-0.00155,0.009878,-6.955E-4,1
1506099285734,true,1631.913,0,0.0199,0.01419,0.009092,-0.001872,0.01036,-0.002709,0.007026,-0.001291,0.01527,0.03643,0.0115,-0.001035,0.01129,-0.00155,0.009854,-6.978E-4,1
1506099285771,true,1631.971,0,0.01967,0.01453,0.009063,-0.00188,0.0103,-0.002703,0.006993,-0.001287,0.01461,0.03709,0.01147,-0.001037,0.01123,-0.001544,0.009803,-6.98E-4,1
1506099285807,true,1632.028,0,0.01976,0.01436,0.00904,-0.001872,0.01025,-0.002691,0.00696,-0.001281,0.01413,0.03756,0.01148,-0.001041,0.0112,-0.001531,0.009768,-6.917E-4,1
1506099285843,true,1632.086,0,0.01978,0.01414,0.009086,-0.00187,0.01028,-0.002687,0.00698,-0.001278,0.01394,0.03774,0.01149,-0.001039,0.01123,-0.001533,0.009761,-6.861E-4,1
1506099285879,true,1632.143,0,0.02003,0.01395,0.00912,-0.001867,0.01033,-0.002684,0.007014,-0.001286,0.01433,0.0374,0.0115,-0.001036,0.01126,-0.001535,0.009783,-6.845E-4,1
1506099286009,true,1632.187,0,0.01979,0.014,0.009148,-0.001868,0.01037,-0.002687,0.007051,-0.001294,0.01469,0.03699,0.01154,-0.00104,0.01128,-0.001528,0.009828,-6.902E-4,1
1506099286045,true,1632.245,0,0.01988,0.01402,0.009184,-0.001873,0.01038,-0.002676,0.007065,-0.001294,0.01455,0.03704,0.01156,-0.001042,0.0113,-0.001526,0.009854,-6.886E-4,1
1506099286081,true,1632.302,0,0.01984,0.01395,0.009199,-0.001864,0.0104,-0.002674,0.007095,-0.001294,0.01426,0.0373,0.01157,-0.001044,0.01131,-0.00152,0.009869,-6.928E-4,1
1506099286118,true,1632.36,0,0.01965,0.01375,0.009252,-0.001866,0.01048,-0.002689,0.007119,-0.001294,0.01402,0.0375,0.01157,-0.001041,0.01135,-0.001521,0.00987,-6.869E-4,1
1506099286153,true,1632.417,0,0.01972,0.01359,0.00927,-0.001865,0.0105,-0.002687,0.007138,-0.001295,0.01447,0.03707,0.01157,-0.001038,0.01138,-0.001525,0.00989,-6.872E-4,1
1506099286285,true,1632.462,0,0.01992,0.0138,0.009282,-0.00187,0.01052,-0.002686,0.007159,-0.0013,0.01491,0.03656,0.01161,-0.001046,0.01141,-0.001531,0.009915,-6.877E-4,1
1506099286321,true,1632.52,0,0.01994,0.01431,0.009281,-0.001873,0.01053,-0.002684,0.007163,-0.001301,0.01488,0.03655,0.01162,-0.001051,0.0114,-0.001528,0.009933,-6.949E-4,1
1506099286357,true,1632.577,0,0.01998,0.01461,0.009286,-0.001876,0.01054,-0.002684,0.007165,-0.001301,0.01427,0.03721,0.01163,-0.001055,0.01139,-0.001525,0.009932,-6.927E-4,1
1506099286393,true,1632.635,0,0.01967,0.0149,0.009301,-0.001877,0.01052,-0.002683,0.007155,-0.0013,0.01381,0.03769,0.01162,-0.001062,0.01139,-0.001527,0.009935,-6.959E-4,1
1506099286429,true,1632.692,0,0.01964,0.01466,0.009294,-0.001885,0.01049,-0.002682,0.007151,-0.001299,0.01345,0.03816,0.01158,-0.00106,0.01137,-0.001522,0.0099,-6.92E-4,1
1506099286585,true,1632.764,0,0.01985,0.01448,0.009286,-0.001891,0.01047,-0.002676,0.007124,-0.001294,0.01376,0.03771,0.01155,-0.001053,0.01134,-0.001525,0.009881,-6.955E-4,1
1506099286622,true,1632.822,0,0.01967,0.0147,0.009234,-0.001877,0.01041,-0.002662,0.0071,-0.001291,0.01416,0.0372,0.01152,-0.001047,0.0113,-0.001521,0.009861,-7.01E-4,1
1506099286658,true,1632.879,0,0.01957,0.01479,0.009247,-0.001867,0.01041,-0.002648,0.007109,-0.001288,0.01401,0.03726,0.01154,-0.001045,0.01129,-0.001512,0.00989,-7.069E-4,1
1506099286694,true,1632.937,0,0.01941,0.01506,0.009295,-0.001859,0.01047,-0.00265,0.007152,-0.001286,0.01357,0.03769,0.01157,-0.001052,0.01132,-0.001507,0.009936,-7.117E-4,1
