1506019941416,true,1380.679,0,-0.002594,-0.002362,0.001355,-1.3E-4,0.002028,9.783E-4,0.004776,5.168E-4,0.03078,-0.01192,0.003149,2.954E-4,0.00281,5.371E-4,0.00215,6.098E-4,1
1506019941452,true,1380.737,0,-0.002646,-0.001895,0.001386,-1.317E-4,0.002023,9.743E-4,0.004756,5.147E-4,0.02986,-0.01111,0.003192,2.845E-4,0.002839,5.337E-4,0.00218,6.032E-4,1
1506019941488,true,1380.794,0,-0.003366,-0.001895,0.00141,-1.34E-4,0.002019,9.616E-4,0.004734,5.099E-4,0.02913,-0.01032,0.003205,2.836E-4,0.00287,5.328E-4,0.002185,6.065E-4,1
1506019941524,true,1380.852,0,-0.0036,-0.002238,0.001419,-1.329E-4,0.002019,9.529E-4,0.004697,5.091E-4,0.029,-0.01002,0.003199,2.852E-4,0.002892,5.274E-4,0.00218,6.12E-4,1
1506019941560,true,1380.909,0,-0.003127,-0.002493,0.001402,-1.33E-4,0.002012,9.515E-4,0.004665,4.965E-4,0.02975,-0.01077,0.003191,2.888E-4,0.002904,5.154E-4,0.002181,6.116E-4,1
1506019941691,true,1380.954,0,-0.003038,-0.00226,0.001367,-1.299E-4,0.001986,9.565E-4,0.004638,4.823E-4,0.03048,-0.01168,0.003178,2.947E-4,0.002891,5.163E-4,0.002187,6.076E-4,1
1506019941727,true,1381.012,0,-0.002845,-0.002159,0.001358,-1.281E-4,0.001951,9.714E-4,0.004615,4.814E-4,0.02992,-0.01154,0.003194,2.895E-4,0.002877,5.235E-4,0.002214,5.946E-4,1
1506019941764,true,1381.069,0,-0.003671,-0.001989,0.001378,-1.279E-4,0.001946,9.637E-4,0.004609,4.807E-4,0.02926,-0.01111,0.003211,2.831E-4,0.002895,5.25E-4,0.002238,5.917E-4,1
1506019941800,true,1381.127,0,-0.00453,-0.002369,0.001409,-1.295E-4,0.001954,9.527E-4,0.004605,4.804E-4,0.02919,-0.01088,0.003225,2.823E-4,0.002934,5.194E-4,0.002237,5.984E-4,1
1506019941836,true,1381.184,0,-0.00429,-0.002875,0.001432,-1.298E-4,0.001984,9.428E-4,0.004587,4.76E-4,0.0301,-0.0116,0.003221,2.895E-4,0.002975,5.116E-4,0.002242,6.049E-4,1
1506019941990,true,1381.254,0,-0.003564,-0.002857,0.001442,-1.318E-4,0.002006,9.416E-4,0.004556,4.646E-4,0.0313,-0.01277,0.003237,2.917E-4,0.003005,5.07E-4,0.002272,6.037E-4,1
1506019942026,true,1381.312,0,-0.003206,-0.002436,0.001462,-1.347E-4,0.00201,9.474E-4,0.004538,4.558E-4,0.03153,-0.01315,0.003282,2.847E-4,0.003023,5.089E-4,0.00233,5.912E-4,1
1506019942062,true,1381.369,0,-0.00299,-0.002044,0.0015,-1.384E-4,0.002011,9.436E-4,0.004525,4.503E-4,0.03056,-0.01233,0.003326,2.729E-4,0.003047,5.112E-4,0.002379,5.811E-4,1
1506019942099,true,1381.427,0,-0.003747,-0.001955,0.001533,-1.369E-4,0.002007,9.334E-4,0.004504,4.471E-4,0.0298,-0.01157,0.003375,2.613E-4,0.003085,5.082E-4,0.002396,5.828E-4,1
1506019942135,true,1381.484,0,-0.004501,-0.002293,0.001562,-1.395E-4,0.002,9.262E-4,0.004478,4.457E-4,0.02947,-0.01105,0.003391,2.62E-4,0.003126,4.964E-4,0.002396,5.891E-4,1
1506019942265,true,1381.53,0,-0.004383,-0.002601,0.001562,-1.39E-4,0.001999,9.271E-4,0.004433,4.388E-4,0.03018,-0.01183,0.003391,2.657E-4,0.003161,4.83E-4,0.002401,5.898E-4,1
1506019942301,true,1381.588,0,-0.004118,-0.002376,0.001547,-1.383E-4,0.001999,9.243E-4,0.004403,4.248E-4,0.03105,-0.01278,0.003407,2.684E-4,0.003163,4.826E-4,0.002428,5.805E-4,1
1506019942337,true,1381.645,0,-0.004099,-0.002091,0.001538,-1.357E-4,0.001982,9.347E-4,0.00439,4.202E-4,0.03076,-0.0128,0.003424,2.657E-4,0.003166,4.857E-4,0.002451,5.683E-4,1
1506019942374,true,1381.703,0,-0.004514,-0.001942,0.001574,-1.343E-4,0.001976,9.332E-4,0.004392,4.201E-4,0.02976,-0.01207,0.003459,2.576E-4,0.003195,4.863E-4,0.002485,5.592E-4,1
1506019942410,true,1381.76,0,-0.005245,-0.002277,0.001621,-1.363E-4,0.002013,9.147E-4,0.004392,4.208E-4,0.02963,-0.01177,0.00349,2.541E-4,0.003239,4.876E-4,0.002502,5.638E-4,1
1506019942564,true,1381.829,0,-0.005339,-0.002831,0.001668,-1.366E-4,0.002055,9.049E-4,0.004383,4.179E-4,0.03026,-0.01217,0.003511,2.529E-4,0.003298,4.755E-4,0.002534,5.678E-4,1
1506019942601,true,1381.887,0,-0.004459,-0.003022,0.001693,-1.359E-4,0.002088,9.04E-4,0.004372,4.055E-4,0.03145,-0.01334,0.003538,2.555E-4,0.003353,4.647E-4,0.00258,5.666E-4,1
1506019942637,true,1381.944,0,-0.003788,-0.002742,0.001724,-1.403E-4,0.002127,9.004E-4,0.004375,3.869E-4,0.0322,-0.01413,0.003595,2.512E-4,0.003386,4.639E-4,0.002639,5.618E-4,1
1506019942673,true,1382.002,0,-0.003304,-0.00236,0.001784,-1.466E-4,0.002145,8.982E-4,0.004389,3.752E-4,0.03149,-0.01364,0.003655,2.409E-4,0.003425,4.633E-4,0.002701,5.478E-4,1
1506019942709,true,1382.059,0,-0.003857,-0.002069,0.001835,-1.509E-4,0.002159,8.85E-4,0.00439,3.682E-4,0.03068,-0.01292,0.003719,2.29E-4,0.00347,4.624E-4,0.002732,5.44E-4,1
1506019942865,true,1382.129,0,-0.004407,-0.002375,0.00188,-1.521E-4,0.002179,8.673E-4,0.004389,3.633E-4,0.03032,-0.01229,0.003752,2.271E-4,0.003528,4.528E-4,0.002746,5.478E-4,1
1506019942901,true,1382.187,0,-0.004153,-0.002811,0.001898,-1.504E-4,0.002196,8.641E-4,0.004364,3.531E-4,0.03101,-0.0128,0.003761,2.298E-4,0.003573,4.402E-4,0.002766,5.518E-4,1
1506019942938,true,1382.244,0,-0.003739,-0.002723,0.0019,-1.513E-4,0.002199,8.655E-4,0.004346,3.383E-4,0.03189,-0.0138,0.003779,2.268E-4,0.003593,4.345E-4,0.002796,5.479E-4,1
1506019942974,true,1382.302,0,-0.003536,-0.002594,0.001905,-1.55E-4,0.002185,8.727E-4,0.004339,3.266E-4,0.03186,-0.01399,0.003805,2.276E-4,0.003588,4.411E-4,0.002841,5.357E-4,1
1506019943009,true,1382.359,0,-0.003643,-0.002409,0.001928,-1.537E-4,0.002182,8.748E-4,0.004331,3.27E-4,0.03091,-0.0133,0.003846,2.196E-4,0.003602,4.469E-4,0.002882,5.237E-4,1
1506019943140,true,1382.404,0,-0.004344,-0.002593,0.001962,-1.492E-4,0.002196,8.688E-4,0.004348,3.268E-4,0.03033,-0.01271,0.003896,2.1E-4,0.003648,4.467E-4,0.002903,5.26E-4,1
1506019943176,true,1382.462,0,-0.004697,-0.003059,0.002012,-1.512E-4,0.002235,8.614E-4,0.004364,3.241E-4,0.03072,-0.0127,0.003918,2.114E-4,0.003709,4.399E-4,0.002925,5.326E-4,1
1506019943212,true,1382.519,0,-0.003954,-0.003372,0.002039,-1.469E-4,0.00227,8.638E-4,0.004371,3.108E-4,0.03199,-0.01373,0.003939,2.168E-4,0.003775,4.289E-4,0.002966,5.344E-4,1
1506019943248,true,1382.577,0,-0.00314,-0.003094,0.002079,-1.535E-4,0.002312,8.603E-4,0.004395,2.93E-4,0.03311,-0.01481,0.004006,2.122E-4,0.003811,4.27E-4,0.003024,5.272E-4,1
1506019943285,true,1382.634,0,-0.002639,-0.002686,0.002129,-1.582E-4,0.002335,8.634E-4,0.004416,2.842E-4,0.03273,-0.0145,0.004078,1.981E-4,0.003841,4.326E-4,0.003089,5.126E-4,1
1506019943440,true,1382.704,0,-0.002994,-0.002137,0.002189,-1.623E-4,0.002359,8.538E-4,0.004432,2.799E-4,0.0317,-0.0136,0.004149,1.821E-4,0.003894,4.3E-4,0.003138,5.059E-4,1
1506019943476,true,1382.762,0,-0.003693,-0.002223,0.002242,-1.65E-4,0.002378,8.407E-4,0.004448,2.775E-4,0.03115,-0.01272,0.004198,1.756E-4,0.003953,4.236E-4,0.003161,5.1E-4,1
1506019943513,true,1382.819,0,-0.003445,-0.00264,0.002281,-1.691E-4,0.0024,8.37E-4,0.004439,2.754E-4,0.03157,-0.01285,0.004224,1.746E-4,0.004017,4.081E-4,0.003181,5.152E-4,1
1506019943549,true,1382.877,0,-0.002789,-0.002625,0.002289,-1.663E-4,0.002414,8.398E-4,0.004442,2.588E-4,0.03277,-0.01388,0.004249,1.725E-4,0.004066,3.973E-4,0.00323,5.078E-4,1
1506019943584,true,1382.934,0,-0.002589,-0.002343,0.002288,-1.689E-4,0.00242,8.398E-4,0.004444,2.525E-4,0.0332,-0.01436,0.004291,1.669E-4,0.004073,3.989E-4,0.003274,4.932E-4,1
1506019943715,true,1382.979,0,-0.002461,-0.002176,0.0023,-1.683E-4,0.002398,8.482E-4,0.004455,2.519E-4,0.03233,-0.0137,0.004326,1.556E-4,0.004087,3.978E-4,0.003317,4.768E-4,1
1506019943752,true,1383.037,0,-0.003215,-0.002098,0.002325,-1.61E-4,0.002407,8.44E-4,0.004477,2.513E-4,0.03163,-0.01304,0.004369,1.456E-4,0.004125,3.984E-4,0.003341,4.717E-4,1
1506019943788,true,1383.094,0,-0.003795,-0.002494,0.002361,-1.573E-4,0.002427,8.368E-4,0.004494,2.548E-4,0.03145,-0.01258,0.004405,1.416E-4,0.004173,3.916E-4,0.003354,4.771E-4,1
1506019943824,true,1383.152,0,-0.003376,-0.002872,0.002393,-1.565E-4,0.002459,8.372E-4,0.004514,2.461E-4,0.03251,-0.0134,0.004431,1.431E-4,0.004235,3.798E-4,0.003382,4.843E-4,1
1506019943860,true,1383.209,0,-0.00273,-0.002574,0.002409,-1.553E-4,0.002486,8.379E-4,0.004527,2.366E-4,0.03376,-0.01451,0.004483,1.396E-4,0.004282,3.753E-4,0.003444,4.796E-4,1
1506019944015,true,1383.28,0,-0.001825,-0.002361,0.002437,-1.587E-4,0.00251,8.394E-4,0.004559,2.291E-4,0.0338,-0.01458,0.004534,1.364E-4,0.00431,3.78E-4,0.003505,4.7E-4,1
1506019944051,true,1383.338,0,-0.001926,-0.001863,0.002478,-1.573E-4,0.002525,8.366E-4,0.004594,2.271E-4,0.03274,-0.01365,0.00459,1.238E-4,0.004354,3.769E-4,0.003564,4.58E-4,1
1506019944087,true,1383.395,0,-0.002529,-0.001849,0.002516,-1.574E-4,0.002553,8.196E-4,0.004611,2.263E-4,0.0321,-0.01282,0.004642,1.122E-4,0.004415,3.691E-4,0.003585,4.595E-4,1
1506019944123,true,1383.453,0,-0.00271,-0.002192,0.002538,-1.538E-4,0.002578,8.134E-4,0.004627,2.235E-4,0.0323,-0.01259,0.00466,1.142E-4,0.004477,3.554E-4,0.003596,4.653E-4,1
1506019944159,true,1383.51,0,-0.002273,-0.002195,0.00255,-1.544E-4,0.002598,8.128E-4,0.004625,2.147E-4,0.03331,-0.0135,0.004683,1.13E-4,0.004524,3.417E-4,0.003634,4.612E-4,1
1506019944290,true,1383.554,0,-0.002061,-0.001901,0.002545,-1.563E-4,0.002612,8.129E-4,0.004633,2.083E-4,0.03399,-0.01427,0.004715,1.097E-4,0.004545,3.357E-4,0.003676,4.508E-4,1
1506019944326,true,1383.612,0,-0.001869,-0.001663,0.002543,-1.589E-4,0.002595,8.187E-4,0.004636,2.109E-4,0.03329,-0.01388,0.004737,1.009E-4,0.004546,3.355E-4,0.003712,4.3E-4,1
1506019944363,true,1383.669,0,-0.00256,-0.001498,0.002533,-1.553E-4,0.002564,8.196E-4,0.004636,2.178E-4,0.0323,-0.01305,0.004757,9.032E-5,0.004549,3.341E-4,0.003722,4.223E-4,1
1506019944399,true,1383.727,0,-0.00328,-0.00186,0.002532,-1.442E-4,0.002557,8.179E-4,0.004647,2.262E-4,0.03208,-0.01261,0.00476,8.952E-5,0.004568,3.314E-4,0.003717,4.246E-4,1
1506019944435,true,1383.784,0,-0.003055,-0.002315,0.002544,-1.363E-4,0.002582,8.18E-4,0.004655,2.272E-4,0.03287,-0.01317,0.004763,9.698E-5,0.004622,3.179E-4,0.003735,4.301E-4,1
1506019944590,true,1383.855,0,-0.002248,-0.002305,0.002554,-1.328E-4,0.002618,8.216E-4,0.004668,2.221E-4,0.03417,-0.01433,0.004793,9.746E-5,0.004668,3.065E-4,0.003791,4.242E-4,1
1506019944626,true,1383.913,0,-0.00157,-0.001959,0.002578,-1.341E-4,0.002654,8.236E-4,0.004694,2.156E-4,0.03437,-0.01455,0.004838,9.727E-5,0.004702,3.066E-4,0.003845,4.155E-4,1
1506019944662,true,1383.97,0,-0.001147,-0.001579,0.002621,-1.371E-4,0.002671,8.258E-4,0.004718,2.156E-4,0.03341,-0.01374,0.004894,8.42E-5,0.004741,3.067E-4,0.003899,4.033E-4,1
1506019944699,true,1384.028,0,-0.001699,-0.001388,0.002669,-1.369E-4,0.002703,8.133E-4,0.004747,2.159E-4,0.03249,-0.01272,0.004948,7.428E-5,0.004795,3.024E-4,0.003932,4.029E-4,1
1506019944735,true,1384.085,0,-0.002156,-0.001689,0.002714,-1.375E-4,0.002739,8.032E-4,0.004769,2.145E-4,0.03217,-0.01206,0.004977,7.15E-5,0.004857,2.916E-4,0.003949,4.077E-4,1
1506019944890,true,1384.155,0,-0.001602,-0.001931,0.002739,-1.341E-4,0.002767,8.033E-4,0.00477,2.105E-4,0.03295,-0.01271,0.004995,7.519E-5,0.004917,2.732E-4,0.003984,4.037E-4,1
1506019944926,true,1384.213,0,-0.001085,-0.00168,0.002735,-1.325E-4,0.002794,8.007E-4,0.004782,2.033E-4,0.0339,-0.01365,0.005018,7.601E-5,0.004956,2.634E-4,0.004036,3.896E-4,1
1506019944963,true,1384.27,0,-6.449E-4,-0.001488,0.002737,-1.32E-4,0.002798,8.083E-4,0.004789,2.044E-4,0.03347,-0.01343,0.005037,7.421E-5,0.004957,2.635E-4,0.004078,3.758E-4,1
1506019944999,true,1384.328,0,-0.001045,-0.001202,0.002741,-1.351E-4,0.002779,8.087E-4,0.004797,2.111E-4,0.03242,-0.01265,0.005067,6.294E-5,0.004966,2.643E-4,0.004101,3.619E-4,1
1506019945035,true,1384.385,0,-0.001913,-0.001386,0.002733,-1.344E-4,0.002756,8.026E-4,0.004798,2.164E-4,0.03201,-0.01212,0.005067,5.658E-5,0.004975,2.611E-4,0.004087,3.62E-4,1
1506019945165,true,1384.43,0,-0.00204,-0.001935,0.002709,-1.318E-4,0.002731,8.042E-4,0.004782,2.283E-4,0.03231,-0.01229,0.005031,6.467E-5,0.00497,2.568E-4,0.00406,3.681E-4,1
1506019945202,true,1384.488,0,-0.001122,-0.002123,0.002682,-1.274E-4,0.002711,8.15E-4,0.004774,2.264E-4,0.03347,-0.01335,0.005026,6.835E-5,0.004981,2.515E-4,0.004064,3.693E-4,1
1506019945238,true,1384.545,0,-6.501E-4,-0.00172,0.002683,-1.287E-4,0.002734,8.146E-4,0.004787,2.239E-4,0.03423,-0.01407,0.00505,7.046E-5,0.004987,2.517E-4,0.004101,3.578E-4,1
1506019945274,true,1384.603,0,-1.187E-4,-0.001376,0.002704,-1.251E-4,0.002749,8.17E-4,0.004805,2.28E-4,0.03342,-0.01339,0.005081,6.586E-5,0.004995,2.557E-4,0.004136,3.452E-4,1
1506019945310,true,1384.66,0,-4.683E-4,-0.001139,0.002728,-1.196E-4,0.002769,8.082E-4,0.004829,2.301E-4,0.03268,-0.01266,0.005123,5.492E-5,0.005032,2.555E-4,0.004147,3.473E-4,1
1506019945441,true,1384.705,0,-8.77E-4,-0.001422,0.002771,-1.175E-4,0.002803,7.919E-4,0.004851,2.306E-4,0.03224,-0.01189,0.005138,5.836E-5,0.005082,2.516E-4,0.004147,3.551E-4,1
1506019945476,true,1384.763,0,-4.165E-4,-0.001847,0.002803,-1.165E-4,0.002847,7.896E-4,0.004852,2.292E-4,0.03285,-0.0123,0.005151,6.705E-5,0.005133,2.427E-4,0.004172,3.593E-4,1
1506019945513,true,1384.82,0,2.904E-5,-0.00162,0.002824,-1.181E-4,0.002892,7.894E-4,0.004862,2.2E-4,0.03369,-0.01315,0.00518,7.009E-5,0.005163,2.403E-4,0.004218,3.531E-4,1
1506019945547,true,1384.878,0,4.733E-4,-0.001323,0.002842,-1.226E-4,0.002913,7.945E-4,0.004887,2.141E-4,0.03354,-0.01321,0.005216,6.52E-5,0.005173,2.445E-4,0.004277,3.387E-4,1
1506019945583,true,1384.935,0,2.742E-4,-0.001009,0.002865,-1.267E-4,0.002912,7.956E-4,0.004909,2.161E-4,0.03238,-0.01231,0.005247,5.721E-5,0.005187,2.495E-4,0.004314,3.287E-4,1
1506019945741,true,1385.005,0,-4.161E-4,-0.001188,0.002879,-1.302E-4,0.002906,7.855E-4,0.004918,2.24E-4,0.03179,-0.01171,0.005262,5.163E-5,0.005206,2.515E-4,0.004302,3.347E-4,1
1506019945776,true,1385.063,0,-8.171E-4,-0.001747,0.002883,-1.319E-4,0.0029,7.822E-4,0.004917,2.306E-4,0.03194,-0.01154,0.005248,5.624E-5,0.005221,2.473E-4,0.004275,3.42E-4,1
1506019945813,true,1385.12,0,-1.723E-4,-0.002036,0.00286,-1.293E-4,0.00288,7.899E-4,0.004907,2.288E-4,0.03305,-0.01258,0.005232,5.951E-5,0.005216,2.434E-4,0.004268,3.417E-4,1
1506019945849,true,1385.178,0,3.249E-4,-0.00174,0.002829,-1.249E-4,0.002868,7.982E-4,0.004905,2.23E-4,0.03405,-0.01351,0.005222,6.428E-5,0.005199,2.451E-4,0.004279,3.387E-4,1
1506019945884,true,1385.235,0,9.109E-4,-0.001408,0.002841,-1.259E-4,0.00287,8.038E-4,0.004928,2.233E-4,0.03361,-0.01319,0.005239,6.329E-5,0.005185,2.545E-4,0.004304,3.283E-4,1
1506019946015,true,1385.279,0,6.807E-4,-9.784E-4,0.002879,-1.259E-4,0.002869,8.083E-4,0.004955,2.305E-4,0.03246,-0.01212,0.005271,5.709E-5,0.005199,2.583E-4,0.004321,3.277E-4,1
1506019946050,true,1385.337,0,6.068E-5,-0.001109,0.002913,-1.213E-4,0.00288,8.002E-4,0.004972,2.388E-4,0.0319,-0.01128,0.005288,5.783E-5,0.005234,2.578E-4,0.00432,3.373E-4,1
1506019946085,true,1385.394,0,-1.651E-5,-0.001489,0.002951,-1.192E-4,0.00292,7.936E-4,0.004984,2.384E-4,0.03218,-0.01134,0.005291,6.818E-5,0.00528,2.471E-4,0.004317,3.454E-4,1
1506019946121,true,1385.452,0,7.613E-4,-0.001498,0.00297,-1.168E-4,0.002959,7.961E-4,0.004995,2.305E-4,0.03314,-0.01218,0.005305,7.593E-5,0.005316,2.411E-4,0.00436,3.402E-4,1
1506019946156,true,1385.509,0,0.001039,-0.001207,0.002993,-1.189E-4,0.00299,7.995E-4,0.005027,2.203E-4,0.03352,-0.0126,0.005342,7.638E-5,0.00533,2.449E-4,0.004409,3.306E-4,1
1506019946315,true,1385.58,0,0.001136,-9.803E-4,0.003024,-1.222E-4,0.003013,8.049E-4,0.005046,2.233E-4,0.03258,-0.01179,0.005369,7.378E-5,0.005337,2.529E-4,0.004465,3.152E-4,1
1506019946350,true,1385.638,0,3.012E-4,-9.306E-4,0.00304,-1.193E-4,0.003017,8.039E-4,0.005064,2.272E-4,0.03182,-0.01108,0.005387,6.896E-5,0.005358,2.562E-4,0.004476,3.136E-4,1
1506019946385,true,1385.695,0,-2.093E-4,-0.00144,0.003043,-1.169E-4,0.003028,7.912E-4,0.005071,2.346E-4,0.03177,-0.01073,0.005386,7.255E-5,0.005374,2.55E-4,0.004461,3.217E-4,1
1506019946421,true,1385.753,0,2.447E-4,-0.001975,0.003023,-1.116E-4,0.003024,7.976E-4,0.005058,2.412E-4,0.03273,-0.01157,0.005371,7.92E-5,0.005374,2.495E-4,0.004455,3.234E-4,1
1506019946456,true,1385.81,0,7.415E-4,-0.001873,0.00299,-1.112E-4,0.003004,8.056E-4,0.005044,2.42E-4,0.03385,-0.01268,0.005372,7.806E-5,0.005359,2.479E-4,0.004463,3.188E-4,1
1506019946590,true,1385.856,0,9.889E-4,-0.001524,0.002951,-1.1E-4,0.002967,8.146E-4,0.005027,2.46E-4,0.03388,-0.01288,0.005377,7.195E-5,0.005326,2.518E-4,0.004464,3.099E-4,1
1506019946625,true,1385.914,0,7.994E-4,-0.001112,0.002913,-1.012E-4,0.00292,8.205E-4,0.005011,2.588E-4,0.0327,-0.01185,0.005371,6.734E-5,0.005294,2.598E-4,0.004454,3.045E-4,1
1506019946661,true,1385.971,0,1.833E-4,-0.001162,0.00291,-8.96E-5,0.002907,8.192E-4,0.005006,2.698E-4,0.03208,-0.01106,0.005374,6.58E-5,0.005296,2.627E-4,0.004436,3.098E-4,1
1506019946695,true,1386.029,0,-1.588E-4,-0.001447,0.002936,-8.574E-5,0.002926,8.189E-4,0.005011,2.752E-4,0.03207,-0.01075,0.005381,7.309E-5,0.005331,2.57E-4,0.004422,3.203E-4,1
1506019946732,true,1386.086,0,3.775E-4,-0.00153,0.002946,-7.857E-5,0.002965,8.231E-4,0.00501,2.731E-4,0.03299,-0.01163,0.005393,8.341E-5,0.00536,2.529E-4,0.004441,3.246E-4,1
1506019946890,true,1386.155,0,4.673E-4,-0.001168,0.002965,-7.82E-5,0.003009,8.249E-4,0.005031,2.672E-4,0.03367,-0.01224,0.005416,8.683E-5,0.005378,2.538E-4,0.004487,3.198E-4,1
1506019946925,true,1386.213,0,9.503E-4,-9.813E-4,0.003002,-7.897E-5,0.003034,8.324E-4,0.005061,2.698E-4,0.0329,-0.01162,0.005449,8.488E-5,0.005395,2.613E-4,0.004535,3.08E-4,1
1506019946960,true,1386.27,0,3.641E-4,-8.944E-4,0.003043,-7.841E-5,0.003045,8.344E-4,0.005077,2.778E-4,0.03189,-0.01077,0.005487,7.977E-5,0.005425,2.644E-4,0.004567,3.03E-4,1
1506019946995,true,1386.328,0,-4.438E-4,-0.001263,0.003063,-7.163E-5,0.003068,8.314E-4,0.00509,2.881E-4,0.03157,-0.01018,0.005503,8.145E-5,0.005462,2.611E-4,0.004566,3.124E-4,1
1506019947032,true,1386.385,0,-4.366E-4,-0.001725,0.003067,-6.365E-5,0.003091,8.315E-4,0.005084,2.974E-4,0.03226,-0.01066,0.005493,9.265E-5,0.005493,2.564E-4,0.004555,3.24E-4,1
1506019947165,true,1386.431,0,2.252E-4,-0.001741,0.003061,-6.583E-5,0.003107,8.357E-4,0.005088,2.948E-4,0.03342,-0.01179,0.005501,9.764E-5,0.005505,2.55E-4,0.004569,3.235E-4,1
1506019947200,true,1386.489,0,7.955E-4,-0.001491,0.003049,-6.926E-5,0.0031,8.443E-4,0.005086,2.955E-4,0.03375,-0.01222,0.005514,9.517E-5,0.005493,2.575E-4,0.004586,3.185E-4,1
1506019947235,true,1386.546,0,0.00123,-0.001214,0.00303,-6.894E-5,0.003067,8.501E-4,0.005085,3.022E-4,0.03279,-0.01149,0.005519,8.867E-5,0.005473,2.629E-4,0.004587,3.099E-4,1
1506019947270,true,1386.604,0,7.499E-4,-0.001021,0.003003,-6.275E-5,0.003026,8.491E-4,0.005083,3.087E-4,0.03205,-0.01068,0.005517,8.417E-5,0.005455,2.647E-4,0.004545,3.11E-4,1
1506019947305,true,1386.661,0,3.113E-4,-0.001368,0.002964,-5.145E-5,0.002983,8.549E-4,0.005049,3.229E-4,0.0318,-0.01013,0.005482,9.132E-5,0.005431,2.655E-4,0.004479,3.261E-4,1
1506019947465,true,1386.73,0,5.125E-4,-0.001543,0.002941,-4.141E-5,0.002969,8.734E-4,0.005025,3.279E-4,0.03257,-0.01079,0.005453,1.045E-4,0.005425,2.625E-4,0.004459,3.365E-4,1
1506019947500,true,1386.788,0,0.001109,-0.001286,0.002938,-3.382E-5,0.002988,8.842E-4,0.005026,3.241E-4,0.03327,-0.01152,0.005461,1.11E-4,0.005429,2.65E-4,0.004475,3.36E-4,1
1506019947534,true,1386.845,0,0.001306,-0.001052,0.002961,-3.397E-5,0.003025,8.878E-4,0.005041,3.314E-4,0.03277,-0.01122,0.005476,1.152E-4,0.005428,2.724E-4,0.004503,3.304E-4,1
1506019947570,true,1386.903,0,8.932E-4,-7.702E-4,0.002986,-2.941E-5,0.003039,8.9E-4,0.00507,3.359E-4,0.03161,-0.01029,0.005504,1.127E-4,0.005446,2.778E-4,0.004529,3.222E-4,1
1506019947605,true,1386.96,0,-1.232E-4,-9.78E-4,0.003011,-2.466E-5,0.003063,8.843E-4,0.005091,3.446E-4,0.03115,-0.009717,0.005509,1.135E-4,0.005483,2.75E-4,0.004535,3.28E-4,1
1506019947766,true,1387.03,0,-3.246E-4,-0.001522,0.003046,-2.295E-5,0.003097,8.878E-4,0.005103,3.457E-4,0.03152,-0.00991,0.005508,1.232E-4,0.00552,2.717E-4,0.004528,3.389E-4,1
1506019947802,true,1387.088,0,4.161E-4,-0.001718,0.003058,-2.164E-5,0.003138,8.934E-4,0.005122,3.403E-4,0.03276,-0.01109,0.005515,1.298E-4,0.005559,2.67E-4,0.004556,3.394E-4,1
1506019947837,true,1387.145,0,0.001044,-0.00158,0.003064,-2.367E-5,0.003163,8.959E-4,0.005136,3.384E-4,0.03366,-0.01206,0.005532,1.318E-4,0.005551,2.73E-4,0.004576,3.318E-4,1
1506019947872,true,1387.203,0,0.001366,-0.001252,0.003075,-2.762E-5,0.003149,9.049E-4,0.005151,3.414E-4,0.03291,-0.01157,0.005543,1.286E-4,0.005534,2.841E-4,0.004593,3.242E-4,1
1506019947906,true,1387.26,0,9.366E-4,-0.001076,0.00307,-2.556E-5,0.003132,8.999E-4,0.005153,3.456E-4,0.0321,-0.01086,0.005558,1.197E-4,0.00553,2.834E-4,0.00457,3.237E-4,1
1506019948041,true,1387.306,0,1.367E-4,-0.001281,0.003054,-2.148E-5,0.003107,8.955E-4,0.005143,3.535E-4,0.03165,-0.01023,0.00554,1.23E-4,0.005524,2.822E-4,0.004515,3.375E-4,1
1506019948075,true,1387.364,0,5.313E-4,-0.001693,0.003015,-1.69E-5,0.003077,9.019E-4,0.005117,3.55E-4,0.03226,-0.01073,0.005501,1.319E-4,0.005514,2.727E-4,0.004476,3.44E-4,1
1506019948109,true,1387.421,0,0.001019,-0.001626,0.002958,-8.025E-6,0.003052,9.096E-4,0.005103,3.487E-4,0.03323,-0.01166,0.005477,1.394E-4,0.005494,2.682E-4,0.004467,3.419E-4,1
1506019948144,true,1387.479,0,0.001083,-0.001321,0.002937,-4.798E-6,0.003043,9.249E-4,0.005101,3.534E-4,0.03302,-0.01173,0.005465,1.454E-4,0.005453,2.815E-4,0.004474,3.381E-4,1
1506019948179,true,1387.536,0,9.933E-4,-0.001105,0.002948,-9.941E-7,0.003049,9.342E-4,0.005109,3.599E-4,0.0318,-0.01086,0.005482,1.392E-4,0.005447,2.862E-4,0.004484,3.323E-4,1
1506019948341,true,1387.606,0,-7.875E-6,-0.001209,0.002962,6.012E-6,0.003062,9.335E-4,0.005133,3.628E-4,0.03119,-0.01022,0.005482,1.416E-4,0.005462,2.907E-4,0.004476,3.369E-4,1
1506019948375,true,1387.664,0,-7.12E-4,-0.001725,0.002984,8.732E-6,0.003102,9.295E-4,0.005144,3.701E-4,0.03157,-0.01026,0.005465,1.569E-4,0.005489,2.875E-4,0.004465,3.466E-4,1
1506019948410,true,1387.721,0,-1.064E-4,-0.002137,0.002993,1.199E-5,0.003146,9.315E-4,0.005154,3.688E-4,0.03275,-0.01138,0.005449,1.711E-4,0.005506,2.831E-4,0.004486,3.498E-4,1
1506019948445,true,1387.779,0,2.8E-4,-0.001895,0.003004,1.043E-5,0.003182,9.36E-4,0.00517,3.659E-4,0.03382,-0.01248,0.005461,1.758E-4,0.005506,2.877E-4,0.004513,3.48E-4,1
1506019948480,true,1387.836,0,7.659E-4,-0.001672,0.003021,7.083E-6,0.003207,9.386E-4,0.005192,3.65E-4,0.03355,-0.01241,0.005486,1.712E-4,0.005496,2.962E-4,0.004535,3.394E-4,1
1506019948616,true,1387.881,0,3.955E-4,-0.001382,0.003033,6.278E-6,0.003198,9.392E-4,0.005206,3.701E-4,0.03269,-0.01173,0.005503,1.662E-4,0.005503,3.0E-4,0.004533,3.365E-4,1
1506019948650,true,1387.939,0,-4.019E-4,-0.001569,0.003025,9.855E-6,0.00319,9.301E-4,0.005215,3.73E-4,0.03234,-0.01114,0.005496,1.66E-4,0.005514,2.969E-4,0.004498,3.446E-4,1
1506019948686,true,1387.996,0,-4.083E-4,-0.001996,0.003002,1.267E-5,0.003196,9.275E-4,0.0052,3.726E-4,0.03269,-0.01133,0.005462,1.739E-4,0.00551,2.89E-4,0.004464,3.504E-4,1
1506019948720,true,1388.054,0,1.002E-4,-0.002008,0.002955,1.586E-5,0.003181,9.347E-4,0.005187,3.674E-4,0.03365,-0.0123,0.005432,1.772E-4,0.0055,2.792E-4,0.004448,3.509E-4,1
1506019948755,true,1388.111,0,3.935E-4,-0.00174,0.002899,1.893E-5,0.003141,9.474E-4,0.005173,3.653E-4,0.03397,-0.01285,0.005403,1.801E-4,0.00544,2.857E-4,0.004429,3.428E-4,1
1506019948891,true,1388.156,0,3.405E-4,-0.001445,0.002845,2.253E-5,0.003081,9.638E-4,0.005172,3.657E-4,0.03294,-0.01222,0.005377,1.774E-4,0.005373,2.974E-4,0.004399,3.351E-4,1
1506019948926,true,1388.214,0,-6.583E-4,-0.001434,0.002806,3.451E-5,0.003035,9.708E-4,0.005161,3.773E-4,0.03211,-0.01156,0.005343,1.787E-4,0.005333,3.032E-4,0.004342,3.41E-4,1
1506019948961,true,1388.271,0,-0.001538,-0.001912,0.002787,4.467E-5,0.003038,9.726E-4,0.005164,3.883E-4,0.03195,-0.01117,0.005322,1.851E-4,0.005327,3.029E-4,0.004302,3.5E-4,1
1506019948996,true,1388.329,0,-0.001284,-0.002383,0.002789,4.929E-5,0.003056,9.83E-4,0.005161,3.89E-4,0.0328,-0.01196,0.005293,1.961E-4,0.005335,2.987E-4,0.004287,3.588E-4,1
1506019949030,true,1388.386,0,-9.805E-4,-0.002307,0.002787,4.978E-5,0.00309,9.917E-4,0.005171,3.839E-4,0.03395,-0.01312,0.005289,2.041E-4,0.005333,3.022E-4,0.004293,3.633E-4,1
1506019949190,true,1388.456,0,-6.581E-4,-0.002129,0.002795,5.02E-5,0.003118,9.96E-4,0.005185,3.827E-4,0.03394,-0.01323,0.005301,2.045E-4,0.005323,3.096E-4,0.00431,3.558E-4,1
1506019949225,true,1388.514,0,-6.647E-4,-0.001812,0.002801,5.116E-5,0.003131,9.96E-4,0.005201,3.876E-4,0.03285,-0.01241,0.00531,2.015E-4,0.005317,3.162E-4,0.004308,3.532E-4,1
1506019949260,true,1388.571,0,-0.001284,-0.001959,0.002819,5.139E-5,0.00314,9.856E-4,0.005203,3.946E-4,0.03247,-0.01185,0.005325,1.982E-4,0.005328,3.196E-4,0.004284,3.609E-4,1
1506019949295,true,1388.629,0,-0.001388,-0.002369,0.002828,5.189E-5,0.003146,9.844E-4,0.005199,3.993E-4,0.03255,-0.01165,0.005302,2.103E-4,0.005342,3.111E-4,0.004253,3.692E-4,1
1506019949330,true,1388.686,0,-6.896E-4,-0.002589,0.002811,5.296E-5,0.003153,9.893E-4,0.005182,3.947E-4,0.03342,-0.01251,0.005276,2.172E-4,0.005352,2.98E-4,0.004242,3.705E-4,1
1506019949491,true,1388.756,0,-5.483E-4,-0.002221,0.00278,5.105E-5,0.003145,9.911E-4,0.005172,3.874E-4,0.03423,-0.01339,0.005267,2.209E-4,0.005325,3.005E-4,0.004222,3.7E-4,1
1506019949526,true,1388.814,0,-2.011E-4,-0.001979,0.002744,5.009E-5,0.003104,0.001003,0.005163,3.876E-4,0.03341,-0.01286,0.005245,2.221E-4,0.005276,3.072E-4,0.004213,3.623E-4,1
1506019949582,true,1388.871,0,-0.001012,-0.00175,0.0027,5.609E-5,0.003048,0.001009,0.005142,3.999E-4,0.03236,-0.01207,0.00523,2.141E-4,0.005232,3.117E-4,0.004173,3.56E-4,1
1506019949617,true,1388.929,0,-0.001885,-0.002119,0.002643,6.764E-5,0.002991,0.001014,0.005114,4.158E-4,0.03179,-0.0114,0.005184,2.182E-4,0.005196,3.134E-4,0.004101,3.683E-4,1
1506019949652,true,1388.986,0,-0.001973,-0.002618,0.002611,7.805E-5,0.002966,0.001031,0.005089,4.262E-4,0.0323,-0.01174,0.005135,2.335E-4,0.005182,3.096E-4,0.004055,3.836E-4,1
1506019949765,true,1389.03,0,-0.001299,-0.002691,0.002592,8.32E-5,0.002969,0.001045,0.005085,4.235E-4,0.03359,-0.01295,0.00511,2.434E-4,0.005165,3.136E-4,0.004049,3.916E-4,1
1506019949800,true,1389.088,0,-8.758E-4,-0.002469,0.002578,8.588E-5,0.002975,0.001057,0.0051,4.19E-4,0.03394,-0.01336,0.005113,2.433E-4,0.005143,3.22E-4,0.004062,3.863E-4,1
1506019949845,true,1389.145,0,-8.052E-4,-0.002149,0.002599,8.225E-5,0.00297,0.001063,0.005112,4.222E-4,0.033,-0.01265,0.005124,2.406E-4,0.005129,3.305E-4,0.004062,3.81E-4,1
1506019949880,true,1389.203,0,-0.0015,-0.00208,0.002607,8.826E-5,0.002961,0.001061,0.00511,4.352E-4,0.03248,-0.01206,0.005132,2.382E-4,0.005137,3.309E-4,0.004027,3.924E-4,1
1506019949915,true,1389.26,0,-0.001883,-0.002474,0.002617,9.052E-5,0.002969,0.001054,0.005092,4.427E-4,0.03225,-0.01157,0.005118,2.43E-4,0.005145,3.271E-4,0.004007,4.034E-4,1
1506019950066,true,1389.331,0,-0.001258,-0.002769,0.002617,9.515E-5,0.002985,0.001056,0.005074,4.378E-4,0.03295,-0.01222,0.005097,2.503E-4,0.00515,3.231E-4,0.003995,4.107E-4,1
1506019950101,true,1389.389,0,-9.28E-4,-0.002493,0.002605,9.403E-5,0.002979,0.001061,0.005076,4.271E-4,0.0337,-0.01301,0.005084,2.556E-4,0.005129,3.25E-4,0.003989,4.132E-4,1
1506019950136,true,1389.446,0,-4.636E-4,-0.002255,0.002581,9.209E-5,0.002957,0.001068,0.005068,4.276E-4,0.03321,-0.01272,0.005069,2.562E-4,0.005098,3.282E-4,0.003976,4.076E-4,1
1506019950171,true,1389.504,0,-0.001003,-0.001922,0.002551,9.404E-5,0.002902,0.001073,0.005048,4.402E-4,0.03193,-0.01177,0.005055,2.496E-4,0.005057,3.337E-4,0.003945,4.008E-4,1
1506019950206,true,1389.561,0,-0.001866,-0.002203,0.002503,9.971E-5,0.002845,0.001069,0.005032,4.457E-4,0.03125,-0.01111,0.005013,2.516E-4,0.005021,3.355E-4,0.00388,4.083E-4,1
1506019950341,true,1389.607,0,-0.002272,-0.002723,0.002438,1.053E-4,0.002792,0.001075,0.004982,4.594E-4,0.03159,-0.01127,0.004956,2.608E-4,0.004971,3.364E-4,0.003809,4.214E-4,1
1506019950376,true,1389.665,0,-0.002018,-0.002864,0.002382,1.139E-4,0.002746,0.001093,0.004933,4.667E-4,0.03267,-0.01234,0.004906,2.703E-4,0.004919,3.396E-4,0.003768,4.276E-4,1
1506019950411,true,1389.722,0,-0.001883,-0.002561,0.002348,1.202E-4,0.002729,0.001105,0.004924,4.688E-4,0.03337,-0.01312,0.004885,2.767E-4,0.004878,3.49E-4,0.003759,4.307E-4,1
1506019950446,true,1389.78,0,-0.001547,-0.002351,0.002344,1.253E-4,0.002729,0.001109,0.004928,4.752E-4,0.03274,-0.01263,0.004893,2.74E-4,0.004844,3.628E-4,0.003754,4.296E-4,1
1506019950481,true,1389.837,0,-0.001911,-0.002185,0.002353,1.287E-4,0.002729,0.001103,0.004935,4.813E-4,0.03193,-0.01191,0.0049,2.668E-4,0.004841,3.669E-4,0.003743,4.343E-4,1
1506019950641,true,1389.907,0,-0.002482,-0.002457,0.002367,1.31E-4,0.002736,0.00109,0.004924,4.892E-4,0.03154,-0.01131,0.004886,2.72E-4,0.004847,3.692E-4,0.003715,4.476E-4,1
1506019950676,true,1389.965,0,-0.002095,-0.00288,0.002382,1.329E-4,0.00276,0.001088,0.004899,4.938E-4,0.03232,-0.01183,0.004862,2.842E-4,0.004856,3.636E-4,0.003699,4.561E-4,1
1506019950711,true,1390.022,0,-0.001441,-0.002749,0.00238,1.338E-4,0.002776,0.001093,0.004891,4.843E-4,0.03324,-0.0128,0.004858,2.943E-4,0.004859,3.658E-4,0.003705,4.602E-4,1
1506019950745,true,1390.08,0,-0.001285,-0.002327,0.002392,1.278E-4,0.002777,0.001096,0.004889,4.82E-4,0.03317,-0.01287,0.004867,2.939E-4,0.004842,3.741E-4,0.003726,4.537E-4,1
1506019950780,true,1390.137,0,-0.001578,-0.002,0.002395,1.243E-4,0.002758,0.001094,0.004887,4.843E-4,0.03187,-0.01193,0.004874,2.874E-4,0.00481,3.849E-4,0.003723,4.475E-4,1
1506019950915,true,1390.182,0,-0.002649,-0.001961,0.002379,1.273E-4,0.002726,0.001088,0.00488,4.878E-4,0.03113,-0.01124,0.004877,2.792E-4,0.0048,3.865E-4,0.003691,4.512E-4,1
1506019950950,true,1390.24,0,-0.003145,-0.002493,0.002353,1.28E-4,0.002704,0.001087,0.004845,4.976E-4,0.03104,-0.01096,0.004824,2.91E-4,0.004768,3.851E-4,0.003634,4.655E-4,1
1506019950985,true,1390.297,0,-0.00295,-0.002837,0.002302,1.293E-4,0.002667,0.001089,0.004797,5.024E-4,0.03193,-0.01191,0.00477,2.981E-4,0.004737,3.819E-4,0.003607,4.646E-4,1
1506019951020,true,1390.355,0,-0.002735,-0.002635,0.002231,1.272E-4,0.0026,0.001102,0.004759,5.054E-4,0.03293,-0.01302,0.00473,3.017E-4,0.004661,3.893E-4,0.003577,4.6E-4,1
1506019951055,true,1390.412,0,-0.002537,-0.002511,0.002165,1.285E-4,0.002527,0.001117,0.004731,5.15E-4,0.03249,-0.01288,0.0047,3.002E-4,0.004574,4.027E-4,0.003539,4.569E-4,1
1506019951215,true,1390.481,0,-0.00301,-0.002217,0.002126,1.377E-4,0.00247,0.001125,0.004711,5.276E-4,0.0315,-0.01214,0.004686,2.971E-4,0.004525,4.149E-4,0.003501,4.581E-4,1
1506019951250,true,1390.539,0,-0.003712,-0.002407,0.002134,1.411E-4,0.002458,0.001119,0.004713,5.337E-4,0.03101,-0.01148,0.004681,2.948E-4,0.00451,4.215E-4,0.003458,4.754E-4,1
1506019951285,true,1390.596,0,-0.00356,-0.002798,0.00215,1.437E-4,0.002469,0.001118,0.004692,5.415E-4,0.03139,-0.01159,0.004656,3.049E-4,0.004518,4.199E-4,0.003444,4.859E-4,1
1506019951320,true,1390.654,0,-0.002836,-0.002727,0.002157,1.443E-4,0.002491,0.001119,0.004679,5.35E-4,0.03242,-0.01257,0.004651,3.132E-4,0.004528,4.166E-4,0.003464,4.9E-4,1
1506019951355,true,1390.711,0,-0.002237,-0.002395,0.00216,1.418E-4,0.002502,0.001124,0.004678,5.277E-4,0.03275,-0.01297,0.004667,3.142E-4,0.004514,4.256E-4,0.003488,4.865E-4,1
1506019951491,true,1390.757,0,-0.001936,-0.002077,0.002189,1.366E-4,0.002511,0.001125,0.004684,5.282E-4,0.03149,-0.012,0.004682,3.097E-4,0.004504,4.355E-4,0.003503,4.798E-4,1
1506019951526,true,1390.815,0,-0.002632,-0.001986,0.002216,1.336E-4,0.002518,0.001117,0.004687,5.313E-4,0.0306,-0.01118,0.004696,3.044E-4,0.004523,4.338E-4,0.003509,4.778E-4,1
1506019951561,true,1390.872,0,-0.003411,-0.002395,0.002233,1.314E-4,0.002527,0.001106,0.004683,5.35E-4,0.03041,-0.01078,0.004689,3.07E-4,0.004537,4.309E-4,0.003493,4.851E-4,1
1506019951596,true,1390.93,0,-0.003304,-0.002837,0.002225,1.303E-4,0.002533,0.001103,0.004663,5.318E-4,0.03121,-0.01148,0.004669,3.143E-4,0.004542,4.255E-4,0.003483,4.893E-4,1
1506019951631,true,1390.987,0,-0.002791,-0.002823,0.002195,1.26E-4,0.002506,0.00111,0.004645,5.252E-4,0.03239,-0.01267,0.00466,3.149E-4,0.00452,4.241E-4,0.003482,4.877E-4,1
1506019951791,true,1391.057,0,-0.002286,-0.002662,0.002157,1.213E-4,0.002464,0.001113,0.004631,5.26E-4,0.03232,-0.01282,0.00466,3.103E-4,0.004475,4.316E-4,0.003484,4.769E-4,1
1506019951826,true,1391.115,0,-0.002408,-0.002351,0.002104,1.271E-4,0.002403,0.001116,0.004604,5.323E-4,0.03125,-0.01202,0.004652,3.003E-4,0.004425,4.402E-4,0.003454,4.734E-4,1
1506019951861,true,1391.172,0,-0.003156,-0.002416,0.002063,1.345E-4,0.002349,0.001112,0.004574,5.46E-4,0.03091,-0.01154,0.004622,3.033E-4,0.004408,4.413E-4,0.003399,4.851E-4,1
1506019951896,true,1391.23,0,-0.003395,-0.002781,0.002056,1.399E-4,0.002334,0.001112,0.004556,5.517E-4,0.0311,-0.01137,0.004595,3.116E-4,0.004402,4.38E-4,0.003358,4.972E-4,1
1506019951931,true,1391.287,0,-0.002575,-0.00287,0.002063,1.411E-4,0.002343,0.001118,0.004535,5.485E-4,0.03198,-0.01217,0.004572,3.214E-4,0.004413,4.314E-4,0.003362,5.028E-4,1
1506019952066,true,1391.332,0,-0.001961,-0.002598,0.002067,1.404E-4,0.002357,0.001122,0.004533,5.419E-4,0.03267,-0.01289,0.004584,3.235E-4,0.004409,4.341E-4,0.003379,5.051E-4,1
1506019952101,true,1391.39,0,-0.001654,-0.002228,0.002084,1.364E-4,0.002364,0.001129,0.004534,5.389E-4,0.03192,-0.01235,0.004613,3.153E-4,0.004407,4.4E-4,0.003413,4.935E-4,1
1506019952136,true,1391.447,0,-0.002318,-0.001891,0.002109,1.379E-4,0.002367,0.001124,0.004542,5.373E-4,0.03081,-0.01135,0.004629,3.105E-4,0.004426,4.426E-4,0.003422,4.943E-4,1
1506019952171,true,1391.505,0,-0.002972,-0.002202,0.002137,1.384E-4,0.002385,0.001109,0.004549,5.399E-4,0.03045,-0.0107,0.004632,3.103E-4,0.004449,4.426E-4,0.003419,5.045E-4,1
1506019952206,true,1391.562,0,-0.002744,-0.002807,0.00216,1.352E-4,0.002397,0.001109,0.004546,5.339E-4,0.03106,-0.01115,0.00462,3.167E-4,0.004476,4.313E-4,0.003422,5.107E-4,1
1506019952365,true,1391.631,0,-0.002171,-0.002815,0.00215,1.349E-4,0.002404,0.001112,0.004539,5.198E-4,0.03217,-0.01219,0.004614,3.193E-4,0.004496,4.208E-4,0.003435,5.098E-4,1
1506019952400,true,1391.689,0,-0.001754,-0.002642,0.002135,1.297E-4,0.002404,0.001112,0.004526,5.152E-4,0.03242,-0.01261,0.004606,3.223E-4,0.004471,4.264E-4,0.00345,4.995E-4,1
1506019952435,true,1391.746,0,-0.001622,-0.0024,0.002113,1.261E-4,0.002355,0.001116,0.004516,5.192E-4,0.03144,-0.01192,0.004603,3.135E-4,0.004427,4.354E-4,0.003446,4.938E-4,1
1506019952470,true,1391.804,0,-0.002362,-0.002374,0.002077,1.332E-4,0.002298,0.001112,0.004497,5.228E-4,0.03082,-0.01121,0.00459,3.096E-4,0.004398,4.424E-4,0.0034,5.015E-4,1
1506019952505,true,1391.861,0,-0.002763,-0.002713,0.00205,1.415E-4,0.00226,0.001108,0.004469,5.285E-4,0.03073,-0.01077,0.004556,3.151E-4,0.004387,4.407E-4,0.003344,5.163E-4,1
1506019952641,true,1391.907,0,-0.002114,-0.003024,0.002046,1.495E-4,0.002263,0.001114,0.004451,5.211E-4,0.03157,-0.01149,0.004547,3.188E-4,0.004398,4.359E-4,0.003336,5.239E-4,1
1506019952676,true,1391.965,0,-0.001509,-0.002693,0.00205,1.517E-4,0.002281,0.001118,0.004458,5.049E-4,0.03255,-0.01246,0.004563,3.186E-4,0.004404,4.382E-4,0.003351,5.249E-4,1
1506019952711,true,1392.022,0,-0.001184,-0.002359,0.002078,1.445E-4,0.002296,0.001119,0.004466,5.007E-4,0.03217,-0.01223,0.004592,3.148E-4,0.004404,4.431E-4,0.003386,5.165E-4,1
1506019952746,true,1392.08,0,-0.001708,-0.001953,0.002104,1.437E-4,0.0023,0.001117,0.004477,5.023E-4,0.031,-0.01126,0.00462,3.075E-4,0.004421,4.466E-4,0.003406,5.088E-4,1
1506019952781,true,1392.137,0,-0.002575,-0.00212,0.002129,1.468E-4,0.00232,0.001105,0.004483,5.066E-4,0.03041,-0.01056,0.004623,3.077E-4,0.004455,4.478E-4,0.003407,5.155E-4,1
1506019952941,true,1392.207,0,-0.002763,-0.002709,0.002157,1.453E-4,0.002349,0.001098,0.004493,5.002E-4,0.03062,-0.01063,0.004616,3.167E-4,0.004498,4.374E-4,0.003413,5.19E-4,1
1506019952976,true,1392.265,0,-0.00235,-0.002826,0.002158,1.454E-4,0.002372,0.001097,0.00448,4.973E-4,0.03185,-0.01177,0.004611,3.227E-4,0.00453,4.271E-4,0.003438,5.205E-4,1
1506019953011,true,1392.322,0,-0.002164,-0.00262,0.002154,1.399E-4,0.002387,0.001096,0.004479,4.891E-4,0.03259,-0.01262,0.00462,3.249E-4,0.00452,4.319E-4,0.003463,5.119E-4,1
1506019953046,true,1392.38,0,-0.001725,-0.00243,0.002149,1.324E-4,0.002363,0.001097,0.004473,4.881E-4,0.03201,-0.01229,0.004632,3.191E-4,0.0045,4.388E-4,0.00347,5.049E-4,1
1506019953080,true,1392.437,0,-0.002306,-0.002229,0.00213,1.296E-4,0.00232,0.00109,0.004461,4.926E-4,0.03115,-0.01159,0.004635,3.101E-4,0.004476,4.439E-4,0.003462,5.012E-4,1
1506019953241,true,1392.508,0,-0.002784,-0.002543,0.002097,1.311E-4,0.002281,0.001079,0.004445,4.936E-4,0.03079,-0.01106,0.004604,3.14E-4,0.004457,4.437E-4,0.003408,5.132E-4,1
1506019953275,true,1392.566,0,-0.002486,-0.002905,0.002061,1.394E-4,0.002252,0.00108,0.004404,4.993E-4,0.03132,-0.01149,0.004561,3.234E-4,0.00444,4.381E-4,0.003368,5.221E-4,1
1506019953311,true,1392.623,0,-0.001747,-0.002716,0.00205,1.42E-4,0.002261,0.001082,0.004393,4.903E-4,0.03224,-0.01237,0.004558,3.294E-4,0.004433,4.402E-4,0.003377,5.235E-4,1
1506019953345,true,1392.681,0,-0.001141,-0.002461,0.002062,1.392E-4,0.002286,0.001082,0.004406,4.828E-4,0.03223,-0.01247,0.004582,3.245E-4,0.004417,4.515E-4,0.003396,5.199E-4,1
1506019953380,true,1392.738,0,-0.001401,-0.002078,0.002099,1.361E-4,0.002305,0.00108,0.004412,4.826E-4,0.03089,-0.01132,0.004615,3.133E-4,0.004422,4.55E-4,0.003429,5.044E-4,1
1506019953516,true,1392.782,0,-0.002303,-0.00204,0.002132,1.341E-4,0.002314,0.001072,0.004427,4.807E-4,0.03016,-0.01051,0.004637,3.079E-4,0.004453,4.562E-4,0.003432,5.058E-4,1
1506019953551,true,1392.84,0,-0.002719,-0.002513,0.002164,1.335E-4,0.002353,0.00106,0.004426,4.839E-4,0.03016,-0.0102,0.004641,3.131E-4,0.00449,4.534E-4,0.003434,5.167E-4,1
1506019953586,true,1392.897,0,-0.002482,-0.002742,0.002183,1.341E-4,0.002388,0.001061,0.00443,4.778E-4,0.03101,-0.01102,0.004643,3.193E-4,0.004529,4.449E-4,0.003464,5.161E-4,1
1506019953621,true,1392.955,0,-0.002013,-0.002621,0.002198,1.282E-4,0.002413,0.001064,0.004445,4.652E-4,0.03202,-0.01204,0.004664,3.211E-4,0.004543,4.466E-4,0.003498,5.112E-4,1
1506019953655,true,1393.012,0,-0.001681,-0.002419,0.002215,1.191E-4,0.002417,0.001066,0.004459,4.672E-4,0.0316,-0.01185,0.004691,3.143E-4,0.00455,4.524E-4,0.003528,5.019E-4,1
1506019953791,true,1393.057,0,-0.002002,-0.002171,0.002221,1.147E-4,0.00241,0.001054,0.004467,4.735E-4,0.0307,-0.01109,0.004705,3.055E-4,0.004556,4.563E-4,0.003534,4.982E-4,1
1506019953826,true,1393.115,0,-0.002538,-0.002487,0.002218,1.096E-4,0.002394,0.001043,0.00446,4.776E-4,0.03043,-0.01055,0.004706,3.036E-4,0.004563,4.508E-4,0.003499,5.079E-4,1
1506019953861,true,1393.172,0,-0.002402,-0.00297,0.002205,1.053E-4,0.002374,0.001037,0.004426,4.808E-4,0.03076,-0.01074,0.004672,3.114E-4,0.00456,4.416E-4,0.003465,5.14E-4,1
1506019953896,true,1393.23,0,-0.001608,-0.002968,0.002154,1.103E-4,0.002349,0.001038,0.00439,4.764E-4,0.03178,-0.01175,0.004655,3.165E-4,0.004549,4.331E-4,0.003443,5.169E-4,1
1506019953930,true,1393.287,0,-0.001135,-0.00263,0.002128,1.097E-4,0.002316,0.001046,0.004372,4.669E-4,0.0321,-0.0122,0.004646,3.225E-4,0.004526,4.377E-4,0.003449,5.122E-4,1
1506019954091,true,1393.358,0,-9.69E-4,-0.002231,0.002151,1.069E-4,0.002308,0.00105,0.004382,4.656E-4,0.03101,-0.01133,0.00467,3.158E-4,0.004519,4.41E-4,0.003465,5.057E-4,1
1506019954126,true,1393.416,0,-0.001947,-0.00194,0.002178,1.086E-4,0.002329,0.001036,0.004392,4.661E-4,0.03012,-0.01049,0.004694,3.07E-4,0.004536,4.422E-4,0.003468,5.084E-4,1
1506019954177,true,1393.473,0,-0.002688,-0.002271,0.002215,1.065E-4,0.00236,0.001024,0.004404,4.641E-4,0.02989,-0.009979,0.004704,3.086E-4,0.004567,4.375E-4,0.003455,5.229E-4,1
1506019954213,true,1393.531,0,-0.002441,-0.002749,0.002235,1.058E-4,0.002384,0.001024,0.004409,4.606E-4,0.03065,-0.01066,0.004719,3.107E-4,0.004607,4.291E-4,0.003478,5.259E-4,1
1506019954248,true,1393.588,0,-0.002026,-0.002703,0.00226,1.024E-4,0.002426,0.001019,0.004425,4.5E-4,0.03198,-0.01184,0.004739,3.141E-4,0.004637,4.241E-4,0.003517,5.249E-4,1
1506019954366,true,1393.633,0,-0.001788,-0.002506,0.002292,9.285E-5,0.002446,0.00102,0.004455,4.442E-4,0.03184,-0.01192,0.004773,3.1E-4,0.004641,4.298E-4,0.003561,5.142E-4,1
1506019954401,true,1393.691,0,-0.00201,-0.002257,0.002333,8.404E-5,0.002448,0.001015,0.004473,4.434E-4,0.03092,-0.0112,0.004817,2.967E-4,0.004658,4.311E-4,0.003602,5.041E-4,1
1506019954436,true,1393.748,0,-0.002719,-0.002349,0.002349,8.086E-5,0.002455,9.976E-4,0.004475,4.464E-4,0.03038,-0.01059,0.004831,2.885E-4,0.004687,4.257E-4,0.003607,5.079E-4,1
1506019954471,true,1393.806,0,-0.002793,-0.002814,0.002364,7.599E-5,0.002448,9.917E-4,0.004471,4.452E-4,0.03061,-0.01056,0.004821,2.895E-4,0.004712,4.16E-4,0.003596,5.164E-4,1
1506019954506,true,1393.863,0,-0.002146,-0.002978,0.002341,7.618E-5,0.002444,9.916E-4,0.004452,4.405E-4,0.0316,-0.01143,0.004822,2.86E-4,0.004725,4.024E-4,0.003595,5.185E-4,1
1506019954666,true,1393.933,0,-0.001541,-0.002641,0.002311,7.19E-5,0.002418,9.951E-4,0.00444,4.299E-4,0.03233,-0.01222,0.004829,2.847E-4,0.004715,3.98E-4,0.003605,5.119E-4,1
1506019954700,true,1393.991,0,-0.001086,-0.002329,0.002299,7.477E-5,0.002386,0.001003,0.004431,4.313E-4,0.03148,-0.01157,0.004832,2.813E-4,0.004692,4.024E-4,0.003618,5.026E-4,1
1506019954736,true,1394.048,0,-0.001606,-0.002052,0.002316,7.856E-5,0.002377,9.994E-4,0.004436,4.332E-4,0.03054,-0.01068,0.004856,2.715E-4,0.004704,4.013E-4,0.003626,5.002E-4,1
1506019954770,true,1394.106,0,-0.002651,-0.002192,0.00235,7.841E-5,0.002385,9.942E-4,0.004445,4.312E-4,0.03011,-0.01,0.004872,2.696E-4,0.004743,3.956E-4,0.003629,5.088E-4,1
1506019954805,true,1394.163,0,-0.002659,-0.002693,0.002383,7.771E-5,0.002424,9.854E-4,0.004442,4.264E-4,0.03075,-0.01039,0.004882,2.737E-4,0.004789,3.836E-4,0.003644,5.114E-4,1
1506019954966,true,1394.233,0,-0.002185,-0.002782,0.002393,7.945E-5,0.002453,9.847E-4,0.004443,4.178E-4,0.0318,-0.01144,0.004907,2.727E-4,0.004829,3.739E-4,0.003684,5.103E-4,1
1506019955001,true,1394.291,0,-0.002058,-0.002562,0.002415,7.348E-5,0.002469,9.872E-4,0.004471,4.062E-4,0.03218,-0.01197,0.004951,2.676E-4,0.004841,3.76E-4,0.003736,5.028E-4,1
1506019955036,true,1394.348,0,-0.001868,-0.002388,0.002448,6.912E-5,0.002475,9.815E-4,0.004485,4.108E-4,0.03139,-0.01135,0.005,2.573E-4,0.004846,3.822E-4,0.003775,4.93E-4,1
1506019955071,true,1394.406,0,-0.002663,-0.002299,0.002478,6.639E-5,0.002472,9.717E-4,0.004495,4.171E-4,0.03075,-0.01076,0.005033,2.465E-4,0.004884,3.8E-4,0.003783,4.922E-4,1
1506019955105,true,1394.463,0,-0.003082,-0.002687,0.002497,6.507E-5,0.002483,9.552E-4,0.004495,4.195E-4,0.03082,-0.01045,0.005042,2.435E-4,0.004917,3.721E-4,0.003783,4.947E-4,1
1506019955241,true,1394.508,0,-0.002587,-0.002903,0.002496,6.189E-5,0.002483,9.518E-4,0.00448,4.131E-4,0.03182,-0.01126,0.005044,2.43E-4,0.004948,3.54E-4,0.003793,4.921E-4,1
1506019955276,true,1394.566,0,-0.001847,-0.002652,0.002479,5.491E-5,0.002477,9.455E-4,0.004456,4.071E-4,0.03281,-0.01227,0.005044,2.409E-4,0.004938,3.483E-4,0.003801,4.878E-4,1
1506019955311,true,1394.623,0,-0.001451,-0.002408,0.002449,5.215E-5,0.00244,9.485E-4,0.004444,4.018E-4,0.03239,-0.01202,0.005053,2.329E-4,0.004917,3.489E-4,0.003801,4.798E-4,1
1506019955346,true,1394.681,0,-0.001852,-0.002113,0.00242,5.679E-5,0.002394,9.528E-4,0.004424,4.081E-4,0.03099,-0.01095,0.005055,2.277E-4,0.004896,3.51E-4,0.003797,4.71E-4,1
1506019955381,true,1394.738,0,-0.00273,-0.002258,0.002436,5.933E-5,0.002376,9.477E-4,0.00442,4.141E-4,0.03045,-0.01024,0.005057,2.262E-4,0.004907,3.493E-4,0.003776,4.786E-4,1
1506019955541,true,1394.808,0,-0.003086,-0.002726,0.002461,5.962E-5,0.002391,9.451E-4,0.004417,4.143E-4,0.03065,-0.01018,0.005058,2.298E-4,0.004931,3.402E-4,0.00378,4.853E-4,1
1506019955576,true,1394.866,0,-0.002571,-0.002942,0.002486,5.681E-5,0.002414,9.522E-4,0.004413,4.067E-4,0.03171,-0.01122,0.005084,2.275E-4,0.004969,3.33E-4,0.003819,4.825E-4,1
1506019955611,true,1394.923,0,-0.002449,-0.002719,0.002512,4.886E-5,0.002438,9.576E-4,0.004426,3.976E-4,0.03239,-0.01198,0.005118,2.236E-4,0.004994,3.359E-4,0.00387,4.741E-4,1
1506019955646,true,1394.981,0,-0.002125,-0.002476,0.002543,4.418E-5,0.002459,9.512E-4,0.004458,3.954E-4,0.03169,-0.01151,0.005158,2.16E-4,0.005012,3.408E-4,0.003932,4.563E-4,1
1506019955681,true,1395.038,0,-0.002528,-0.002402,0.002573,4.298E-5,0.002475,9.41E-4,0.004477,3.966E-4,0.03106,-0.01091,0.005209,2.032E-4,0.005054,3.399E-4,0.00396,4.547E-4,1
1506019955816,true,1395.083,0,-0.003238,-0.002633,0.002606,4.03E-5,0.002494,9.26E-4,0.004492,3.998E-4,0.03078,-0.01033,0.00524,1.99E-4,0.005105,3.321E-4,0.003967,4.595E-4,1
1506019955851,true,1395.141,0,-0.002948,-0.003049,0.00262,3.784E-5,0.002513,9.215E-4,0.00449,4.048E-4,0.03165,-0.01096,0.005244,2.016E-4,0.005149,3.197E-4,0.003984,4.623E-4,1
1506019955885,true,1395.198,0,-0.002085,-0.002927,0.002619,3.419E-5,0.002516,9.227E-4,0.00449,3.949E-4,0.03271,-0.01195,0.005266,1.975E-4,0.005165,3.115E-4,0.004001,4.613E-4,1
1506019955920,true,1395.256,0,-0.001641,-0.002523,0.002612,2.689E-5,0.002505,9.242E-4,0.00449,3.892E-4,0.03243,-0.0119,0.005292,1.914E-4,0.005162,3.127E-4,0.004031,4.454E-4,1
1506019955955,true,1395.313,0,-0.001621,-0.002121,0.002599,2.079E-5,0.002482,9.19E-4,0.004492,3.873E-4,0.03124,-0.0109,0.005308,1.815E-4,0.005159,3.112E-4,0.004054,4.273E-4,1
1506019956091,true,1395.359,0,-0.002654,-0.002041,0.002577,2.267E-5,0.002434,9.154E-4,0.004476,3.899E-4,0.03044,-0.01009,0.005306,1.769E-4,0.005153,3.11E-4,0.004036,4.267E-4,1
1506019956126,true,1395.417,0,-0.003207,-0.00244,0.002554,3.124E-5,0.002407,9.137E-4,0.004459,3.948E-4,0.03028,-0.009649,0.00529,1.806E-4,0.005154,3.049E-4,0.004011,4.322E-4,1
1506019956161,true,1395.474,0,-0.002851,-0.002735,0.002554,3.524E-5,0.002421,9.175E-4,0.004452,3.901E-4,0.03115,-0.01051,0.005286,1.855E-4,0.005175,2.989E-4,0.004016,4.359E-4,1
1506019956196,true,1395.532,0,-0.002557,-0.002538,0.002561,3.245E-5,0.00245,9.189E-4,0.004467,3.816E-4,0.03216,-0.01146,0.005313,1.837E-4,0.005188,2.995E-4,0.004042,4.334E-4,1
1506019956231,true,1395.589,0,-0.002335,-0.002308,0.002588,2.618E-5,0.002483,9.143E-4,0.004477,3.819E-4,0.03171,-0.0112,0.005354,1.763E-4,0.005199,3.051E-4,0.004087,4.247E-4,1
1506019956392,true,1395.659,0,-0.002709,-0.001991,0.002616,2.44E-5,0.002493,9.074E-4,0.004491,3.881E-4,0.03078,-0.0105,0.005403,1.636E-4,0.005222,3.096E-4,0.004128,4.191E-4,1
1506019956427,true,1395.717,0,-0.003375,-0.002155,0.002649,2.35E-5,0.002517,8.965E-4,0.004513,3.902E-4,0.03049,-0.01005,0.005448,1.563E-4,0.005269,3.06E-4,0.004136,4.272E-4,1
1506019956462,true,1395.774,0,-0.003132,-0.002656,0.002682,2.177E-5,0.002554,8.852E-4,0.004533,3.864E-4,0.03104,-0.01024,0.005469,1.581E-4,0.005313,3.008E-4,0.004146,4.35E-4,1
1506019956496,true,1395.832,0,-0.002303,-0.002641,0.002697,1.853E-5,0.002582,8.807E-4,0.004539,3.776E-4,0.03212,-0.01121,0.005499,1.579E-4,0.005352,2.942E-4,0.004189,4.324E-4,1
1506019956532,true,1395.889,0,-0.001616,-0.002282,0.002705,1.273E-5,0.002599,8.733E-4,0.004553,3.659E-4,0.03259,-0.01167,0.005533,1.541E-4,0.005371,2.919E-4,0.004227,4.244E-4,1
1506019956691,true,1395.958,0,-0.001272,-0.001942,0.002705,1.042E-5,0.002596,8.702E-4,0.004562,3.688E-4,0.03158,-0.01085,0.005551,1.469E-4,0.005383,2.925E-4,0.00425,4.132E-4,1
1506019956726,true,1396.016,0,-0.002011,-0.001641,0.002707,1.151E-5,0.002576,8.644E-4,0.004565,3.732E-4,0.03075,-0.009983,0.005579,1.325E-4,0.00539,2.927E-4,0.004255,4.087E-4,1
1506019956761,true,1396.073,0,-0.002713,-0.002024,0.002697,1.148E-5,0.002566,8.509E-4,0.004561,3.757E-4,0.03025,-0.009233,0.005576,1.302E-4,0.005391,2.896E-4,0.004231,4.116E-4,1
1506019956796,true,1396.131,0,-0.002492,-0.002455,0.002671,2.093E-5,0.002554,8.567E-4,0.004541,3.765E-4,0.03085,-0.009776,0.005551,1.368E-4,0.005399,2.824E-4,0.004218,4.153E-4,1
1506019956831,true,1396.188,0,-0.002047,-0.002392,0.002674,1.903E-5,0.002577,8.622E-4,0.004543,3.699E-4,0.03191,-0.01086,0.005563,1.39E-4,0.005411,2.796E-4,0.004245,4.147E-4,1
1506019956966,true,1396.233,0,-0.001633,-0.002222,0.002691,1.425E-5,0.002604,8.643E-4,0.004563,3.658E-4,0.03186,-0.01095,0.005595,1.343E-4,0.005417,2.85E-4,0.004283,4.041E-4,1
1506019957001,true,1396.291,0,-0.00172,-0.001979,0.002722,1.016E-5,0.002614,8.642E-4,0.004582,3.702E-4,0.03097,-0.01025,0.005637,1.237E-4,0.005447,2.872E-4,0.004326,3.924E-4,1
1506019957036,true,1396.348,0,-0.002267,-0.002121,0.002744,1.517E-5,0.002628,8.529E-4,0.004601,3.75E-4,0.0307,-0.009792,0.005657,1.17E-4,0.005491,2.832E-4,0.004344,3.9E-4,1
1506019957071,true,1396.406,0,-0.002297,-0.002642,0.002772,1.7E-5,0.002652,8.469E-4,0.004615,3.76E-4,0.03099,-0.00967,0.005668,1.235E-4,0.005536,2.749E-4,0.00435,3.988E-4,1
1506019957106,true,1396.463,0,-0.001344,-0.002749,0.002797,1.775E-5,0.00268,8.417E-4,0.00462,3.68E-4,0.03206,-0.01065,0.005691,1.227E-4,0.005576,2.627E-4,0.004373,4.067E-4,1
1506019957241,true,1396.509,0,-9.206E-4,-0.002341,0.002807,1.269E-5,0.002701,8.448E-4,0.004628,3.615E-4,0.03294,-0.01146,0.005735,1.168E-4,0.005595,2.624E-4,0.004422,3.988E-4,1
1506019957276,true,1396.567,0,-4.237E-4,-0.002023,0.002827,4.459E-6,0.00272,8.381E-4,0.004647,3.572E-4,0.03224,-0.01089,0.005776,1.051E-4,0.005598,2.645E-4,0.004465,3.812E-4,1
1506019957311,true,1396.624,0,-7.439E-4,-0.001796,0.002838,2.265E-6,0.002714,8.279E-4,0.004649,3.608E-4,0.03116,-0.009954,0.005814,9.307E-5,0.005614,2.622E-4,0.004472,3.741E-4,1
1506019957346,true,1396.682,0,-0.001577,-0.002065,0.002841,1.564E-6,0.002708,8.17E-4,0.00464,3.673E-4,0.03065,-0.00929,0.00582,8.84E-5,0.005627,2.541E-4,0.004451,3.782E-4,1
1506019957381,true,1396.739,0,-0.001635,-0.002552,0.002828,1.431E-8,0.002701,8.143E-4,0.004621,3.683E-4,0.03131,-0.00972,0.005799,9.073E-5,0.005643,2.402E-4,0.004443,3.774E-4,1
1506019957541,true,1396.809,0,-0.001129,-0.00266,0.002777,2.326E-6,0.002678,8.163E-4,0.004597,3.638E-4,0.03234,-0.01083,0.005779,9.615E-5,0.005618,2.375E-4,0.004433,3.751E-4,1
1506019957576,true,1396.867,0,-8.856E-4,-0.002546,0.002741,2.618E-6,0.002646,8.334E-4,0.004585,3.612E-4,0.03251,-0.01132,0.005767,9.959E-5,0.005587,2.363E-4,0.004431,3.646E-4,1
1506019957611,true,1396.924,0,-0.001043,-0.002321,0.00275,5.352E-7,0.002635,8.407E-4,0.00459,3.644E-4,0.0316,-0.01069,0.005788,8.94E-5,0.005579,2.406E-4,0.004451,3.543E-4,1
1506019957646,true,1396.982,0,-0.001731,-0.002337,0.002768,3.988E-6,0.002652,8.319E-4,0.004597,3.707E-4,0.0309,-0.01,0.005823,7.976E-5,0.005592,2.422E-4,0.004459,3.585E-4,1
1506019957681,true,1397.039,0,-0.002233,-0.002774,0.002796,6.045E-6,0.002688,8.233E-4,0.004606,3.743E-4,0.03083,-0.009691,0.00583,8.3E-5,0.005624,2.345E-4,0.004457,3.665E-4,1
1506019957841,true,1397.108,0,-0.001531,-0.003201,0.002814,8.992E-6,0.002711,8.272E-4,0.004587,3.787E-4,0.03174,-0.01051,0.005836,8.576E-5,0.00567,2.227E-4,0.004488,3.674E-4,1
1506019957876,true,1397.166,0,-8.906E-4,-0.002947,0.002827,6.281E-6,0.002725,8.329E-4,0.004601,3.677E-4,0.03285,-0.01152,0.005874,8.327E-5,0.0057,2.178E-4,0.004532,3.648E-4,1
1506019957911,true,1397.223,0,-4.929E-4,-0.002616,0.002863,1.91E-7,0.002754,8.354E-4,0.004619,3.662E-4,0.03255,-0.01126,0.005917,7.831E-5,0.00572,2.192E-4,0.004574,3.558E-4,1
1506019957946,true,1397.281,0,-8.255E-4,-0.002272,0.002896,1.16E-6,0.002762,8.319E-4,0.004637,3.661E-4,0.03147,-0.01033,0.005953,6.92E-5,0.00574,2.216E-4,0.004606,3.484E-4,1
1506019957981,true,1397.338,0,-0.001631,-0.002459,0.002931,-3.389E-6,0.002775,8.167E-4,0.004645,3.666E-4,0.0309,-0.009665,0.005979,6.165E-5,0.005778,2.157E-4,0.004606,3.509E-4,1
1506019958116,true,1397.383,0,-0.001883,-0.002952,0.00294,-4.459E-6,0.002783,8.139E-4,0.00464,3.667E-4,0.03105,-0.00963,0.005972,6.41E-5,0.00581,2.033E-4,0.0046,3.553E-4,1
1506019958152,true,1397.441,0,-0.001637,-0.003148,0.002912,-2.738E-6,0.002784,8.195E-4,0.004632,3.563E-4,0.03206,-0.01068,0.005956,7.063E-5,0.005822,1.936E-4,0.004617,3.524E-4,1
1506019958188,true,1397.498,0,-0.001394,-0.003029,0.002882,-7.962E-6,0.002763,8.303E-4,0.004635,3.48E-4,0.03271,-0.01143,0.00596,6.958E-5,0.005806,1.918E-4,0.004635,3.39E-4,1
1506019958224,true,1397.556,0,-9.118E-4,-0.002999,0.002851,-1.324E-5,0.002733,8.349E-4,0.004634,3.514E-4,0.03189,-0.01095,0.005958,6.567E-5,0.005772,1.957E-4,0.004648,3.221E-4,1
1506019958260,true,1397.613,0,-0.001762,-0.002868,0.002824,-7.847E-6,0.002677,8.405E-4,0.004622,3.588E-4,0.03099,-0.01032,0.005954,5.992E-5,0.005756,1.973E-4,0.004621,3.269E-4,1
1506019958417,true,1397.684,0,-0.002522,-0.003212,0.002825,-3.684E-6,0.00267,8.338E-4,0.004626,3.67E-4,0.0306,-0.009754,0.005948,6.17E-5,0.00577,1.917E-4,0.004595,3.372E-4,1
1506019958452,true,1397.742,0,-0.002173,-0.003666,0.002839,1.061E-6,0.002689,8.334E-4,0.004615,3.666E-4,0.03141,-0.0103,0.005951,6.548E-5,0.005802,1.817E-4,0.0046,3.397E-4,1
1506019958487,true,1397.799,0,-0.001376,-0.003527,0.002859,-2.729E-6,0.00271,8.409E-4,0.004629,3.57E-4,0.03235,-0.01126,0.005978,6.517E-5,0.005832,1.726E-4,0.004635,3.354E-4,1
1506019958524,true,1397.857,0,-8.878E-4,-0.003262,0.002879,-8.019E-6,0.002737,8.44E-4,0.004638,3.493E-4,0.0323,-0.01139,0.006019,5.95E-5,0.005837,1.762E-4,0.004665,3.3E-4,1
1506019958560,true,1397.914,0,-9.163E-4,-0.002896,0.002903,-6.164E-6,0.002751,8.409E-4,0.00466,3.519E-4,0.0311,-0.01029,0.006067,4.658E-5,0.005857,1.787E-4,0.004697,3.218E-4,1
1506019958691,true,1397.959,0,-0.001681,-0.002898,0.002935,-5.043E-6,0.002757,8.331E-4,0.00467,3.565E-4,0.03042,-0.009429,0.006109,3.735E-5,0.005902,1.721E-4,0.004705,3.227E-4,1
1506019958728,true,1398.017,0,-0.00212,-0.00336,0.002954,-4.925E-6,0.00279,8.21E-4,0.004682,3.579E-4,0.03022,-0.008993,0.00611,4.087E-5,0.005953,1.608E-4,0.0047,3.286E-4,1
1506019958763,true,1398.074,0,-0.001912,-0.003666,0.002961,-5.691E-6,0.002823,8.163E-4,0.00467,3.568E-4,0.03111,-0.009888,0.006115,4.499E-5,0.005987,1.482E-4,0.004718,3.288E-4,1
1506019958800,true,1398.132,0,-0.001536,-0.003579,0.002945,-6.954E-6,0.002831,8.188E-4,0.004673,3.468E-4,0.03196,-0.01082,0.006137,4.19E-5,0.005993,1.482E-4,0.004745,3.199E-4,1
1506019958836,true,1398.189,0,-0.001128,-0.003452,0.002923,-7.339E-6,0.002813,8.246E-4,0.004686,3.477E-4,0.03164,-0.01069,0.006154,3.406E-5,0.005978,1.507E-4,0.004765,3.029E-4,1
1506019958991,true,1398.259,0,-0.001592,-0.003235,0.002904,-6.977E-6,0.002774,8.25E-4,0.004678,3.563E-4,0.03056,-0.00988,0.006166,2.507E-5,0.005967,1.552E-4,0.004758,2.955E-4,1
1506019959028,true,1398.317,0,-0.002358,-0.003439,0.002884,-1.7E-6,0.002738,8.228E-4,0.004665,3.707E-4,0.03009,-0.009314,0.006163,2.197E-5,0.005963,1.533E-4,0.004728,3.009E-4,1
1506019959064,true,1398.374,0,-0.002347,-0.003916,0.002885,2.003E-6,0.00274,8.23E-4,0.004654,3.809E-4,0.03053,-0.009516,0.006153,2.47E-5,0.005984,1.455E-4,0.004715,3.061E-4,1
1506019959098,true,1398.432,0,-0.001509,-0.003972,0.00289,1.553E-6,0.002746,8.346E-4,0.00465,3.778E-4,0.03166,-0.01057,0.006155,2.768E-5,0.00601,1.346E-4,0.004738,3.076E-4,1
1506019959133,true,1398.489,0,-7.938E-4,-0.003592,0.002902,-4.82E-6,0.002774,8.321E-4,0.00467,3.704E-4,0.03203,-0.01105,0.00619,2.423E-5,0.006018,1.348E-4,0.004774,2.984E-4,1
1506019959267,true,1398.534,0,-6.076E-4,-0.003112,0.002921,-6.228E-6,0.002781,8.328E-4,0.00469,3.707E-4,0.03091,-0.01016,0.006223,1.594E-5,0.006029,1.383E-4,0.004818,2.838E-4,1
1506019959303,true,1398.592,0,-0.001119,-0.002912,0.002947,-3.632E-6,0.00279,8.212E-4,0.004702,3.744E-4,0.02994,-0.009174,0.00626,6.662E-6,0.006054,1.372E-4,0.004825,2.835E-4,1
1506019959339,true,1398.649,0,-0.001626,-0.003274,0.002976,-4.275E-6,0.002831,8.062E-4,0.004714,3.814E-4,0.02942,-0.008361,0.006272,6.371E-6,0.006093,1.303E-4,0.004822,2.882E-4,1
1506019959375,true,1398.707,0,-0.001463,-0.003654,0.002986,-3.093E-6,0.002861,8.016E-4,0.004707,3.806E-4,0.03013,-0.008893,0.006275,1.164E-5,0.006125,1.167E-4,0.004824,2.925E-4,1
1506019959411,true,1398.764,0,-0.001161,-0.00351,0.00297,-5.194E-6,0.002865,8.073E-4,0.004708,3.713E-4,0.0312,-0.009941,0.006281,1.607E-5,0.006141,1.086E-4,0.004853,2.861E-4,1
1506019959566,true,1398.834,0,-9.458E-4,-0.003328,0.002958,-1.207E-5,0.002861,8.116E-4,0.004701,3.768E-4,0.03118,-0.01008,0.006297,1.199E-5,0.006128,1.123E-4,0.004872,2.736E-4,1
1506019959601,true,1398.892,0,-0.001042,-0.003063,0.002949,-1.899E-5,0.002834,8.093E-4,0.004699,3.858E-4,0.03015,-0.009204,0.006307,2.028E-6,0.006121,1.129E-4,0.004871,2.623E-4,1
1506019959638,true,1398.949,0,-0.001886,-0.003113,0.002921,-1.756E-5,0.002789,8.048E-4,0.004688,3.908E-4,0.02985,-0.008815,0.006297,-4.275E-6,0.006114,1.079E-4,0.004831,2.65E-4,1
1506019959674,true,1399.007,0,-0.002368,-0.003476,0.002873,-1.427E-5,0.002736,8.069E-4,0.004648,4.026E-4,0.02991,-0.008724,0.006251,5.334E-7,0.006103,1.025E-4,0.004779,2.724E-4,1
1506019959710,true,1399.064,0,-0.001719,-0.003649,0.002844,-1.077E-5,0.002702,8.202E-4,0.004618,4.017E-4,0.03095,-0.009727,0.00622,4.743E-6,0.006088,9.471E-5,0.004758,2.754E-4,1
1506019959841,true,1399.108,0,-0.001079,-0.003233,0.002824,-8.5E-6,0.002704,8.247E-4,0.004606,4.007E-4,0.0318,-0.01059,0.006233,2.143E-6,0.006079,9.429E-5,0.004772,2.691E-4,1
1506019959876,true,1399.166,0,-8.555E-4,-0.002705,0.002833,-8.916E-6,0.002712,8.305E-4,0.00462,3.997E-4,0.03107,-0.01003,0.006262,-3.695E-6,0.006069,1.011E-4,0.004791,2.598E-4,1
1506019959913,true,1399.223,0,-0.001245,-0.002342,0.002865,-7.135E-6,0.002706,8.295E-4,0.004632,4.045E-4,0.03014,-0.009143,0.006293,-1.601E-5,0.006083,1.023E-4,0.004796,2.579E-4,1
1506019959949,true,1399.281,0,-0.00198,-0.002515,0.002892,-7.458E-6,0.002724,8.24E-4,0.004639,4.061E-4,0.02946,-0.008294,0.006309,-1.919E-5,0.00612,9.929E-5,0.004794,2.623E-4,1
1506019959985,true,1399.338,0,-0.001968,-0.002964,0.002919,-7.171E-6,0.002757,8.235E-4,0.004632,4.089E-4,0.02998,-0.008602,0.006309,-1.349E-5,0.006161,8.928E-5,0.004802,2.621E-4,1
1506019960141,true,1399.409,0,-0.001338,-0.002999,0.002928,-9.485E-6,0.002794,8.242E-4,0.004634,4.038E-4,0.03111,-0.009759,0.006318,-1.109E-5,0.006186,8.77E-5,0.004828,2.596E-4,1
1506019960177,true,1399.467,0,-0.001011,-0.0027,0.002935,-1.481E-5,0.002816,8.309E-4,0.004651,3.943E-4,0.03143,-0.0102,0.006346,-1.624E-5,0.006185,9.154E-5,0.004858,2.503E-4,1
1506019960213,true,1399.524,0,-8.675E-4,-0.002504,0.002942,-2.093E-5,0.002818,8.349E-4,0.004659,4.005E-4,0.03054,-0.009563,0.006365,-2.427E-5,0.006187,9.226E-5,0.004881,2.381E-4,1
1506019960249,true,1399.582,0,-0.001444,-0.00242,0.002935,-2.319E-5,0.002802,8.288E-4,0.004666,4.024E-4,0.02992,-0.008921,0.006367,-3.26E-5,0.00618,9.692E-5,0.004876,2.359E-4,1
1506019960285,true,1399.639,0,-0.002053,-0.002834,0.002919,-2.685E-5,0.002792,8.176E-4,0.004652,4.098E-4,0.02984,-0.008567,0.006339,-2.894E-5,0.00618,8.917E-5,0.004841,2.409E-4,1
1506019960441,true,1399.708,0,-0.00158,-0.003126,0.002877,-2.38E-5,0.002759,8.213E-4,0.004623,4.081E-4,0.03079,-0.009464,0.006299,-2.33E-5,0.006177,7.657E-5,0.004816,2.429E-4,1
1506019960477,true,1399.766,0,-9.078E-4,-0.002819,0.002813,-2.137E-5,0.00272,8.253E-4,0.004593,4.024E-4,0.032,-0.01062,0.006281,-2.17E-5,0.006137,7.55E-5,0.004795,2.401E-4,1
1506019960513,true,1399.823,0,-3.827E-4,-0.002436,0.002767,-1.535E-5,0.002667,8.405E-4,0.004577,4.051E-4,0.03166,-0.01051,0.006271,-2.381E-5,0.006091,8.225E-5,0.004785,2.302E-4,1
1506019960549,true,1399.881,0,-5.264E-4,-0.002001,0.002773,-1.486E-5,0.002646,8.418E-4,0.004582,4.097E-4,0.03047,-0.009495,0.006274,-2.688E-5,0.006075,8.655E-5,0.004773,2.29E-4,1
1506019960585,true,1399.938,0,-0.001208,-0.001982,0.002787,-1.216E-5,0.002645,8.391E-4,0.004582,4.154E-4,0.02964,-0.008568,0.006279,-2.912E-5,0.006089,8.67E-5,0.004753,2.352E-4,1
1506019960716,true,1399.984,0,-0.001356,-0.002421,0.002812,-1.303E-5,0.002664,8.377E-4,0.004581,4.168E-4,0.02989,-0.008536,0.00627,-2.443E-5,0.006116,7.795E-5,0.004743,2.424E-4,1
1506019960752,true,1400.042,0,-8.773E-4,-0.002581,0.00282,-1.29E-5,0.002692,8.401E-4,0.004585,4.054E-4,0.03086,-0.00951,0.006273,-2.071E-5,0.006143,6.943E-5,0.004766,2.409E-4,1
1506019960788,true,1400.099,0,-6.057E-4,-0.002337,0.00283,-1.788E-5,0.002713,8.428E-4,0.004597,3.99E-4,0.03138,-0.01017,0.00629,-2.191E-5,0.006141,7.357E-5,0.0048,2.317E-4,1
1506019960824,true,1400.157,0,-3.122E-4,-0.002173,0.002851,-2.193E-5,0.00273,8.452E-4,0.004624,3.973E-4,0.0307,-0.009677,0.006316,-2.82E-5,0.006139,7.764E-5,0.004834,2.215E-4,1
1506019960860,true,1400.214,0,-8.607E-4,-0.002139,0.002865,-2.221E-5,0.002727,8.409E-4,0.004637,3.994E-4,0.03007,-0.009067,0.006345,-4.302E-5,0.006156,7.742E-5,0.00483,2.225E-4,1
1506019961015,true,1400.283,0,-0.001566,-0.002459,0.002864,-2.407E-5,0.002727,8.318E-4,0.004654,4.006E-4,0.02976,-0.008532,0.006337,-4.036E-5,0.006178,7.027E-5,0.004811,2.279E-4,1
1506019961052,true,1400.341,0,-0.0012,-0.002936,0.002848,-2.472E-5,0.002719,8.317E-4,0.004646,4.023E-4,0.03049,-0.009061,0.006307,-3.456E-5,0.006191,5.969E-5,0.004784,2.33E-4,1
1506019961088,true,1400.398,0,-3.453E-4,-0.002894,0.00281,-2.565E-5,0.002707,8.337E-4,0.00462,4.021E-4,0.03169,-0.01017,0.006302,-3.336E-5,0.006172,5.303E-5,0.004783,2.308E-4,1
1506019961124,true,1400.456,0,2.491E-4,-0.002561,0.002773,-3.28E-5,0.002674,8.399E-4,0.004608,3.982E-4,0.0317,-0.01032,0.006296,-3.615E-5,0.006127,5.559E-5,0.004777,2.192E-4,1
1506019961160,true,1400.513,0,2.755E-4,-0.002085,0.002734,-2.602E-5,0.002622,8.482E-4,0.004595,4.005E-4,0.03056,-0.009357,0.006296,-4.18E-5,0.006094,5.591E-5,0.004762,2.11E-4,1
1506019961291,true,1400.559,0,-3.909E-4,-0.002058,0.002728,-2.038E-5,0.002595,8.458E-4,0.004597,4.03E-4,0.02961,-0.008447,0.006298,-4.821E-5,0.00609,5.188E-5,0.004726,2.149E-4,1
1506019961327,true,1400.617,0,-9.707E-4,-0.002444,0.002732,-1.355E-5,0.00261,8.377E-4,0.004589,4.091E-4,0.02939,-0.007861,0.006279,-4.107E-5,0.0061,4.563E-5,0.0047,2.222E-4,1
1506019961363,true,1400.674,0,-5.666E-4,-0.00271,0.00273,-9.77E-6,0.00263,8.444E-4,0.004573,4.074E-4,0.03018,-0.008599,0.006271,-3.449E-5,0.006122,3.7E-5,0.004701,2.267E-4,1
1506019961399,true,1400.732,0,-2.177E-4,-0.002486,0.002729,-1.302E-5,0.002649,8.472E-4,0.004577,4.03E-4,0.03119,-0.009478,0.006276,-3.405E-5,0.006127,3.226E-5,0.004725,2.197E-4,1
1506019961435,true,1400.789,0,4.52E-5,-0.002297,0.002742,-1.726E-5,0.002659,8.517E-4,0.004594,4.002E-4,0.03084,-0.009348,0.006287,-3.853E-5,0.006116,3.627E-5,0.004753,2.095E-4,1
1506019961591,true,1400.859,0,-2.789E-4,-0.002173,0.002764,-2.057E-5,0.002653,8.462E-4,0.004603,4.052E-4,0.02998,-0.008622,0.006302,-4.584E-5,0.006128,3.723E-5,0.004763,2.022E-4,1
1506019961627,true,1400.917,0,-0.0012,-0.002405,0.002781,-2.124E-5,0.002659,8.389E-4,0.004618,4.074E-4,0.02957,-0.007989,0.006302,-4.66E-5,0.006142,3.102E-5,0.004742,2.085E-4,1
1506019961663,true,1400.974,0,-0.001372,-0.002853,0.002785,-2.245E-5,0.002665,8.331E-4,0.004606,4.148E-4,0.02998,-0.008221,0.006282,-4.149E-5,0.006152,2.1E-5,0.004726,2.143E-4,1
1506019961699,true,1401.032,0,-7.622E-4,-0.002834,0.002767,-2.514E-5,0.002653,8.387E-4,0.004589,4.096E-4,0.03115,-0.00931,0.006269,-3.998E-5,0.006142,1.361E-5,0.004716,2.172E-4,1
1506019961735,true,1401.089,0,-3.103E-4,-0.002476,0.002726,-2.884E-5,0.002635,8.377E-4,0.004583,4.042E-4,0.03177,-0.009976,0.006259,-4.329E-5,0.0061,1.577E-5,0.004707,2.105E-4,1
1506019961867,true,1401.134,0,-1.21E-4,-0.002049,0.002695,-3.323E-5,0.002585,8.389E-4,0.004575,4.008E-4,0.0307,-0.009083,0.006236,-5.014E-5,0.006059,1.945E-5,0.004691,2.009E-4,1
1506019961902,true,1401.192,0,-8.946E-4,-0.001811,0.002649,-2.633E-5,0.002527,8.383E-4,0.004555,4.087E-4,0.0298,-0.008296,0.006218,-5.822E-5,0.006021,2.091E-5,0.004635,2.049E-4,1
1506019961939,true,1401.249,0,-0.001694,-0.002108,0.002631,-1.777E-5,0.002506,8.343E-4,0.004533,4.154E-4,0.02919,-0.007477,0.006184,-5.19E-5,0.006012,1.656E-5,0.004593,2.103E-4,1
1506019961975,true,1401.307,0,-0.001537,-0.002404,0.002629,-1.348E-5,0.002521,8.339E-4,0.004512,4.134E-4,0.02999,-0.008148,0.006155,-4.381E-5,0.006014,9.714E-6,0.004587,2.123E-4,1
1506019962011,true,1401.364,0,-0.001156,-0.002267,0.002629,-1.254E-5,0.002535,8.404E-4,0.004498,4.086E-4,0.03106,-0.009177,0.006164,-4.371E-5,0.006019,6.212E-6,0.004603,2.117E-4,1
1506019962166,true,1401.434,0,-0.001151,-0.00199,0.002643,-1.663E-5,0.002546,8.464E-4,0.00451,4.036E-4,0.03088,-0.009183,0.006177,-4.572E-5,0.006008,9.849E-6,0.004634,1.986E-4,1
1506019962202,true,1401.492,0,-0.001296,-0.001741,0.002666,-1.762E-5,0.002549,8.478E-4,0.004527,4.088E-4,0.02992,-0.008482,0.006198,-5.288E-5,0.006005,1.447E-5,0.004647,1.924E-4,1
1506019962238,true,1401.549,0,-0.002158,-0.001788,0.002684,-1.629E-5,0.002553,8.415E-4,0.00455,4.126E-4,0.02939,-0.007873,0.006216,-6.051E-5,0.006021,1.977E-5,0.00464,1.976E-4,1
1506019962274,true,1401.607,0,-0.002597,-0.002262,0.002705,-1.737E-5,0.00258,8.31E-4,0.004561,4.13E-4,0.02953,-0.007752,0.006209,-5.815E-5,0.006042,1.488E-5,0.004631,2.059E-4,1
1506019962310,true,1401.664,0,-0.002027,-0.00241,0.002706,-1.741E-5,0.002594,8.331E-4,0.004549,4.095E-4,0.03064,-0.008774,0.006208,-5.878E-5,0.006059,5.63E-6,0.004636,2.117E-4,1
1506019962466,true,1401.735,0,-0.001589,-0.002072,0.002697,-2.301E-5,0.002599,8.34E-4,0.00455,3.971E-4,0.03154,-0.009674,0.006211,-5.829E-5,0.006048,6.235E-6,0.004649,2.088E-4,1
1506019962502,true,1401.793,0,-0.001144,-0.001694,0.002696,-2.899E-5,0.002578,8.415E-4,0.004543,3.987E-4,0.03094,-0.009214,0.006214,-6.341E-5,0.006023,7.582E-6,0.004657,1.976E-4,1
1506019962538,true,1401.85,0,-0.001833,-0.001236,0.002681,-3.216E-5,0.002537,8.39E-4,0.00453,4.044E-4,0.02971,-0.008102,0.006207,-7.169E-5,0.006008,5.745E-6,0.004649,1.895E-4,1
1506019962575,true,1401.908,0,-0.002619,-0.001365,0.002631,-2.318E-5,0.002495,8.375E-4,0.00451,4.076E-4,0.02892,-0.007242,0.006182,-7.198E-5,0.005976,6.956E-6,0.004604,1.942E-4,1
1506019962611,true,1401.965,0,-0.002671,-0.001751,0.002617,-1.862E-5,0.002481,8.45E-4,0.004474,4.117E-4,0.02917,-0.007321,0.006142,-6.425E-5,0.005968,-3.177E-7,0.004576,2.018E-4,1
1506019962716,true,1401.984,0,-0.002229,-0.001681,0.002613,-1.718E-5,0.002499,8.474E-4,0.004459,4.068E-4,0.03022,-0.008375,0.006123,-5.914E-5,0.005967,-5.301E-7,0.004583,2.032E-4,1
1506019962752,true,1402.042,0,-0.002028,-0.001431,0.002625,-1.936E-5,0.002518,8.561E-4,0.004474,3.94E-4,0.03036,-0.008707,0.006137,-5.943E-5,0.005952,5.8E-6,0.004619,1.973E-4,1
1506019962788,true,1402.099,0,-0.002031,-0.001204,0.002653,-2.467E-5,0.002522,8.627E-4,0.004491,3.957E-4,0.02927,-0.007914,0.00615,-6.325E-5,0.005954,9.809E-6,0.004648,1.871E-4,1
1506019962824,true,1402.157,0,-0.002771,-0.001237,0.002679,-2.323E-5,0.002523,8.589E-4,0.004504,4.021E-4,0.0287,-0.00733,0.006163,-6.873E-5,0.005978,1.115E-5,0.00465,1.923E-4,1
1506019962860,true,1402.214,0,-0.003112,-0.001774,0.002701,-2.453E-5,0.00254,8.524E-4,0.00452,4.061E-4,0.02867,-0.00692,0.006162,-6.674E-5,0.006006,5.073E-6,0.004655,1.979E-4,1
1506019963016,true,1402.284,0,-0.002651,-0.002147,0.002713,-2.416E-5,0.002578,8.516E-4,0.004522,4.042E-4,0.02966,-0.007722,0.006153,-6.005E-5,0.006039,-3.582E-6,0.004677,2.008E-4,1
1506019963052,true,1402.342,0,-0.00187,-0.001922,0.002725,-3.161E-5,0.002599,8.521E-4,0.004527,4.011E-4,0.03083,-0.008805,0.006168,-5.859E-5,0.006046,-3.662E-6,0.004708,2.005E-4,1
1506019963088,true,1402.399,0,-0.001366,-0.001592,0.002741,-4.266E-5,0.002603,8.548E-4,0.004541,3.983E-4,0.03066,-0.008782,0.006183,-6.086E-5,0.006049,-1.794E-6,0.004732,1.907E-4,1
1506019963124,true,1402.457,0,-0.001458,-0.001194,0.002746,-4.274E-5,0.002587,8.514E-4,0.004544,4.032E-4,0.02962,-0.007916,0.006192,-6.78E-5,0.006045,-5.207E-7,0.004741,1.827E-4,1
1506019963160,true,1402.514,0,-0.001923,-0.001325,0.002733,-4.007E-5,0.002566,8.406E-4,0.004539,4.104E-4,0.02888,-0.007082,0.006184,-7.212E-5,0.006057,-4.189E-6,0.00472,1.9E-4,1
1506019963316,true,1402.585,0,-0.002102,-0.001835,0.002715,-3.72E-5,0.002555,8.35E-4,0.004518,4.145E-4,0.02909,-0.007052,0.006156,-6.771E-5,0.006067,-1.56E-5,0.004686,1.954E-4,1
1506019963352,true,1402.643,0,-0.001721,-0.001927,0.002683,-3.208E-5,0.002532,8.406E-4,0.004485,4.144E-4,0.03008,-0.008039,0.006129,-6.211E-5,0.006045,-1.902E-5,0.004678,1.944E-4,1
1506019963388,true,1402.7,0,-0.001564,-0.001713,0.002664,-3.265E-5,0.002518,8.529E-4,0.004479,4.08E-4,0.0306,-0.008724,0.006117,-5.583E-5,0.006023,-1.759E-5,0.004686,1.905E-4,1
1506019963424,true,1402.758,0,-0.001332,-0.00154,0.002684,-3.605E-5,0.002514,8.661E-4,0.004505,4.021E-4,0.02988,-0.008255,0.00613,-5.772E-5,0.006006,-8.681E-6,0.004705,1.856E-4,1
1506019963460,true,1402.815,0,-0.001822,-0.001483,0.002715,-3.826E-5,0.002529,8.61E-4,0.004514,4.104E-4,0.02891,-0.00749,0.006153,-6.859E-5,0.006019,-9.87E-6,0.00472,1.866E-4,1
1506019963591,true,1402.859,0,-0.002411,-0.001916,0.002739,-3.704E-5,0.002553,8.5E-4,0.004529,4.161E-4,0.02873,-0.007119,0.006167,-7.097E-5,0.006049,-1.286E-5,0.004716,1.936E-4,1
1506019963627,true,1402.917,0,-0.002257,-0.002391,0.002768,-4.075E-5,0.002586,8.451E-4,0.004539,4.145E-4,0.02967,-0.00784,0.006169,-6.961E-5,0.006074,-1.858E-5,0.00473,2.003E-4,1
1506019963663,true,1402.974,0,-0.001572,-0.002274,0.002788,-4.392E-5,0.002624,8.433E-4,0.004558,4.018E-4,0.03109,-0.009068,0.006176,-6.865E-5,0.006083,-1.739E-5,0.004769,1.964E-4,1
1506019963699,true,1403.032,0,-9.671E-4,-0.001978,0.002815,-5.14E-5,0.002647,8.443E-4,0.004577,3.976E-4,0.03122,-0.009348,0.006199,-7.321E-5,0.006086,-1.139E-5,0.0048,1.893E-4,1
1506019963735,true,1403.089,0,-8.943E-4,-0.001612,0.00284,-5.675E-5,0.002653,8.442E-4,0.00459,4.014E-4,0.03032,-0.008602,0.006222,-8.119E-5,0.006078,-7.863E-6,0.004831,1.761E-4,1
1506019963891,true,1403.16,0,-0.001584,-0.001549,0.002848,-5.828E-5,0.002642,8.326E-4,0.004593,4.047E-4,0.02966,-0.00785,0.006233,-8.837E-5,0.006096,-1.262E-5,0.004824,1.76E-4,1
1506019963927,true,1403.218,0,-0.002137,-0.001913,0.002855,-6.313E-5,0.002639,8.247E-4,0.00459,4.084E-4,0.02933,-0.007353,0.006204,-8.326E-5,0.006106,-1.903E-5,0.004791,1.823E-4,1
1506019963963,true,1403.275,0,-0.001689,-0.002231,0.002832,-5.999E-5,0.002622,8.281E-4,0.004563,4.054E-4,0.03021,-0.008235,0.006172,-7.822E-5,0.006102,-2.801E-5,0.004785,1.816E-4,1
1506019964000,true,1403.333,0,-0.001322,-0.002053,0.00279,-5.491E-5,0.002605,8.369E-4,0.004556,3.93E-4,0.03103,-0.009167,0.006144,-7.16E-5,0.006062,-2.119E-5,0.004792,1.729E-4,1
1506019964035,true,1403.39,0,-9.869E-4,-0.001922,0.002792,-5.751E-5,0.002596,8.495E-4,0.004567,3.91E-4,0.03064,-0.008977,0.006138,-7.104E-5,0.006027,-1.112E-5,0.004804,1.639E-4,1
1506019964185,true,1403.434,0,-0.00138,-0.001773,0.002816,-5.866E-5,0.002601,8.458E-4,0.004582,3.951E-4,0.02965,-0.008256,0.00615,-7.742E-5,0.006029,-5.602E-6,0.004805,1.63E-4,1
1506019964221,true,1403.492,0,-0.001953,-0.002137,0.002838,-5.495E-5,0.002625,8.352E-4,0.004601,4.031E-4,0.02938,-0.007804,0.006157,-7.764E-5,0.006051,-7.738E-6,0.00479,1.724E-4,1
1506019964257,true,1403.549,0,-0.001784,-0.002756,0.00287,-5.486E-5,0.002664,8.225E-4,0.004602,4.056E-4,0.02998,-0.008189,0.006155,-7.253E-5,0.006064,-1.042E-5,0.00479,1.804E-4,1
1506019964293,true,1403.607,0,-9.449E-4,-0.002897,0.002887,-5.697E-5,0.002691,8.245E-4,0.004607,3.948E-4,0.03139,-0.009463,0.006164,-6.765E-5,0.006085,-1.613E-5,0.004808,1.836E-4,1
1506019964329,true,1403.664,0,-3.591E-4,-0.002588,0.0029,-5.946E-5,0.002729,8.192E-4,0.004628,3.87E-4,0.03204,-0.01013,0.006186,-6.819E-5,0.006074,-3.516E-6,0.004837,1.777E-4,1
1506019964466,true,1403.735,0,3.188E-5,-0.002192,0.00292,-6.115E-5,0.002742,8.171E-4,0.004651,3.862E-4,0.03108,-0.009407,0.006207,-7.204E-5,0.00607,5.95E-6,0.004864,1.694E-4,1
1506019964502,true,1403.793,0,-6.504E-4,-0.001939,0.002942,-6.114E-5,0.002747,8.097E-4,0.004668,3.85E-4,0.03011,-0.008402,0.006235,-8.506E-5,0.00608,8.089E-6,0.004866,1.711E-4,1
1506019964538,true,1403.85,0,-0.00121,-0.002256,0.002951,-5.971E-5,0.002755,7.945E-4,0.004674,3.869E-4,0.02974,-0.007775,0.006228,-8.597E-5,0.006094,5.32E-6,0.004841,1.798E-4,1
1506019964574,true,1403.908,0,-7.356E-4,-0.002749,0.002944,-5.863E-5,0.002758,7.915E-4,0.004671,3.79E-4,0.03041,-0.008349,0.0062,-7.79E-5,0.006109,-7.935E-6,0.004826,1.817E-4,1
1506019964610,true,1403.965,0,-3.152E-4,-0.002637,0.002913,-6.099E-5,0.002747,7.95E-4,0.004657,3.71E-4,0.03142,-0.009316,0.006183,-7.562E-5,0.006082,-8.611E-6,0.00482,1.781E-4,1
1506019964741,true,1404.009,0,3.535E-5,-0.002505,0.002875,-5.886E-5,0.002722,8.037E-4,0.004646,3.75E-4,0.03122,-0.009409,0.006166,-7.435E-5,0.00604,1.372E-6,0.004825,1.667E-4,1
1506019964777,true,1404.067,0,-2.241E-4,-0.002296,0.002865,-5.392E-5,0.002696,8.106E-4,0.004643,3.847E-4,0.03013,-0.008652,0.006164,-7.857E-5,0.006014,9.812E-6,0.004841,1.568E-4,1
1506019964813,true,1404.124,0,-0.001055,-0.002492,0.00288,-5.173E-5,0.002705,8.038E-4,0.004666,3.883E-4,0.02959,-0.008092,0.006168,-7.691E-5,0.006014,1.435E-5,0.004832,1.644E-4,1
1506019964849,true,1404.182,0,-0.001488,-0.003003,0.002903,-4.868E-5,0.002733,7.968E-4,0.00467,3.926E-4,0.02969,-0.007932,0.006161,-7.18E-5,0.006028,1.506E-5,0.004818,1.776E-4,1
1506019964886,true,1404.239,0,-7.863E-4,-0.003289,0.00292,-4.73E-5,0.002763,7.968E-4,0.004674,3.869E-4,0.03074,-0.008871,0.006156,-6.543E-5,0.006048,1.155E-5,0.004837,1.823E-4,1
1506019965041,true,1404.31,0,-7.416E-5,-0.003045,0.002927,-4.895E-5,0.002782,8.026E-4,0.004681,3.818E-4,0.03165,-0.009707,0.006168,-6.302E-5,0.006044,1.642E-5,0.004861,1.803E-4,1
1506019965077,true,1404.368,0,4.486E-4,-0.002792,0.002955,-5.228E-5,0.002797,8.048E-4,0.004701,3.83E-4,0.03102,-0.009257,0.006194,-6.81E-5,0.006046,2.368E-5,0.004896,1.707E-4,1
1506019965113,true,1404.425,0,1.744E-4,-0.0024,0.002985,-5.426E-5,0.002796,8.027E-4,0.004723,3.811E-4,0.02998,-0.008309,0.006209,-7.142E-5,0.006067,2.505E-5,0.004904,1.714E-4,1
1506019965149,true,1404.483,0,-3.58E-4,-0.00259,0.003003,-5.239E-5,0.002814,7.921E-4,0.004732,3.836E-4,0.02941,-0.007529,0.006216,-7.404E-5,0.00609,2.298E-5,0.004893,1.823E-4,1
1506019965185,true,1404.54,0,-2.338E-4,-0.002988,0.003006,-4.87E-5,0.002834,7.876E-4,0.004727,3.824E-4,0.02988,-0.007746,0.006206,-6.715E-5,0.006109,1.237E-5,0.004884,1.878E-4,1
1506019965316,true,1404.584,0,3.481E-4,-0.002972,0.002984,-4.885E-5,0.002838,7.894E-4,0.004712,3.752E-4,0.03093,-0.008794,0.006192,-5.968E-5,0.006106,1.06E-5,0.0049,1.857E-4,1
1506019965352,true,1404.642,0,7.291E-4,-0.002694,0.002953,-5.178E-5,0.002831,7.95E-4,0.004721,3.709E-4,0.03106,-0.009134,0.006191,-6.137E-5,0.006074,2.069E-5,0.004906,1.754E-4,1
1506019965388,true,1404.699,0,7.528E-4,-0.002407,0.002929,-4.999E-5,0.002796,8.022E-4,0.004713,3.801E-4,0.03006,-0.008392,0.006179,-6.186E-5,0.006042,2.667E-5,0.004913,1.661E-4,1
1506019965424,true,1404.757,0,1.108E-4,-0.002446,0.002917,-4.358E-5,0.002769,8.036E-4,0.004699,3.92E-4,0.02938,-0.007842,0.006184,-6.472E-5,0.006033,3.117E-5,0.004899,1.678E-4,1
1506019965461,true,1404.814,0,-3.962E-4,-0.002941,0.002934,-4.357E-5,0.002783,8.001E-4,0.004702,3.991E-4,0.02944,-0.007587,0.006167,-5.645E-5,0.006047,2.849E-5,0.004878,1.786E-4,1
1506019965616,true,1404.885,0,9.225E-5,-0.003327,0.002944,-4.212E-5,0.002808,7.998E-4,0.004697,4.048E-4,0.03037,-0.008313,0.00615,-4.547E-5,0.006072,2.217E-5,0.004892,1.828E-4,1
1506019965652,true,1404.943,0,6.615E-4,-0.003064,0.002954,-4.341E-5,0.00283,7.998E-4,0.004702,3.989E-4,0.03148,-0.0093,0.006168,-4.28E-5,0.006076,2.527E-5,0.004914,1.882E-4,1
1506019965688,true,1405.0,0,0.001146,-0.002756,0.002974,-4.842E-5,0.002851,7.989E-4,0.004733,3.969E-4,0.03135,-0.009238,0.006192,-4.507E-5,0.006067,3.37E-5,0.004942,1.808E-4,1
1506019965724,true,1405.058,0,9.156E-4,-0.002234,0.003014,-4.952E-5,0.002867,7.934E-4,0.004759,3.98E-4,0.0303,-0.008275,0.00622,-5.183E-5,0.006078,3.878E-5,0.004976,1.76E-4,1
1506019965760,true,1405.115,0,1.04E-4,-0.002195,0.003045,-4.908E-5,0.002883,7.838E-4,0.004778,3.99E-4,0.0297,-0.007483,0.006234,-5.593E-5,0.006106,3.704E-5,0.004965,1.846E-4,1
1506019965916,true,1405.185,0,-8.34E-5,-0.002567,0.003064,-4.682E-5,0.002898,7.799E-4,0.004774,4.025E-4,0.02977,-0.007319,0.006228,-4.96E-5,0.006133,3.107E-5,0.004946,1.95E-4,1
1506019965952,true,1405.243,0,5.487E-4,-0.002712,0.003059,-4.654E-5,0.002905,7.864E-4,0.004764,3.999E-4,0.03068,-0.008207,0.006218,-4.296E-5,0.006159,1.807E-5,0.004965,1.927E-4,1
1506019965988,true,1405.3,0,8.624E-4,-0.00241,0.003049,-5.045E-5,0.00291,7.902E-4,0.004762,3.924E-4,0.03126,-0.008924,0.00621,-3.926E-5,0.006146,1.87E-5,0.004976,1.858E-4,1
1506019966024,true,1405.358,0,0.001089,-0.002216,0.003019,-4.881E-5,0.002886,7.955E-4,0.004763,3.955E-4,0.03043,-0.008458,0.006208,-4.236E-5,0.006111,2.9E-5,0.00498,1.756E-4,1
1506019966061,true,1405.415,0,3.097E-4,-0.002051,0.002992,-4.439E-5,0.002843,7.985E-4,0.004752,4.045E-4,0.02956,-0.007884,0.00619,-4.52E-5,0.006087,3.522E-5,0.004952,1.749E-4,1
1506019966192,true,1405.461,0,-4.063E-4,-0.002412,0.002979,-3.706E-5,0.00283,7.952E-4,0.004753,4.116E-4,0.02934,-0.00743,0.006167,-3.987E-5,0.006073,3.982E-5,0.004913,1.855E-4,1
1506019966228,true,1405.519,0,-4.23E-4,-0.002811,0.002982,-3.067E-5,0.002846,7.998E-4,0.00475,4.108E-4,0.03013,-0.008049,0.006144,-2.888E-5,0.006086,3.43E-5,0.0049,1.92E-4,1
1506019966264,true,1405.576,0,2.764E-4,-0.002756,0.002986,-3.03E-5,0.002873,7.985E-4,0.004757,4.04E-4,0.03135,-0.009261,0.006145,-2.62E-5,0.006097,3.364E-5,0.004915,1.97E-4,1
1506019966300,true,1405.634,0,5.904E-4,-0.002344,0.002995,-3.278E-5,0.002903,8.022E-4,0.004778,3.99E-4,0.03162,-0.009643,0.006164,-2.569E-5,0.006091,4.005E-5,0.004933,1.927E-4,1
1506019966336,true,1405.691,0,5.515E-4,-0.001943,0.003032,-3.453E-5,0.002905,8.075E-4,0.004803,4.026E-4,0.03065,-0.008911,0.006188,-2.997E-5,0.006088,4.666E-5,0.004958,1.874E-4,1
1506019966466,true,1405.736,0,-1.224E-4,-0.001858,0.003064,-3.318E-5,0.002915,8.0E-4,0.004827,4.02E-4,0.02997,-0.008147,0.006211,-3.199E-5,0.006112,4.812E-5,0.004967,1.904E-4,1
1506019966502,true,1405.794,0,-3.766E-4,-0.002338,0.003105,-3.459E-5,0.002952,7.894E-4,0.004847,4.009E-4,0.02991,-0.007661,0.006205,-2.377E-5,0.006139,4.136E-5,0.004958,1.972E-4,1
1506019966539,true,1405.851,0,-1.014E-4,-0.0026,0.003118,-3.341E-5,0.002987,7.886E-4,0.004847,3.957E-4,0.03086,-0.008514,0.006198,-1.884E-5,0.006173,3.195E-5,0.004967,1.991E-4,1
1506019966574,true,1405.909,0,3.52E-4,-0.002431,0.003118,-3.66E-5,0.003,7.933E-4,0.004858,3.847E-4,0.0318,-0.00944,0.006194,-1.395E-5,0.006167,3.365E-5,0.004983,1.957E-4,1
1506019966611,true,1405.966,0,5.271E-4,-0.002189,0.003118,-4.201E-5,0.003005,7.993E-4,0.004866,3.815E-4,0.03131,-0.00927,0.006202,-1.722E-5,0.006148,4.083E-5,0.004996,1.827E-4,1
1506019966766,true,1406.035,0,-9.279E-5,-0.001952,0.0031,-3.821E-5,0.002986,8.013E-4,0.004867,3.86E-4,0.03028,-0.008574,0.006196,-2.399E-5,0.006126,4.458E-5,0.004997,1.709E-4,1
1506019966802,true,1406.093,0,-9.971E-4,-0.002273,0.003074,-3.469E-5,0.002959,7.981E-4,0.004868,3.896E-4,0.02982,-0.008034,0.006167,-2.568E-5,0.006116,4.08E-5,0.00495,1.768E-4,1
1506019966838,true,1406.15,0,-0.001184,-0.002786,0.003019,-2.346E-5,0.002933,8.036E-4,0.00485,3.978E-4,0.03029,-0.008439,0.006111,-1.453E-5,0.006091,3.977E-5,0.004908,1.858E-4,1
1506019966874,true,1406.208,0,-7.377E-4,-0.002876,0.002998,-1.465E-5,0.002928,8.146E-4,0.00484,3.941E-4,0.03158,-0.009697,0.006082,-4.908E-6,0.006076,3.931E-5,0.004895,1.906E-4,1
1506019966910,true,1406.265,0,-3.577E-4,-0.002609,0.002996,-1.203E-5,0.002943,8.213E-4,0.004853,3.914E-4,0.03229,-0.01044,0.006085,-1.742E-6,0.006058,4.343E-5,0.004908,1.872E-4,1
1506019967066,true,1406.336,0,-1.252E-5,-0.002205,0.003019,-1.37E-5,0.002953,8.252E-4,0.004883,3.916E-4,0.03145,-0.0098,0.006103,-4.643E-6,0.006047,5.052E-5,0.004929,1.786E-4,1
1506019967102,true,1406.394,0,-4.728E-4,-0.001993,0.003056,-1.351E-5,0.002954,8.217E-4,0.004892,3.971E-4,0.03051,-0.008953,0.006123,-8.728E-6,0.006064,5.303E-5,0.004941,1.777E-4,1
1506019967138,true,1406.451,0,-0.001068,-0.002415,0.003092,-8.958E-6,0.002986,8.154E-4,0.004895,4.051E-4,0.03013,-0.008342,0.006121,-2.312E-6,0.006099,4.817E-5,0.004915,1.902E-4,1
1506019967174,true,1406.509,0,-8.964E-4,-0.002828,0.003119,-7.554E-6,0.003028,8.152E-4,0.004896,4.031E-4,0.03071,-0.008782,0.006117,5.198E-6,0.006132,4.223E-5,0.004926,1.962E-4,1
1506019967211,true,1406.566,0,-3.421E-4,-0.002686,0.003135,-9.716E-6,0.003059,8.223E-4,0.004912,3.949E-4,0.0317,-0.009777,0.006121,1.303E-5,0.006142,4.347E-5,0.004949,1.969E-4,1
1506019967341,true,1406.61,0,5.369E-6,-0.002558,0.003147,-1.296E-5,0.003072,8.314E-4,0.004932,3.874E-4,0.03171,-0.00988,0.006123,1.424E-5,0.006134,5.1E-5,0.004974,1.835E-4,1
1506019967376,true,1406.668,0,-2.144E-4,-0.002347,0.003158,-1.681E-5,0.003068,8.365E-4,0.004942,3.952E-4,0.0306,-0.008996,0.006127,8.976E-6,0.006126,5.778E-5,0.004992,1.738E-4,1
1506019967412,true,1406.725,0,-0.001272,-0.002478,0.003155,-1.6E-5,0.00305,8.309E-4,0.00496,3.978E-4,0.03005,-0.008388,0.006121,7.562E-6,0.00612,6.102E-5,0.004967,1.794E-4,1
1506019967448,true,1406.783,0,-0.001769,-0.002993,0.003145,-1.81E-5,0.003044,8.296E-4,0.004956,4.031E-4,0.03037,-0.008408,0.006084,1.298E-5,0.006112,5.574E-5,0.004931,1.891E-4,1
1506019967484,true,1406.84,0,-0.001074,-0.003381,0.0031,-1.43E-5,0.003025,8.375E-4,0.004928,4.09E-4,0.03142,-0.009467,0.006046,2.033E-5,0.006093,4.836E-5,0.004906,1.924E-4,1
1506019967616,true,1406.886,0,-5.584E-4,-0.003121,0.003043,-8.248E-6,0.002996,8.462E-4,0.004915,4.053E-4,0.0324,-0.01053,0.006019,2.489E-5,0.006045,5.731E-5,0.004894,1.883E-4,1
1506019967652,true,1406.944,0,4.498E-5,-0.002838,0.003027,-4.622E-6,0.002977,8.624E-4,0.004927,4.06E-4,0.03198,-0.01024,0.006009,2.627E-5,0.006004,6.713E-5,0.004892,1.843E-4,1
1506019967687,true,1407.001,0,-1.974E-4,-0.002489,0.003042,-1.578E-6,0.00297,8.63E-4,0.004932,4.136E-4,0.03105,-0.009382,0.006023,1.727E-5,0.005999,7.112E-5,0.004885,1.842E-4,1
1506019967724,true,1407.059,0,-8.55E-4,-0.002631,0.003074,-2.078E-6,0.00298,8.616E-4,0.00494,4.174E-4,0.03057,-0.008598,0.006013,1.991E-5,0.006012,7.098E-5,0.004863,1.918E-4,1
1506019967759,true,1407.116,0,-8.162E-4,-0.003004,0.00311,6.478E-7,0.003009,8.612E-4,0.004943,4.195E-4,0.03103,-0.00882,0.006002,3.001E-5,0.00604,6.207E-5,0.004853,2.003E-4,1
1506019967916,true,1407.185,0,-2.168E-4,-0.002978,0.003129,3.301E-6,0.003038,8.666E-4,0.004946,4.117E-4,0.03221,-0.009902,0.006014,3.529E-5,0.006059,5.616E-5,0.004873,1.991E-4,1
1506019967951,true,1407.243,0,9.264E-5,-0.002698,0.003151,-1.045E-6,0.003074,8.705E-4,0.004971,4.077E-4,0.03247,-0.01029,0.006032,3.555E-5,0.006058,6.402E-5,0.004903,1.907E-4,1
1506019967986,true,1407.3,0,4.033E-4,-0.002563,0.003185,-5.877E-6,0.003084,8.776E-4,0.004997,4.089E-4,0.03144,-0.009514,0.006043,3.447E-5,0.00605,6.952E-5,0.004926,1.844E-4,1
1506019968021,true,1407.358,0,-6.591E-5,-0.002645,0.003205,-6.615E-6,0.003081,8.782E-4,0.00501,4.152E-4,0.03062,-0.008683,0.006052,3.059E-5,0.00605,7.299E-5,0.004918,1.903E-4,1
1506019968057,true,1407.415,0,-6.25E-4,-0.003137,0.003212,-6.415E-6,0.003083,8.764E-4,0.005024,4.189E-4,0.0305,-0.008234,0.006033,3.592E-5,0.00606,6.707E-5,0.004889,1.983E-4,1
1506019968191,true,1407.461,0,-2.85E-4,-0.003465,0.003193,-4.805E-6,0.003073,8.813E-4,0.005003,4.273E-4,0.03127,-0.008919,0.005996,4.616E-5,0.006049,6.006E-5,0.004873,2.055E-4,1
1506019968227,true,1407.519,0,2.863E-4,-0.003314,0.003162,-1.07E-5,0.003056,8.859E-4,0.004987,4.262E-4,0.03245,-0.01007,0.005969,5.142E-5,0.006013,6.25E-5,0.004868,2.078E-4,1
1506019968262,true,1407.576,0,6.637E-4,-0.003053,0.003122,-1.351E-5,0.003032,8.899E-4,0.004974,4.32E-4,0.03209,-0.009896,0.005948,5.093E-5,0.005947,7.704E-5,0.004841,2.042E-4,1
1506019968297,true,1407.634,0,6.746E-4,-0.002636,0.003099,-4.423E-6,0.002987,9.005E-4,0.004958,4.432E-4,0.031,-0.008991,0.005933,4.921E-5,0.005904,8.922E-5,0.004819,2.027E-4,1
1506019968331,true,1407.691,0,9.527E-5,-0.002629,0.003106,3.106E-6,0.002973,9.022E-4,0.004972,4.479E-4,0.0303,-0.008182,0.005936,4.706E-5,0.005897,9.211E-5,0.004791,2.082E-4,1
1506019968491,true,1407.76,0,1.649E-5,-0.002971,0.003127,8.581E-6,0.003004,8.954E-4,0.004971,4.511E-4,0.03035,-0.007891,0.00592,5.531E-5,0.005909,8.929E-5,0.004761,2.171E-4,1
1506019968526,true,1407.818,0,7.377E-4,-0.00305,0.003144,1.13E-5,0.003041,8.946E-4,0.004964,4.501E-4,0.03109,-0.00861,0.00592,6.034E-5,0.00593,8.389E-5,0.004765,2.236E-4,1
1506019968561,true,1407.875,0,0.001095,-0.002721,0.003153,1.265E-5,0.003065,9.012E-4,0.004979,4.44E-4,0.03166,-0.009251,0.005937,6.485E-5,0.005932,8.682E-5,0.004791,2.188E-4,1
1506019968596,true,1407.933,0,0.001379,-0.002519,0.003181,7.634E-6,0.00308,9.109E-4,0.005004,4.416E-4,0.03086,-0.008702,0.005961,5.87E-5,0.005926,9.192E-5,0.00482,2.126E-4,1
1506019968631,true,1407.99,0,6.598E-4,-0.002344,0.003219,5.826E-6,0.003101,9.067E-4,0.005015,4.475E-4,0.0299,-0.007924,0.005983,5.216E-5,0.005942,9.519E-5,0.004829,2.111E-4,1
1506019968791,true,1408.061,0,-1.894E-4,-0.002675,0.003245,3.367E-6,0.003125,8.967E-4,0.005025,4.576E-4,0.02957,-0.007414,0.00598,5.434E-5,0.005966,9.101E-5,0.004804,2.203E-4,1
1506019968826,true,1408.119,0,-6.765E-5,-0.003183,0.00325,4.252E-6,0.003145,8.995E-4,0.005017,4.598E-4,0.03038,-0.00816,0.005964,5.787E-5,0.005972,8.438E-5,0.004785,2.317E-4,1
1506019968861,true,1408.176,0,4.921E-4,-0.003188,0.003238,1.045E-6,0.003155,9.034E-4,0.005002,4.557E-4,0.03167,-0.009423,0.005955,6.046E-5,0.00596,8.008E-5,0.00478,2.371E-4,1
1506019968896,true,1408.234,0,8.623E-4,-0.002891,0.003199,1.872E-7,0.003142,9.126E-4,0.005,4.525E-4,0.03183,-0.009789,0.005939,6.118E-5,0.005908,8.902E-5,0.004784,2.292E-4,1
1506019968931,true,1408.291,0,0.001027,-0.002544,0.003182,-4.005E-6,0.003106,9.144E-4,0.004988,4.592E-4,0.03086,-0.008999,0.00594,4.859E-5,0.005859,9.581E-5,0.004762,2.245E-4,1
1506019969066,true,1408.337,0,3.622E-4,-0.002484,0.00314,-3.424E-6,0.003042,9.139E-4,0.004976,4.68E-4,0.02997,-0.008225,0.005911,4.498E-5,0.005821,9.695E-5,0.004702,2.323E-4,1
1506019969101,true,1408.395,0,-1.467E-4,-0.002799,0.00309,2.101E-6,0.002995,9.13E-4,0.004945,4.732E-4,0.02962,-0.007649,0.005855,5.253E-5,0.005773,9.865E-5,0.004626,2.448E-4,1
1506019969136,true,1408.452,0,2.11E-4,-0.00303,0.003041,1.383E-5,0.002967,9.246E-4,0.004905,4.734E-4,0.03033,-0.008364,0.005803,6.366E-5,0.005745,9.193E-5,0.004586,2.502E-4,1
1506019969171,true,1408.51,0,4.929E-4,-0.002684,0.003027,2.142E-5,0.002967,9.344E-4,0.004888,4.662E-4,0.03117,-0.009265,0.0058,6.927E-5,0.005724,9.632E-5,0.004592,2.443E-4,1
1506019969206,true,1408.567,0,6.325E-4,-0.002378,0.003037,2.375E-5,0.002986,9.397E-4,0.004902,4.636E-4,0.03042,-0.008764,0.00581,6.548E-5,0.005699,1.06E-4,0.004597,2.413E-4,1
1506019969366,true,1408.636,0,1.92E-4,-0.002184,0.003059,2.52E-5,0.003001,9.361E-4,0.004914,4.683E-4,0.02932,-0.00794,0.005829,5.939E-5,0.005695,1.143E-4,0.004598,2.419E-4,1
1506019969401,true,1408.694,0,-5.763E-4,-0.002399,0.003098,2.121E-5,0.003019,9.279E-4,0.004932,4.699E-4,0.02886,-0.007392,0.005833,6.199E-5,0.005708,1.151E-4,0.004567,2.565E-4,1
1506019969436,true,1408.751,0,-8.224E-4,-0.002891,0.003116,2.313E-5,0.003055,9.26E-4,0.004933,4.764E-4,0.02926,-0.007555,0.005807,7.136E-5,0.005729,1.095E-4,0.004555,2.673E-4,1
1506019969470,true,1408.809,0,-2.123E-4,-0.003041,0.003123,2.286E-5,0.003077,9.33E-4,0.004937,4.717E-4,0.03052,-0.008698,0.005813,7.426E-5,0.005733,1.081E-4,0.004567,2.736E-4,1
1506019969506,true,1408.866,0,4.267E-4,-0.002836,0.003121,2.129E-5,0.003089,9.388E-4,0.00495,4.646E-4,0.03112,-0.00941,0.005826,7.276E-5,0.005714,1.191E-4,0.004581,2.701E-4,1
1506019969641,true,1408.912,0,5.394E-4,-0.002412,0.003119,1.754E-5,0.003068,9.435E-4,0.00495,4.738E-4,0.03021,-0.008769,0.005832,6.495E-5,0.005684,1.282E-4,0.004595,2.604E-4,1
1506019969676,true,1408.97,0,-2.029E-4,-0.002127,0.003102,2.037E-5,0.003034,9.412E-4,0.004935,4.822E-4,0.02927,-0.007975,0.005831,5.75E-5,0.005673,1.283E-4,0.004569,2.594E-4,1
1506019969711,true,1409.027,0,-7.124E-4,-0.002349,0.003072,2.234E-5,0.003003,9.316E-4,0.00491,4.905E-4,0.02891,-0.007358,0.005804,5.872E-5,0.005652,1.285E-4,0.004519,2.668E-4,1
1506019969746,true,1409.085,0,-6.505E-4,-0.00252,0.003029,2.601E-5,0.002982,9.298E-4,0.004878,4.874E-4,0.02964,-0.007962,0.005758,6.584E-5,0.005633,1.201E-4,0.004475,2.739E-4,1
1506019969781,true,1409.142,0,-2.739E-4,-0.002291,0.002963,2.912E-5,0.002948,9.383E-4,0.004856,4.751E-4,0.03052,-0.008882,0.005727,7.16E-5,0.005588,1.209E-4,0.004458,2.677E-4,1
1506019969916,true,1409.186,0,3.821E-5,-0.002048,0.002897,2.699E-5,0.00289,9.51E-4,0.004831,4.732E-4,0.03026,-0.008882,0.005692,7.018E-5,0.005514,1.296E-4,0.004424,2.587E-4,1
1506019969951,true,1409.244,0,-3.051E-4,-0.001744,0.002834,3.188E-5,0.002815,9.64E-4,0.004806,4.788E-4,0.0289,-0.00783,0.005658,6.734E-5,0.005453,1.388E-4,0.004382,2.539E-4,1
1506019969986,true,1409.301,0,-0.001231,-0.001904,0.002809,3.932E-5,0.002778,9.612E-4,0.004796,4.829E-4,0.02837,-0.007235,0.005632,6.693E-5,0.00542,1.417E-4,0.004336,2.607E-4,1
1506019970021,true,1409.359,0,-0.001705,-0.002391,0.00281,4.237E-5,0.002776,9.599E-4,0.004789,4.863E-4,0.02856,-0.00715,0.005604,7.58E-5,0.005405,1.435E-4,0.004282,2.752E-4,1
1506019970056,true,1409.416,0,-0.001326,-0.00267,0.002805,4.201E-5,0.002785,9.653E-4,0.004776,4.812E-4,0.02972,-0.008237,0.005583,8.242E-5,0.00541,1.376E-4,0.004271,2.825E-4,1
1506019970216,true,1409.487,0,-8.625E-4,-0.002379,0.002802,3.748E-5,0.002791,9.728E-4,0.00477,4.735E-4,0.03077,-0.009267,0.005588,8.408E-5,0.005393,1.434E-4,0.004281,2.85E-4,1
1506019970251,true,1409.545,0,-4.834E-4,-0.002081,0.002805,3.51E-5,0.002783,9.814E-4,0.004776,4.739E-4,0.03022,-0.00885,0.005602,7.799E-5,0.005372,1.525E-4,0.004297,2.764E-4,1
1506019970286,true,1409.602,0,-8.625E-4,-0.001664,0.002818,3.404E-5,0.002772,9.799E-4,0.004774,4.775E-4,0.02929,-0.008011,0.005615,7.321E-5,0.005364,1.592E-4,0.004289,2.795E-4,1
1506019970321,true,1409.66,0,-0.001551,-0.001825,0.00283,3.328E-5,0.00276,9.72E-4,0.004774,4.803E-4,0.02892,-0.007366,0.005606,7.431E-5,0.005366,1.618E-4,0.004256,2.9E-4,1
1506019970356,true,1409.717,0,-0.001288,-0.002235,0.002815,3.461E-5,0.002756,9.718E-4,0.004753,4.8E-4,0.02934,-0.00756,0.005581,8.091E-5,0.005365,1.583E-4,0.004228,2.949E-4,1
1506019970516,true,1409.786,0,-6.46E-4,-0.002217,0.002787,3.388E-5,0.002741,9.749E-4,0.004738,4.686E-4,0.03036,-0.008473,0.005562,8.539E-5,0.005344,1.548E-4,0.004204,2.999E-4,1
1506019970551,true,1409.844,0,-4.431E-4,-0.001881,0.002747,2.723E-5,0.002716,9.799E-4,0.004724,4.665E-4,0.03052,-0.008779,0.005545,8.71E-5,0.005307,1.594E-4,0.004196,2.926E-4,1
1506019970586,true,1409.901,0,-5.439E-4,-0.001596,0.002705,2.738E-5,0.002664,9.894E-4,0.004707,4.712E-4,0.02952,-0.00792,0.005535,8.254E-5,0.005248,1.663E-4,0.004184,2.842E-4,1
1506019970621,true,1409.959,0,-0.001219,-0.001693,0.002655,3.161E-5,0.00261,9.876E-4,0.004684,4.782E-4,0.02866,-0.007224,0.005513,7.922E-5,0.005203,1.722E-4,0.004132,2.831E-4,1
1506019970656,true,1410.016,0,-0.001932,-0.002146,0.002602,4.057E-5,0.002567,9.895E-4,0.004642,4.915E-4,0.02857,-0.006858,0.005464,8.621E-5,0.005166,1.755E-4,0.004068,2.952E-4,1
1506019970816,true,1410.087,0,-0.001788,-0.002554,0.002574,4.415E-5,0.002559,9.932E-4,0.004612,4.924E-4,0.02947,-0.007721,0.005425,9.805E-5,0.005155,1.688E-4,0.004051,2.97E-4,1
1506019970851,true,1410.145,0,-0.001166,-0.002481,0.002558,4.314E-5,0.002558,0.001002,0.004604,4.877E-4,0.0308,-0.009026,0.005415,1.021E-4,0.005144,1.689E-4,0.004049,2.95E-4,1
1506019970886,true,1410.202,0,-6.591E-4,-0.002344,0.002558,3.551E-5,0.002563,0.001006,0.004605,4.907E-4,0.03069,-0.009061,0.005417,1.013E-4,0.005124,1.767E-4,0.004069,2.898E-4,1
1506019970921,true,1410.26,0,-8.053E-4,-0.001955,0.00258,3.188E-5,0.002551,0.001005,0.004611,4.951E-4,0.0298,-0.008285,0.00543,9.418E-5,0.005115,1.823E-4,0.00408,2.866E-4,1
1506019970956,true,1410.317,0,-0.001497,-0.00197,0.002597,3.118E-5,0.002544,9.99E-4,0.004612,4.943E-4,0.02922,-0.007525,0.005433,9.13E-5,0.005122,1.855E-4,0.004053,2.964E-4,1
1506019971092,true,1410.362,0,-0.001593,-0.002439,0.002607,3.483E-5,0.002557,9.911E-4,0.004584,5.01E-4,0.02942,-0.007471,0.005406,1.002E-4,0.005136,1.782E-4,0.004039,3.069E-4,1
1506019971127,true,1410.42,0,-7.613E-4,-0.002529,0.002597,3.568E-5,0.002558,9.932E-4,0.004555,5.008E-4,0.03046,-0.008431,0.005393,1.051E-4,0.005149,1.674E-4,0.00404,3.112E-4,1
1506019971162,true,1410.477,0,-5.134E-4,-0.002152,0.002576,3.107E-5,0.002546,9.993E-4,0.004541,4.958E-4,0.03115,-0.009171,0.005383,1.092E-4,0.005127,1.71E-4,0.004054,3.011E-4,1
1506019971197,true,1410.535,0,-2.741E-4,-0.001919,0.002553,2.589E-5,0.002514,0.001007,0.004533,4.97E-4,0.03031,-0.008554,0.005374,1.069E-4,0.005095,1.789E-4,0.004058,2.882E-4,1
1506019971231,true,1410.592,0,-0.001031,-0.001709,0.002528,2.327E-5,0.002462,0.001006,0.004505,5.101E-4,0.02922,-0.00767,0.005356,1.015E-4,0.005075,1.82E-4,0.004025,2.903E-4,1
