1506020301455,true,1740.822,0,0.003986,0.001006,0.004539,-1.952E-6,0.004569,0.00135,0.007438,4.485E-4,0.03103,-0.005243,0.005522,9.663E-4,0.005456,9.339E-4,0.004905,7.8E-4,0
1506020301490,true,1740.879,0,0.003657,0.001221,0.004585,-7.905E-6,0.004602,0.001344,0.00747,4.43E-4,0.03043,-0.004584,0.005571,9.558E-4,0.005494,9.331E-4,0.004949,7.745E-4,0
1506020301525,true,1740.937,0,0.003299,0.001031,0.00462,-6.975E-6,0.00464,0.001327,0.007488,4.39E-4,0.03017,-0.004042,0.005614,9.485E-4,0.005545,9.271E-4,0.004978,7.726E-4,0
1506020301560,true,1740.994,0,0.003826,6.594E-4,0.004646,-7.523E-6,0.00468,0.001322,0.007495,4.326E-4,0.03067,-0.004241,0.00563,9.517E-4,0.005597,9.147E-4,0.005,7.715E-4,0
1506020301696,true,1741.04,0,0.004816,8.044E-4,0.004662,-1.136E-5,0.004703,0.001318,0.007497,4.202E-4,0.03158,-0.005021,0.005656,9.477E-4,0.005633,9.064E-4,0.00504,7.619E-4,0
1506020301731,true,1741.098,0,0.005348,0.001189,0.00467,-1.94E-5,0.004718,0.001318,0.007507,4.05E-4,0.03165,-0.005288,0.005683,9.423E-4,0.005639,9.062E-4,0.005081,7.429E-4,0
1506020301766,true,1741.155,0,0.005526,0.001569,0.004681,-2.332E-5,0.004695,0.001315,0.007495,4.098E-4,0.03052,-0.004395,0.005701,9.319E-4,0.005635,9.056E-4,0.005096,7.296E-4,0
1506020301801,true,1741.213,0,0.004502,0.001664,0.004687,-2.527E-5,0.004663,0.001303,0.007488,4.113E-4,0.02975,-0.003712,0.0057,9.232E-4,0.005647,8.976E-4,0.005085,7.262E-4,0
1506020301836,true,1741.27,0,0.003958,0.001201,0.004688,-2.437E-5,0.004654,0.001293,0.007465,4.183E-4,0.02963,-0.003415,0.005678,9.271E-4,0.005659,8.869E-4,0.005057,7.272E-4,0
1506020301996,true,1741.341,0,0.00428,7.925E-4,0.00469,-2.133E-5,0.004679,0.001294,0.007455,4.172E-4,0.03047,-0.00432,0.005665,9.342E-4,0.005685,8.777E-4,0.005075,7.205E-4,0
1506020302031,true,1741.399,0,0.004401,9.146E-4,0.004702,-2.458E-5,0.004716,0.001298,0.007478,4.068E-4,0.03132,-0.005347,0.005703,9.314E-4,0.005703,8.754E-4,0.005116,7.092E-4,0
1506020302066,true,1741.456,0,0.004552,9.678E-4,0.004726,-2.898E-5,0.00475,0.001298,0.007507,3.99E-4,0.03095,-0.005317,0.005751,9.223E-4,0.005713,8.76E-4,0.005164,6.922E-4,0
1506020302101,true,1741.514,0,0.004171,0.00106,0.004766,-3.337E-5,0.004759,0.001297,0.007533,3.987E-4,0.03004,-0.004736,0.005793,9.087E-4,0.005745,8.705E-4,0.005203,6.787E-4,0
1506020302136,true,1741.571,0,0.00331,8.394E-4,0.004799,-3.418E-5,0.004776,0.00129,0.007548,3.98E-4,0.02996,-0.00456,0.005813,9.04E-4,0.005792,8.611E-4,0.005219,6.747E-4,0
1506020302296,true,1741.64,0,0.003286,2.43E-4,0.004837,-3.908E-5,0.004816,0.001283,0.007551,3.942E-4,0.03044,-0.004854,0.005809,9.099E-4,0.005831,8.518E-4,0.005229,6.769E-4,0
1506020302331,true,1741.698,0,0.004263,-5.721E-6,0.004848,-4.009E-5,0.004831,0.001283,0.007549,3.889E-4,0.03168,-0.006076,0.005829,9.081E-4,0.005872,8.399E-4,0.005269,6.717E-4,0
1506020302366,true,1741.755,0,0.004776,2.575E-4,0.004854,-4.602E-5,0.004847,0.001279,0.007554,3.787E-4,0.03239,-0.006905,0.005858,9.028E-4,0.005883,8.351E-4,0.005299,6.588E-4,0
1506020302401,true,1741.813,0,0.005175,5.371E-4,0.004855,-4.676E-5,0.00485,0.001279,0.00757,3.742E-4,0.03165,-0.006425,0.005885,8.926E-4,0.00588,8.347E-4,0.00532,6.412E-4,0
1506020302436,true,1741.87,0,0.004619,6.176E-4,0.00486,-4.87E-5,0.00482,0.001275,0.007572,3.741E-4,0.03084,-0.005749,0.005897,8.803E-4,0.005889,8.315E-4,0.005308,6.352E-4,0
1506020302571,true,1741.916,0,0.00384,2.248E-4,0.004856,-4.887E-5,0.004795,0.001265,0.007573,3.743E-4,0.03051,-0.005273,0.005886,8.775E-4,0.005906,8.211E-4,0.005271,6.38E-4,0
1506020302606,true,1741.974,0,0.004065,-3.525E-4,0.004822,-3.998E-5,0.004773,0.001273,0.00755,3.75E-4,0.03123,-0.006098,0.005853,8.848E-4,0.005918,8.076E-4,0.005252,6.399E-4,0
1506020302641,true,1742.031,0,0.004279,-3.404E-4,0.00481,-4.09E-5,0.004772,0.001279,0.007551,3.653E-4,0.03227,-0.007347,0.005857,8.849E-4,0.005918,8.04E-4,0.005259,6.352E-4,0
1506020302676,true,1742.089,0,0.00447,-3.427E-4,0.004824,-4.709E-5,0.004792,0.001284,0.00757,3.64E-4,0.03227,-0.007811,0.00588,8.835E-4,0.00591,8.047E-4,0.005291,6.201E-4,0
1506020302711,true,1742.146,0,0.004068,-2.108E-4,0.004854,-5.144E-5,0.004816,0.001279,0.007605,3.65E-4,0.03136,-0.007264,0.005907,8.735E-4,0.005918,8.072E-4,0.005317,6.062E-4,0
1506020302846,true,1742.19,0,0.003083,-4.466E-4,0.004885,-5.217E-5,0.004846,0.001267,0.007634,3.622E-4,0.03094,-0.006946,0.005929,8.641E-4,0.005957,8.02E-4,0.005319,6.076E-4,0
1506020302881,true,1742.248,0,0.002723,-0.001024,0.004912,-5.177E-5,0.004872,0.00126,0.00764,3.633E-4,0.03123,-0.007094,0.005928,8.701E-4,0.005986,7.95E-4,0.00531,6.164E-4,0
1506020302916,true,1742.305,0,0.00346,-0.001431,0.004931,-5.392E-5,0.004891,0.001268,0.007636,3.585E-4,0.03256,-0.00831,0.005935,8.739E-4,0.006021,7.86E-4,0.005327,6.213E-4,0
1506020302951,true,1742.363,0,0.003877,-0.001133,0.004952,-6.08E-5,0.004918,0.00127,0.007656,3.477E-4,0.03379,-0.009523,0.005959,8.715E-4,0.006031,7.847E-4,0.005357,6.163E-4,0
1506020302985,true,1742.42,0,0.004244,-7.386E-4,0.004969,-6.665E-5,0.004925,0.001273,0.007673,3.47E-4,0.03345,-0.009377,0.005987,8.65E-4,0.006043,7.859E-4,0.005388,6.035E-4,0
1506020303146,true,1742.491,0,0.003981,-4.0E-4,0.004989,-7.008E-5,0.004908,0.001271,0.00768,3.442E-4,0.03244,-0.008574,0.006019,8.523E-4,0.006065,7.817E-4,0.0054,5.997E-4,0
1506020303181,true,1742.549,0,0.003108,-6.03E-4,0.004999,-7.014E-5,0.004897,0.001257,0.007672,3.454E-4,0.03201,-0.007871,0.006017,8.466E-4,0.00608,7.748E-4,0.005369,6.041E-4,0
1506020303216,true,1742.606,0,0.003188,-0.001129,0.004988,-7.161E-5,0.00489,0.001253,0.007641,3.499E-4,0.03242,-0.008011,0.005993,8.485E-4,0.006087,7.618E-4,0.005344,6.057E-4,0
1506020303251,true,1742.664,0,0.003652,-0.001147,0.004968,-7.697E-5,0.004884,0.001255,0.007622,3.427E-4,0.03353,-0.009258,0.005964,8.562E-4,0.00608,7.527E-4,0.005352,6.005E-4,0
1506020303286,true,1742.721,0,0.003985,-9.505E-4,0.00493,-7.851E-5,0.00486,0.001267,0.007611,3.416E-4,0.03392,-0.009786,0.005952,8.592E-4,0.006039,7.57E-4,0.005343,5.908E-4,0
1506020303446,true,1742.79,0,0.003862,-6.921E-4,0.004925,-7.933E-5,0.004823,0.00128,0.007611,3.463E-4,0.03301,-0.009141,0.005957,8.535E-4,0.006016,7.625E-4,0.00535,5.778E-4,0
1506020303481,true,1742.848,0,0.002931,-6.372E-4,0.004941,-7.548E-5,0.004818,0.001281,0.007626,3.55E-4,0.03226,-0.008527,0.005968,8.466E-4,0.006025,7.673E-4,0.005339,5.816E-4,0
1506020303516,true,1742.905,0,0.002122,-9.96E-4,0.004966,-7.453E-5,0.004846,0.001274,0.007639,3.609E-4,0.03212,-0.0081,0.005958,8.537E-4,0.006053,7.644E-4,0.005325,5.929E-4,0
1506020303551,true,1742.963,0,0.002488,-0.001449,0.004988,-7.349E-5,0.004885,0.001273,0.007639,3.593E-4,0.03315,-0.008956,0.005959,8.596E-4,0.006094,7.561E-4,0.005334,6.026E-4,0
1506020303586,true,1743.02,0,0.003208,-0.001205,0.005015,-8.041E-5,0.004927,0.001273,0.00766,3.452E-4,0.03432,-0.01004,0.005976,8.632E-4,0.00612,7.538E-4,0.005376,6.014E-4,0
1506020303720,true,1743.066,0,0.003649,-8.81E-4,0.005052,-9.089E-5,0.004955,0.001279,0.007672,3.382E-4,0.03423,-0.01005,0.006017,8.568E-4,0.00613,7.57E-4,0.005413,5.954E-4,0
1506020303755,true,1743.124,0,0.003674,-4.726E-4,0.005092,-9.783E-5,0.004986,0.001268,0.0077,3.339E-4,0.03309,-0.008948,0.006062,8.459E-4,0.006153,7.596E-4,0.005447,5.884E-4,0
1506020303790,true,1743.181,0,0.002916,-3.367E-4,0.005125,-9.981E-5,0.004997,0.001255,0.007711,3.326E-4,0.03249,-0.008106,0.006082,8.422E-4,0.006188,7.564E-4,0.005433,5.973E-4,0
1506020303825,true,1743.239,0,0.002646,-6.441E-4,0.005157,-1.07E-4,0.005025,0.001245,0.007706,3.287E-4,0.03252,-0.007714,0.00608,8.461E-4,0.006215,7.449E-4,0.005416,6.06E-4,0
1506020303860,true,1743.296,0,0.003256,-7.886E-4,0.005154,-1.068E-4,0.00504,0.001245,0.007678,3.233E-4,0.03344,-0.00853,0.006074,8.495E-4,0.006251,7.289E-4,0.005422,6.079E-4,0
1506020303996,true,1743.34,0,0.003573,-4.769E-4,0.005138,-1.123E-4,0.005046,0.001242,0.007668,3.161E-4,0.0341,-0.009194,0.006071,8.508E-4,0.006245,7.292E-4,0.005431,6.028E-4,0
1506020304031,true,1743.398,0,0.003588,-2.076E-4,0.005133,-1.183E-4,0.005024,0.001247,0.007657,3.156E-4,0.03334,-0.008623,0.006073,8.455E-4,0.006215,7.316E-4,0.005432,5.915E-4,0
1506020304066,true,1743.455,0,0.002903,-5.086E-5,0.005115,-1.189E-4,0.004971,0.001252,0.007642,3.245E-4,0.03227,-0.007796,0.006067,8.387E-4,0.006195,7.332E-4,0.005408,5.898E-4,0
1506020304101,true,1743.513,0,0.001958,-3.758E-4,0.005102,-1.166E-4,0.004951,0.001247,0.007621,3.336E-4,0.03188,-0.007227,0.006054,8.454E-4,0.00619,7.358E-4,0.005373,5.99E-4,0
1506020304136,true,1743.57,0,0.00222,-9.817E-4,0.005112,-1.117E-4,0.004981,0.001246,0.007607,3.39E-4,0.0326,-0.007725,0.006041,8.527E-4,0.006203,7.306E-4,0.005375,6.026E-4,0
1506020304296,true,1743.641,0,0.002989,-9.918E-4,0.005124,-1.116E-4,0.005021,0.001244,0.007605,3.317E-4,0.03377,-0.008779,0.006048,8.538E-4,0.006232,7.244E-4,0.005397,6.054E-4,0
1506020304331,true,1743.699,0,0.003347,-6.224E-4,0.005141,-1.17E-4,0.005059,0.001243,0.007628,3.218E-4,0.03404,-0.009187,0.006075,8.554E-4,0.006218,7.375E-4,0.005421,5.975E-4,0
1506020304366,true,1743.756,0,0.003507,-2.833E-4,0.005168,-1.195E-4,0.005068,0.001245,0.007645,3.216E-4,0.03308,-0.008393,0.006101,8.467E-4,0.006228,7.398E-4,0.005443,5.913E-4,0
1506020304401,true,1743.814,0,0.002785,-1.56E-4,0.005212,-1.216E-4,0.005087,0.001232,0.007646,3.272E-4,0.03242,-0.007672,0.006125,8.38E-4,0.006255,7.418E-4,0.005446,5.917E-4,0
1506020304436,true,1743.871,0,0.00262,-5.859E-4,0.005239,-1.196E-4,0.005111,0.001227,0.007654,3.25E-4,0.03208,-0.006928,0.006141,8.417E-4,0.006293,7.366E-4,0.005441,5.983E-4,0
1506020304571,true,1743.915,0,0.003111,-8.184E-4,0.00526,-1.193E-4,0.005144,0.001223,0.007642,3.181E-4,0.03281,-0.007506,0.00614,8.466E-4,0.006328,7.262E-4,0.005451,5.994E-4,0
1506020304606,true,1743.973,0,0.003691,-5.574E-4,0.005261,-1.246E-4,0.005165,0.001223,0.007627,3.097E-4,0.03359,-0.008266,0.006159,8.436E-4,0.006338,7.228E-4,0.005465,5.961E-4,0
1506020304641,true,1744.03,0,0.004035,-3.338E-4,0.00526,-1.298E-4,0.00517,0.001222,0.007626,3.043E-4,0.03299,-0.007921,0.00617,8.398E-4,0.006319,7.266E-4,0.00547,5.862E-4,0
1506020304676,true,1744.088,0,0.003653,-1.998E-4,0.005254,-1.335E-4,0.005148,0.001223,0.007626,3.074E-4,0.03184,-0.007054,0.006176,8.323E-4,0.006308,7.299E-4,0.005466,5.8E-4,0
1506020304711,true,1744.145,0,0.002529,-4.206E-4,0.005224,-1.269E-4,0.005126,0.001217,0.007615,3.123E-4,0.03125,-0.006362,0.006155,8.353E-4,0.006292,7.305E-4,0.005415,5.923E-4,0
1506020304870,true,1744.216,0,0.00219,-9.848E-4,0.005205,-1.182E-4,0.005131,0.001216,0.007593,3.247E-4,0.03157,-0.006548,0.006124,8.471E-4,0.006298,7.253E-4,0.005398,5.909E-4,0
1506020304905,true,1744.274,0,0.002642,-0.001294,0.005209,-1.142E-4,0.005157,0.001221,0.007591,3.218E-4,0.03274,-0.007684,0.006117,8.56E-4,0.006306,7.21E-4,0.00541,5.92E-4,0
1506020304940,true,1744.331,0,0.002975,-0.001125,0.005206,-1.122E-4,0.005188,0.001226,0.007602,3.193E-4,0.03345,-0.008524,0.006133,8.584E-4,0.006303,7.267E-4,0.005421,5.896E-4,0
1506020304975,true,1744.389,0,0.003286,-8.752E-4,0.005226,-1.123E-4,0.005192,0.001237,0.007613,3.2E-4,0.03293,-0.008244,0.006152,8.552E-4,0.0063,7.308E-4,0.00545,5.766E-4,0
1506020305010,true,1744.446,0,0.002788,-7.569E-4,0.005238,-1.089E-4,0.005189,0.001232,0.007625,3.229E-4,0.03211,-0.007574,0.00618,8.487E-4,0.006312,7.326E-4,0.00545,5.786E-4,0
1506020305171,true,1744.517,0,0.002376,-0.001115,0.005264,-1.104E-4,0.005215,0.001223,0.007624,3.299E-4,0.03174,-0.006904,0.006182,8.518E-4,0.006344,7.281E-4,0.005435,5.863E-4,0
1506020305206,true,1744.575,0,0.002759,-0.001497,0.005274,-1.054E-4,0.005249,0.001222,0.007614,3.276E-4,0.03244,-0.0074,0.00618,8.588E-4,0.006375,7.158E-4,0.005449,5.889E-4,0
1506020305241,true,1744.632,0,0.00333,-0.001316,0.005271,-1.037E-4,0.005266,0.001227,0.007611,3.173E-4,0.03333,-0.008299,0.006188,8.601E-4,0.006395,7.097E-4,0.005463,5.869E-4,0
1506020305276,true,1744.69,0,0.003704,-0.001032,0.00527,-1.098E-4,0.005276,0.001233,0.007612,3.131E-4,0.03322,-0.008428,0.006192,8.601E-4,0.006385,7.125E-4,0.005479,5.762E-4,0
1506020305311,true,1744.747,0,0.003599,-8.066E-4,0.005273,-1.135E-4,0.005269,0.001229,0.007608,3.189E-4,0.03208,-0.007531,0.006201,8.528E-4,0.006372,7.13E-4,0.005483,5.647E-4,0
1506020305446,true,1744.791,0,0.002602,-9.329E-4,0.005251,-1.105E-4,0.005244,0.001223,0.007598,3.221E-4,0.03136,-0.006912,0.006186,8.485E-4,0.006355,7.136E-4,0.005445,5.689E-4,0
1506020305481,true,1744.849,0,0.001902,-0.001478,0.005221,-1.062E-4,0.005208,0.001226,0.007583,3.254E-4,0.03133,-0.006758,0.006148,8.54E-4,0.006337,7.063E-4,0.005393,5.738E-4,0
1506020305516,true,1744.906,0,0.002163,-0.001882,0.005173,-9.741E-5,0.005178,0.001237,0.007555,3.241E-4,0.03245,-0.007797,0.006101,8.658E-4,0.006318,7.005E-4,0.005357,5.819E-4,0
1506020305551,true,1744.964,0,0.002236,-0.001639,0.005138,-9.381E-5,0.005178,0.001251,0.007554,3.206E-4,0.03344,-0.008832,0.006095,8.693E-4,0.006292,7.058E-4,0.005367,5.793E-4,0
1506020305586,true,1745.021,0,0.00259,-0.001523,0.005136,-9.355E-5,0.005179,0.001258,0.007575,3.232E-4,0.03296,-0.008654,0.006108,8.653E-4,0.006277,7.127E-4,0.005379,5.723E-4,0
1506020305746,true,1745.092,0,0.002177,-0.001261,0.005154,-9.205E-5,0.005189,0.001254,0.007589,3.303E-4,0.03213,-0.008008,0.006132,8.573E-4,0.006286,7.168E-4,0.005398,5.663E-4,0
1506020305781,true,1745.15,0,0.001464,-0.001467,0.005179,-8.863E-5,0.005207,0.00124,0.007607,3.303E-4,0.03196,-0.007605,0.006147,8.551E-4,0.006308,7.184E-4,0.005376,5.833E-4,0
1506020305816,true,1745.207,0,0.001591,-0.001885,0.005201,-8.439E-5,0.005237,0.001235,0.007601,3.332E-4,0.03252,-0.007966,0.006139,8.601E-4,0.006336,7.125E-4,0.005369,5.883E-4,0
1506020305851,true,1745.265,0,0.002256,-0.00175,0.005218,-8.612E-5,0.005255,0.001241,0.007598,3.222E-4,0.03351,-0.009004,0.006137,8.678E-4,0.006364,7.026E-4,0.005391,5.899E-4,0
1506020305886,true,1745.322,0,0.002795,-0.001415,0.005237,-9.176E-5,0.005275,0.001245,0.007616,3.062E-4,0.03372,-0.009332,0.006163,8.657E-4,0.006363,7.051E-4,0.005424,5.792E-4,0
1506020306021,true,1745.366,0,0.002815,-0.001101,0.00525,-9.354E-5,0.005266,0.001247,0.007621,3.068E-4,0.03253,-0.00828,0.006178,8.583E-4,0.006368,7.072E-4,0.005444,5.69E-4,0
1506020306056,true,1745.424,0,0.001923,-0.001056,0.005246,-8.813E-5,0.00524,0.001245,0.007614,3.107E-4,0.03149,-0.007317,0.006177,8.554E-4,0.006369,7.086E-4,0.005433,5.7E-4,0
1506020306091,true,1745.481,0,0.001267,-0.001569,0.005235,-8.83E-5,0.005224,0.001237,0.007596,3.135E-4,0.03112,-0.006664,0.006152,8.576E-4,0.006369,7.004E-4,0.005395,5.814E-4,0
1506020306126,true,1745.539,0,0.001314,-0.001904,0.005192,-8.465E-5,0.005204,0.00124,0.007558,3.166E-4,0.03178,-0.007332,0.006105,8.658E-4,0.006372,6.875E-4,0.005371,5.828E-4,0
1506020306161,true,1745.596,0,0.001678,-0.001883,0.005127,-7.802E-5,0.005152,0.001253,0.007529,3.112E-4,0.03282,-0.008426,0.006075,8.694E-4,0.006325,6.927E-4,0.005367,5.833E-4,0
1506020306297,true,1745.642,0,0.001569,-0.001587,0.005084,-7.342E-5,0.005122,0.001267,0.007504,3.22E-4,0.03277,-0.00861,0.006057,8.726E-4,0.006283,7.046E-4,0.005367,5.787E-4,0
1506020306331,true,1745.7,0,0.001298,-0.001358,0.005078,-6.721E-5,0.005113,0.00127,0.007508,3.305E-4,0.03182,-0.007904,0.006068,8.659E-4,0.006269,7.124E-4,0.005375,5.729E-4,0
1506020306366,true,1745.757,0,3.958E-4,-0.001463,0.005087,-6.101E-5,0.00511,0.001259,0.007517,3.336E-4,0.03154,-0.007461,0.006083,8.582E-4,0.006269,7.214E-4,0.005363,5.835E-4,0
1506020306401,true,1745.815,0,3.445E-4,-0.001922,0.005103,-5.806E-5,0.005129,0.001252,0.007509,3.356E-4,0.03178,-0.007387,0.006075,8.656E-4,0.006295,7.128E-4,0.005345,5.909E-4,0
1506020306436,true,1745.872,0,8.797E-4,-0.002016,0.005107,-5.433E-5,0.005142,0.00125,0.007498,3.272E-4,0.03287,-0.00832,0.006075,8.684E-4,0.006308,7.127E-4,0.005353,5.962E-4,0
1506020306596,true,1745.941,0,0.001424,-0.001674,0.005115,-5.641E-5,0.005163,0.00125,0.007503,3.154E-4,0.03356,-0.00902,0.006087,8.719E-4,0.006308,7.166E-4,0.005371,5.918E-4,0
1506020306631,true,1745.999,0,0.001781,-0.001366,0.005136,-5.931E-5,0.005163,0.001251,0.007508,3.142E-4,0.03286,-0.008473,0.006117,8.651E-4,0.006298,7.249E-4,0.005397,5.809E-4,0
1506020306666,true,1746.056,0,0.001257,-0.001094,0.005149,-5.965E-5,0.005151,0.001246,0.007505,3.164E-4,0.03176,-0.007496,0.006148,8.515E-4,0.006315,7.268E-4,0.005402,5.788E-4,0
1506020306701,true,1746.114,0,3.772E-4,-0.001363,0.005148,-5.822E-5,0.005138,0.001236,0.007497,3.147E-4,0.03124,-0.006767,0.006138,8.545E-4,0.00633,7.226E-4,0.00538,5.86E-4,0
1506020306736,true,1746.171,0,4.217E-4,-0.001904,0.005126,-5.465E-5,0.005136,0.001236,0.007464,3.15E-4,0.03172,-0.007132,0.006108,8.634E-4,0.00633,7.167E-4,0.005375,5.838E-4,0
1506020306897,true,1746.242,0,8.363E-4,-0.002011,0.005095,-5.969E-5,0.00511,0.00124,0.007434,3.064E-4,0.03257,-0.008098,0.006077,8.685E-4,0.006317,7.108E-4,0.005366,5.862E-4,0
1506020306932,true,1746.3,0,7.847E-4,-0.001759,0.005044,-5.796E-5,0.005071,0.00125,0.007429,2.983E-4,0.03259,-0.008385,0.006049,8.745E-4,0.00626,7.183E-4,0.005346,5.822E-4,0
1506020306966,true,1746.357,0,6.93E-4,-0.001601,0.005022,-5.158E-5,0.005024,0.001261,0.007408,3.084E-4,0.03152,-0.007621,0.00605,8.708E-4,0.006218,7.292E-4,0.00534,5.782E-4,0
1506020307001,true,1746.415,0,-7.445E-5,-0.001631,0.00502,-4.526E-5,0.005009,0.001257,0.007413,3.159E-4,0.03109,-0.007064,0.006056,8.651E-4,0.00622,7.328E-4,0.005308,5.903E-4,0
1506020307038,true,1746.472,0,-4.301E-4,-0.002122,0.005025,-3.98E-5,0.005019,0.001252,0.007398,3.259E-4,0.03114,-0.006747,0.006037,8.705E-4,0.006225,7.311E-4,0.005288,5.997E-4,0
1506020307196,true,1746.542,0,9.62E-5,-0.002436,0.005019,-3.661E-5,0.005024,0.001257,0.007375,3.287E-4,0.03215,-0.007619,0.006022,8.774E-4,0.006232,7.267E-4,0.005289,6.054E-4,0
1506020307231,true,1746.6,0,6.84E-4,-0.002115,0.005002,-3.545E-5,0.005029,0.001263,0.007367,3.183E-4,0.03321,-0.008618,0.006035,8.773E-4,0.006225,7.331E-4,0.005288,6.129E-4,0
1506020307266,true,1746.657,0,9.505E-4,-0.001727,0.005002,-3.519E-5,0.005038,0.001262,0.007361,3.201E-4,0.03282,-0.008372,0.00606,8.743E-4,0.006209,7.424E-4,0.005314,6.029E-4,0
1506020307301,true,1746.715,0,6.047E-4,-0.001317,0.005018,-3.559E-5,0.005025,0.00126,0.007359,3.242E-4,0.03174,-0.00747,0.006083,8.649E-4,0.006199,7.49E-4,0.005314,5.993E-4,0
1506020307336,true,1746.772,0,-1.68E-4,-0.001464,0.005029,-3.455E-5,0.005018,0.001247,0.007354,3.282E-4,0.03123,-0.006717,0.006082,8.652E-4,0.006201,7.5E-4,0.005288,6.073E-4,0
1506020307447,true,1746.792,0,-3.223E-4,-0.001985,0.005019,-3.196E-5,0.005012,0.001243,0.007334,3.292E-4,0.03142,-0.006759,0.00605,8.749E-4,0.006214,7.371E-4,0.005252,6.134E-4,0
1506020307483,true,1746.85,0,-1.069E-4,-0.002052,0.004981,-3.218E-5,0.004989,0.001254,0.007289,3.301E-4,0.03238,-0.007779,0.00602,8.787E-4,0.0062,7.318E-4,0.005247,6.132E-4,0
1506020307519,true,1746.907,0,4.342E-5,-0.001926,0.004929,-3.308E-5,0.004954,0.001259,0.007265,3.254E-4,0.03295,-0.008535,0.006003,8.795E-4,0.006154,7.37E-4,0.005222,6.125E-4,0
1506020307554,true,1746.965,0,8.332E-5,-0.001839,0.00489,-3.069E-5,0.004901,0.001274,0.007246,3.374E-4,0.03229,-0.008233,0.005981,8.805E-4,0.006097,7.489E-4,0.005209,6.072E-4,0
1506020307589,true,1747.022,0,-6.61E-4,-0.001734,0.004883,-2.522E-5,0.004881,0.001275,0.007248,3.475E-4,0.03164,-0.007678,0.005983,8.76E-4,0.006084,7.538E-4,0.005191,6.09E-4,0
1506020307746,true,1747.091,0,-0.00137,-0.002234,0.004891,-2.589E-5,0.004885,0.00127,0.007249,3.566E-4,0.0315,-0.007311,0.005978,8.76E-4,0.006093,7.53E-4,0.005156,6.234E-4,0
1506020307782,true,1747.149,0,-9.666E-4,-0.002799,0.004893,-2.551E-5,0.004908,0.001269,0.007227,3.636E-4,0.03235,-0.008087,0.005962,8.845E-4,0.006114,7.412E-4,0.005152,6.288E-4,0
1506020307819,true,1747.206,0,-4.398E-4,-0.002687,0.004876,-2.344E-5,0.004916,0.001275,0.007214,3.613E-4,0.03361,-0.009285,0.00596,8.905E-4,0.006122,7.375E-4,0.005149,6.371E-4,0
1506020307855,true,1747.264,0,8.05E-5,-0.002358,0.00487,-2.531E-5,0.004931,0.001276,0.007227,3.543E-4,0.03374,-0.009637,0.005968,8.91E-4,0.006118,7.384E-4,0.005151,6.376E-4,0
1506020307890,true,1747.321,0,1.328E-4,-0.001986,0.004886,-2.759E-5,0.004933,0.001273,0.00723,3.58E-4,0.03259,-0.008742,0.005997,8.826E-4,0.006112,7.42E-4,0.005149,6.334E-4,0
1506020308047,true,1747.392,0,-6.914E-4,-0.001947,0.004902,-3.089E-5,0.004931,0.001263,0.007228,3.619E-4,0.03198,-0.008103,0.006007,8.766E-4,0.006129,7.381E-4,0.005133,6.368E-4,0
1506020308083,true,1747.45,0,-0.001158,-0.002352,0.004908,-3.109E-5,0.004938,0.001254,0.007214,3.667E-4,0.03199,-0.007833,0.005988,8.822E-4,0.006138,7.285E-4,0.005105,6.427E-4,0
1506020308119,true,1747.507,0,-8.552E-4,-0.002659,0.004876,-2.349E-5,0.004934,0.001257,0.007182,3.631E-4,0.03291,-0.008793,0.005962,8.886E-4,0.006133,7.212E-4,0.005086,6.499E-4,0
1506020308155,true,1747.565,0,-9.462E-4,-0.002414,0.004826,-2.337E-5,0.004917,0.001261,0.007169,3.532E-4,0.0338,-0.009858,0.005941,8.929E-4,0.006108,7.21E-4,0.005075,6.475E-4,0
1506020308191,true,1747.622,0,-9.508E-4,-0.002224,0.004772,-2.64E-5,0.004865,0.001272,0.007155,3.57E-4,0.03318,-0.009662,0.005917,8.96E-4,0.006049,7.333E-4,0.005054,6.429E-4,0
1506020308321,true,1747.666,0,-0.001666,-0.002083,0.004733,-1.634E-5,0.00481,0.001277,0.00715,3.644E-4,0.03224,-0.009153,0.005901,8.901E-4,0.006009,7.439E-4,0.005019,6.433E-4,0
1506020308357,true,1747.724,0,-0.002509,-0.002503,0.004733,-1.24E-5,0.004794,0.001278,0.007152,3.766E-4,0.03205,-0.008916,0.005884,8.943E-4,0.006013,7.44E-4,0.004984,6.574E-4,0
1506020308393,true,1747.781,0,-0.002692,-0.003057,0.004732,-8.082E-6,0.004819,0.001277,0.007141,3.788E-4,0.03264,-0.009414,0.005857,9.06E-4,0.006027,7.404E-4,0.004983,6.617E-4,0
1506020308429,true,1747.839,0,-0.001868,-0.003239,0.004731,-7.417E-6,0.004843,0.00128,0.007133,3.746E-4,0.03383,-0.01065,0.005864,9.062E-4,0.006044,7.362E-4,0.004985,6.73E-4,0
1506020308465,true,1747.896,0,-0.001464,-0.002957,0.004737,-8.547E-6,0.004853,0.001285,0.007138,3.684E-4,0.03441,-0.01131,0.005887,9.048E-4,0.006042,7.414E-4,0.004996,6.715E-4,0
1506020308621,true,1747.967,0,-9.815E-4,-0.002643,0.004749,-8.309E-6,0.004851,0.001286,0.007142,3.67E-4,0.03351,-0.01066,0.005915,8.962E-4,0.00605,7.467E-4,0.005024,6.654E-4,0
1506020308657,true,1748.025,0,-0.00166,-0.002543,0.004774,-7.963E-6,0.004859,0.00128,0.007149,3.64E-4,0.03274,-0.009866,0.005942,8.903E-4,0.00607,7.483E-4,0.005009,6.747E-4,0
1506020308693,true,1748.082,0,-0.002127,-0.002956,0.004793,-7.805E-6,0.004875,0.001269,0.007148,3.659E-4,0.03222,-0.009092,0.005942,8.95E-4,0.006081,7.481E-4,0.004984,6.856E-4,0
1506020308729,true,1748.14,0,-0.001906,-0.003403,0.004794,-7.515E-6,0.004889,0.001267,0.00714,3.541E-4,0.03297,-0.00971,0.005925,9.008E-4,0.006098,7.396E-4,0.004984,6.886E-4,0
1506020308765,true,1748.197,0,-0.001433,-0.003306,0.004767,-7.0E-6,0.00488,0.001272,0.007122,3.464E-4,0.03393,-0.01079,0.005931,8.956E-4,0.006086,7.401E-4,0.004987,6.867E-4,0
1506020308896,true,1748.243,0,-0.00141,-0.003088,0.004739,-1.127E-5,0.004856,0.001278,0.007115,3.428E-4,0.03376,-0.01094,0.005922,8.956E-4,0.006055,7.429E-4,0.004987,6.785E-4,0
1506020308932,true,1748.301,0,-0.001766,-0.002928,0.004701,-6.008E-6,0.004798,0.001283,0.00709,3.481E-4,0.03278,-0.01023,0.00591,8.913E-4,0.006021,7.479E-4,0.004972,6.694E-4,0
1506020308969,true,1748.358,0,-0.002717,-0.003158,0.004663,5.639E-6,0.004762,0.001282,0.007072,3.586E-4,0.03223,-0.009664,0.005894,8.899E-4,0.00601,7.509E-4,0.004917,6.816E-4,0
1506020309004,true,1748.416,0,-0.00323,-0.003677,0.004663,1.077E-5,0.004768,0.001279,0.007051,3.678E-4,0.03252,-0.009771,0.005884,8.892E-4,0.006018,7.48E-4,0.004897,6.94E-4,0
1506020309039,true,1748.473,0,-0.002602,-0.003994,0.004652,1.576E-5,0.004778,0.001283,0.00704,3.636E-4,0.03361,-0.01078,0.005884,8.919E-4,0.006026,7.456E-4,0.004896,7.043E-4,0
1506020309195,true,1748.541,0,-0.002037,-0.003743,0.004651,1.698E-5,0.004797,0.001286,0.007043,3.563E-4,0.03441,-0.01166,0.0059,8.897E-4,0.006019,7.484E-4,0.004922,7.051E-4,0
1506020309230,true,1748.599,0,-0.001718,-0.003418,0.004669,1.571E-5,0.004797,0.001289,0.007063,3.492E-4,0.03379,-0.01125,0.005935,8.797E-4,0.006007,7.574E-4,0.004951,7.003E-4,0
1506020309265,true,1748.656,0,-0.002089,-0.003046,0.004699,1.419E-5,0.004794,0.001285,0.007062,3.582E-4,0.03286,-0.01042,0.005957,8.707E-4,0.006013,7.643E-4,0.004957,7.029E-4,0
1506020309300,true,1748.714,0,-0.00268,-0.003288,0.004711,1.504E-5,0.004816,0.00127,0.007062,3.603E-4,0.03249,-0.009744,0.005964,8.696E-4,0.006043,7.587E-4,0.004945,7.157E-4,0
1506020309335,true,1748.771,0,-0.002435,-0.003716,0.004718,1.711E-5,0.004825,0.001267,0.007049,3.54E-4,0.03295,-0.01001,0.005953,8.762E-4,0.006079,7.464E-4,0.004938,7.241E-4,0
1506020309471,true,1748.817,0,-0.001759,-0.003678,0.004722,1.159E-5,0.004832,0.001266,0.007042,3.416E-4,0.0338,-0.01084,0.005957,8.773E-4,0.006088,7.434E-4,0.00495,7.278E-4,0
1506020309505,true,1748.875,0,-0.001142,-0.003535,0.004697,1.217E-5,0.004816,0.001272,0.007034,3.322E-4,0.03394,-0.01114,0.005958,8.764E-4,0.006066,7.493E-4,0.004955,7.222E-4,0
1506020309540,true,1748.932,0,-0.001265,-0.003321,0.00467,1.152E-5,0.004776,0.001276,0.007022,3.378E-4,0.03283,-0.01039,0.005955,8.712E-4,0.006032,7.558E-4,0.004949,7.129E-4,0
1506020309575,true,1748.99,0,-0.002063,-0.00336,0.004654,1.91E-5,0.004725,0.001282,0.007015,3.454E-4,0.03218,-0.009807,0.005944,8.691E-4,0.006014,7.62E-4,0.004927,7.139E-4,0
1506020309610,true,1749.047,0,-0.002577,-0.003853,0.004657,2.443E-5,0.004724,0.001279,0.007011,3.531E-4,0.03208,-0.009411,0.005935,8.732E-4,0.006017,7.615E-4,0.004907,7.252E-4,0
1506020309771,true,1749.116,0,-0.002097,-0.004286,0.004659,2.585E-5,0.004742,0.001281,0.007003,3.524E-4,0.03296,-0.01023,0.00592,8.795E-4,0.006027,7.589E-4,0.004912,7.321E-4,0
1506020309805,true,1749.174,0,-0.001518,-0.004145,0.004664,2.025E-5,0.004746,0.001284,0.007006,3.45E-4,0.03412,-0.01137,0.005944,8.753E-4,0.00602,7.642E-4,0.004921,7.347E-4,0
1506020309840,true,1749.231,0,-0.001061,-0.003875,0.004668,1.633E-5,0.004744,0.001289,0.007017,3.433E-4,0.03401,-0.01135,0.005971,8.685E-4,0.005993,7.745E-4,0.004936,7.262E-4,0
1506020309875,true,1749.289,0,-0.001134,-0.003474,0.004689,1.304E-5,0.00473,0.001287,0.007018,3.485E-4,0.03303,-0.0105,0.005992,8.603E-4,0.005992,7.797E-4,0.00495,7.212E-4,0
1506020309910,true,1749.346,0,-0.001617,-0.003591,0.004707,1.244E-5,0.004733,0.001272,0.007031,3.511E-4,0.0326,-0.00976,0.006003,8.555E-4,0.006006,7.808E-4,0.004937,7.308E-4,0
1506020310045,true,1749.392,0,-0.001526,-0.003994,0.004726,9.76E-6,0.004744,0.00127,0.007018,3.525E-4,0.03292,-0.009814,0.006002,8.575E-4,0.006036,7.706E-4,0.00492,7.437E-4,0
1506020310080,true,1749.45,0,-7.536E-4,-0.004063,0.004722,6.972E-6,0.004743,0.001275,0.007,3.458E-4,0.0338,-0.01068,0.005996,8.587E-4,0.006049,7.597E-4,0.004927,7.449E-4,0
1506020310115,true,1749.507,0,-2.502E-4,-0.003746,0.004697,2.251E-6,0.00473,0.001284,0.006989,3.358E-4,0.03424,-0.01128,0.005992,8.589E-4,0.006035,7.591E-4,0.004928,7.379E-4,0
1506020310151,true,1749.565,0,1.387E-4,-0.003568,0.004664,3.648E-6,0.00469,0.001292,0.006974,3.381E-4,0.03327,-0.01065,0.005978,8.578E-4,0.005991,7.67E-4,0.004924,7.293E-4,0
1506020310185,true,1749.622,0,-8.026E-4,-0.00335,0.00464,1.19E-5,0.004647,0.001295,0.006957,3.477E-4,0.03231,-0.009907,0.005965,8.582E-4,0.005974,7.708E-4,0.004907,7.304E-4,0
1506020310345,true,1749.692,0,-0.001492,-0.003733,0.004645,1.464E-5,0.004652,0.001288,0.006956,3.545E-4,0.03188,-0.009344,0.005951,8.635E-4,0.005977,7.717E-4,0.004889,7.41E-4,0
1506020310380,true,1749.75,0,-0.001516,-0.004099,0.004646,1.939E-5,0.004679,0.001286,0.006951,3.578E-4,0.03262,-0.009942,0.005942,8.693E-4,0.005994,7.668E-4,0.004891,7.448E-4,0
1506020310415,true,1749.807,0,-9.222E-4,-0.004035,0.004645,1.728E-5,0.004701,0.001291,0.006962,3.484E-4,0.0338,-0.01106,0.005955,8.711E-4,0.006009,7.669E-4,0.004917,7.447E-4,0
1506020310450,true,1749.865,0,-4.319E-4,-0.003811,0.004653,9.695E-6,0.004721,0.001292,0.006981,3.43E-4,0.03403,-0.01129,0.005977,8.727E-4,0.005998,7.771E-4,0.004951,7.383E-4,0
1506020310485,true,1749.922,0,-4.656E-4,-0.003389,0.004673,6.399E-6,0.00472,0.001294,0.007001,3.441E-4,0.03318,-0.01062,0.006007,8.632E-4,0.006003,7.784E-4,0.00498,7.305E-4,0
1506020310646,true,1749.991,0,-0.001154,-0.003278,0.004706,2.923E-6,0.004735,0.001278,0.007015,3.436E-4,0.03256,-0.009831,0.006034,8.577E-4,0.00603,7.806E-4,0.004981,7.351E-4,0
1506020310680,true,1750.049,0,-0.001522,-0.003544,0.004732,-1.793E-6,0.004747,0.001269,0.007016,3.467E-4,0.03262,-0.009514,0.006032,8.6E-4,0.006058,7.732E-4,0.004969,7.428E-4,0
1506020310717,true,1750.106,0,-9.967E-4,-0.003638,0.004732,-1.783E-7,0.004772,0.001264,0.00701,3.348E-4,0.03349,-0.01029,0.006029,8.642E-4,0.006085,7.612E-4,0.004968,7.468E-4,0
1506020310753,true,1750.164,0,-6.367E-4,-0.003264,0.004723,-5.68E-6,0.004783,0.001265,0.007013,3.248E-4,0.03428,-0.01117,0.006032,8.66E-4,0.006074,7.594E-4,0.004982,7.43E-4,0
1506020310789,true,1750.221,0,-2.671E-4,-0.002918,0.004718,-1.569E-5,0.004778,0.001266,0.007013,3.182E-4,0.03366,-0.01072,0.006031,8.637E-4,0.00604,7.675E-4,0.004993,7.288E-4,0
1506020310921,true,1750.267,0,-0.001086,-0.002539,0.004697,-1.032E-5,0.00474,0.00127,0.006992,3.264E-4,0.03254,-0.009863,0.006034,8.587E-4,0.006018,7.703E-4,0.004982,7.23E-4,0
1506020310957,true,1750.325,0,-0.001924,-0.002842,0.004687,-2.451E-6,0.004728,0.001265,0.006992,3.316E-4,0.03211,-0.009314,0.006023,8.624E-4,0.006022,7.687E-4,0.004957,7.288E-4,0
1506020310993,true,1750.382,0,-0.002378,-0.003293,0.004704,-3.969E-6,0.004766,0.001262,0.006984,3.336E-4,0.03271,-0.009678,0.006016,8.703E-4,0.006038,7.639E-4,0.004947,7.385E-4,0
1506020311029,true,1750.44,0,-0.00197,-0.003406,0.004693,4.691E-6,0.004796,0.001265,0.006976,3.31E-4,0.03385,-0.01079,0.00602,8.742E-4,0.00607,7.534E-4,0.004984,7.353E-4,0
1506020311064,true,1750.497,0,-0.001639,-0.0033,0.004696,1.57E-6,0.004827,0.001266,0.007003,3.211E-4,0.03439,-0.01142,0.006047,8.74E-4,0.006069,7.607E-4,0.005028,7.265E-4,0
1506020311221,true,1750.567,0,-0.001371,-0.003151,0.00472,-2.313E-6,0.004839,0.001266,0.007026,3.222E-4,0.0336,-0.01089,0.006085,8.663E-4,0.006072,7.695E-4,0.005066,7.169E-4,0
1506020311257,true,1750.625,0,-0.002118,-0.002998,0.004744,-1.075E-6,0.004851,0.001254,0.007045,3.257E-4,0.03308,-0.01036,0.00613,8.548E-4,0.0061,7.693E-4,0.00509,7.14E-4,0
1506020311293,true,1750.682,0,-0.002723,-0.003265,0.004773,-3.26E-6,0.004879,0.001237,0.00706,3.276E-4,0.03292,-0.009856,0.006137,8.552E-4,0.006132,7.651E-4,0.005082,7.256E-4,0
1506020311329,true,1750.74,0,-0.002228,-0.003577,0.004788,-3.87E-6,0.004897,0.001234,0.007058,3.217E-4,0.03371,-0.01048,0.00614,8.549E-4,0.006166,7.528E-4,0.005093,7.249E-4,0
1506020311365,true,1750.797,0,-0.001539,-0.003304,0.004777,-5.334E-6,0.004913,0.001231,0.007058,3.057E-4,0.03469,-0.01142,0.00615,8.573E-4,0.00618,7.46E-4,0.005118,7.187E-4,0
1506020311496,true,1750.842,0,-0.001382,-0.002895,0.004772,-1.288E-5,0.004908,0.001233,0.007062,3.0E-4,0.03448,-0.01131,0.006169,8.508E-4,0.006168,7.498E-4,0.005126,7.106E-4,0
1506020311532,true,1750.9,0,-0.001648,-0.002502,0.004754,-1.083E-5,0.004879,0.00123,0.007057,3.03E-4,0.03329,-0.01036,0.006177,8.445E-4,0.006152,7.502E-4,0.005134,6.993E-4,0
1506020311568,true,1750.957,0,-0.002617,-0.002559,0.00473,-1.942E-6,0.004844,0.001223,0.007048,3.046E-4,0.03263,-0.009777,0.00616,8.408E-4,0.006145,7.511E-4,0.005098,7.024E-4,0
1506020311604,true,1751.015,0,-0.003039,-0.003058,0.004716,6.979E-6,0.004835,0.001222,0.007043,3.068E-4,0.03266,-0.009621,0.006136,8.487E-4,0.006152,7.461E-4,0.005089,7.047E-4,0
1506020311639,true,1751.072,0,-0.002666,-0.003323,0.004726,1.031E-5,0.004855,0.001229,0.007042,3.019E-4,0.03359,-0.01055,0.006134,8.535E-4,0.006174,7.388E-4,0.00511,7.045E-4,0
1506020311796,true,1751.142,0,-0.002497,-0.003141,0.004735,7.478E-6,0.004891,0.001227,0.007058,2.946E-4,0.03447,-0.01142,0.006153,8.531E-4,0.00618,7.404E-4,0.005137,6.986E-4,0
1506020311830,true,1751.2,0,-0.002201,-0.002985,0.00475,4.996E-6,0.00489,0.001236,0.007087,2.923E-4,0.03396,-0.01115,0.006174,8.497E-4,0.006182,7.45E-4,0.005162,6.915E-4,0
1506020311865,true,1751.257,0,-0.002658,-0.002862,0.004775,6.287E-6,0.004885,0.001232,0.007101,2.962E-4,0.03331,-0.0106,0.006198,8.394E-4,0.006196,7.468E-4,0.005182,6.853E-4,0
1506020311900,true,1751.315,0,-0.003182,-0.003228,0.004799,8.617E-6,0.004904,0.001216,0.007117,2.97E-4,0.03307,-0.01012,0.006225,8.356E-4,0.006227,7.422E-4,0.005163,6.977E-4,0
1506020311935,true,1751.372,0,-0.002681,-0.003664,0.004824,8.487E-6,0.00491,0.001217,0.007115,2.951E-4,0.0337,-0.01053,0.006224,8.406E-4,0.006255,7.335E-4,0.005159,7.049E-4,0
1506020312071,true,1751.417,0,-0.001684,-0.0036,0.00482,6.796E-6,0.00493,0.001209,0.00711,2.912E-4,0.03475,-0.01154,0.006241,8.373E-4,0.00628,7.238E-4,0.005173,7.044E-4,0
1506020312106,true,1751.475,0,-0.001148,-0.003244,0.004818,1.902E-6,0.004939,0.001208,0.007115,2.873E-4,0.03495,-0.01182,0.00627,8.304E-4,0.006273,7.26E-4,0.005185,6.97E-4,0
1506020312141,true,1751.532,0,-9.577E-4,-0.002908,0.004824,-2.761E-6,0.004918,0.001206,0.007115,2.85E-4,0.03374,-0.01083,0.006275,8.223E-4,0.006257,7.276E-4,0.005196,6.847E-4,0
1506020312177,true,1751.59,0,-0.001655,-0.002832,0.004809,3.354E-6,0.004879,0.001202,0.007096,2.952E-4,0.03286,-0.009989,0.006277,8.141E-4,0.006252,7.257E-4,0.005161,6.89E-4,0
1506020312212,true,1751.647,0,-0.002163,-0.003267,0.004813,4.023E-6,0.004867,0.001199,0.007085,3.002E-4,0.03254,-0.009531,0.006257,8.18E-4,0.006252,7.226E-4,0.005122,6.994E-4,0
1506020312371,true,1751.718,0,-0.001873,-0.003641,0.004822,4.376E-6,0.004875,0.001205,0.007081,2.914E-4,0.03336,-0.01025,0.006244,8.252E-4,0.006266,7.131E-4,0.005125,7.005E-4,0
1506020312406,true,1751.776,0,-0.001562,-0.003498,0.004813,6.678E-6,0.004892,0.001208,0.007076,2.84E-4,0.03426,-0.01124,0.006251,8.282E-4,0.006264,7.139E-4,0.005152,6.938E-4,0
1506020312441,true,1751.833,0,-0.00128,-0.003369,0.004818,2.059E-6,0.004905,0.001211,0.007104,2.789E-4,0.03394,-0.01119,0.006269,8.214E-4,0.006258,7.163E-4,0.005181,6.816E-4,0
1506020312475,true,1751.891,0,-0.001455,-0.003186,0.004831,1.611E-6,0.004901,0.001209,0.007124,2.836E-4,0.03311,-0.01053,0.006283,8.144E-4,0.006256,7.215E-4,0.005198,6.737E-4,0
1506020312510,true,1751.948,0,-0.002273,-0.003391,0.00484,2.636E-6,0.004903,0.0012,0.007136,2.901E-4,0.03282,-0.01002,0.006301,8.066E-4,0.006274,7.215E-4,0.005179,6.8E-4,0
1506020312671,true,1752.017,0,-0.002062,-0.003933,0.004859,2.081E-6,0.004921,0.001191,0.007125,2.965E-4,0.03321,-0.01015,0.006297,8.088E-4,0.006288,7.155E-4,0.005168,6.851E-4,0
1506020312706,true,1752.075,0,-0.001234,-0.003992,0.004854,2.055E-6,0.004928,0.001188,0.007113,2.915E-4,0.03416,-0.01109,0.006299,8.128E-4,0.006301,7.057E-4,0.005167,6.858E-4,0
1506020312741,true,1752.132,0,-6.599E-4,-0.003574,0.004831,1.541E-6,0.004919,0.001192,0.007112,2.802E-4,0.03478,-0.01178,0.006308,8.098E-4,0.006293,7.012E-4,0.005176,6.771E-4,0
1506020312775,true,1752.19,0,-1.262E-4,-0.003139,0.004816,-7.639E-7,0.00489,0.001196,0.007117,2.769E-4,0.03376,-0.01103,0.006308,8.021E-4,0.00626,7.061E-4,0.00518,6.664E-4,0
1506020312812,true,1752.247,0,-7.227E-4,-0.002906,0.004795,-2.064E-6,0.004846,0.001188,0.007104,2.835E-4,0.03255,-0.00999,0.006311,7.911E-4,0.006238,7.05E-4,0.005153,6.636E-4,0
1506020312946,true,1752.293,0,-0.001339,-0.003235,0.004763,4.113E-6,0.004813,0.001183,0.007069,2.953E-4,0.0319,-0.009165,0.006276,7.946E-4,0.006226,7.042E-4,0.005096,6.761E-4,0
1506020312981,true,1752.351,0,-9.685E-4,-0.00375,0.004751,1.007E-5,0.004821,0.001185,0.007051,2.97E-4,0.03242,-0.009524,0.006233,8.053E-4,0.006223,6.956E-4,0.00507,6.856E-4,0
1506020313016,true,1752.408,0,-3.96E-4,-0.00374,0.00475,9.809E-6,0.004839,0.001188,0.007047,2.927E-4,0.03333,-0.01044,0.00622,8.118E-4,0.006225,6.941E-4,0.005082,6.861E-4,0
1506020313051,true,1752.466,0,-1.156E-4,-0.003606,0.004764,2.985E-6,0.004863,0.001192,0.007069,2.834E-4,0.03327,-0.01061,0.006236,8.116E-4,0.0062,7.04E-4,0.005105,6.789E-4,0
1506020313086,true,1752.523,0,-1.816E-4,-0.003404,0.004783,-4.292E-7,0.004862,0.001196,0.0071,2.82E-4,0.03233,-0.00994,0.006249,8.055E-4,0.006193,7.102E-4,0.005128,6.69E-4,0
1506020313221,true,1752.568,0,-0.001123,-0.003404,0.004793,1.428E-6,0.004863,0.001189,0.007113,2.88E-4,0.03193,-0.009477,0.00625,8.01E-4,0.006204,7.141E-4,0.005115,6.758E-4,0
1506020313256,true,1752.626,0,-0.001594,-0.003792,0.004804,1.637E-6,0.00488,0.001181,0.007128,2.883E-4,0.03215,-0.009348,0.006242,8.045E-4,0.006219,7.102E-4,0.005099,6.861E-4,0
1506020313290,true,1752.683,0,-8.959E-4,-0.004048,0.004796,6.141E-6,0.004892,0.001185,0.007117,2.871E-4,0.03322,-0.01025,0.006232,8.122E-4,0.006235,7.028E-4,0.005112,6.873E-4,0
1506020313325,true,1752.741,0,-5.488E-4,-0.003639,0.004786,1.18E-6,0.004914,0.001179,0.007121,2.752E-4,0.03422,-0.01123,0.006248,8.123E-4,0.006235,7.004E-4,0.005118,6.861E-4,0
1506020313360,true,1752.798,0,-4.387E-5,-0.003264,0.004781,-4.332E-6,0.004901,0.001182,0.007125,2.727E-4,0.03387,-0.01102,0.006261,8.055E-4,0.006224,7.002E-4,0.00513,6.766E-4,0
1506020313521,true,1752.868,0,-3.687E-4,-0.002853,0.004767,-1.631E-6,0.004869,0.001178,0.007124,2.753E-4,0.03271,-0.01008,0.00626,8.003E-4,0.006211,7.022E-4,0.005117,6.745E-4,0
1506020313557,true,1752.926,0,-0.001136,-0.002898,0.004743,-9.039E-7,0.004836,0.001169,0.00711,2.762E-4,0.03201,-0.009154,0.006238,7.994E-4,0.006204,6.974E-4,0.005068,6.808E-4,0
1506020313593,true,1752.983,0,-0.001161,-0.00332,0.0047,6.879E-6,0.004797,0.001175,0.007071,2.834E-4,0.03211,-0.00916,0.006182,8.128E-4,0.006175,6.942E-4,0.005021,6.9E-4,0
1506020313628,true,1753.041,0,-6.852E-4,-0.003359,0.004661,1.232E-5,0.004779,0.001181,0.00705,2.81E-4,0.03301,-0.01011,0.006157,8.196E-4,0.006162,6.94E-4,0.005012,6.924E-4,0
1506020313663,true,1753.098,0,-3.011E-4,-0.003234,0.004648,1.261E-5,0.00479,0.001192,0.007048,2.762E-4,0.03325,-0.01055,0.006151,8.238E-4,0.006144,6.986E-4,0.00503,6.86E-4,0
1506020313796,true,1753.143,0,-1.063E-4,-0.003077,0.004657,1.342E-5,0.004806,0.001193,0.007052,2.83E-4,0.03243,-0.009971,0.006162,8.181E-4,0.006132,7.081E-4,0.005054,6.783E-4,0
1506020313831,true,1753.201,0,-0.001037,-0.003006,0.004672,1.898E-5,0.004823,0.001187,0.007059,2.901E-4,0.03181,-0.009306,0.006172,8.132E-4,0.00613,7.183E-4,0.005058,6.81E-4,0
1506020313866,true,1753.258,0,-0.001782,-0.003453,0.004676,2.347E-5,0.004836,0.001181,0.007063,2.955E-4,0.03179,-0.00892,0.006169,8.157E-4,0.006143,7.168E-4,0.005042,6.924E-4,0
1506020313900,true,1753.316,0,-0.001274,-0.003942,0.00468,2.64E-5,0.004857,0.001181,0.007068,2.923E-4,0.0328,-0.009798,0.006153,8.242E-4,0.006166,7.095E-4,0.005034,7.033E-4,0
1506020313935,true,1753.373,0,-6.356E-4,-0.003756,0.004679,2.514E-5,0.004869,0.00118,0.00707,2.825E-4,0.03412,-0.01098,0.00616,8.285E-4,0.006179,7.071E-4,0.005056,7.081E-4,0
1506020314096,true,1753.443,0,-5.934E-5,-0.00341,0.00468,1.879E-5,0.004883,0.001177,0.007085,2.77E-4,0.0341,-0.01109,0.006178,8.231E-4,0.006172,7.15E-4,0.005091,6.931E-4,0
1506020314131,true,1753.501,0,-9.119E-5,-0.003029,0.004679,1.675E-5,0.004867,0.001175,0.007085,2.807E-4,0.03303,-0.01016,0.006198,8.124E-4,0.006165,7.134E-4,0.005097,6.861E-4,0
1506020314167,true,1753.558,0,-0.001019,-0.002928,0.004669,1.504E-5,0.004846,0.001165,0.007086,2.827E-4,0.03235,-0.009381,0.006191,8.073E-4,0.006162,7.149E-4,0.005061,6.933E-4,0
1506020314202,true,1753.616,0,-0.001145,-0.003407,0.004655,1.448E-5,0.004832,0.00116,0.007068,2.845E-4,0.03238,-0.009106,0.006155,8.137E-4,0.006158,7.057E-4,0.005021,6.999E-4,0
1506020314236,true,1753.673,0,-4.805E-4,-0.003562,0.004606,1.354E-5,0.004803,0.001164,0.007034,2.805E-4,0.0333,-0.01002,0.006112,8.22E-4,0.00614,6.984E-4,0.004994,7.04E-4,0
1506020314371,true,1753.718,0,-1.507E-4,-0.003361,0.004537,1.776E-5,0.00476,0.001174,0.007005,2.777E-4,0.03398,-0.01081,0.006082,8.252E-4,0.006093,7.012E-4,0.004972,7.013E-4,0
1506020314406,true,1753.776,0,1.307E-4,-0.003214,0.00451,1.704E-5,0.004706,0.001193,0.006994,2.825E-4,0.03344,-0.01055,0.00606,8.267E-4,0.006047,7.092E-4,0.004963,6.963E-4,0
1506020314441,true,1753.833,0,-4.473E-4,-0.003143,0.0045,2.316E-5,0.004685,0.001193,0.006999,2.889E-4,0.03252,-0.009871,0.006062,8.205E-4,0.006027,7.152E-4,0.004966,6.913E-4,0
1506020314476,true,1753.891,0,-0.001095,-0.003607,0.004517,2.208E-5,0.004684,0.001185,0.007012,2.91E-4,0.03245,-0.009613,0.00606,8.179E-4,0.006041,7.131E-4,0.004945,7.012E-4,0
1506020314511,true,1753.948,0,-0.001057,-0.004154,0.00452,2.332E-5,0.004708,0.001183,0.007005,2.952E-4,0.0332,-0.01023,0.006043,8.239E-4,0.00605,7.1E-4,0.004933,7.139E-4,0
1506020314671,true,1754.018,0,-4.031E-4,-0.004256,0.004511,2.074E-5,0.004725,0.001182,0.007001,2.867E-4,0.03449,-0.01142,0.006036,8.289E-4,0.006059,7.086E-4,0.004937,7.19E-4,0
1506020314706,true,1754.076,0,1.704E-4,-0.004003,0.004508,1.488E-5,0.004739,0.001186,0.007006,2.797E-4,0.03494,-0.01192,0.006054,8.263E-4,0.006044,7.148E-4,0.004958,7.113E-4,0
1506020314741,true,1754.133,0,5.706E-4,-0.003676,0.004513,1.441E-5,0.004733,0.001184,0.007001,2.888E-4,0.034,-0.01127,0.00608,8.138E-4,0.00603,7.219E-4,0.004972,7.032E-4,0
1506020314776,true,1754.191,0,-1.046E-5,-0.003621,0.004515,1.536E-5,0.004726,0.00117,0.006996,2.87E-4,0.03333,-0.01061,0.006095,8.026E-4,0.006029,7.237E-4,0.00496,7.067E-4,0
1506020314811,true,1754.248,0,-5.644E-4,-0.003974,0.004512,1.232E-5,0.00471,0.001162,0.006979,2.923E-4,0.03304,-0.01017,0.006067,8.069E-4,0.006041,7.158E-4,0.004922,7.158E-4,0
1506020314946,true,1754.293,0,-1.702E-4,-0.00425,0.00449,9.267E-6,0.004689,0.001163,0.006948,2.863E-4,0.0338,-0.0109,0.006036,8.104E-4,0.006033,7.086E-4,0.004885,7.232E-4,0
1506020314981,true,1754.351,0,2.562E-4,-0.004064,0.004444,6.178E-6,0.004654,0.001165,0.006931,2.732E-4,0.03471,-0.01187,0.006015,8.118E-4,0.006011,7.024E-4,0.004864,7.215E-4,0
1506020315016,true,1754.408,0,3.09E-4,-0.00383,0.00439,3.612E-6,0.004601,0.001175,0.006908,2.733E-4,0.03435,-0.0118,0.005996,8.06E-4,0.005949,7.132E-4,0.004843,7.148E-4,0
1506020315051,true,1754.466,0,-2.466E-4,-0.003535,0.004342,8.706E-6,0.004541,0.001181,0.006882,2.828E-4,0.03321,-0.01094,0.005975,8.024E-4,0.005899,7.215E-4,0.004814,7.139E-4,0
1506020315086,true,1754.523,0,-0.001175,-0.003799,0.004324,1.181E-5,0.004518,0.001177,0.006874,2.891E-4,0.03272,-0.01036,0.005951,8.03E-4,0.005885,7.245E-4,0.004779,7.187E-4,0
1506020315246,true,1754.593,0,-0.001407,-0.004333,0.004312,1.385E-5,0.004521,0.001175,0.006865,2.951E-4,0.03309,-0.01063,0.005916,8.11E-4,0.005875,7.235E-4,0.004733,7.314E-4,0
1506020315281,true,1754.651,0,-8.16E-4,-0.004605,0.004296,1.336E-5,0.004516,0.001183,0.006851,2.906E-4,0.03426,-0.01183,0.00589,8.137E-4,0.005868,7.208E-4,0.004728,7.318E-4,0
1506020315316,true,1754.708,0,-3.352E-4,-0.004452,0.004272,1.06E-5,0.004512,0.001189,0.006851,2.8E-4,0.03516,-0.01277,0.005886,8.129E-4,0.005848,7.262E-4,0.004746,7.274E-4,0
1506020315351,true,1754.766,0,1.825E-4,-0.004146,0.004267,5.229E-6,0.004499,0.001195,0.006858,2.792E-4,0.03452,-0.0124,0.005894,8.047E-4,0.005821,7.355E-4,0.004762,7.162E-4,0
1506020315386,true,1754.823,0,-5.419E-4,-0.003855,0.004266,2.534E-6,0.004472,0.001188,0.006857,2.857E-4,0.03367,-0.0117,0.005907,7.934E-4,0.005817,7.337E-4,0.004752,7.172E-4,0
1506020315521,true,1754.868,0,-0.001054,-0.004112,0.004264,4.102E-7,0.004451,0.001178,0.006848,2.92E-4,0.03338,-0.01111,0.005894,7.901E-4,0.005813,7.291E-4,0.004701,7.331E-4,0
1506020315556,true,1754.926,0,-8.231E-4,-0.004514,0.004243,1.398E-6,0.004426,0.001176,0.006809,2.941E-4,0.03404,-0.01171,0.005846,8.002E-4,0.005814,7.185E-4,0.004657,7.424E-4,0
1506020315591,true,1754.983,0,-1.3E-4,-0.004468,0.004199,-1.611E-6,0.004393,0.001178,0.00677,2.841E-4,0.03486,-0.01262,0.005822,7.997E-4,0.005786,7.117E-4,0.004635,7.408E-4,0
1506020315627,true,1755.041,0,1.049E-4,-0.004117,0.004142,-3.925E-6,0.004339,0.001183,0.006749,2.819E-4,0.03479,-0.01282,0.005796,7.983E-4,0.005729,7.16E-4,0.004612,7.288E-4,0
1506020315662,true,1755.098,0,-1.636E-4,-0.003746,0.004098,-5.854E-7,0.004279,0.001189,0.006717,2.906E-4,0.03353,-0.01193,0.005762,7.975E-4,0.005663,7.267E-4,0.004573,7.22E-4,0
1506020315821,true,1755.168,0,-0.001124,-0.003821,0.004071,7.226E-6,0.004235,0.001186,0.006707,2.999E-4,0.03262,-0.01121,0.005729,7.97E-4,0.005641,7.296E-4,0.004539,7.218E-4,0
1506020315856,true,1755.226,0,-0.001733,-0.00433,0.004058,1.419E-5,0.004234,0.001184,0.0067,3.078E-4,0.03255,-0.01097,0.005685,8.084E-4,0.005638,7.267E-4,0.004503,7.284E-4,0
1506020315891,true,1755.283,0,-0.001524,-0.004686,0.004042,1.749E-5,0.004248,0.001185,0.006695,3.03E-4,0.03344,-0.01193,0.005656,8.153E-4,0.005631,7.235E-4,0.004486,7.316E-4,0
1506020315926,true,1755.341,0,-0.001311,-0.004515,0.004018,1.79E-5,0.004256,0.001185,0.006692,2.975E-4,0.03446,-0.013,0.005646,8.198E-4,0.005621,7.234E-4,0.004484,7.33E-4,0
1506020315961,true,1755.398,0,-9.428E-4,-0.004219,0.004017,1.615E-5,0.004234,0.001198,0.006695,2.999E-4,0.03406,-0.01289,0.005646,8.182E-4,0.00559,7.334E-4,0.004484,7.287E-4,0
1506020316121,true,1755.469,0,-0.001307,-0.003849,0.004007,2.273E-5,0.004217,0.001192,0.006686,3.1E-4,0.0331,-0.01221,0.005653,8.109E-4,0.005582,7.392E-4,0.004475,7.299E-4,0
1506020316156,true,1755.527,0,-0.002193,-0.003882,0.004005,2.614E-5,0.004211,0.001184,0.00668,3.204E-4,0.03263,-0.01164,0.005637,8.121E-4,0.005588,7.389E-4,0.004447,7.365E-4,0
1506020316191,true,1755.584,0,-0.002128,-0.004233,0.004005,2.73E-5,0.004212,0.00118,0.006654,3.254E-4,0.03302,-0.01188,0.00561,8.165E-4,0.005594,7.312E-4,0.004421,7.439E-4,0
1506020316226,true,1755.642,0,-0.001412,-0.004207,0.003976,2.693E-5,0.0042,0.001183,0.00662,3.185E-4,0.03399,-0.01284,0.005593,8.173E-4,0.005582,7.282E-4,0.004418,7.437E-4,0
1506020316261,true,1755.699,0,-0.001247,-0.003829,0.003945,2.326E-5,0.004179,0.001186,0.006602,3.13E-4,0.03413,-0.01313,0.005572,8.19E-4,0.005536,7.35E-4,0.004407,7.362E-4,0
1506020316396,true,1755.743,0,-0.001022,-0.003517,0.003902,2.502E-5,0.004123,0.001195,0.006593,3.178E-4,0.03305,-0.01242,0.00555,8.119E-4,0.005473,7.463E-4,0.004386,7.233E-4,0
1506020316431,true,1755.801,0,-0.001917,-0.003368,0.003862,3.521E-5,0.004066,0.001198,0.006574,3.263E-4,0.03208,-0.01156,0.005522,8.084E-4,0.005438,7.508E-4,0.004347,7.253E-4,0
1506020316466,true,1755.858,0,-0.002775,-0.00378,0.003858,3.987E-5,0.004054,0.001196,0.006567,3.346E-4,0.03161,-0.01093,0.005478,8.197E-4,0.005424,7.504E-4,0.004299,7.398E-4,0
1506020316501,true,1755.916,0,-0.002815,-0.004209,0.00385,4.463E-5,0.004066,0.001202,0.006557,3.334E-4,0.03229,-0.01158,0.005452,8.295E-4,0.005423,7.472E-4,0.004291,7.425E-4,0
1506020316536,true,1755.973,0,-0.002544,-0.004118,0.003837,4.583E-5,0.004083,0.001206,0.006555,3.249E-4,0.03344,-0.01272,0.005451,8.324E-4,0.005418,7.464E-4,0.004311,7.397E-4,0
1506020316671,true,1756.019,0,-0.002372,-0.00384,0.003853,4.195E-5,0.004091,0.001212,0.006565,3.242E-4,0.03345,-0.01295,0.005451,8.309E-4,0.005392,7.594E-4,0.004337,7.319E-4,0
1506020316706,true,1756.077,0,-0.002515,-0.003562,0.003866,4.229E-5,0.004096,0.001209,0.006574,3.305E-4,0.03256,-0.01227,0.005469,8.22E-4,0.005393,7.657E-4,0.004357,7.256E-4,0
1506020316741,true,1756.134,0,-0.003096,-0.003676,0.003884,4.605E-5,0.004096,0.0012,0.00658,3.349E-4,0.03222,-0.01177,0.005478,8.168E-4,0.005401,7.698E-4,0.004344,7.299E-4,0
1506020316776,true,1756.192,0,-0.003349,-0.004069,0.003892,4.938E-5,0.004115,0.00119,0.006579,3.338E-4,0.03227,-0.01158,0.005469,8.229E-4,0.005417,7.626E-4,0.004329,7.389E-4,0
1506020316811,true,1756.249,0,-0.002644,-0.004184,0.003892,5.093E-5,0.004131,0.001193,0.006557,3.282E-4,0.03321,-0.01249,0.005454,8.319E-4,0.005427,7.558E-4,0.004339,7.415E-4,0
1506020316971,true,1756.319,0,-0.002108,-0.003824,0.003874,4.79E-5,0.004133,0.001196,0.006557,3.12E-4,0.03394,-0.01321,0.005456,8.325E-4,0.005413,7.571E-4,0.004347,7.37E-4,0
1506020317006,true,1756.377,0,-0.001813,-0.003495,0.003866,4.669E-5,0.00412,0.0012,0.006553,3.122E-4,0.0331,-0.01267,0.005456,8.27E-4,0.005389,7.625E-4,0.004352,7.281E-4,0
1506020317041,true,1756.434,0,-0.002246,-0.003307,0.003846,5.113E-5,0.004095,0.001193,0.006535,3.163E-4,0.03204,-0.01178,0.005451,8.215E-4,0.005371,7.66E-4,0.004334,7.283E-4,0
1506020317076,true,1756.492,0,-0.003131,-0.003569,0.003834,5.817E-5,0.004074,0.001186,0.006519,3.224E-4,0.0315,-0.01107,0.005429,8.221E-4,0.005352,7.677E-4,0.00429,7.377E-4,0
1506020317110,true,1756.549,0,-0.003124,-0.004122,0.003834,6.657E-5,0.004091,0.001189,0.006497,3.28E-4,0.03198,-0.01144,0.005407,8.295E-4,0.005354,7.623E-4,0.004271,7.464E-4,0
1506020317272,true,1756.619,0,-0.002515,-0.004263,0.003843,6.768E-5,0.004117,0.001193,0.00649,3.23E-4,0.03312,-0.01251,0.005402,8.354E-4,0.005354,7.624E-4,0.004287,7.513E-4,0
1506020317306,true,1756.677,0,-0.002073,-0.004118,0.00386,6.41E-5,0.004144,0.001199,0.006494,3.2E-4,0.03357,-0.01304,0.005421,8.346E-4,0.005338,7.728E-4,0.004319,7.473E-4,0
1506020317341,true,1756.734,0,-0.001976,-0.003852,0.003885,6.339E-5,0.004151,0.001202,0.006514,3.191E-4,0.03275,-0.01239,0.005442,8.279E-4,0.00533,7.831E-4,0.004351,7.402E-4,0
1506020317376,true,1756.792,0,-0.002685,-0.003778,0.003904,6.727E-5,0.00416,0.001192,0.006519,3.225E-4,0.03224,-0.01176,0.00546,8.204E-4,0.005352,7.856E-4,0.004357,7.453E-4,0
1506020317411,true,1756.849,0,-0.003176,-0.004158,0.00394,6.714E-5,0.004186,0.001177,0.006521,3.27E-4,0.03223,-0.01138,0.005467,8.212E-4,0.005375,7.818E-4,0.004348,7.599E-4,0
1506020317546,true,1756.894,0,-0.002553,-0.004398,0.003952,6.774E-5,0.004211,0.001177,0.006506,3.255E-4,0.03322,-0.01212,0.005469,8.225E-4,0.005396,7.759E-4,0.004361,7.67E-4,0
1506020317581,true,1756.952,0,-0.001916,-0.004008,0.003956,6.601E-5,0.004227,0.001175,0.006495,3.172E-4,0.03409,-0.01294,0.005478,8.233E-4,0.005405,7.727E-4,0.004389,7.633E-4,0
1506020317616,true,1757.009,0,-0.001432,-0.003673,0.003966,5.609E-5,0.004235,0.001175,0.006501,3.104E-4,0.03374,-0.01267,0.005492,8.186E-4,0.005397,7.742E-4,0.004402,7.565E-4,0
1506020317651,true,1757.067,0,-0.00189,-0.003214,0.00397,5.103E-5,0.004204,0.001172,0.006498,3.084E-4,0.03248,-0.01159,0.005506,8.081E-4,0.005391,7.772E-4,0.004396,7.553E-4,0
1506020317686,true,1757.124,0,-0.002753,-0.00338,0.003966,4.86E-5,0.004166,0.001165,0.006495,3.108E-4,0.03188,-0.01089,0.005501,8.002E-4,0.005388,7.734E-4,0.004358,7.632E-4,0
1506020317847,true,1757.194,0,-0.002956,-0.003885,0.003936,5.091E-5,0.004132,0.001162,0.00647,3.138E-4,0.03199,-0.01084,0.005457,8.077E-4,0.005379,7.63E-4,0.004314,7.717E-4,0
1506020317882,true,1757.252,0,-0.002434,-0.004122,0.003892,5.695E-5,0.004093,0.001174,0.006431,3.152E-4,0.03294,-0.01177,0.00542,8.177E-4,0.005369,7.556E-4,0.004292,7.799E-4,0
1506020317916,true,1757.309,0,-0.00211,-0.003916,0.003872,5.78E-5,0.00408,0.001185,0.006427,3.101E-4,0.03342,-0.0124,0.005413,8.204E-4,0.005333,7.616E-4,0.004292,7.802E-4,0
1506020317951,true,1757.367,0,-0.002009,-0.003723,0.003887,5.451E-5,0.004076,0.001196,0.006443,3.139E-4,0.03274,-0.01195,0.005431,8.118E-4,0.005322,7.66E-4,0.004315,7.713E-4,0
1506020317986,true,1757.424,0,-0.002671,-0.003545,0.003906,5.285E-5,0.004072,0.00119,0.006448,3.18E-4,0.03214,-0.01142,0.005449,8.045E-4,0.005329,7.688E-4,0.00431,7.75E-4,0
1506020318121,true,1757.469,0,-0.003275,-0.003886,0.003927,5.267E-5,0.004082,0.001183,0.00646,3.212E-4,0.03203,-0.011,0.005448,8.035E-4,0.005345,7.644E-4,0.004285,7.877E-4,0
1506020318156,true,1757.527,0,-0.002797,-0.004308,0.003936,5.586E-5,0.004108,0.001177,0.006445,3.203E-4,0.03283,-0.01159,0.005443,8.072E-4,0.005372,7.545E-4,0.004286,7.921E-4,0
1506020318191,true,1757.584,0,-0.001926,-0.004147,0.003942,4.942E-5,0.004127,0.001178,0.006441,3.071E-4,0.03391,-0.01256,0.005446,8.108E-4,0.00538,7.515E-4,0.004308,7.915E-4,0
1506020318226,true,1757.642,0,-0.001377,-0.00376,0.003953,4.065E-5,0.004138,0.001179,0.006455,2.954E-4,0.03394,-0.01266,0.005453,8.068E-4,0.005376,7.533E-4,0.004338,7.8E-4,0
1506020318261,true,1757.699,0,-0.001245,-0.003433,0.00397,3.338E-5,0.004127,0.001177,0.006445,3.004E-4,0.03267,-0.01146,0.005481,7.922E-4,0.005372,7.555E-4,0.004349,7.748E-4,0
1506020318421,true,1757.769,0,-0.001958,-0.003412,0.003978,3.078E-5,0.004111,0.001166,0.006443,3.024E-4,0.03187,-0.01062,0.005482,7.853E-4,0.005378,7.537E-4,0.004332,7.774E-4,0
1506020318456,true,1757.827,0,-0.002504,-0.00383,0.003978,2.626E-5,0.004098,0.00116,0.006416,3.114E-4,0.03155,-0.01009,0.005466,7.848E-4,0.00538,7.46E-4,0.0043,7.861E-4,0
1506020318491,true,1757.884,0,-0.002224,-0.004094,0.003942,2.597E-5,0.004077,0.001166,0.006378,3.096E-4,0.03233,-0.01084,0.005427,7.918E-4,0.005377,7.335E-4,0.004288,7.871E-4,0
1506020318526,true,1757.942,0,-0.001846,-0.00386,0.003893,3.088E-5,0.004035,0.001181,0.006353,3.073E-4,0.03322,-0.01181,0.005411,7.949E-4,0.005338,7.381E-4,0.004292,7.824E-4,0
1506020318561,true,1757.999,0,-0.001484,-0.003677,0.003877,3.189E-5,0.004013,0.001198,0.006361,3.105E-4,0.03277,-0.01163,0.0054,7.949E-4,0.005308,7.467E-4,0.004313,7.694E-4,0
1506020318696,true,1758.044,0,-0.002042,-0.003441,0.00389,3.252E-5,0.004004,0.001201,0.006381,3.107E-4,0.03182,-0.01092,0.005408,7.863E-4,0.005299,7.516E-4,0.004314,7.687E-4,0
1506020318731,true,1758.102,0,-0.002867,-0.003712,0.003899,3.15E-5,0.003997,0.001194,0.006398,3.136E-4,0.03148,-0.01044,0.005411,7.845E-4,0.005307,7.502E-4,0.004301,7.775E-4,0
1506020318766,true,1758.159,0,-0.002695,-0.004236,0.003906,3.377E-5,0.004006,0.001196,0.006389,3.193E-4,0.032,-0.01074,0.005397,7.89E-4,0.005328,7.398E-4,0.004295,7.859E-4,0
1506020318801,true,1758.217,0,-0.002145,-0.004128,0.003908,3.279E-5,0.00403,0.001194,0.006378,3.133E-4,0.03324,-0.01184,0.005398,7.897E-4,0.005349,7.295E-4,0.004305,7.917E-4,0
1506020318836,true,1758.274,0,-0.001708,-0.00374,0.003903,2.902E-5,0.004048,0.001192,0.006384,3.018E-4,0.03373,-0.0124,0.005428,7.851E-4,0.005339,7.345E-4,0.004325,7.867E-4,0
1506020318996,true,1758.344,0,-0.001435,-0.003328,0.003926,1.885E-5,0.004043,0.001195,0.006392,2.97E-4,0.03284,-0.01162,0.005448,7.753E-4,0.005339,7.345E-4,0.004354,7.762E-4,0
1506020319031,true,1758.402,0,-0.001958,-0.003152,0.003939,1.835E-5,0.004031,0.001185,0.00639,2.974E-4,0.03192,-0.01072,0.005447,7.679E-4,0.005345,7.347E-4,0.004355,7.721E-4,0
1506020319066,true,1758.459,0,-0.002399,-0.003587,0.003945,1.635E-5,0.004031,0.001173,0.006379,2.991E-4,0.03142,-0.009973,0.00542,7.73E-4,0.005347,7.279E-4,0.004317,7.798E-4,0
1506020319101,true,1758.517,0,-0.002289,-0.003858,0.003924,2.086E-5,0.004018,0.001177,0.006349,2.97E-4,0.03209,-0.01056,0.00538,7.803E-4,0.005357,7.132E-4,0.004312,7.762E-4,0
1506020319136,true,1758.574,0,-0.002149,-0.003682,0.003886,1.98E-5,0.003998,0.001184,0.006321,2.906E-4,0.03302,-0.01153,0.005358,7.814E-4,0.005338,7.084E-4,0.00432,7.691E-4,0
1506020319271,true,1758.619,0,-0.001886,-0.003544,0.003839,2.642E-5,0.003957,0.001197,0.006309,2.868E-4,0.03292,-0.01166,0.005343,7.824E-4,0.005292,7.139E-4,0.00431,7.622E-4,0
1506020319307,true,1758.677,0,-0.002002,-0.003379,0.003827,3.121E-5,0.003938,0.001204,0.006317,2.899E-4,0.03209,-0.0111,0.005332,7.804E-4,0.005267,7.235E-4,0.004317,7.563E-4,0
1506020319341,true,1758.734,0,-0.002875,-0.003522,0.00384,3.309E-5,0.003945,0.001199,0.006332,2.945E-4,0.03177,-0.0107,0.005342,7.748E-4,0.00528,7.282E-4,0.004314,7.598E-4,0
1506020319376,true,1758.792,0,-0.003338,-0.003989,0.003857,3.314E-5,0.003978,0.001191,0.00633,2.997E-4,0.03209,-0.01069,0.00533,7.811E-4,0.0053,7.243E-4,0.004304,7.714E-4,0
1506020319411,true,1758.849,0,-0.002678,-0.004253,0.00387,3.29E-5,0.004009,0.001192,0.006328,2.942E-4,0.03314,-0.01165,0.005332,7.836E-4,0.005331,7.183E-4,0.004322,7.77E-4,0
1506020319571,true,1758.919,0,-0.001955,-0.00394,0.003882,3.191E-5,0.004037,0.001192,0.006336,2.852E-4,0.03388,-0.01239,0.005352,7.83E-4,0.005334,7.214E-4,0.00436,7.717E-4,0
1506020319606,true,1758.977,0,-0.001548,-0.003653,0.003901,3.107E-5,0.004045,0.001195,0.006347,2.855E-4,0.03337,-0.012,0.005383,7.733E-4,0.005336,7.292E-4,0.004397,7.616E-4,0
1506020319641,true,1759.034,0,-0.001911,-0.003233,0.003939,3.107E-5,0.004067,0.001183,0.006354,2.89E-4,0.03237,-0.01112,0.005425,7.616E-4,0.005355,7.317E-4,0.004419,7.581E-4,0
1506020319676,true,1759.092,0,-0.002764,-0.003339,0.003971,2.896E-5,0.004088,0.001167,0.00636,2.89E-4,0.03183,-0.01031,0.005436,7.597E-4,0.005384,7.252E-4,0.00442,7.632E-4,0
1506020319711,true,1759.149,0,-0.002646,-0.003774,0.003989,2.633E-5,0.004107,0.001159,0.006352,2.825E-4,0.03225,-0.01053,0.005426,7.629E-4,0.00541,7.157E-4,0.004414,7.65E-4,0
1506020319846,true,1759.194,0,-0.002035,-0.003799,0.003964,3.032E-5,0.004111,0.001159,0.006341,2.728E-4,0.03328,-0.01154,0.005426,7.649E-4,0.005428,7.052E-4,0.004431,7.644E-4,0
1506020319881,true,1759.252,0,-0.001885,-0.00355,0.003944,2.544E-5,0.004098,0.001165,0.006332,2.711E-4,0.03337,-0.01185,0.005421,7.635E-4,0.005415,7.07E-4,0.00445,7.545E-4,0
1506020319916,true,1759.309,0,-0.001823,-0.00345,0.003917,2.663E-5,0.004072,0.00117,0.006316,2.805E-4,0.03237,-0.01114,0.005404,7.643E-4,0.005386,7.09E-4,0.004461,7.403E-4,0
1506020319951,true,1759.367,0,-0.00266,-0.00352,0.003899,3.358E-5,0.004033,0.001172,0.006313,2.917E-4,0.03165,-0.01058,0.0054,7.582E-4,0.005379,7.121E-4,0.004436,7.426E-4,0
1506020319986,true,1759.424,0,-0.003273,-0.004033,0.003901,4.32E-5,0.004038,0.001167,0.006307,3.031E-4,0.03161,-0.01027,0.005391,7.663E-4,0.005391,7.077E-4,0.004413,7.53E-4,0
1506020320122,true,1759.47,0,-0.002779,-0.004461,0.003912,4.764E-5,0.004065,0.001166,0.0063,3.042E-4,0.03256,-0.01119,0.005384,7.747E-4,0.005419,7.009E-4,0.004426,7.562E-4,0
1506020320156,true,1759.528,0,-0.002269,-0.004171,0.00392,4.644E-5,0.004095,0.001171,0.006319,2.945E-4,0.03371,-0.01226,0.005406,7.751E-4,0.005435,7.035E-4,0.004456,7.532E-4,0
1506020320191,true,1759.585,0,-0.001721,-0.003823,0.003941,4.439E-5,0.004129,0.001171,0.006342,2.901E-4,0.03359,-0.01224,0.005442,7.701E-4,0.005444,7.08E-4,0.004496,7.451E-4,0
1506020320226,true,1759.643,0,-0.001795,-0.003452,0.003983,4.241E-5,0.004149,0.001163,0.006358,2.924E-4,0.03251,-0.01141,0.005473,7.592E-4,0.005461,7.124E-4,0.004533,7.39E-4,0
1506020320261,true,1759.7,0,-0.002569,-0.00343,0.004022,4.318E-5,0.00418,0.001149,0.006377,2.951E-4,0.03189,-0.01058,0.005489,7.541E-4,0.0055,7.116E-4,0.004533,7.451E-4,0
1506020320421,true,1759.769,0,-0.002737,-0.0038,0.004056,4.191E-5,0.004211,0.001142,0.006383,2.966E-4,0.03197,-0.01038,0.005492,7.576E-4,0.00553,7.077E-4,0.004553,7.44E-4,0
1506020320456,true,1759.827,0,-0.002057,-0.003831,0.004072,4.004E-5,0.004247,0.00114,0.006382,2.871E-4,0.03289,-0.01122,0.005496,7.606E-4,0.005572,6.943E-4,0.004577,7.456E-4,0
1506020320491,true,1759.884,0,-0.00163,-0.003567,0.004064,3.67E-5,0.004258,0.001144,0.006392,2.71E-4,0.03342,-0.01175,0.005509,7.587E-4,0.005578,6.928E-4,0.004609,7.349E-4,0
1506020320526,true,1759.942,0,-0.001432,-0.003381,0.00407,3.008E-5,0.004255,0.001151,0.00641,2.657E-4,0.03251,-0.01115,0.005522,7.539E-4,0.005575,6.925E-4,0.004629,7.252E-4,0
1506020320561,true,1759.999,0,-0.002329,-0.003191,0.004071,2.883E-5,0.004229,0.00115,0.006408,2.721E-4,0.03165,-0.01048,0.005531,7.458E-4,0.005561,6.953E-4,0.004621,7.201E-4,0
1506020320722,true,1760.069,0,-0.00333,-0.003492,0.004055,3.286E-5,0.004192,0.001152,0.006406,2.786E-4,0.03147,-0.01009,0.00551,7.495E-4,0.005564,6.92E-4,0.004584,7.275E-4,0
1506020320757,true,1760.127,0,-0.00308,-0.004037,0.004048,3.937E-5,0.004198,0.001158,0.006397,2.85E-4,0.03213,-0.0106,0.005491,7.55E-4,0.005582,6.847E-4,0.00459,7.289E-4,0
1506020320791,true,1760.184,0,-0.002318,-0.003994,0.004044,4.07E-5,0.004214,0.00117,0.006403,2.753E-4,0.03328,-0.01173,0.005509,7.57E-4,0.0056,6.801E-4,0.004619,7.267E-4,0
1506020320826,true,1760.242,0,-0.001947,-0.003696,0.004053,3.729E-5,0.004222,0.001181,0.006425,2.714E-4,0.03339,-0.01198,0.005539,7.534E-4,0.005597,6.859E-4,0.004654,7.184E-4,0
1506020320861,true,1760.299,0,-0.001542,-0.003367,0.004075,3.547E-5,0.004232,0.001179,0.006442,2.784E-4,0.03253,-0.0111,0.005574,7.45E-4,0.005601,6.929E-4,0.004691,7.051E-4,0
1506020321021,true,1760.37,0,-0.002255,-0.00324,0.004106,3.772E-5,0.004241,0.001172,0.006453,2.865E-4,0.03176,-0.0103,0.005608,7.368E-4,0.00563,6.935E-4,0.00469,7.117E-4,0
1506020321057,true,1760.428,0,-0.002548,-0.003567,0.004141,3.626E-5,0.004254,0.001169,0.006464,2.873E-4,0.03157,-0.009747,0.005615,7.419E-4,0.005672,6.847E-4,0.00469,7.191E-4,0
1506020321091,true,1760.485,0,-0.002053,-0.003703,0.004173,3.123E-5,0.004282,0.001171,0.006461,2.806E-4,0.03251,-0.01051,0.005623,7.434E-4,0.00571,6.708E-4,0.004702,7.219E-4,0
1506020321126,true,1760.543,0,-0.001829,-0.003323,0.004181,2.7E-5,0.004309,0.001177,0.006464,2.703E-4,0.03323,-0.01125,0.005632,7.468E-4,0.005725,6.668E-4,0.004725,7.157E-4,0
1506020321161,true,1760.6,0,-0.001723,-0.002983,0.004186,2.117E-5,0.004317,0.001179,0.006478,2.638E-4,0.0326,-0.0109,0.005646,7.417E-4,0.005721,6.686E-4,0.004745,7.015E-4,0
1506020321297,true,1760.645,0,-0.002318,-0.00267,0.004185,2.076E-5,0.004301,0.001179,0.006485,2.672E-4,0.03156,-0.01005,0.00565,7.343E-4,0.005718,6.656E-4,0.004748,6.941E-4,0
1506020321332,true,1760.703,0,-0.00317,-0.002949,0.004166,1.977E-5,0.004267,0.001176,0.006487,2.711E-4,0.03121,-0.009515,0.005627,7.351E-4,0.005713,6.598E-4,0.00472,6.958E-4,0
1506020321366,true,1760.76,0,-0.003402,-0.003509,0.004131,2.554E-5,0.004245,0.001185,0.006472,2.811E-4,0.03158,-0.009709,0.005585,7.474E-4,0.005711,6.519E-4,0.004682,7.022E-4,0
1506020321401,true,1760.818,0,-0.002789,-0.00368,0.004106,3.118E-5,0.004245,0.001196,0.006454,2.819E-4,0.03276,-0.01087,0.005572,7.523E-4,0.005705,6.474E-4,0.004685,7.045E-4,0
1506020321436,true,1760.875,0,-0.002067,-0.003556,0.004103,2.945E-5,0.004257,0.001206,0.006468,2.78E-4,0.03341,-0.01156,0.005592,7.513E-4,0.005698,6.514E-4,0.004708,6.993E-4,0
1506020321572,true,1760.92,0,-0.001668,-0.003301,0.00412,2.412E-5,0.004266,0.001216,0.006484,2.832E-4,0.03274,-0.01103,0.005618,7.445E-4,0.005699,6.59E-4,0.004737,6.874E-4,0
1506020321607,true,1760.978,0,-0.002219,-0.003067,0.004157,2.111E-5,0.00426,0.001213,0.006508,2.856E-4,0.03219,-0.01042,0.005651,7.335E-4,0.005716,6.604E-4,0.004743,6.911E-4,0
1506020321642,true,1761.035,0,-0.002708,-0.003296,0.004189,2.253E-5,0.004282,0.001201,0.006512,2.933E-4,0.03194,-0.009761,0.005664,7.336E-4,0.005749,6.562E-4,0.00474,6.968E-4,0
1506020321676,true,1761.093,0,-0.002204,-0.003622,0.004205,2.636E-5,0.004311,0.001206,0.006518,2.895E-4,0.03275,-0.01034,0.005673,7.355E-4,0.005781,6.489E-4,0.004758,7.001E-4,0
1506020321711,true,1761.15,0,-0.001656,-0.00334,0.004209,2.479E-5,0.004329,0.00121,0.006518,2.788E-4,0.03373,-0.01128,0.005692,7.373E-4,0.005798,6.464E-4,0.004785,6.968E-4,0
1506020321872,true,1761.22,0,-0.001084,-0.003051,0.004219,2.153E-5,0.004348,0.00121,0.006538,2.726E-4,0.03348,-0.01118,0.005722,7.327E-4,0.005796,6.487E-4,0.004832,6.781E-4,0
1506020321907,true,1761.278,0,-0.001313,-0.002799,0.004224,2.135E-5,0.004333,0.001212,0.00655,2.752E-4,0.03239,-0.01023,0.005741,7.266E-4,0.005797,6.494E-4,0.004857,6.639E-4,0
1506020321942,true,1761.335,0,-0.00224,-0.002899,0.004225,2.192E-5,0.004316,0.001206,0.006556,2.799E-4,0.03176,-0.009527,0.005739,7.202E-4,0.005806,6.432E-4,0.004829,6.657E-4,0
1506020321977,true,1761.393,0,-0.002804,-0.003441,0.0042,2.432E-5,0.004293,0.001206,0.006531,2.857E-4,0.03197,-0.009459,0.00571,7.229E-4,0.00581,6.356E-4,0.004802,6.689E-4,0
1506020322011,true,1761.45,0,-0.002495,-0.003759,0.004145,2.862E-5,0.00427,0.001217,0.006497,2.877E-4,0.03307,-0.01048,0.005682,7.283E-4,0.005791,6.28E-4,0.004771,6.706E-4,0
1506020322147,true,1761.495,0,-0.002342,-0.003546,0.004094,3.202E-5,0.00423,0.001231,0.006477,2.908E-4,0.034,-0.01145,0.005666,7.338E-4,0.005753,6.35E-4,0.004775,6.632E-4,0
1506020322182,true,1761.553,0,-0.001919,-0.003335,0.004077,3.701E-5,0.004224,0.00124,0.006487,2.931E-4,0.03342,-0.0111,0.005668,7.312E-4,0.005737,6.409E-4,0.004791,6.528E-4,0
1506020322216,true,1761.61,0,-0.002169,-0.003069,0.004083,4.211E-5,0.004212,0.001243,0.006503,3.003E-4,0.03271,-0.01054,0.005695,7.242E-4,0.005735,6.453E-4,0.004793,6.553E-4,0
1506020322251,true,1761.668,0,-0.002626,-0.003308,0.004115,4.138E-5,0.004222,0.001238,0.006518,3.07E-4,0.03253,-0.01003,0.005708,7.233E-4,0.005761,6.438E-4,0.00478,6.626E-4,0
1506020322286,true,1761.725,0,-0.002206,-0.00373,0.004132,4.494E-5,0.004248,0.001235,0.006516,3.07E-4,0.03307,-0.01028,0.005713,7.277E-4,0.005784,6.361E-4,0.004784,6.69E-4,0
1506020322447,true,1761.795,0,-0.001117,-0.003718,0.004149,4.323E-5,0.004269,0.001243,0.006512,3.045E-4,0.03416,-0.01126,0.005738,7.293E-4,0.005815,6.293E-4,0.004812,6.688E-4,0
1506020322482,true,1761.853,0,-8.149E-4,-0.003294,0.004162,4.165E-5,0.004297,0.001246,0.006524,2.975E-4,0.03434,-0.01146,0.005771,7.25E-4,0.005825,6.304E-4,0.004847,6.588E-4,0
1506020322516,true,1761.91,0,-7.379E-4,-0.002877,0.004189,3.876E-5,0.004306,0.00125,0.006549,2.988E-4,0.03307,-0.01037,0.005803,7.189E-4,0.005841,6.327E-4,0.004876,6.513E-4,0
1506020322551,true,1761.968,0,-0.001509,-0.002807,0.004203,4.175E-5,0.004301,0.001244,0.006555,3.026E-4,0.03216,-0.009502,0.005833,7.078E-4,0.005862,6.329E-4,0.004888,6.483E-4,0
1506020322586,true,1762.025,0,-0.00209,-0.003279,0.004199,4.691E-5,0.004311,0.001234,0.006549,3.104E-4,0.03194,-0.009019,0.005826,7.125E-4,0.005871,6.281E-4,0.004869,6.547E-4,0
1506020322747,true,1762.095,0,-0.001916,-0.003705,0.004167,5.286E-5,0.004307,0.001234,0.00653,3.139E-4,0.03277,-0.009784,0.005805,7.188E-4,0.005871,6.223E-4,0.004863,6.571E-4,0
1506020322782,true,1762.153,0,-0.001331,-0.003661,0.004129,5.305E-5,0.004296,0.001242,0.00652,3.107E-4,0.03389,-0.01088,0.005801,7.191E-4,0.005851,6.243E-4,0.004872,6.509E-4,0
1506020322816,true,1762.21,0,-9.346E-4,-0.00355,0.004092,4.948E-5,0.004258,0.00125,0.006511,3.154E-4,0.03364,-0.0109,0.005795,7.172E-4,0.00581,6.305E-4,0.004869,6.355E-4,0
1506020322851,true,1762.268,0,-0.001127,-0.003295,0.00405,5.383E-5,0.004191,0.001262,0.006488,3.327E-4,0.03266,-0.01021,0.00578,7.101E-4,0.005771,6.355E-4,0.004851,6.284E-4,0
1506020322886,true,1762.325,0,-0.00191,-0.003397,0.004027,5.974E-5,0.004146,0.001263,0.006468,3.517E-4,0.0321,-0.009464,0.005768,7.07E-4,0.005756,6.397E-4,0.004822,6.373E-4,0
1506020323022,true,1762.371,0,-0.001852,-0.003838,0.004027,6.642E-5,0.004156,0.00126,0.006459,3.62E-4,0.03232,-0.009417,0.005752,7.148E-4,0.005763,6.337E-4,0.004796,6.431E-4,0
1506020323057,true,1762.429,0,-0.001009,-0.003882,0.004025,7.082E-5,0.004164,0.001262,0.006449,3.594E-4,0.03325,-0.01027,0.005756,7.194E-4,0.00577,6.289E-4,0.004806,6.461E-4,0
1506020323092,true,1762.486,0,-4.341E-4,-0.003365,0.004029,6.86E-5,0.004185,0.001266,0.006465,3.515E-4,0.03381,-0.01076,0.00578,7.153E-4,0.005765,6.313E-4,0.004833,6.393E-4,0
1506020323127,true,1762.544,0,-5.444E-5,-0.003007,0.00405,6.726E-5,0.004185,0.001275,0.006483,3.494E-4,0.03282,-0.009894,0.005807,7.116E-4,0.005768,6.369E-4,0.004846,6.323E-4,0
1506020323161,true,1762.601,0,-4.518E-4,-0.002807,0.004072,7.079E-5,0.004185,0.001276,0.006498,3.495E-4,0.03175,-0.008938,0.005836,7.044E-4,0.005787,6.412E-4,0.004861,6.271E-4,0
1506020323322,true,1762.67,0,-0.001229,-0.003126,0.004087,7.345E-5,0.004195,0.001271,0.006503,3.559E-4,0.03133,-0.008269,0.005836,7.075E-4,0.005812,6.343E-4,0.004849,6.363E-4,0
1506020323357,true,1762.728,0,-0.001241,-0.003559,0.004087,7.61E-5,0.004218,0.001265,0.006497,3.561E-4,0.03192,-0.008727,0.005824,7.145E-4,0.005833,6.238E-4,0.004851,6.413E-4,0
1506020323392,true,1762.785,0,-6.472E-4,-0.003653,0.004067,7.762E-5,0.00422,0.001274,0.006493,3.513E-4,0.03301,-0.009759,0.005829,7.15E-4,0.005829,6.212E-4,0.004863,6.426E-4,0
1506020323426,true,1762.843,0,-4.568E-4,-0.003438,0.004043,7.463E-5,0.004204,0.001281,0.006487,3.53E-4,0.03318,-0.01003,0.005821,7.162E-4,0.005792,6.277E-4,0.004857,6.368E-4,0
1506020323461,true,1762.9,0,-3.209E-4,-0.003253,0.004022,7.199E-5,0.00417,0.001285,0.006478,3.651E-4,0.0322,-0.00931,0.005824,7.035E-4,0.005753,6.357E-4,0.00485,6.258E-4,0
1506020323597,true,1762.946,0,-0.001025,-0.003356,0.003992,7.561E-5,0.004116,0.001286,0.006467,3.748E-4,0.0317,-0.008765,0.005809,6.97E-4,0.005717,6.396E-4,0.004803,6.304E-4,0
1506020323632,true,1763.004,0,-0.001544,-0.003751,0.00397,8.251E-5,0.004092,0.001284,0.006455,3.854E-4,0.03164,-0.008508,0.005772,7.072E-4,0.005711,6.364E-4,0.004756,6.392E-4,0
1506020323667,true,1763.061,0,-7.371E-4,-0.003949,0.003955,8.91E-5,0.004094,0.001286,0.006442,3.879E-4,0.03251,-0.009258,0.005756,7.139E-4,0.005703,6.319E-4,0.004748,6.408E-4,0
1506020323702,true,1763.119,0,-7.45E-5,-0.003548,0.003946,9.01E-5,0.0041,0.001289,0.006444,3.847E-4,0.03359,-0.01025,0.005762,7.175E-4,0.005695,6.353E-4,0.004763,6.382E-4,0
1506020323736,true,1763.176,0,5.107E-4,-0.003196,0.003954,8.941E-5,0.004096,0.001299,0.006459,3.878E-4,0.03295,-0.009787,0.005781,7.116E-4,0.005677,6.415E-4,0.004785,6.223E-4,0
1506020323872,true,1763.221,0,2.387E-4,-0.002773,0.003982,8.638E-5,0.004093,0.001294,0.006467,3.924E-4,0.03167,-0.008694,0.005797,7.082E-4,0.005676,6.455E-4,0.004793,6.159E-4,0
1506020323907,true,1763.279,0,-5.449E-4,-0.002859,0.003996,8.903E-5,0.004096,0.001283,0.006473,3.981E-4,0.03103,-0.007858,0.005804,7.06E-4,0.005679,6.501E-4,0.004774,6.218E-4,0
1506020323942,true,1763.336,0,-7.051E-4,-0.00334,0.004015,9.056E-5,0.004111,0.001281,0.006468,3.99E-4,0.0313,-0.007927,0.005792,7.108E-4,0.005705,6.421E-4,0.004766,6.269E-4,0
1506020323977,true,1763.394,0,-1.63E-4,-0.00346,0.004002,9.507E-5,0.004128,0.001289,0.006457,3.953E-4,0.0324,-0.009031,0.005784,7.157E-4,0.005717,6.322E-4,0.004778,6.242E-4,0
1506020324011,true,1763.451,0,5.447E-6,-0.0032,0.003985,9.285E-5,0.004135,0.001291,0.006461,3.869E-4,0.033,-0.009713,0.005789,7.143E-4,0.005693,6.385E-4,0.004788,6.159E-4,0
1506020324173,true,1763.521,0,2.559E-4,-0.00302,0.003966,8.786E-5,0.004114,0.001297,0.00646,3.923E-4,0.03214,-0.009215,0.005784,7.101E-4,0.005663,6.406E-4,0.004794,6.037E-4,0
1506020324207,true,1763.579,0,-5.327E-4,-0.002935,0.00394,8.562E-5,0.004056,0.001298,0.006457,3.998E-4,0.03146,-0.008671,0.005772,7.048E-4,0.005625,6.45E-4,0.004761,6.05E-4,0
1506020324242,true,1763.636,0,-0.001096,-0.003347,0.003893,8.727E-5,0.004007,0.001291,0.006436,4.117E-4,0.03133,-0.008345,0.005726,7.074E-4,0.005598,6.403E-4,0.004716,6.093E-4,0
1506020324277,true,1763.694,0,-8.868E-4,-0.003667,0.003835,9.522E-5,0.00396,0.001301,0.006389,4.198E-4,0.03211,-0.009076,0.005677,7.167E-4,0.00556,6.367E-4,0.004668,6.193E-4,0
1506020324312,true,1763.751,0,-3.004E-4,-0.003409,0.003802,1.001E-4,0.003939,0.001315,0.006375,4.187E-4,0.0332,-0.01018,0.005655,7.22E-4,0.005534,6.381E-4,0.004656,6.198E-4,0
1506020324472,true,1763.82,0,2.237E-4,-0.002985,0.003806,9.892E-5,0.003941,0.00132,0.006393,4.169E-4,0.03316,-0.01031,0.00566,7.227E-4,0.005518,6.427E-4,0.00467,6.11E-4,0
1506020324507,true,1763.878,0,1.516E-4,-0.002565,0.00383,9.747E-5,0.003935,0.001322,0.006401,4.253E-4,0.03192,-0.009281,0.005674,7.123E-4,0.005514,6.476E-4,0.004684,5.987E-4,0
1506020324542,true,1763.935,0,-6.341E-4,-0.002556,0.003868,9.243E-5,0.003947,0.001314,0.006398,4.315E-4,0.03123,-0.008481,0.005688,7.074E-4,0.005537,6.451E-4,0.004664,6.045E-4,0
1506020324577,true,1763.993,0,-0.001022,-0.002938,0.003891,9.205E-5,0.003961,0.001309,0.006396,4.31E-4,0.03124,-0.008267,0.00567,7.14E-4,0.005563,6.382E-4,0.004645,6.143E-4,0
1506020324612,true,1764.05,0,-8.965E-4,-0.003075,0.003889,9.785E-5,0.003978,0.001315,0.006394,4.256E-4,0.03218,-0.009169,0.005665,7.182E-4,0.00559,6.326E-4,0.004671,6.172E-4,0
1506020324747,true,1764.096,0,-4.174E-4,-0.002878,0.00389,9.627E-5,0.004001,0.001319,0.006403,4.133E-4,0.03296,-0.009984,0.005689,7.165E-4,0.005596,6.315E-4,0.004693,6.136E-4,0
1506020324782,true,1764.154,0,-1.803E-4,-0.002796,0.003902,8.91E-5,0.003997,0.001325,0.006415,4.147E-4,0.03249,-0.009725,0.005706,7.126E-4,0.005588,6.38E-4,0.004717,6.032E-4,0
1506020324817,true,1764.211,0,-7.372E-4,-0.00259,0.003909,8.768E-5,0.003977,0.001324,0.00641,4.225E-4,0.03169,-0.009136,0.005717,7.031E-4,0.005578,6.435E-4,0.004716,5.959E-4,0
1506020324851,true,1764.269,0,-0.001637,-0.002897,0.003901,8.6E-5,0.003957,0.001318,0.006414,4.258E-4,0.03149,-0.008737,0.005695,7.037E-4,0.005576,6.392E-4,0.004677,6.057E-4,0
1506020324887,true,1764.326,0,-0.001219,-0.003493,0.003866,8.726E-5,0.003935,0.001319,0.006382,4.335E-4,0.03233,-0.009393,0.005656,7.121E-4,0.005567,6.286E-4,0.004636,6.129E-4,0
1506020325022,true,1764.371,0,-2.697E-4,-0.003448,0.003796,9.196E-5,0.003899,0.001326,0.006357,4.297E-4,0.03353,-0.01062,0.00562,7.153E-4,0.005541,6.258E-4,0.004609,6.203E-4,0
1506020325057,true,1764.429,0,4.096E-4,-0.003012,0.003762,9.355E-5,0.003869,0.001334,0.006347,4.296E-4,0.03398,-0.0112,0.005598,7.204E-4,0.00549,6.379E-4,0.004606,6.181E-4,0
1506020325092,true,1764.486,0,7.05E-4,-0.002595,0.00377,9.314E-5,0.003853,0.001337,0.006351,4.364E-4,0.03299,-0.01035,0.005601,7.192E-4,0.005471,6.459E-4,0.00461,6.123E-4,0
1506020325127,true,1764.544,0,4.612E-5,-0.002376,0.003785,9.603E-5,0.003838,0.001337,0.006369,4.388E-4,0.03212,-0.009444,0.005616,7.124E-4,0.00548,6.505E-4,0.004604,6.123E-4,0
1506020325162,true,1764.601,0,-4.247E-4,-0.002743,0.003819,9.488E-5,0.003864,0.001327,0.006367,4.412E-4,0.03165,-0.008672,0.005613,7.204E-4,0.005498,6.472E-4,0.004573,6.291E-4,0
1506020325322,true,1764.671,0,3.068E-5,-0.003041,0.00383,9.919E-5,0.003891,0.001331,0.006367,4.345E-4,0.0323,-0.009242,0.0056,7.307E-4,0.005536,6.367E-4,0.004584,6.318E-4,0
1506020325357,true,1764.729,0,5.431E-4,-0.002889,0.003831,1.009E-4,0.00391,0.001342,0.006377,4.218E-4,0.03321,-0.01015,0.005611,7.373E-4,0.005545,6.393E-4,0.004615,6.307E-4,0
1506020325392,true,1764.786,0,7.198E-4,-0.002709,0.003851,9.741E-5,0.003926,0.001348,0.006394,4.143E-4,0.03307,-0.01013,0.005635,7.363E-4,0.005541,6.483E-4,0.004652,6.22E-4,0
1506020325427,true,1764.844,0,1.755E-4,-0.002337,0.003861,9.559E-5,0.003927,0.001347,0.006407,4.136E-4,0.03227,-0.009498,0.005668,7.246E-4,0.005551,6.511E-4,0.004671,6.122E-4,0
1506020325462,true,1764.901,0,-5.582E-4,-0.002594,0.003871,9.016E-5,0.003923,0.001338,0.006411,4.166E-4,0.03185,-0.009036,0.005664,7.236E-4,0.005568,6.502E-4,0.00466,6.212E-4,0
1506020325622,true,1764.971,0,-6.672E-4,-0.003086,0.003855,9.468E-5,0.003921,0.001329,0.006401,4.229E-4,0.03228,-0.009243,0.005651,7.266E-4,0.005577,6.454E-4,0.004638,6.298E-4,0
1506020325657,true,1765.029,0,-1.516E-4,-0.003202,0.003817,9.573E-5,0.003907,0.001331,0.006377,4.211E-4,0.03341,-0.01032,0.005632,7.298E-4,0.00557,6.419E-4,0.004627,6.363E-4,0
1506020325692,true,1765.086,0,3.326E-4,-0.002958,0.00377,9.452E-5,0.003868,0.001337,0.006372,4.136E-4,0.03411,-0.01112,0.005616,7.35E-4,0.005534,6.499E-4,0.004614,6.349E-4,0
1506020325727,true,1765.144,0,7.902E-4,-0.002622,0.003735,9.855E-5,0.003815,0.001349,0.006358,4.224E-4,0.03343,-0.01062,0.005617,7.29E-4,0.005497,6.568E-4,0.004614,6.275E-4,0
1506020325761,true,1765.201,0,3.658E-4,-0.00229,0.003734,1.024E-4,0.003784,0.00135,0.006363,4.285E-4,0.03235,-0.009738,0.005635,7.254E-4,0.005482,6.66E-4,0.004592,6.321E-4,0
1506020325897,true,1765.246,0,-2.436E-4,-0.002534,0.003738,1.114E-4,0.003786,0.001343,0.006363,4.357E-4,0.03185,-0.008927,0.005627,7.324E-4,0.005499,6.638E-4,0.004571,6.37E-4,0
1506020325932,true,1765.304,0,-9.058E-5,-0.002893,0.003748,1.126E-4,0.0038,0.00134,0.006354,4.366E-4,0.03236,-0.009273,0.005618,7.408E-4,0.005508,6.582E-4,0.004564,6.438E-4,0
1506020325967,true,1765.361,0,6.783E-4,-0.002843,0.003738,1.167E-4,0.003819,0.001348,0.006354,4.283E-4,0.03334,-0.01023,0.005614,7.47E-4,0.005514,6.583E-4,0.004579,6.458E-4,0
1506020326002,true,1765.419,0,8.487E-4,-0.002523,0.003737,1.162E-4,0.003828,0.001357,0.006369,4.198E-4,0.03332,-0.01032,0.005633,7.496E-4,0.005505,6.712E-4,0.004602,6.425E-4,0
1506020326037,true,1765.476,0,9.782E-4,-0.002357,0.003754,1.149E-4,0.00384,0.001358,0.006384,4.272E-4,0.03221,-0.009452,0.005653,7.454E-4,0.00551,6.753E-4,0.004625,6.363E-4,0
1506020326197,true,1765.547,0,9.831E-5,-0.002468,0.003769,1.141E-4,0.003847,0.001348,0.006391,4.343E-4,0.03152,-0.008821,0.005671,7.395E-4,0.005523,6.798E-4,0.004623,6.407E-4,0
1506020326232,true,1765.605,0,-6.196E-4,-0.002911,0.003777,1.142E-4,0.003849,0.001345,0.006385,4.392E-4,0.03155,-0.008595,0.005655,7.464E-4,0.005531,6.75E-4,0.004599,6.485E-4,0
1506020326267,true,1765.662,0,-2.199E-4,-0.003276,0.00375,1.139E-4,0.003838,0.001348,0.006365,4.439E-4,0.03253,-0.009562,0.005638,7.509E-4,0.005528,6.72E-4,0.004597,6.486E-4,0
1506020326302,true,1765.72,0,3.562E-4,-0.00304,0.003711,1.107E-4,0.003816,0.00135,0.00636,4.366E-4,0.03368,-0.01074,0.005623,7.571E-4,0.005496,6.746E-4,0.004591,6.468E-4,0
1506020326336,true,1765.777,0,7.547E-4,-0.002751,0.003661,1.103E-4,0.003766,0.001358,0.006355,4.349E-4,0.03326,-0.01056,0.005607,7.558E-4,0.005448,6.782E-4,0.004587,6.393E-4,0
1506020326472,true,1765.821,0,3.313E-4,-0.002284,0.003637,1.133E-4,0.003717,0.001361,0.006345,4.467E-4,0.03225,-0.009745,0.005599,7.495E-4,0.005401,6.902E-4,0.004565,6.374E-4,0
1506020326507,true,1765.879,0,-3.441E-4,-0.002402,0.003622,1.202E-4,0.00371,0.001353,0.006357,4.52E-4,0.03175,-0.00903,0.005586,7.503E-4,0.005404,6.878E-4,0.004535,6.461E-4,0
1506020326542,true,1765.936,0,-2.231E-4,-0.002858,0.003634,1.217E-4,0.003718,0.001354,0.006346,4.595E-4,0.03199,-0.009095,0.005571,7.584E-4,0.005419,6.792E-4,0.00451,6.54E-4,0
1506020326577,true,1765.994,0,4.129E-4,-0.002853,0.003635,1.221E-4,0.003731,0.00136,0.006342,4.523E-4,0.03292,-0.009999,0.00556,7.644E-4,0.005432,6.764E-4,0.004518,6.577E-4,0
1506020326612,true,1766.051,0,7.294E-4,-0.002552,0.003634,1.208E-4,0.003749,0.001369,0.006344,4.481E-4,0.03325,-0.01052,0.005565,7.69E-4,0.005433,6.781E-4,0.004534,6.527E-4,0
1506020326771,true,1766.121,0,8.589E-4,-0.002365,0.003648,1.199E-4,0.003755,0.001377,0.006356,4.49E-4,0.0322,-0.009779,0.005578,7.648E-4,0.005422,6.858E-4,0.004563,6.422E-4,0
1506020326806,true,1766.179,0,9.709E-6,-0.002345,0.003663,1.217E-4,0.003751,0.001375,0.006368,4.52E-4,0.03141,-0.009063,0.005599,7.589E-4,0.005432,6.898E-4,0.004562,6.406E-4,0
1506020326841,true,1766.236,0,-6.219E-4,-0.002873,0.003683,1.18E-4,0.003761,0.001366,0.006375,4.526E-4,0.03101,-0.008454,0.005592,7.634E-4,0.005452,6.862E-4,0.004541,6.481E-4,0
1506020326876,true,1766.294,0,-3.914E-4,-0.003409,0.00368,1.166E-4,0.003777,0.001362,0.006365,4.497E-4,0.03179,-0.009146,0.005572,7.713E-4,0.005461,6.836E-4,0.004528,6.55E-4,0
1506020326910,true,1766.351,0,1.365E-4,-0.003372,0.003655,1.151E-4,0.003768,0.001368,0.006359,4.43E-4,0.03296,-0.01033,0.00557,7.721E-4,0.005451,6.815E-4,0.004531,6.558E-4,0
1506020327046,true,1766.395,0,5.419E-4,-0.003149,0.003626,1.134E-4,0.003756,0.001367,0.006359,4.41E-4,0.03289,-0.01054,0.005565,7.704E-4,0.005413,6.872E-4,0.004528,6.476E-4,0
1506020327081,true,1766.453,0,6.177E-4,-0.002843,0.003591,1.141E-4,0.00371,0.00137,0.006356,4.472E-4,0.03189,-0.009793,0.005551,7.625E-4,0.005364,6.945E-4,0.004504,6.431E-4,0
1506020327116,true,1766.51,0,-1.016E-4,-0.002772,0.00357,1.209E-4,0.003664,0.001363,0.006342,4.565E-4,0.0314,-0.009374,0.005525,7.62E-4,0.005334,6.973E-4,0.004449,6.549E-4,0
1506020327151,true,1766.568,0,-3.582E-4,-0.00315,0.003571,1.253E-4,0.003659,0.001359,0.006332,4.654E-4,0.03146,-0.009188,0.0055,7.698E-4,0.005328,6.933E-4,0.004404,6.669E-4,0
1506020327186,true,1766.625,0,1.912E-4,-0.003311,0.003581,1.272E-4,0.003675,0.001362,0.006326,4.614E-4,0.03226,-0.009941,0.00548,7.738E-4,0.005335,6.872E-4,0.004408,6.692E-4,0
1506020327346,true,1766.695,0,4.957E-4,-0.003005,0.003585,1.26E-4,0.003693,0.001366,0.006347,4.471E-4,0.033,-0.01084,0.005502,7.712E-4,0.005326,6.889E-4,0.00442,6.674E-4,0
1506020327381,true,1766.753,0,7.001E-4,-0.00276,0.003604,1.218E-4,0.003708,0.001369,0.006374,4.37E-4,0.03206,-0.01024,0.005515,7.669E-4,0.005314,6.958E-4,0.004449,6.57E-4,0
1506020327415,true,1766.81,0,-9.24E-5,-0.002527,0.003639,1.194E-4,0.003712,0.001367,0.006401,4.343E-4,0.031,-0.009481,0.005522,7.64E-4,0.005322,6.997E-4,0.004459,6.532E-4,0
1506020327450,true,1766.868,0,-8.528E-4,-0.002921,0.003664,1.217E-4,0.003725,0.001358,0.006415,4.303E-4,0.03045,-0.008796,0.005528,7.602E-4,0.005343,7.003E-4,0.004442,6.649E-4,0
1506020327485,true,1766.925,0,-8.988E-4,-0.003495,0.003691,1.191E-4,0.003753,0.001352,0.006416,4.239E-4,0.03091,-0.009146,0.005509,7.677E-4,0.005367,6.942E-4,0.004427,6.747E-4,0
1506020327621,true,1766.97,0,-2.875E-4,-0.00365,0.003687,1.162E-4,0.003761,0.001356,0.006404,4.175E-4,0.03213,-0.01036,0.005488,7.753E-4,0.00538,6.897E-4,0.004443,6.763E-4,0
1506020327656,true,1767.028,0,-9.429E-5,-0.003437,0.00368,1.074E-4,0.003756,0.00136,0.006409,4.106E-4,0.03245,-0.01091,0.005487,7.746E-4,0.005355,6.934E-4,0.004461,6.653E-4,0
1506020327691,true,1767.085,0,-2.233E-5,-0.003113,0.003673,9.929E-5,0.003726,0.001357,0.006405,4.143E-4,0.03152,-0.01029,0.00548,7.666E-4,0.005321,6.968E-4,0.004458,6.558E-4,0
1506020327726,true,1767.143,0,-7.43E-4,-0.002981,0.00365,9.589E-5,0.003675,0.001353,0.006392,4.183E-4,0.03093,-0.009774,0.00547,7.606E-4,0.005294,7.013E-4,0.004426,6.59E-4,0
1506020327761,true,1767.2,0,-0.001323,-0.003356,0.003613,1.058E-4,0.003635,0.001344,0.006371,4.244E-4,0.0307,-0.009319,0.005433,7.675E-4,0.005273,6.986E-4,0.004372,6.709E-4,0
1506020327921,true,1767.271,0,-8.355E-4,-0.003691,0.003612,1.082E-4,0.003639,0.001341,0.006345,4.245E-4,0.03144,-0.009968,0.005411,7.756E-4,0.005274,6.925E-4,0.004357,6.763E-4,0
1506020327956,true,1767.329,0,-4.438E-4,-0.003406,0.003615,1.084E-4,0.003655,0.001345,0.006358,4.099E-4,0.0324,-0.0109,0.005418,7.759E-4,0.00527,6.938E-4,0.004371,6.758E-4,0
1506020327991,true,1767.386,0,-9.494E-5,-0.003098,0.003637,1.04E-4,0.003667,0.001349,0.006381,4.002E-4,0.0318,-0.01063,0.005434,7.75E-4,0.005262,6.981E-4,0.004392,6.675E-4,0
1506020328026,true,1767.444,0,-7.491E-4,-0.00259,0.003673,1.052E-4,0.003668,0.001347,0.006389,4.001E-4,0.03043,-0.009607,0.005449,7.703E-4,0.005272,7.005E-4,0.004417,6.548E-4,0
1506020328061,true,1767.501,0,-0.001584,-0.002813,0.003701,1.107E-4,0.003678,0.001339,0.006399,3.989E-4,0.02968,-0.008877,0.005462,7.667E-4,0.005295,7.003E-4,0.004411,6.577E-4,0
1506020328221,true,1767.571,0,-0.001798,-0.003331,0.003734,1.188E-4,0.003708,0.001334,0.00639,3.994E-4,0.02979,-0.008762,0.005439,7.777E-4,0.005326,6.948E-4,0.004414,6.599E-4,0
1506020328256,true,1767.629,0,-0.001375,-0.00349,0.003756,1.195E-4,0.003737,0.001334,0.006381,3.941E-4,0.03068,-0.009675,0.005435,7.821E-4,0.005345,6.947E-4,0.004422,6.621E-4,0
1506020328291,true,1767.686,0,-0.001099,-0.003201,0.00377,1.165E-4,0.003751,0.001337,0.006386,3.839E-4,0.03138,-0.01045,0.005442,7.859E-4,0.005331,7.005E-4,0.004428,6.584E-4,0
1506020328326,true,1767.744,0,-7.517E-4,-0.002969,0.003786,1.15E-4,0.003739,0.001348,0.006385,3.887E-4,0.03069,-0.009999,0.005451,7.795E-4,0.005314,7.047E-4,0.004432,6.471E-4,0
1506020328361,true,1767.801,0,-0.001139,-0.002704,0.003795,1.148E-4,0.003719,0.001338,0.006379,3.937E-4,0.02983,-0.009254,0.005444,7.711E-4,0.005285,7.123E-4,0.004413,6.432E-4,0
1506020328472,true,1767.821,0,-0.001614,-0.002904,0.003789,1.225E-4,0.003697,0.001331,0.006355,4.029E-4,0.02955,-0.008694,0.005408,7.779E-4,0.005265,7.119E-4,0.004362,6.469E-4,0
1506020328506,true,1767.879,0,-0.001204,-0.003255,0.003784,1.322E-4,0.003693,0.00133,0.006339,4.058E-4,0.02986,-0.008963,0.005373,7.886E-4,0.005254,7.084E-4,0.004336,6.52E-4,0
1506020328541,true,1767.936,0,-5.413E-4,-0.003018,0.003803,1.343E-4,0.003708,0.001337,0.006333,4.009E-4,0.03074,-0.009857,0.005372,7.903E-4,0.005254,7.044E-4,0.00435,6.487E-4,0
1506020328576,true,1767.994,0,-1.866E-4,-0.002606,0.003826,1.322E-4,0.003728,0.001341,0.006346,3.984E-4,0.03064,-0.009938,0.005386,7.91E-4,0.005248,7.108E-4,0.004369,6.39E-4,0
1506020328611,true,1768.051,0,-2.391E-5,-0.002237,0.003863,1.329E-4,0.003739,0.001343,0.006374,3.99E-4,0.02936,-0.008795,0.005408,7.842E-4,0.005249,7.161E-4,0.004402,6.232E-4,0
1506020328771,true,1768.12,0,-9.52E-4,-0.00218,0.003894,1.372E-4,0.003743,0.001339,0.006385,3.998E-4,0.02861,-0.008051,0.005422,7.811E-4,0.005265,7.216E-4,0.00441,6.188E-4,0
1506020328806,true,1768.178,0,-0.001637,-0.002577,0.00392,1.397E-4,0.003774,0.00133,0.006382,4.053E-4,0.02843,-0.0077,0.00541,7.916E-4,0.005285,7.163E-4,0.004404,6.206E-4,0
1506020328841,true,1768.235,0,-0.001104,-0.003008,0.00393,1.455E-4,0.003803,0.001331,0.006372,4.014E-4,0.02926,-0.008502,0.005406,7.986E-4,0.005301,7.108E-4,0.004416,6.224E-4,0
1506020328876,true,1768.293,0,-6.083E-4,-0.002932,0.00393,1.461E-4,0.003817,0.00134,0.006369,3.975E-4,0.03019,-0.009447,0.005405,8.012E-4,0.005305,7.112E-4,0.004441,6.185E-4,0
1506020328911,true,1768.35,0,-1.062E-4,-0.002805,0.003937,1.45E-4,0.003824,0.001344,0.006374,4.001E-4,0.02991,-0.009474,0.005417,8.003E-4,0.005292,7.147E-4,0.004461,6.063E-4,0
1506020329071,true,1768.421,0,-2.437E-4,-0.002577,0.003944,1.442E-4,0.003806,0.001342,0.006375,4.078E-4,0.0291,-0.008955,0.00542,7.946E-4,0.005279,7.189E-4,0.004457,5.999E-4,0
1506020329106,true,1768.479,0,-8.521E-4,-0.002736,0.003929,1.487E-4,0.003779,0.001334,0.006362,4.208E-4,0.02868,-0.008465,0.005396,7.937E-4,0.00526,7.198E-4,0.004428,6.0E-4,0
1506020329141,true,1768.536,0,-6.84E-4,-0.003103,0.003903,1.539E-4,0.003755,0.001333,0.006332,4.277E-4,0.02898,-0.008545,0.005348,8.069E-4,0.005237,7.15E-4,0.004376,6.076E-4,0
1506020329176,true,1768.594,0,-5.835E-5,-0.003055,0.003877,1.644E-4,0.003746,0.001339,0.006303,4.283E-4,0.02993,-0.009504,0.005332,8.119E-4,0.005217,7.122E-4,0.004351,6.14E-4,0
1506020329211,true,1768.651,0,5.258E-4,-0.002698,0.003876,1.689E-4,0.003755,0.001348,0.006315,4.231E-4,0.03031,-0.009955,0.005346,8.129E-4,0.005196,7.201E-4,0.004367,6.06E-4,0
1506020329346,true,1768.696,0,0.00101,-0.002405,0.003899,1.732E-4,0.003768,0.001356,0.00634,4.249E-4,0.02938,-0.009165,0.005361,8.103E-4,0.00519,7.275E-4,0.004379,5.978E-4,0
1506020329380,true,1768.754,0,3.427E-4,-0.002194,0.003928,1.767E-4,0.003781,0.001352,0.006367,4.256E-4,0.02842,-0.008252,0.005393,8.005E-4,0.005214,7.282E-4,0.004386,5.964E-4,0
1506020329416,true,1768.811,0,-1.639E-4,-0.002618,0.003958,1.778E-4,0.003815,0.00134,0.006369,4.289E-4,0.0281,-0.007643,0.005405,7.995E-4,0.005243,7.233E-4,0.00439,6.005E-4,0
1506020329450,true,1768.869,0,-1.126E-5,-0.003035,0.003975,1.844E-4,0.003843,0.001339,0.006358,4.254E-4,0.02879,-0.008209,0.005397,8.084E-4,0.005266,7.211E-4,0.004403,6.039E-4,0
1506020329485,true,1768.926,0,4.233E-4,-0.002912,0.003979,1.867E-4,0.003871,0.001344,0.006365,4.132E-4,0.02974,-0.009174,0.005415,8.108E-4,0.005295,7.183E-4,0.004431,6.058E-4,0
1506020329646,true,1768.996,0,7.798E-4,-0.00281,0.003993,1.787E-4,0.003888,0.001347,0.006384,4.096E-4,0.02973,-0.009244,0.005434,8.093E-4,0.005296,7.235E-4,0.004467,5.954E-4,0
1506020329681,true,1769.054,0,5.059E-4,-0.002458,0.004013,1.73E-4,0.003883,0.001343,0.006407,4.112E-4,0.02908,-0.008679,0.005455,8.01E-4,0.005303,7.272E-4,0.004499,5.853E-4,0
1506020329716,true,1769.111,0,-2.543E-4,-0.002554,0.004024,1.669E-4,0.003865,0.001333,0.006399,4.203E-4,0.02886,-0.008287,0.005461,7.962E-4,0.005312,7.266E-4,0.004494,5.855E-4,0
1506020329750,true,1769.169,0,-3.202E-4,-0.003103,0.004012,1.619E-4,0.003849,0.001322,0.006376,4.275E-4,0.02908,-0.008194,0.005443,7.991E-4,0.005317,7.192E-4,0.004473,5.943E-4,0
1506020329785,true,1769.226,0,2.117E-4,-0.003234,0.003968,1.649E-4,0.003812,0.00133,0.006343,4.283E-4,0.0301,-0.009076,0.005416,8.034E-4,0.005312,7.136E-4,0.004456,6.013E-4,0
1506020329921,true,1769.272,0,5.277E-4,-0.002775,0.003941,1.656E-4,0.003786,0.001337,0.00633,4.281E-4,0.0308,-0.009848,0.005427,8.023E-4,0.00529,7.196E-4,0.004461,6.013E-4,0
1506020329956,true,1769.33,0,9.324E-4,-0.002378,0.00394,1.641E-4,0.003776,0.001343,0.006338,4.261E-4,0.0302,-0.009347,0.005457,7.98E-4,0.005279,7.268E-4,0.004485,5.967E-4,0
1506020329991,true,1769.387,0,4.921E-4,-0.002017,0.003949,1.656E-4,0.003779,0.001341,0.006355,4.268E-4,0.02905,-0.008232,0.005478,7.94E-4,0.005296,7.26E-4,0.004504,5.944E-4,0
1506020330026,true,1769.445,0,-2.429E-4,-0.002272,0.003971,1.649E-4,0.003783,0.001332,0.006379,4.23E-4,0.02861,-0.007436,0.005491,7.945E-4,0.005323,7.243E-4,0.0045,6.045E-4,0
1506020330061,true,1769.502,0,-4.102E-4,-0.002677,0.003982,1.681E-4,0.003807,0.00133,0.006376,4.201E-4,0.02914,-0.007768,0.005492,8.013E-4,0.005363,7.11E-4,0.004508,6.114E-4,0
1506020330221,true,1769.571,0,9.092E-5,-0.002783,0.003986,1.656E-4,0.003828,0.001336,0.006386,4.058E-4,0.03025,-0.008804,0.005503,8.056E-4,0.005397,7.028E-4,0.004541,6.165E-4,0
1506020330256,true,1769.629,0,1.801E-4,-0.002496,0.003983,1.616E-4,0.003844,0.001341,0.006401,4.01E-4,0.03064,-0.009258,0.005537,8.02E-4,0.005415,7.07E-4,0.004591,6.081E-4,0
1506020330291,true,1769.686,0,4.121E-4,-0.002279,0.003995,1.561E-4,0.003848,0.001336,0.00641,4.02E-4,0.0299,-0.008669,0.005563,7.954E-4,0.005427,7.106E-4,0.004627,6.011E-4,0
1506020330326,true,1769.744,0,-3.538E-4,-0.002324,0.004004,1.491E-4,0.003836,0.001324,0.00642,4.039E-4,0.0294,-0.008174,0.005584,7.878E-4,0.005445,7.143E-4,0.004637,6.022E-4,0
1506020330361,true,1769.801,0,-9.932E-4,-0.00275,0.003994,1.45E-4,0.003818,0.001316,0.006412,4.102E-4,0.02957,-0.007856,0.005579,7.905E-4,0.005465,7.076E-4,0.004624,6.124E-4,0
1506020330497,true,1769.847,0,-5.817E-4,-0.003082,0.003956,1.441E-4,0.003801,0.001311,0.006386,4.062E-4,0.03058,-0.008667,0.005562,7.975E-4,0.005482,6.949E-4,0.004612,6.222E-4,0
1506020330531,true,1769.905,0,2.667E-5,-0.002793,0.003921,1.424E-4,0.003779,0.001313,0.00636,4.02E-4,0.0317,-0.009638,0.00556,8.005E-4,0.005479,6.932E-4,0.004621,6.227E-4,0
1506020330566,true,1769.962,0,4.731E-4,-0.002335,0.003921,1.363E-4,0.003775,0.001316,0.006364,3.985E-4,0.03146,-0.009475,0.00558,7.982E-4,0.005478,6.98E-4,0.004647,6.192E-4,0
1506020330601,true,1770.02,0,3.034E-4,-0.001858,0.003945,1.316E-4,0.003768,0.00131,0.006364,4.04E-4,0.03042,-0.008542,0.005594,7.927E-4,0.005488,7.002E-4,0.004663,6.154E-4,0
1506020330636,true,1770.077,0,-3.741E-4,-0.001907,0.003957,1.355E-4,0.003778,0.001294,0.006372,4.075E-4,0.02998,-0.007879,0.00562,7.879E-4,0.005519,6.981E-4,0.004665,6.215E-4,0
1506020330796,true,1770.146,0,-5.697E-4,-0.002346,0.003969,1.363E-4,0.003783,0.001293,0.006371,4.05E-4,0.03022,-0.007753,0.005615,7.952E-4,0.005565,6.862E-4,0.004671,6.281E-4,0
1506020330831,true,1770.204,0,-1.549E-4,-0.002559,0.003973,1.336E-4,0.003795,0.001301,0.00636,3.982E-4,0.03122,-0.008629,0.005615,8.02E-4,0.005602,6.768E-4,0.0047,6.287E-4,0
1506020330865,true,1770.261,0,-7.034E-5,-0.002337,0.003969,1.321E-4,0.003806,0.001304,0.006367,3.883E-4,0.03187,-0.009313,0.005641,8.025E-4,0.005617,6.756E-4,0.004742,6.205E-4,0
1506020330900,true,1770.319,0,4.195E-5,-0.002143,0.003981,1.258E-4,0.00381,0.001307,0.00638,3.877E-4,0.03135,-0.008961,0.005665,7.981E-4,0.005628,6.793E-4,0.004784,6.089E-4,0
1506020330935,true,1770.376,0,-5.846E-4,-0.002026,0.003989,1.234E-4,0.003803,0.0013,0.006385,3.936E-4,0.03065,-0.00837,0.005686,7.931E-4,0.005641,6.818E-4,0.004794,6.059E-4,0
1506020331096,true,1770.447,0,-0.00118,-0.002544,0.003979,1.189E-4,0.003786,0.001297,0.006392,3.941E-4,0.03071,-0.008215,0.005682,7.948E-4,0.005655,6.774E-4,0.004764,6.177E-4,0
1506020331131,true,1770.505,0,-7.593E-4,-0.003113,0.003951,1.213E-4,0.003774,0.001295,0.006378,3.975E-4,0.03154,-0.008926,0.005663,7.976E-4,0.005666,6.671E-4,0.004755,6.241E-4,0
1506020331166,true,1770.562,0,-3.088E-5,-0.003098,0.003914,1.26E-4,0.003758,0.001302,0.006363,3.921E-4,0.03274,-0.01011,0.005657,8.021E-4,0.005663,6.653E-4,0.004756,6.299E-4,0
1506020331201,true,1770.62,0,3.147E-4,-0.002653,0.003911,1.211E-4,0.003768,0.001305,0.00638,3.88E-4,0.03295,-0.01048,0.005681,8.023E-4,0.005651,6.733E-4,0.004781,6.236E-4,0
1506020331236,true,1770.677,0,7.196E-4,-0.002323,0.003931,1.187E-4,0.003768,0.001307,0.006393,3.945E-4,0.0319,-0.009596,0.005709,7.993E-4,0.005666,6.768E-4,0.004801,6.2E-4,0
1506020331371,true,1770.723,0,-6.778E-6,-0.002213,0.003953,1.187E-4,0.003779,0.001296,0.006409,3.968E-4,0.03115,-0.008715,0.005734,7.934E-4,0.005692,6.782E-4,0.004807,6.231E-4,0
1506020331406,true,1770.781,0,-5.238E-4,-0.002459,0.003964,1.222E-4,0.003805,0.001287,0.006406,4.002E-4,0.03117,-0.008357,0.005739,7.994E-4,0.00573,6.691E-4,0.004806,6.264E-4,0
