1505241580507,true,1562.254,0,-0.001989,-0.01033,0.002459,0.001373,0.002752,0.002174,0.006231,0.001966,0.004865,-0.03964,-7.058E-4,-0.002154,2.977E-4,-0.002663,1.966E-4,-0.001261,0
1505241580543,true,1562.311,0,-0.001917,-0.00992,0.002429,0.00138,0.002708,0.002179,0.006187,0.001973,0.004336,-0.03911,-7.39E-4,-0.002147,2.57E-4,-0.002656,1.811E-4,-0.001258,0
1505241580579,true,1562.369,0,-0.002898,-0.00998,0.002433,0.001382,0.00269,0.002183,0.006189,0.001972,0.003844,-0.03854,-7.076E-4,-0.002149,2.646E-4,-0.002654,1.929E-4,-0.001258,0
1505241580615,true,1562.426,0,-0.003425,-0.0107,0.002445,0.001383,0.002702,0.002181,0.006191,0.001974,0.00378,-0.03826,-6.679E-4,-0.002151,2.886E-4,-0.002658,2.072E-4,-0.001257,0
1505241580747,true,1562.472,0,-0.002928,-0.01118,0.002456,0.001384,0.002725,0.002182,0.006191,0.001972,0.004443,-0.03898,-6.373E-4,-0.002153,3.095E-4,-0.002662,2.265E-4,-0.001256,0
1505241580783,true,1562.53,0,-0.00261,-0.01093,0.002459,0.001384,0.002744,0.002184,0.006198,0.001966,0.005556,-0.04023,-6.03E-4,-0.002154,3.248E-4,-0.002659,2.406E-4,-0.001253,0
1505241580819,true,1562.587,0,-0.002466,-0.01068,0.00247,0.001382,0.00276,0.002188,0.006215,0.001967,0.005606,-0.04037,-5.526E-4,-0.002159,3.354E-4,-0.002656,2.581E-4,-0.00125,0
1505241580855,true,1562.645,0,-0.003327,-0.01043,0.002492,0.001379,0.002769,0.002185,0.006236,0.001964,0.005032,-0.03988,-5.153E-4,-0.002163,3.584E-4,-0.002656,2.818E-4,-0.001253,0
1505241580891,true,1562.702,0,-0.004545,-0.0111,0.002506,0.001378,0.002785,0.002176,0.006254,0.001959,0.004352,-0.0391,-4.852E-4,-0.00217,3.826E-4,-0.002659,2.924E-4,-0.001251,0
1505241581047,true,1562.771,0,-0.004687,-0.01205,0.002503,0.001377,0.002798,0.002172,0.006249,0.001958,0.004586,-0.03929,-4.912E-4,-0.002168,3.944E-4,-0.002663,2.949E-4,-0.001251,0
1505241581082,true,1562.829,0,-0.003764,-0.01229,0.002485,0.001378,0.002799,0.002172,0.006217,0.001955,0.005533,-0.04038,-4.996E-4,-0.002172,3.827E-4,-0.002663,2.996E-4,-0.001251,0
1505241581119,true,1562.886,0,-0.003279,-0.0119,0.002457,0.001375,0.002791,0.002169,0.006196,0.001949,0.00599,-0.04107,-5.161E-4,-0.002176,3.595E-4,-0.002664,2.946E-4,-0.001254,0
1505241581155,true,1562.944,0,-0.00338,-0.01154,0.002433,0.001375,0.002758,0.002173,0.006163,0.001954,0.005317,-0.04057,-5.513E-4,-0.002175,3.221E-4,-0.002659,2.792E-4,-0.001251,0
1505241581191,true,1563.001,0,-0.00474,-0.01156,0.002426,0.001381,0.002735,0.002173,0.006148,0.001959,0.004567,-0.03983,-5.455E-4,-0.002169,3.176E-4,-0.002652,2.872E-4,-0.001249,0
1505241581321,true,1563.047,0,-0.005974,-0.01241,0.002444,0.001386,0.002747,0.002173,0.006158,0.00196,0.004176,-0.03937,-4.862E-4,-0.002169,3.48E-4,-0.002649,3.056E-4,-0.001245,0
1505241581358,true,1563.105,0,-0.005697,-0.01332,0.002466,0.001388,0.002776,0.002177,0.006167,0.001961,0.004984,-0.04024,-4.283E-4,-0.002167,3.965E-4,-0.002648,3.342E-4,-0.001242,0
1505241581393,true,1563.162,0,-0.005068,-0.01327,0.002477,0.001387,0.002816,0.002178,0.006182,0.001956,0.006044,-0.04156,-3.714E-4,-0.002168,4.323E-4,-0.002646,3.696E-4,-0.00124,0
1505241581430,true,1563.22,0,-0.004689,-0.01306,0.002495,0.001387,0.002855,0.00218,0.006219,0.001953,0.006267,-0.0418,-3.085E-4,-0.002167,4.591E-4,-0.002637,4.102E-4,-0.001243,0
1505241581466,true,1563.277,0,-0.00515,-0.0127,0.002528,0.001387,0.002892,0.002179,0.006265,0.001952,0.005777,-0.04135,-2.343E-4,-0.002171,5.054E-4,-0.002632,4.555E-4,-0.001245,0
1505241581596,true,1563.322,0,-0.006505,-0.01305,0.00256,0.001388,0.002924,0.002173,0.006301,0.001951,0.005464,-0.04094,-1.625E-4,-0.002177,5.642E-4,-0.002631,4.846E-4,-0.00124,0
1505241581633,true,1563.38,0,-0.007093,-0.01399,0.002585,0.001387,0.002963,0.002166,0.006323,0.00195,0.005575,-0.04088,-1.271E-4,-0.002177,6.044E-4,-0.002629,5.135E-4,-0.001239,0
1505241581668,true,1563.437,0,-0.006249,-0.01447,0.002593,0.001385,0.002995,0.002164,0.006327,0.001943,0.006465,-0.04183,-1.01E-4,-0.002177,6.394E-4,-0.002631,5.368E-4,-0.001236,0
1505241581705,true,1563.495,0,-0.00592,-0.01395,0.00259,0.001382,0.003006,0.002163,0.006328,0.001938,0.007282,-0.04282,-8.919E-5,-0.002179,6.423E-4,-0.002628,5.61E-4,-0.001239,0
1505241581741,true,1563.552,0,-0.005499,-0.0137,0.002597,0.001377,0.003012,0.002159,0.006331,0.001937,0.006886,-0.04256,-8.776E-5,-0.002183,6.419E-4,-0.002627,5.807E-4,-0.001244,0
1505241581897,true,1563.622,0,-0.006415,-0.01355,0.002586,0.00138,0.002991,0.002161,0.006321,0.00194,0.006301,-0.04198,-1.054E-4,-0.00218,6.312E-4,-0.00262,5.858E-4,-0.001243,0
1505241581933,true,1563.68,0,-0.007714,-0.01424,0.002588,0.001386,0.002983,0.002163,0.006321,0.001947,0.005848,-0.04145,-7.962E-5,-0.002176,6.582E-4,-0.002612,6.051E-4,-0.001238,0
1505241581969,true,1563.737,0,-0.007772,-0.01522,0.002612,0.001392,0.003026,0.002166,0.006338,0.001951,0.006143,-0.04169,-2.11E-5,-0.00217,7.143E-4,-0.002608,6.476E-4,-0.001238,0
1505241582005,true,1563.795,0,-0.006929,-0.01537,0.002641,0.001392,0.003085,0.002169,0.006367,0.001946,0.007186,-0.04275,5.593E-5,-0.002168,7.895E-4,-0.002607,6.99E-4,-0.001239,0
1505241582041,true,1563.852,0,-0.00669,-0.01488,0.002676,0.00139,0.003153,0.002168,0.006412,0.001944,0.007646,-0.04328,1.311E-4,-0.002167,8.374E-4,-0.002602,7.462E-4,-0.001238,0
1505241582196,true,1563.923,0,-0.006553,-0.01455,0.002711,0.001392,0.003196,0.00217,0.006459,0.001947,0.006918,-0.04253,2.122E-4,-0.002168,8.907E-4,-0.002595,8.156E-4,-0.001242,0
1505241582232,true,1563.981,0,-0.00776,-0.0145,0.002763,0.00139,0.003243,0.002167,0.006514,0.001948,0.006305,-0.04179,2.959E-4,-0.002169,9.63E-4,-0.00259,8.67E-4,-0.001242,0
1505241582269,true,1564.038,0,-0.008504,-0.01526,0.002807,0.001387,0.003306,0.002158,0.006561,0.001948,0.006168,-0.04142,3.644E-4,-0.002169,0.001038,-0.002591,9.148E-4,-0.001238,0
1505241582305,true,1564.096,0,-0.007739,-0.01575,0.002837,0.001386,0.003362,0.002156,0.006581,0.001947,0.006837,-0.04203,4.21E-4,-0.002168,0.001096,-0.002592,9.586E-4,-0.001238,0
1505241582341,true,1564.153,0,-0.006955,-0.01526,0.002851,0.001384,0.003398,0.002155,0.006611,0.00194,0.007723,-0.04289,4.632E-4,-0.002169,0.001145,-0.002592,9.97E-4,-0.001239,0
1505241582471,true,1564.197,0,-0.006473,-0.01476,0.002862,0.00138,0.003421,0.002153,0.006641,0.001936,0.007573,-0.04269,4.994E-4,-0.002173,0.001179,-0.002591,0.001032,-0.001244,0
1505241582507,true,1564.255,0,-0.007349,-0.01415,0.002876,0.001377,0.003423,0.00215,0.006656,0.001936,0.006714,-0.04176,5.197E-4,-0.002178,0.001201,-0.002591,0.001059,-0.001247,0
1505241582543,true,1564.312,0,-0.008483,-0.01456,0.002874,0.001381,0.003415,0.002148,0.006652,0.001941,0.006092,-0.041,5.093E-4,-0.002175,0.001217,-0.00259,0.001069,-0.001244,0
1505241582579,true,1564.37,0,-0.008818,-0.01536,0.002881,0.001388,0.003423,0.002154,0.006653,0.001948,0.006217,-0.041,5.243E-4,-0.002161,0.001257,-0.002584,0.0011,-0.00124,0
1505241582615,true,1564.427,0,-0.008009,-0.01555,0.002915,0.001389,0.003474,0.00216,0.006675,0.001948,0.007333,-0.04202,5.988E-4,-0.002156,0.001328,-0.002581,0.001152,-0.001236,0
1505241582771,true,1564.498,0,-0.007463,-0.015,0.002953,0.001389,0.003539,0.002167,0.006721,0.001948,0.008084,-0.04273,6.919E-4,-0.002156,0.001395,-0.002576,0.001215,-0.00124,0
1505241582808,true,1564.556,0,-0.006908,-0.01457,0.003004,0.001387,0.003597,0.002171,0.006778,0.001949,0.007776,-0.04233,7.833E-4,-0.002155,0.00147,-0.002573,0.001283,-0.001242,0
1505241582844,true,1564.613,0,-0.007811,-0.01424,0.00306,0.001387,0.00366,0.002167,0.006836,0.001951,0.007159,-0.0416,8.78E-4,-0.002157,0.001549,-0.002569,0.001339,-0.001242,0
1505241582880,true,1564.671,0,-0.008821,-0.01472,0.003121,0.001386,0.003726,0.002163,0.006886,0.001956,0.006683,-0.04084,9.706E-4,-0.002158,0.001641,-0.002569,0.00139,-0.001236,0
1505241582916,true,1564.728,0,-0.008438,-0.01534,0.003174,0.001382,0.003801,0.002158,0.006937,0.001956,0.007058,-0.04099,0.001044,-0.002157,0.001723,-0.002569,0.001448,-0.001235,0
1505241583047,true,1564.773,0,-0.007337,-0.01518,0.003207,0.001379,0.003862,0.002158,0.006978,0.00195,0.007828,-0.04171,0.001113,-0.002158,0.00179,-0.002569,0.00151,-0.001238,0
1505241583083,true,1564.831,0,-0.006717,-0.01463,0.003237,0.001375,0.003901,0.00216,0.007025,0.001943,0.008006,-0.04188,0.001165,-0.002158,0.001844,-0.002569,0.001566,-0.00124,0
1505241583119,true,1564.888,0,-0.006778,-0.01407,0.003267,0.001369,0.003918,0.002159,0.007059,0.001944,0.007101,-0.04096,0.001204,-0.002162,0.001883,-0.002567,0.001602,-0.001241,0
1505241583155,true,1564.946,0,-0.007929,-0.01423,0.003286,0.001367,0.003925,0.002152,0.007086,0.00194,0.006272,-0.04003,0.001226,-0.002167,0.001919,-0.002567,0.001628,-0.001242,0
1505241583191,true,1565.003,0,-0.008901,-0.01482,0.003286,0.001366,0.003931,0.002146,0.007089,0.001942,0.006074,-0.03958,0.001209,-0.002163,0.001936,-0.002563,0.001636,-0.001239,0
1505241583347,true,1565.073,0,-0.008122,-0.01529,0.003273,0.001373,0.003927,0.002153,0.007077,0.001946,0.00678,-0.04031,0.00121,-0.002149,0.001956,-0.002555,0.00165,-0.001232,0
1505241583383,true,1565.131,0,-0.007289,-0.0149,0.003287,0.001377,0.003963,0.002159,0.007102,0.001948,0.007719,-0.0412,0.001279,-0.002145,0.002014,-0.00255,0.00171,-0.001234,0
1505241583419,true,1565.188,0,-0.006744,-0.01433,0.003341,0.001374,0.004024,0.002162,0.007155,0.001951,0.007528,-0.04093,0.001389,-0.002148,0.00209,-0.002547,0.001774,-0.001235,0
1505241583455,true,1565.246,0,-0.007146,-0.01385,0.003406,0.00137,0.004083,0.002161,0.007217,0.001956,0.006824,-0.04009,0.001495,-0.002151,0.002168,-0.00254,0.001843,-0.001237,0
1505241583491,true,1565.303,0,-0.008092,-0.01418,0.003471,0.001367,0.004153,0.002157,0.007279,0.001959,0.006562,-0.03949,0.001589,-0.002148,0.002246,-0.002534,0.001898,-0.001231,0
1505241583622,true,1565.348,0,-0.007888,-0.01492,0.003533,0.001364,0.004236,0.002153,0.00733,0.001964,0.006637,-0.03939,0.001671,-0.002144,0.002334,-0.002531,0.001957,-0.001227,0
1505241583658,true,1565.406,0,-0.006845,-0.01489,0.00358,0.001362,0.004318,0.002152,0.007387,0.001959,0.007544,-0.04016,0.001758,-0.002143,0.002424,-0.002531,0.002027,-0.001226,0
1505241583694,true,1565.463,0,-0.006249,-0.01428,0.003624,0.001357,0.00439,0.00215,0.007454,0.001951,0.008067,-0.04064,0.001837,-0.002142,0.002505,-0.002532,0.002091,-0.001229,0
1505241583729,true,1565.521,0,-0.005708,-0.01388,0.003663,0.00135,0.00444,0.002145,0.007516,0.001948,0.007445,-0.03994,0.001913,-0.002147,0.002566,-0.00253,0.002152,-0.001234,0
1505241583766,true,1565.578,0,-0.006695,-0.01378,0.003702,0.001346,0.004468,0.00214,0.00757,0.001945,0.006753,-0.03914,0.001956,-0.002151,0.00262,-0.002529,0.002191,-0.001235,0
1505241583921,true,1565.647,0,-0.007687,-0.01442,0.003725,0.001342,0.004488,0.002133,0.007606,0.001942,0.006157,-0.03839,0.001974,-0.002151,0.002659,-0.002529,0.00222,-0.001236,0
1505241583957,true,1565.705,0,-0.007048,-0.01523,0.00373,0.001339,0.00451,0.002128,0.007615,0.001942,0.00677,-0.03901,0.001976,-0.002151,0.00268,-0.00253,0.002244,-0.001237,0
1505241583993,true,1565.762,0,-0.006131,-0.01499,0.00372,0.001338,0.004505,0.002128,0.007619,0.001937,0.007774,-0.04004,0.001961,-0.002149,0.002683,-0.002527,0.002259,-0.001235,0
1505241584029,true,1565.82,0,-0.005503,-0.0145,0.003718,0.00134,0.004497,0.002135,0.007635,0.001939,0.007933,-0.04023,0.001978,-0.002139,0.002687,-0.002513,0.002288,-0.001234,0
1505241584065,true,1565.877,0,-0.005509,-0.01406,0.003756,0.001341,0.004524,0.002139,0.007674,0.001945,0.007423,-0.03966,0.002058,-0.002138,0.00274,-0.002503,0.002336,-0.001233,0
1505241584197,true,1565.923,0,-0.00652,-0.01424,0.003816,0.001341,0.004583,0.002136,0.007736,0.001951,0.006921,-0.039,0.002155,-0.002137,0.002817,-0.002498,0.002384,-0.00123,0
1505241584232,true,1565.981,0,-0.00684,-0.01494,0.003881,0.001337,0.004666,0.002132,0.0078,0.001955,0.00688,-0.03867,0.002248,-0.002137,0.002902,-0.002498,0.002443,-0.001227,0
1505241584269,true,1566.038,0,-0.005628,-0.01533,0.003931,0.001338,0.004739,0.002135,0.007859,0.001959,0.007805,-0.03948,0.002342,-0.002137,0.002985,-0.002496,0.0025,-0.001226,0
1505241584305,true,1566.096,0,-0.004947,-0.01462,0.003983,0.001335,0.004821,0.002136,0.00793,0.001959,0.008704,-0.04031,0.002438,-0.002139,0.003065,-0.002493,0.002563,-0.001227,0
1505241584341,true,1566.153,0,-0.004413,-0.01413,0.004048,0.001328,0.004895,0.002134,0.008014,0.001958,0.00831,-0.0399,0.002529,-0.002142,0.003143,-0.002489,0.002627,-0.00123,0
1505241584497,true,1566.223,0,-0.005228,-0.01374,0.004108,0.001323,0.004947,0.002131,0.008089,0.001958,0.007705,-0.03926,0.002606,-0.002148,0.003214,-0.002487,0.002685,-0.001233,0
1505241584533,true,1566.281,0,-0.006219,-0.0143,0.004153,0.00132,0.004984,0.002126,0.008148,0.00196,0.007311,-0.03868,0.002665,-0.002154,0.003267,-0.002487,0.002713,-0.001233,0
1505241584569,true,1566.338,0,-0.006202,-0.01515,0.004183,0.001316,0.005019,0.002121,0.008178,0.001961,0.007675,-0.03901,0.002689,-0.002154,0.003314,-0.002489,0.002741,-0.001233,0
1505241584605,true,1566.396,0,-0.005083,-0.0152,0.004186,0.001313,0.005042,0.002116,0.008202,0.001959,0.008668,-0.04013,0.002702,-0.002156,0.003344,-0.002492,0.00276,-0.001234,0
1505241584641,true,1566.453,0,-0.004385,-0.01476,0.004182,0.001309,0.00505,0.002114,0.00822,0.001959,0.009249,-0.04084,0.002709,-0.002159,0.003355,-0.002493,0.002764,-0.001235,0
1505241584797,true,1566.524,0,-0.004146,-0.01427,0.004174,0.001305,0.005027,0.002115,0.008236,0.00196,0.008663,-0.04034,0.00269,-0.00216,0.003346,-0.002491,0.00277,-0.001239,0
1505241584833,true,1566.582,0,-0.005127,-0.01416,0.004171,0.001312,0.004996,0.002122,0.008241,0.001968,0.008052,-0.03972,0.002677,-0.002152,0.003338,-0.00248,0.002763,-0.001234,0
1505241584869,true,1566.639,0,-0.005961,-0.01472,0.004199,0.001317,0.005025,0.002124,0.00827,0.001978,0.007525,-0.03895,0.002728,-0.002146,0.00338,-0.002476,0.002778,-0.001226,0
1505241584905,true,1566.697,0,-0.005117,-0.01527,0.004237,0.001321,0.005085,0.002129,0.008308,0.001986,0.008363,-0.03972,0.00279,-0.002137,0.003449,-0.002477,0.002815,-0.001224,0
1505241584941,true,1566.754,0,-0.004302,-0.0148,0.004284,0.001318,0.005158,0.002133,0.008362,0.001987,0.009224,-0.04063,0.002875,-0.002137,0.003523,-0.002477,0.002871,-0.001227,0
1505241585072,true,1566.798,0,-0.004028,-0.01413,0.004335,0.001316,0.005228,0.002136,0.008431,0.001988,0.009123,-0.04054,0.002965,-0.00214,0.003588,-0.002475,0.00292,-0.001228,0
1505241585108,true,1566.856,0,-0.004703,-0.01361,0.004401,0.001314,0.005289,0.002136,0.008507,0.001993,0.008339,-0.03975,0.003054,-0.002146,0.003658,-0.002473,0.002967,-0.001227,0
1505241585144,true,1566.913,0,-0.005924,-0.01394,0.004457,0.001312,0.00535,0.00213,0.00858,0.001996,0.008081,-0.03938,0.003116,-0.002146,0.00373,-0.002471,0.003001,-0.001228,0
1505241585180,true,1566.971,0,-0.006285,-0.01472,0.004506,0.001312,0.005415,0.002127,0.00863,0.001997,0.008361,-0.03956,0.003164,-0.002149,0.003795,-0.002478,0.00303,-0.001226,0
1505241585216,true,1567.028,0,-0.00515,-0.01506,0.004528,0.001308,0.00546,0.002125,0.008661,0.001997,0.009478,-0.04068,0.003193,-0.002152,0.003848,-0.002486,0.003055,-0.00123,0
1505241585346,true,1567.073,0,-0.004492,-0.01459,0.004539,0.001305,0.00548,0.002126,0.008688,0.001994,0.01024,-0.04153,0.003201,-0.002153,0.003864,-0.002486,0.003078,-0.001237,0
1505241585383,true,1567.131,0,-0.003915,-0.01418,0.004547,0.0013,0.005477,0.002128,0.008714,0.001994,0.009765,-0.04121,0.003195,-0.002157,0.003863,-0.002486,0.003087,-0.001244,0
1505241585419,true,1567.188,0,-0.005129,-0.01381,0.004555,0.001297,0.005456,0.002125,0.00872,0.001996,0.008833,-0.04031,0.003181,-0.002162,0.00386,-0.00249,0.003079,-0.001248,0
1505241585455,true,1567.246,0,-0.005988,-0.01441,0.00455,0.001297,0.00542,0.002123,0.008714,0.001997,0.008205,-0.03957,0.003144,-0.002167,0.003851,-0.002499,0.003054,-0.00125,0
1505241585491,true,1567.303,0,-0.005712,-0.01505,0.004524,0.001307,0.005379,0.00213,0.008681,0.002004,0.008615,-0.04005,0.003084,-0.002156,0.003827,-0.002498,0.003028,-0.001247,0
1505241585647,true,1567.373,0,-0.004758,-0.01488,0.004522,0.001312,0.005359,0.002147,0.008671,0.00201,0.009467,-0.04101,0.003089,-0.002147,0.003842,-0.002497,0.003023,-0.001244,0
1505241585683,true,1567.431,0,-0.004187,-0.01434,0.004545,0.001312,0.005401,0.002155,0.008708,0.002011,0.009577,-0.0412,0.003151,-0.002146,0.003875,-0.002494,0.00305,-0.001244,0
1505241585719,true,1567.488,0,-0.004212,-0.01386,0.004594,0.00131,0.005449,0.00216,0.008767,0.00201,0.008707,-0.04037,0.003216,-0.002148,0.003919,-0.002495,0.003078,-0.001247,0
1505241585755,true,1567.546,0,-0.005514,-0.01397,0.00465,0.001308,0.005498,0.00216,0.008816,0.002014,0.008022,-0.03962,0.00327,-0.00215,0.003973,-0.002496,0.003103,-0.00125,0
1505241585791,true,1567.603,0,-0.006264,-0.01473,0.004693,0.001309,0.005555,0.002159,0.008861,0.002017,0.007816,-0.03927,0.003317,-0.002148,0.004027,-0.002499,0.003122,-0.001249,0
1505241585947,true,1567.674,0,-0.005338,-0.01531,0.004738,0.001306,0.005629,0.002157,0.00889,0.002019,0.008796,-0.04025,0.003357,-0.002147,0.004081,-0.002507,0.003138,-0.001249,0
1505241585983,true,1567.732,0,-0.004804,-0.01479,0.004762,0.001303,0.005679,0.002154,0.008924,0.002012,0.009761,-0.04131,0.003395,-0.00215,0.004121,-0.002512,0.003164,-0.001254,0
1505241586019,true,1567.789,0,-0.004279,-0.0143,0.004778,0.0013,0.005708,0.002152,0.008956,0.002011,0.009599,-0.04125,0.00342,-0.002159,0.004129,-0.002515,0.003177,-0.00126,0
1505241586055,true,1567.847,0,-0.005088,-0.01367,0.004792,0.001297,0.005703,0.00215,0.008974,0.002008,0.008798,-0.04047,0.003425,-0.002169,0.004132,-0.002522,0.003167,-0.001265,0
1505241586091,true,1567.904,0,-0.006127,-0.01401,0.004799,0.001295,0.005692,0.002143,0.008974,0.002003,0.008242,-0.03983,0.003401,-0.002175,0.004122,-0.002528,0.003153,-0.001269,0
1505241586222,true,1567.948,0,-0.006179,-0.01478,0.004791,0.001293,0.005673,0.002142,0.008945,0.002001,0.008224,-0.03985,0.003348,-0.002174,0.004105,-0.00254,0.003132,-0.001271,0
1505241586258,true,1568.006,0,-0.005189,-0.01488,0.004759,0.001294,0.005646,0.002141,0.008905,0.001993,0.009035,-0.04087,0.003283,-0.002173,0.004081,-0.002553,0.003106,-0.001278,0
1505241586294,true,1568.063,0,-0.004934,-0.0143,0.004718,0.001293,0.005605,0.002143,0.008866,0.001987,0.009308,-0.04137,0.003221,-0.002176,0.004028,-0.002559,0.003075,-0.001285,0
1505241586330,true,1568.121,0,-0.004733,-0.01389,0.004691,0.001297,0.00554,0.002155,0.008835,0.001993,0.008512,-0.04071,0.003169,-0.002172,0.003977,-0.002556,0.003049,-0.001289,0
1505241586366,true,1568.178,0,-0.005891,-0.01377,0.004702,0.0013,0.005521,0.002165,0.008825,0.001998,0.007759,-0.04006,0.003184,-0.00217,0.003981,-0.002558,0.003042,-0.00129,0
1505241586497,true,1568.224,0,-0.006726,-0.01452,0.004732,0.001302,0.005549,0.002167,0.008837,0.002003,0.007591,-0.03969,0.00322,-0.00217,0.004009,-0.002562,0.003035,-0.00129,0
1505241586533,true,1568.282,0,-0.006066,-0.01533,0.004767,0.001302,0.005605,0.002166,0.00885,0.002003,0.008083,-0.04015,0.003253,-0.002169,0.004039,-0.002566,0.003037,-0.00129,0
1505241586569,true,1568.339,0,-0.005177,-0.01518,0.00479,0.001301,0.005648,0.00217,0.008865,0.001998,0.009117,-0.04127,0.003287,-0.002169,0.004055,-0.002569,0.003042,-0.001292,0
1505241586605,true,1568.397,0,-0.004642,-0.01461,0.004817,0.001296,0.005696,0.00217,0.008893,0.001996,0.009211,-0.04141,0.003321,-0.002171,0.004076,-0.002572,0.003055,-0.001298,0
1505241586641,true,1568.454,0,-0.004847,-0.01404,0.004853,0.001292,0.005722,0.00217,0.008919,0.001994,0.008444,-0.04069,0.003348,-0.002177,0.004089,-0.002577,0.003065,-0.0013,0
1505241586797,true,1568.523,0,-0.00607,-0.01416,0.004879,0.001287,0.005741,0.002163,0.008939,0.00199,0.007878,-0.04015,0.003356,-0.002183,0.004109,-0.002585,0.003057,-0.001304,0
1505241586833,true,1568.581,0,-0.006453,-0.01496,0.004887,0.001286,0.00575,0.002154,0.008927,0.001988,0.007728,-0.0399,0.003341,-0.002187,0.0041,-0.002594,0.003032,-0.001307,0
1505241586869,true,1568.638,0,-0.005517,-0.01531,0.004871,0.001283,0.005751,0.002149,0.0089,0.001978,0.008537,-0.04086,0.003302,-0.002192,0.004082,-0.002606,0.003011,-0.001314,0
1505241586905,true,1568.696,0,-0.005048,-0.0148,0.004837,0.00128,0.00573,0.002144,0.008864,0.001973,0.009192,-0.04165,0.003251,-0.002193,0.00404,-0.002611,0.002984,-0.00132,0
1505241586941,true,1568.753,0,-0.004629,-0.01445,0.004798,0.001278,0.005689,0.002143,0.008835,0.001966,0.008662,-0.04128,0.003194,-0.002195,0.003984,-0.002615,0.002951,-0.001328,0
1505241587072,true,1568.799,0,-0.00554,-0.01414,0.004766,0.001278,0.005626,0.00214,0.00879,0.001964,0.007934,-0.04066,0.00313,-0.002203,0.003922,-0.002621,0.002915,-0.001338,0
1505241587108,true,1568.857,0,-0.006928,-0.01471,0.004722,0.001279,0.005567,0.002134,0.008729,0.001964,0.007477,-0.04021,0.003035,-0.002205,0.003857,-0.00263,0.002848,-0.001339,0
1505241587144,true,1568.914,0,-0.00693,-0.01564,0.004661,0.001293,0.005496,0.002143,0.008656,0.001969,0.007807,-0.04061,0.002939,-0.00219,0.003792,-0.002635,0.002794,-0.001336,0
1505241587180,true,1568.972,0,-0.005927,-0.01574,0.004642,0.001299,0.005474,0.002154,0.008618,0.00197,0.008781,-0.04174,0.002929,-0.002182,0.003775,-0.002638,0.00278,-0.001336,0
1505241587216,true,1569.029,0,-0.005239,-0.01533,0.00464,0.001298,0.005496,0.002158,0.008628,0.001968,0.009193,-0.04229,0.002962,-0.002183,0.003767,-0.002639,0.002782,-0.001342,0
1505241587371,true,1569.099,0,-0.004901,-0.01481,0.00466,0.001297,0.005511,0.002162,0.008636,0.001969,0.008484,-0.04162,0.002998,-0.002188,0.003773,-0.002641,0.002785,-0.001347,0
1505241587408,true,1569.157,0,-0.006017,-0.01465,0.004673,0.001299,0.005527,0.00216,0.008643,0.001971,0.007837,-0.04083,0.003019,-0.00219,0.003783,-0.002646,0.002777,-0.001352,0
1505241587443,true,1569.214,0,-0.006804,-0.01525,0.004683,0.0013,0.005555,0.002156,0.008651,0.00197,0.007509,-0.04036,0.003023,-0.002187,0.003796,-0.002653,0.002761,-0.001349,0
1505241587479,true,1569.272,0,-0.006143,-0.01574,0.00469,0.0013,0.005582,0.002152,0.008641,0.001964,0.008145,-0.04098,0.003023,-0.002189,0.003797,-0.002662,0.002754,-0.001354,0
1505241587515,true,1569.329,0,-0.005356,-0.01531,0.004683,0.001297,0.005593,0.002149,0.008629,0.001955,0.009033,-0.04194,0.003012,-0.002194,0.003789,-0.002671,0.002741,-0.001359,0
1505241587672,true,1569.399,0,-0.00497,-0.01483,0.004672,0.00129,0.00558,0.002147,0.008615,0.001949,0.008921,-0.04198,0.002985,-0.0022,0.003761,-0.002677,0.002728,-0.001368,0
1505241587708,true,1569.457,0,-0.005576,-0.01439,0.00465,0.00129,0.005533,0.002149,0.008587,0.001944,0.0081,-0.04122,0.002945,-0.002207,0.003721,-0.002684,0.002692,-0.001374,0
1505241587744,true,1569.514,0,-0.006772,-0.01486,0.004617,0.00129,0.005478,0.002146,0.008553,0.001941,0.007674,-0.04079,0.002876,-0.002209,0.003675,-0.002691,0.002646,-0.001376,0
1505241587780,true,1569.572,0,-0.007012,-0.01577,0.004579,0.001288,0.005424,0.002144,0.008503,0.001936,0.00784,-0.04105,0.002794,-0.002209,0.00362,-0.002699,0.002594,-0.001378,0
1505241587816,true,1569.629,0,-0.006061,-0.01604,0.004518,0.001287,0.005363,0.002142,0.008431,0.001929,0.008778,-0.04218,0.002703,-0.002212,0.003554,-0.002711,0.00254,-0.001382,0
1505241587947,true,1569.674,0,-0.00541,-0.01551,0.004439,0.001291,0.005287,0.002148,0.008367,0.001923,0.009423,-0.04305,0.002593,-0.002205,0.003461,-0.002713,0.00249,-0.001388,0
1505241587983,true,1569.732,0,-0.004821,-0.01499,0.004382,0.001299,0.005195,0.002165,0.008319,0.001926,0.009036,-0.0428,0.002539,-0.002199,0.003392,-0.002708,0.00245,-0.001388,0
1505241588019,true,1569.789,0,-0.005811,-0.01461,0.004375,0.001303,0.005155,0.002171,0.008297,0.001932,0.008195,-0.04204,0.002543,-0.002199,0.003365,-0.002704,0.002429,-0.001387,0
1505241588055,true,1569.847,0,-0.006806,-0.01506,0.004384,0.001306,0.005164,0.002166,0.008303,0.001931,0.007568,-0.04121,0.002556,-0.002199,0.003373,-0.00271,0.002412,-0.001384,0
1505241588091,true,1569.904,0,-0.006768,-0.01569,0.004392,0.001306,0.005191,0.002164,0.00829,0.001928,0.008024,-0.04164,0.002558,-0.002196,0.003378,-0.002719,0.002405,-0.001386,0
1505241588247,true,1569.974,0,-0.005662,-0.01561,0.004383,0.001306,0.005203,0.002169,0.008276,0.001923,0.008821,-0.04248,0.002568,-0.002198,0.003374,-0.002724,0.002395,-0.001384,0
1505241588283,true,1570.032,0,-0.005271,-0.015,0.004381,0.001303,0.005211,0.00217,0.008279,0.001915,0.008948,-0.04267,0.002577,-0.0022,0.003357,-0.002726,0.002391,-0.001386,0
1505241588319,true,1570.089,0,-0.005426,-0.01455,0.004391,0.001298,0.005212,0.002169,0.008289,0.001907,0.008298,-0.04204,0.002581,-0.002209,0.003343,-0.002728,0.00239,-0.001395,0
1505241588355,true,1570.147,0,-0.00679,-0.01463,0.004382,0.001295,0.005194,0.002163,0.008279,0.001902,0.007596,-0.04143,0.002561,-0.002216,0.003322,-0.002734,0.002364,-0.001396,0
1505241588391,true,1570.204,0,-0.007337,-0.01555,0.004362,0.001296,0.005163,0.002158,0.008239,0.001901,0.007228,-0.04108,0.0025,-0.002215,0.003291,-0.002745,0.002327,-0.001398,0
1505241588522,true,1570.249,0,-0.006426,-0.0161,0.004316,0.001299,0.005117,0.002159,0.008187,0.001895,0.007889,-0.04197,0.002426,-0.002217,0.003246,-0.002753,0.002291,-0.001401,0
1505241588558,true,1570.307,0,-0.005861,-0.01558,0.00426,0.001297,0.005064,0.002159,0.008127,0.001886,0.008844,-0.04312,0.002355,-0.002222,0.003187,-0.002759,0.002248,-0.001404,0
1505241588594,true,1570.364,0,-0.005299,-0.01506,0.004215,0.001292,0.004993,0.002159,0.008077,0.001879,0.008415,-0.04291,0.002273,-0.002223,0.003111,-0.002764,0.002207,-0.00141,0
1505241588630,true,1570.422,0,-0.005897,-0.01458,0.004158,0.001292,0.0049,0.00216,0.008017,0.001875,0.007628,-0.04229,0.002175,-0.002228,0.003036,-0.002771,0.002149,-0.001415,0
1505241588666,true,1570.479,0,-0.007343,-0.01486,0.004099,0.001301,0.004814,0.002161,0.007947,0.001879,0.006995,-0.04161,0.002076,-0.00222,0.002957,-0.002768,0.002078,-0.001408,0
1505241588797,true,1570.524,0,-0.007369,-0.01559,0.004072,0.001308,0.00477,0.002168,0.007896,0.001883,0.007078,-0.0417,0.002046,-0.002213,0.002926,-0.002769,0.002048,-0.001405,0
1505241588833,true,1570.582,0,-0.006394,-0.01566,0.004059,0.001311,0.004763,0.002174,0.00787,0.001881,0.007882,-0.04263,0.002045,-0.00221,0.002924,-0.002772,0.00204,-0.001406,0
1505241588869,true,1570.639,0,-0.006163,-0.01506,0.004061,0.001309,0.004773,0.002174,0.007871,0.001875,0.00833,-0.04316,0.002062,-0.00221,0.002918,-0.002772,0.002046,-0.00141,0
1505241588905,true,1570.697,0,-0.005954,-0.01466,0.004067,0.001308,0.004768,0.002178,0.007865,0.001875,0.007482,-0.04246,0.002061,-0.00221,0.002899,-0.002769,0.002044,-0.001413,0
1505241588941,true,1570.754,0,-0.007177,-0.01451,0.004076,0.001307,0.004759,0.002177,0.007867,0.001877,0.006776,-0.04166,0.002066,-0.002213,0.002886,-0.00277,0.002031,-0.001412,0
1505241589097,true,1570.825,0,-0.008102,-0.01525,0.004082,0.001306,0.004762,0.00217,0.007865,0.001874,0.006406,-0.04112,0.002044,-0.00221,0.00289,-0.002778,0.002016,-0.00141,0
1505241589133,true,1570.883,0,-0.00754,-0.01598,0.004061,0.001309,0.004766,0.002164,0.007836,0.001871,0.007225,-0.0419,0.002021,-0.002212,0.002884,-0.002787,0.002001,-0.001411,0
1505241589169,true,1570.94,0,-0.006619,-0.01572,0.004033,0.001307,0.004747,0.002164,0.00781,0.001862,0.008168,-0.04294,0.001979,-0.002214,0.002849,-0.002791,0.001984,-0.001416,0
1505241589205,true,1570.998,0,-0.006017,-0.01523,0.003994,0.001303,0.00471,0.002163,0.007779,0.001858,0.008186,-0.04299,0.001928,-0.002218,0.002798,-0.002793,0.001954,-0.00142,0
1505241589241,true,1571.055,0,-0.006328,-0.01456,0.003956,0.001305,0.004652,0.00216,0.007741,0.001856,0.00729,-0.04221,0.001869,-0.002227,0.002748,-0.002799,0.001915,-0.001425,0
1505241589397,true,1571.124,0,-0.007401,-0.01472,0.003917,0.001304,0.004594,0.002152,0.007689,0.001855,0.00671,-0.04151,0.001788,-0.002229,0.002684,-0.002804,0.001861,-0.001424,0
1505241589433,true,1571.182,0,-0.007951,-0.01547,0.003869,0.001305,0.004528,0.002146,0.007623,0.001854,0.006587,-0.0412,0.001689,-0.002231,0.002614,-0.002811,0.001808,-0.001426,0
1505241589469,true,1571.239,0,-0.007349,-0.01577,0.003802,0.001312,0.004451,0.002153,0.007538,0.001858,0.00718,-0.04182,0.001574,-0.002218,0.002536,-0.002811,0.001752,-0.001421,0
1505241589505,true,1571.297,0,-0.006799,-0.01515,0.003758,0.001319,0.004401,0.002165,0.007494,0.00186,0.007931,-0.04271,0.001543,-0.002206,0.002511,-0.002811,0.00173,-0.001417,0
1505241589541,true,1571.354,0,-0.006133,-0.01485,0.003759,0.001321,0.004395,0.00217,0.007497,0.001859,0.0075,-0.04231,0.001554,-0.002203,0.002511,-0.00281,0.00174,-0.001418,0
1505241589697,true,1571.425,0,-0.006796,-0.01456,0.003773,0.001322,0.004402,0.002171,0.007513,0.001859,0.006618,-0.04149,0.001585,-0.002205,0.00252,-0.002813,0.001758,-0.001424,0
1505241589733,true,1571.483,0,-0.007795,-0.01511,0.003784,0.001325,0.004414,0.002167,0.007519,0.001863,0.006273,-0.04103,0.00159,-0.002203,0.002534,-0.002817,0.001751,-0.001421,0
1505241589769,true,1571.54,0,-0.007714,-0.01592,0.003792,0.001327,0.004435,0.002167,0.007517,0.001866,0.006757,-0.04141,0.001591,-0.002198,0.002546,-0.00282,0.001751,-0.001419,0
1505241589805,true,1571.598,0,-0.006601,-0.01593,0.003796,0.001329,0.004454,0.002169,0.007518,0.001861,0.00789,-0.04256,0.001597,-0.002196,0.002555,-0.002824,0.001759,-0.001419,0
1505241589841,true,1571.655,0,-0.006114,-0.01534,0.0038,0.001325,0.004469,0.002168,0.007529,0.001854,0.008252,-0.043,0.001604,-0.0022,0.002551,-0.002825,0.001768,-0.001424,0
1505241589972,true,1571.699,0,-0.005792,-0.01471,0.003801,0.001321,0.004465,0.002166,0.007531,0.001851,0.007735,-0.04249,0.001595,-0.002206,0.00253,-0.002827,0.001754,-0.001425,0
1505241590008,true,1571.757,0,-0.006823,-0.01457,0.003785,0.001321,0.004436,0.002161,0.007521,0.00185,0.007094,-0.04182,0.001566,-0.002211,0.002509,-0.00283,0.001736,-0.001425,0
1505241590044,true,1571.814,0,-0.007499,-0.01524,0.003765,0.001319,0.004409,0.002155,0.007491,0.001849,0.006741,-0.04128,0.001509,-0.002214,0.002487,-0.002838,0.001705,-0.001424,0
1505241590080,true,1571.872,0,-0.006901,-0.01586,0.00373,0.001318,0.004377,0.002152,0.007443,0.001846,0.007365,-0.04187,0.001436,-0.00221,0.002444,-0.002844,0.001665,-0.001423,0
1505241590116,true,1571.929,0,-0.006011,-0.01563,0.003675,0.001319,0.004335,0.002149,0.007397,0.001838,0.008255,-0.04282,0.00136,-0.002209,0.002393,-0.002848,0.001633,-0.001428,0
1505241590247,true,1571.975,0,-0.00567,-0.01516,0.00362,0.001321,0.004266,0.002155,0.007354,0.001835,0.008063,-0.04276,0.001275,-0.002207,0.002327,-0.002849,0.001598,-0.001427,0
1505241590283,true,1572.033,0,-0.00623,-0.01472,0.00359,0.001328,0.004205,0.002165,0.007317,0.001843,0.007416,-0.04219,0.001235,-0.002198,0.002287,-0.002842,0.001577,-0.001423,0
1505241590319,true,1572.09,0,-0.007477,-0.01509,0.0036,0.001332,0.004197,0.002167,0.007322,0.001847,0.00713,-0.04176,0.00125,-0.00219,0.002304,-0.002842,0.001577,-0.001418,0
1505241590355,true,1572.148,0,-0.007845,-0.01585,0.00363,0.001334,0.004228,0.002166,0.007338,0.001849,0.007486,-0.04195,0.001283,-0.002183,0.002338,-0.002843,0.001588,-0.001413,0
1505241590391,true,1572.205,0,-0.00682,-0.01614,0.003656,0.001334,0.004275,0.002168,0.007355,0.001848,0.008491,-0.04301,0.001332,-0.002182,0.002373,-0.002844,0.001607,-0.001409,0
1505241590548,true,1572.276,0,-0.006272,-0.01554,0.003677,0.001333,0.004316,0.002171,0.007387,0.001848,0.009298,-0.0439,0.00138,-0.002182,0.002405,-0.002842,0.001633,-0.001409,0
1505241590584,true,1572.334,0,-0.005645,-0.01499,0.003712,0.00133,0.004362,0.002171,0.007432,0.001847,0.008876,-0.04352,0.001426,-0.002182,0.002432,-0.00284,0.00166,-0.00141,0
1505241590620,true,1572.391,0,-0.006755,-0.01452,0.003746,0.001329,0.004394,0.002166,0.007469,0.001846,0.008066,-0.04268,0.001471,-0.002188,0.002462,-0.002841,0.001683,-0.001413,0
1505241590655,true,1572.449,0,-0.007688,-0.01503,0.003773,0.001327,0.004418,0.002161,0.007493,0.001843,0.007595,-0.04205,0.001485,-0.002189,0.002473,-0.002841,0.001691,-0.001413,0
1505241590692,true,1572.506,0,-0.007334,-0.0158,0.00378,0.001327,0.004439,0.002156,0.007487,0.001841,0.007968,-0.04231,0.001473,-0.002188,0.002474,-0.002845,0.001693,-0.001411,0
1505241590822,true,1572.549,0,-0.006301,-0.01575,0.003769,0.001323,0.00444,0.002157,0.007478,0.001833,0.008936,-0.04337,0.001443,-0.002186,0.002465,-0.002849,0.00169,-0.001413,0
1505241590857,true,1572.607,0,-0.005918,-0.01528,0.003749,0.00132,0.004426,0.002158,0.007474,0.001825,0.009054,-0.04359,0.00141,-0.002186,0.002431,-0.002847,0.001684,-0.001419,0
1505241590894,true,1572.664,0,-0.006067,-0.0148,0.003739,0.001315,0.004394,0.002157,0.007465,0.00182,0.008436,-0.04308,0.001377,-0.002189,0.002406,-0.002849,0.00168,-0.001425,0
1505241590929,true,1572.722,0,-0.007541,-0.01485,0.003716,0.001316,0.004355,0.002153,0.007445,0.001818,0.007957,-0.04256,0.00132,-0.002191,0.002362,-0.00285,0.001651,-0.001425,0
1505241590966,true,1572.779,0,-0.008545,-0.01556,0.003687,0.001325,0.004309,0.002157,0.007413,0.001822,0.007864,-0.04235,0.001247,-0.002174,0.002316,-0.002845,0.001617,-0.001416,0
1505241591122,true,1572.849,0,-0.007883,-0.01606,0.003686,0.001332,0.004303,0.002165,0.007391,0.00183,0.008838,-0.0433,0.001258,-0.002163,0.002321,-0.002838,0.001618,-0.001407,0
1505241591158,true,1572.907,0,-0.007243,-0.01556,0.003706,0.001335,0.004341,0.002173,0.007418,0.001831,0.009731,-0.04427,0.001311,-0.002158,0.002354,-0.002835,0.00165,-0.001405,0
1505241591194,true,1572.964,0,-0.00659,-0.01494,0.00375,0.001333,0.004406,0.002174,0.007474,0.001832,0.009568,-0.04401,0.001379,-0.002155,0.002398,-0.002833,0.001696,-0.001408,0
1505241591230,true,1573.022,0,-0.007167,-0.01432,0.003799,0.001335,0.004463,0.002173,0.007525,0.001835,0.008972,-0.04331,0.001457,-0.002156,0.002439,-0.002827,0.001733,-0.001407,0
1505241591266,true,1573.079,0,-0.008221,-0.01463,0.003852,0.001337,0.004528,0.002167,0.00758,0.001839,0.008317,-0.04238,0.001529,-0.002154,0.002492,-0.002825,0.001764,-0.001402,0
1505241591397,true,1573.125,0,-0.008415,-0.01533,0.003901,0.001337,0.004604,0.002162,0.007622,0.001841,0.00837,-0.0422,0.001582,-0.002152,0.002546,-0.002825,0.0018,-0.001399,0
1505241591434,true,1573.183,0,-0.007365,-0.01545,0.003934,0.001335,0.004666,0.002159,0.007644,0.00184,0.00932,-0.04316,0.001627,-0.002149,0.00258,-0.002825,0.001834,-0.001399,0
1505241591470,true,1573.24,0,-0.006807,-0.01495,0.003956,0.00133,0.004711,0.002154,0.00768,0.001833,0.009891,-0.04374,0.001656,-0.002151,0.002593,-0.002821,0.001859,-0.0014,0
1505241591506,true,1573.298,0,-0.006482,-0.01443,0.003968,0.001329,0.004723,0.002156,0.007707,0.001832,0.009305,-0.04315,0.001663,-0.002153,0.002585,-0.002816,0.001872,-0.001403,0
1505241591542,true,1573.355,0,-0.00771,-0.01422,0.003974,0.001327,0.004723,0.00215,0.007715,0.001834,0.008419,-0.04225,0.001649,-0.002153,0.002578,-0.002811,0.001874,-0.001401,0
1505241591697,true,1573.425,0,-0.008811,-0.01484,0.003965,0.001327,0.004708,0.002145,0.00772,0.001835,0.008226,-0.04188,0.001608,-0.00215,0.002564,-0.002809,0.001864,-0.0014,0
1505241591733,true,1573.483,0,-0.00818,-0.01558,0.003944,0.001328,0.004697,0.00214,0.007702,0.001832,0.008812,-0.04243,0.001559,-0.002148,0.002551,-0.002814,0.001848,-0.001398,0
1505241591769,true,1573.54,0,-0.007189,-0.0153,0.003908,0.001327,0.004674,0.002137,0.007682,0.001824,0.0098,-0.04341,0.001503,-0.002148,0.002507,-0.002813,0.001836,-0.0014,0
1505241591806,true,1573.598,0,-0.006672,-0.01463,0.003877,0.001326,0.004634,0.002138,0.007653,0.001825,0.009882,-0.04354,0.001436,-0.002141,0.002444,-0.002805,0.001812,-0.001399,0
1505241591841,true,1573.655,0,-0.006953,-0.01399,0.003864,0.001334,0.004582,0.002149,0.007635,0.001832,0.008917,-0.04256,0.001417,-0.002128,0.002418,-0.002794,0.001802,-0.001391,0
1505241591971,true,1573.699,0,-0.008062,-0.01405,0.003898,0.001339,0.004597,0.002153,0.007667,0.001838,0.008181,-0.04168,0.001465,-0.00212,0.002454,-0.002788,0.001812,-0.001382,0
1505241592008,true,1573.757,0,-0.008474,-0.01474,0.003947,0.001342,0.004665,0.002153,0.007707,0.001846,0.00795,-0.04124,0.00154,-0.002114,0.002513,-0.002784,0.001849,-0.001375,0
1505241592044,true,1573.814,0,-0.007383,-0.01515,0.004003,0.001342,0.004751,0.002154,0.007754,0.001849,0.00876,-0.04208,0.001618,-0.002109,0.002581,-0.002783,0.001899,-0.001372,0
1505241592080,true,1573.872,0,-0.006763,-0.01461,0.004046,0.001343,0.004842,0.002154,0.007818,0.001845,0.009467,-0.0428,0.001692,-0.002104,0.002637,-0.002776,0.001947,-0.001365,0
1505241592116,true,1573.929,0,-0.006437,-0.01411,0.004101,0.001339,0.00492,0.002154,0.007894,0.001842,0.009217,-0.04253,0.001764,-0.002103,0.002692,-0.002769,0.001997,-0.001364,0
1505241592271,true,1573.998,0,-0.007331,-0.01368,0.004156,0.001336,0.00498,0.002153,0.007954,0.001845,0.008608,-0.04188,0.00183,-0.002107,0.002743,-0.002765,0.002048,-0.001364,0
1505241592307,true,1574.056,0,-0.008499,-0.01414,0.004201,0.001331,0.00503,0.002145,0.008008,0.001842,0.008238,-0.04135,0.001873,-0.00211,0.00278,-0.002762,0.002081,-0.001359,0
1505241592343,true,1574.113,0,-0.008235,-0.01493,0.004231,0.001328,0.005072,0.002139,0.008034,0.001842,0.008657,-0.04162,0.001888,-0.002108,0.002814,-0.002763,0.002098,-0.001353,0
1505241592379,true,1574.171,0,-0.007255,-0.01481,0.004232,0.001326,0.005091,0.002138,0.00805,0.001841,0.009722,-0.04268,0.001895,-0.002109,0.002834,-0.002765,0.002121,-0.001353,0
1505241592415,true,1574.228,0,-0.006569,-0.01414,0.004229,0.001323,0.005096,0.002137,0.008072,0.001836,0.01011,-0.04308,0.001896,-0.00211,0.002839,-0.002765,0.00214,-0.001354,0
1505241592546,true,1574.274,0,-0.006181,-0.01352,0.004221,0.001322,0.00508,0.002137,0.008076,0.001836,0.009455,-0.04239,0.001883,-0.002114,0.002826,-0.002762,0.002143,-0.001354,0
1505241592582,true,1574.332,0,-0.007156,-0.01334,0.00421,0.001322,0.005053,0.00213,0.008076,0.001832,0.008704,-0.04148,0.001867,-0.002121,0.002811,-0.002759,0.002139,-0.001354,0
1505241592618,true,1574.389,0,-0.008032,-0.01395,0.0042,0.00132,0.005019,0.002126,0.008058,0.001831,0.008338,-0.04098,0.001808,-0.002119,0.002794,-0.002763,0.002113,-0.001349,0
1505241592655,true,1574.447,0,-0.007266,-0.01458,0.004174,0.001318,0.004982,0.002126,0.008018,0.001832,0.008954,-0.04166,0.001738,-0.002118,0.002756,-0.002767,0.002095,-0.001349,0
1505241592691,true,1574.504,0,-0.006638,-0.01419,0.00412,0.001327,0.004929,0.002134,0.007974,0.001837,0.009894,-0.04275,0.001671,-0.002106,0.002706,-0.00276,0.002063,-0.001341,0
1505241592846,true,1574.575,0,-0.006266,-0.01365,0.004113,0.001333,0.004903,0.00215,0.00798,0.001843,0.009726,-0.0427,0.001686,-0.002095,0.0027,-0.002746,0.002068,-0.001335,0
1505241592882,true,1574.633,0,-0.006836,-0.01307,0.004151,0.001335,0.004929,0.002156,0.00802,0.00185,0.008918,-0.04192,0.001758,-0.00209,0.002741,-0.002738,0.002098,-0.00133,0
1505241592918,true,1574.69,0,-0.008072,-0.01338,0.004203,0.001337,0.004981,0.002158,0.008081,0.001853,0.008337,-0.04122,0.001841,-0.002089,0.002808,-0.002732,0.002142,-0.001325,0
1505241592955,true,1574.748,0,-0.008246,-0.01424,0.004258,0.001336,0.005057,0.002154,0.008146,0.001855,0.008325,-0.04109,0.001905,-0.002085,0.00287,-0.00273,0.002184,-0.001322,0
1505241592991,true,1574.805,0,-0.007113,-0.01461,0.004299,0.001334,0.005118,0.002157,0.008191,0.001855,0.009337,-0.04205,0.001969,-0.002086,0.002926,-0.002728,0.002225,-0.00132,0
1505241593146,true,1574.875,0,-0.00653,-0.01389,0.004328,0.001332,0.005174,0.002159,0.008243,0.001852,0.01004,-0.04271,0.002028,-0.002085,0.002964,-0.002721,0.002264,-0.001318,0
1505241593182,true,1574.933,0,-0.005963,-0.01328,0.004368,0.001326,0.005212,0.00216,0.008291,0.001853,0.009637,-0.04221,0.002077,-0.002084,0.002995,-0.002716,0.002294,-0.001316,0
1505241593219,true,1574.99,0,-0.006757,-0.01288,0.004402,0.001323,0.005239,0.002156,0.008342,0.001852,0.008801,-0.04134,0.002113,-0.002088,0.003024,-0.002712,0.002323,-0.001317,0
1505241593255,true,1575.048,0,-0.007783,-0.01335,0.004417,0.001322,0.005262,0.00215,0.00836,0.001856,0.008184,-0.04054,0.002124,-0.002088,0.003039,-0.002711,0.002335,-0.001314,0
1505241593291,true,1575.105,0,-0.007538,-0.01406,0.004422,0.001322,0.005277,0.002146,0.008367,0.001852,0.008602,-0.04092,0.002117,-0.002087,0.003044,-0.002713,0.002346,-0.001314,0
1505241593421,true,1575.15,0,-0.00659,-0.01399,0.004404,0.001321,0.005272,0.002143,0.00836,0.001851,0.009515,-0.04193,0.002098,-0.002087,0.003043,-0.002716,0.002355,-0.001314,0
1505241593458,true,1575.208,0,-0.00635,-0.01344,0.004383,0.00132,0.005251,0.002143,0.008358,0.001847,0.009809,-0.04235,0.002073,-0.002085,0.003014,-0.002713,0.002363,-0.001321,0
1505241593493,true,1575.265,0,-0.006345,-0.01306,0.004366,0.001317,0.005222,0.002139,0.008356,0.001845,0.008957,-0.04154,0.002031,-0.002087,0.002978,-0.002711,0.002357,-0.001326,0
1505241593529,true,1575.323,0,-0.007598,-0.01326,0.004339,0.001316,0.005172,0.002133,0.008336,0.001845,0.008538,-0.04113,0.00197,-0.00209,0.002937,-0.002713,0.002323,-0.001325,0
1505241593566,true,1575.38,0,-0.00821,-0.0141,0.004299,0.00132,0.005119,0.002131,0.008294,0.00185,0.008429,-0.04094,0.001877,-0.00208,0.002889,-0.002714,0.002275,-0.001317,0
1505241593696,true,1575.424,0,-0.007231,-0.01475,0.004263,0.001332,0.005078,0.002139,0.008255,0.001861,0.009338,-0.04187,0.001828,-0.002061,0.002865,-0.002708,0.002251,-0.001308,0
1505241593733,true,1575.482,0,-0.006413,-0.01421,0.004268,0.001333,0.005082,0.002148,0.008265,0.001866,0.01014,-0.04281,0.001853,-0.00205,0.002883,-0.002702,0.002275,-0.001306,0
1505241593769,true,1575.539,0,-0.005471,-0.01369,0.004294,0.001332,0.005107,0.002154,0.008304,0.001868,0.00982,-0.04257,0.001914,-0.002049,0.002911,-0.002697,0.002309,-0.001307,0
1505241593805,true,1575.597,0,-0.006097,-0.01308,0.004336,0.001327,0.005137,0.002155,0.008356,0.001867,0.009004,-0.04165,0.001965,-0.002053,0.002938,-0.002694,0.002332,-0.001306,0
1505241593841,true,1575.654,0,-0.007044,-0.01357,0.00436,0.001329,0.005167,0.002151,0.008386,0.001873,0.008329,-0.04068,0.001995,-0.002052,0.002952,-0.002689,0.002335,-0.001302,0
1505241593996,true,1575.725,0,-0.007121,-0.01442,0.004381,0.001329,0.005206,0.002148,0.008404,0.001876,0.00844,-0.04064,0.00201,-0.002048,0.002972,-0.002689,0.002343,-0.001299,0
1505241594032,true,1575.783,0,-0.005943,-0.01465,0.004384,0.00133,0.005232,0.002146,0.008409,0.001874,0.00934,-0.04167,0.002015,-0.002043,0.002991,-0.002689,0.002355,-0.001299,0
1505241594069,true,1575.84,0,-0.005471,-0.01419,0.004376,0.001327,0.005242,0.002148,0.008427,0.001869,0.009813,-0.04225,0.002016,-0.002045,0.002987,-0.002686,0.002356,-0.001302,0
1505241594104,true,1575.898,0,-0.005202,-0.01383,0.004368,0.001325,0.005232,0.002146,0.00844,0.001867,0.009212,-0.04187,0.002005,-0.002049,0.002965,-0.002682,0.002359,-0.001308,0
1505241594141,true,1575.955,0,-0.006146,-0.01379,0.004361,0.001323,0.005206,0.002142,0.008446,0.001865,0.008539,-0.04133,0.00198,-0.002053,0.00294,-0.002684,0.002335,-0.001308,0
1505241594296,true,1576.025,0,-0.00702,-0.01462,0.004341,0.00132,0.005176,0.002137,0.008421,0.001866,0.0083,-0.04096,0.00193,-0.002053,0.002903,-0.002688,0.002295,-0.001303,0
1505241594333,true,1576.083,0,-0.006642,-0.01542,0.004302,0.001322,0.005142,0.002132,0.008377,0.001866,0.00893,-0.04173,0.00186,-0.002054,0.002866,-0.002693,0.002256,-0.001301,0
1505241594369,true,1576.14,0,-0.005519,-0.01526,0.004247,0.001321,0.005094,0.002129,0.008337,0.001858,0.01003,-0.04305,0.001778,-0.002054,0.002812,-0.002698,0.002219,-0.001303,0
1505241594405,true,1576.198,0,-0.005054,-0.01476,0.004194,0.001316,0.005026,0.002129,0.008293,0.001855,0.01013,-0.04333,0.001685,-0.002056,0.002734,-0.0027,0.002167,-0.001305,0
1505241594441,true,1576.255,0,-0.005491,-0.01409,0.004139,0.00132,0.004939,0.002133,0.008237,0.00186,0.00911,-0.04246,0.00158,-0.002049,0.002643,-0.002694,0.002111,-0.001305,0
1505241594571,true,1576.3,0,-0.006801,-0.01421,0.004102,0.001328,0.004867,0.002139,0.008203,0.001867,0.008303,-0.04162,0.001536,-0.002042,0.002599,-0.002687,0.002065,-0.001297,0
1505241594607,true,1576.358,0,-0.007566,-0.01489,0.004107,0.00133,0.004848,0.002143,0.008182,0.001874,0.008202,-0.04141,0.001531,-0.002034,0.002599,-0.002688,0.002044,-0.001292,0
1505241594643,true,1576.415,0,-0.006709,-0.01537,0.00411,0.001329,0.004861,0.002145,0.008173,0.001874,0.00897,-0.04234,0.001543,-0.002031,0.002608,-0.002688,0.002035,-0.00129,0
1505241594679,true,1576.473,0,-0.006286,-0.01485,0.004103,0.001327,0.004868,0.002146,0.008176,0.001869,0.009688,-0.04318,0.00155,-0.002033,0.002594,-0.002686,0.002028,-0.00129,0
1505241594715,true,1576.53,0,-0.005888,-0.01447,0.004104,0.001324,0.004855,0.002152,0.008181,0.00187,0.009214,-0.04284,0.001548,-0.002036,0.002583,-0.002686,0.00202,-0.001292,0
1505241594871,true,1576.6,0,-0.006735,-0.01423,0.004101,0.001323,0.004831,0.002152,0.008191,0.001869,0.008614,-0.04229,0.001535,-0.002039,0.002567,-0.00269,0.00201,-0.001294,0
1505241594908,true,1576.658,0,-0.008113,-0.01477,0.004087,0.001322,0.004806,0.002147,0.008175,0.00187,0.008148,-0.04186,0.001497,-0.00204,0.00255,-0.002693,0.001971,-0.001291,0
1505241594944,true,1576.715,0,-0.008012,-0.01562,0.004062,0.001321,0.004783,0.002143,0.008135,0.001869,0.008783,-0.04253,0.00145,-0.00204,0.002512,-0.002699,0.001934,-0.00129,0
1505241594980,true,1576.773,0,-0.006827,-0.01562,0.004016,0.001321,0.004743,0.002144,0.00808,0.001867,0.009896,-0.04379,0.001394,-0.002042,0.00246,-0.002703,0.001888,-0.001289,0
1505241595015,true,1576.83,0,-0.006372,-0.01495,0.003972,0.001315,0.004692,0.002145,0.008037,0.001863,0.01023,-0.04447,0.001321,-0.002042,0.002389,-0.002702,0.001838,-0.001289,0
1505241595146,true,1576.875,0,-0.006215,-0.01434,0.003924,0.001312,0.004619,0.002145,0.007987,0.001862,0.009329,-0.04372,0.001241,-0.002047,0.002317,-0.002703,0.001783,-0.001292,0
1505241595183,true,1576.933,0,-0.007405,-0.01423,0.003879,0.00131,0.004535,0.00214,0.007925,0.00186,0.008486,-0.04306,0.001144,-0.002049,0.00224,-0.002705,0.001722,-0.001296,0
1505241595218,true,1576.99,0,-0.00833,-0.01491,0.003816,0.00131,0.004462,0.002133,0.007843,0.001863,0.008124,-0.04261,0.001036,-0.002049,0.002159,-0.002711,0.001645,-0.001296,0
1505241595255,true,1577.048,0,-0.007915,-0.01548,0.003743,0.001316,0.00438,0.002137,0.007747,0.001866,0.008563,-0.04327,9.055E-4,-0.002039,0.002068,-0.002714,0.001573,-0.001294,0
1505241595291,true,1577.105,0,-0.007316,-0.01517,0.003681,0.001324,0.004315,0.002147,0.00768,0.00187,0.009236,-0.04426,8.5E-4,-0.002032,0.002002,-0.002711,0.001516,-0.001289,0
1505241595447,true,1577.176,0,-0.007096,-0.0147,0.00366,0.001323,0.004277,0.002156,0.007654,0.001873,0.008935,-0.04426,8.329E-4,-0.002029,0.001981,-0.00271,0.001493,-0.00129,0
1505241595483,true,1577.234,0,-0.007527,-0.01426,0.003655,0.001325,0.004254,0.00216,0.00765,0.001875,0.007914,-0.04343,8.441E-4,-0.002037,0.001968,-0.002708,0.001477,-0.001294,0
1505241595519,true,1577.291,0,-0.008858,-0.01449,0.003646,0.001325,0.004232,0.002155,0.007633,0.00188,0.007564,-0.04301,8.256E-4,-0.002037,0.001949,-0.002711,0.001443,-0.001293,0
1505241595555,true,1577.349,0,-0.009137,-0.01532,0.003637,0.001324,0.004214,0.002154,0.0076,0.001886,0.007598,-0.04304,8.07E-4,-0.002036,0.001927,-0.002713,0.001411,-0.001292,0
1505241595591,true,1577.406,0,-0.008138,-0.01557,0.003615,0.001324,0.004194,0.002155,0.007564,0.001886,0.008536,-0.04414,7.793E-4,-0.002035,0.0019,-0.002715,0.001374,-0.001293,0
1505241595721,true,1577.45,0,-0.007473,-0.01491,0.003582,0.00132,0.004171,0.002154,0.00753,0.001881,0.009086,-0.04491,7.52E-4,-0.002041,0.001858,-0.002716,0.001343,-0.001294,0
1505241595757,true,1577.508,0,-0.006716,-0.01454,0.003546,0.001316,0.004133,0.002153,0.007491,0.001879,0.008394,-0.04447,7.026E-4,-0.002047,0.001804,-0.002718,0.001307,-0.0013,0
1505241595793,true,1577.565,0,-0.007696,-0.0141,0.003505,0.001317,0.004067,0.002151,0.007441,0.001879,0.007315,-0.04355,6.495E-4,-0.002056,0.00174,-0.002719,0.001253,-0.001304,0
1505241595829,true,1577.623,0,-0.008824,-0.01465,0.003461,0.001316,0.004007,0.002142,0.007387,0.001877,0.006885,-0.04311,5.554E-4,-0.002055,0.001673,-0.002722,0.001185,-0.001302,0
1505241595865,true,1577.68,0,-0.008741,-0.01541,0.003402,0.001316,0.003952,0.002137,0.007302,0.001877,0.007219,-0.04359,4.572E-4,-0.002055,0.001604,-0.002728,0.001117,-0.001304,0
1505241596021,true,1577.749,0,-0.007899,-0.01537,0.003334,0.001315,0.003887,0.002133,0.007224,0.001868,0.007893,-0.04455,3.454E-4,-0.002055,0.001516,-0.002733,0.001053,-0.001305,0
1505241596057,true,1577.807,0,-0.007529,-0.01497,0.003257,0.001315,0.003816,0.002134,0.007142,0.001866,0.008025,-0.04492,2.306E-4,-0.002055,0.001414,-0.002734,9.874E-4,-0.001309,0
1505241596093,true,1577.864,0,-0.00747,-0.01465,0.003188,0.00132,0.003726,0.00214,0.00706,0.001874,0.007293,-0.04438,1.256E-4,-0.002048,0.001317,-0.002727,9.237E-4,-0.001307,0
1505241596129,true,1577.922,0,-0.008729,-0.01484,0.003158,0.001324,0.003656,0.002143,0.007021,0.001878,0.006785,-0.04395,9.61E-5,-0.002043,0.001275,-0.002725,8.82E-4,-0.001303,0
1505241596165,true,1577.979,0,-0.0094,-0.01566,0.003153,0.001324,0.003639,0.00214,0.006985,0.001884,0.006684,-0.04384,7.901E-5,-0.002039,0.001263,-0.002724,8.469E-4,-0.001299,0
1505241596296,true,1578.025,0,-0.008548,-0.01621,0.003139,0.001326,0.003637,0.002139,0.006956,0.001883,0.007426,-0.0447,6.723E-5,-0.002041,0.001251,-0.002728,8.22E-4,-0.001299,0
1505241596332,true,1578.083,0,-0.00768,-0.01582,0.003108,0.001328,0.003632,0.002138,0.006938,0.001881,0.008293,-0.04572,5.509E-5,-0.002043,0.001226,-0.00273,7.946E-4,-0.001298,0
1505241596369,true,1578.14,0,-0.007073,-0.01525,0.00309,0.00133,0.003616,0.002141,0.006929,0.001879,0.008131,-0.04564,4.723E-5,-0.002044,0.001195,-0.002728,7.786E-4,-0.001301,0
1505241596405,true,1578.198,0,-0.007861,-0.01463,0.003081,0.001329,0.003593,0.002136,0.00691,0.00188,0.007141,-0.04466,4.082E-5,-0.002053,0.001177,-0.002732,7.455E-4,-0.001303,0
1505241596441,true,1578.255,0,-0.009152,-0.01502,0.00306,0.00133,0.003558,0.002131,0.006883,0.001878,0.006367,-0.04391,9.311E-6,-0.002057,0.001147,-0.002735,7.009E-4,-0.001305,0
1505241596597,true,1578.326,0,-0.009407,-0.01588,0.003025,0.00133,0.003527,0.002124,0.006829,0.001877,0.006525,-0.04406,-5.343E-5,-0.002057,0.0011,-0.002738,6.506E-4,-0.001304,0
1505241596632,true,1578.384,0,-0.008322,-0.01619,0.002964,0.001334,0.00348,0.002124,0.00677,0.001871,0.00741,-0.0451,-1.286E-4,-0.002057,0.00104,-0.002742,5.99E-4,-0.001308,0
1505241596668,true,1578.441,0,-0.008209,-0.0157,0.002898,0.001334,0.003427,0.002122,0.00671,0.001866,0.007901,-0.04579,-2.106E-4,-0.00206,9.596E-4,-0.002743,5.424E-4,-0.001312,0
1505241596705,true,1578.499,0,-0.007972,-0.01537,0.002848,0.001329,0.003359,0.002121,0.006658,0.001862,0.007363,-0.04548,-3.041E-4,-0.002066,8.682E-4,-0.002745,4.844E-4,-0.001317,0
1505241596741,true,1578.556,0,-0.009162,-0.01531,0.002792,0.001331,0.003279,0.00212,0.006593,0.001862,0.006851,-0.04508,-4.131E-4,-0.002066,7.835E-4,-0.002745,4.052E-4,-0.001313,0
1505241596872,true,1578.6,0,-0.0102,-0.01608,0.002742,0.001338,0.003211,0.002118,0.006524,0.00187,0.006532,-0.04471,-4.974E-4,-0.002055,7.059E-4,-0.002739,3.388E-4,-0.001304,0
1505241596908,true,1578.658,0,-0.009818,-0.01685,0.002716,0.001345,0.003175,0.002124,0.006478,0.001873,0.007187,-0.04531,-5.149E-4,-0.00205,6.777E-4,-0.002736,3.035E-4,-0.0013,0
1505241596944,true,1578.715,0,-0.008867,-0.01663,0.002692,0.001349,0.003169,0.002123,0.006456,0.001871,0.008135,-0.04635,-5.151E-4,-0.002047,6.699E-4,-0.002737,2.951E-4,-0.0013,0
1505241596980,true,1578.773,0,-0.008566,-0.01603,0.002682,0.001347,0.003163,0.002126,0.006456,0.001867,0.0083,-0.04659,-5.175E-4,-0.002048,6.468E-4,-0.002736,2.861E-4,-0.001304,0
1505241597016,true,1578.83,0,-0.008925,-0.01547,0.002677,0.001348,0.003156,0.002125,0.006452,0.001866,0.00744,-0.04569,-5.231E-4,-0.002047,6.253E-4,-0.002733,2.654E-4,-0.001305,0
1505241597147,true,1578.876,0,-0.01009,-0.01567,0.002679,0.001349,0.003147,0.002122,0.006442,0.001871,0.006721,-0.0449,-5.146E-4,-0.002049,6.176E-4,-0.002732,2.366E-4,-0.001298,0
1505241597183,true,1578.934,0,-0.01085,-0.01641,0.002683,0.001347,0.003154,0.002114,0.006428,0.001872,0.006573,-0.04462,-5.217E-4,-0.002049,6.063E-4,-0.002732,1.999E-4,-0.001293,0
1505241597219,true,1578.991,0,-0.01024,-0.01681,0.002661,0.001348,0.003147,0.002115,0.006405,0.001867,0.007306,-0.04543,-5.458E-4,-0.002049,5.934E-4,-0.00274,1.767E-4,-0.001294,0
1505241597255,true,1579.049,0,-0.009688,-0.01645,0.002628,0.001346,0.003129,0.002116,0.006373,0.001863,0.008117,-0.04638,-5.756E-4,-0.002053,5.514E-4,-0.002742,1.422E-4,-0.001295,0
1505241597291,true,1579.106,0,-0.009457,-0.01612,0.002601,0.001341,0.003099,0.002115,0.006344,0.00186,0.007914,-0.04631,-6.278E-4,-0.002058,4.962E-4,-0.002744,1.016E-4,-0.001297,0
1505241597447,true,1579.175,0,-0.01048,-0.01575,0.002566,0.001341,0.003053,0.00211,0.006307,0.001859,0.007285,-0.04575,-6.994E-4,-0.00206,4.291E-4,-0.002742,5.052E-5,-0.001297,0
1505241597483,true,1579.233,0,-0.01158,-0.01634,0.002529,0.00134,0.002993,0.002106,0.006254,0.001859,0.007013,-0.04544,-7.834E-4,-0.002059,3.59E-4,-0.002744,-7.712E-6,-0.001298,0
1505241597519,true,1579.29,0,-0.01133,-0.01732,0.002479,0.001345,0.002938,0.002107,0.006184,0.001863,0.007487,-0.04586,-8.777E-4,-0.002049,2.763E-4,-0.002738,-7.158E-5,-0.001289,0
1505241597555,true,1579.348,0,-0.01036,-0.01727,0.002443,0.001351,0.0029,0.002112,0.006133,0.001866,0.00839,-0.04691,-9.06E-4,-0.002042,2.406E-4,-0.002732,-1.09E-4,-0.001282,0
1505241597591,true,1579.405,0,-0.009945,-0.01668,0.002437,0.001349,0.002893,0.002115,0.006122,0.001866,0.008729,-0.04741,-8.862E-4,-0.00204,2.3E-4,-0.002729,-1.205E-4,-0.001279,0
1505241597747,true,1579.476,0,-0.00976,-0.01615,0.00244,0.001349,0.002898,0.002116,0.006129,0.001867,0.007894,-0.04663,-8.584E-4,-0.002042,2.294E-4,-0.002725,-1.234E-4,-0.00128,0
1505241597783,true,1579.534,0,-0.01111,-0.01601,0.002449,0.00135,0.002898,0.002115,0.00614,0.001865,0.007228,-0.04586,-8.411E-4,-0.002044,2.382E-4,-0.002726,-1.469E-4,-0.001274,0
1505241597819,true,1579.591,0,-0.01205,-0.01669,0.00246,0.001352,0.002904,0.002113,0.006136,0.001871,0.006749,-0.04519,-8.31E-4,-0.002042,2.441E-4,-0.002724,-1.624E-4,-0.001267,0
1505241597855,true,1579.649,0,-0.01159,-0.01727,0.002469,0.001354,0.002925,0.002115,0.006127,0.001871,0.007184,-0.04573,-8.168E-4,-0.002039,2.567E-4,-0.002725,-1.613E-4,-0.001267,0
1505241597891,true,1579.706,0,-0.01127,-0.01685,0.002465,0.001354,0.00294,0.002116,0.006123,0.001867,0.008062,-0.04667,-8.002E-4,-0.002041,2.524E-4,-0.002725,-1.672E-4,-0.001267,0
1505241598021,true,1579.75,0,-0.01099,-0.0164,0.002457,0.001351,0.002944,0.002114,0.006125,0.001864,0.008144,-0.04687,-7.992E-4,-0.002047,2.347E-4,-0.002723,-1.774E-4,-0.001268,0
1505241598057,true,1579.808,0,-0.01136,-0.01594,0.002451,0.00135,0.002923,0.002112,0.006113,0.001866,0.007442,-0.04622,-8.196E-4,-0.002052,2.045E-4,-0.002721,-1.959E-4,-0.001271,0
1505241598093,true,1579.865,0,-0.0125,-0.0163,0.002433,0.001348,0.002898,0.002106,0.006093,0.001865,0.006974,-0.04572,-8.677E-4,-0.002054,1.784E-4,-0.002724,-2.36E-4,-0.001269,0
1505241598130,true,1579.923,0,-0.01291,-0.01708,0.002401,0.00135,0.00287,0.002102,0.006052,0.001863,0.007235,-0.04587,-9.308E-4,-0.002054,1.34E-4,-0.002724,-2.887E-4,-0.001265,0
1505241598165,true,1579.98,0,-0.01181,-0.01732,0.002353,0.001353,0.002832,0.002102,0.00599,0.001862,0.008085,-0.04677,-0.001013,-0.002051,7.016E-5,-0.002721,-3.311E-4,-0.001262,0
1505241598322,true,1580.051,0,-0.0112,-0.01673,0.002315,0.001357,0.002793,0.002109,0.005942,0.001865,0.008642,-0.04751,-0.001056,-0.002043,1.53E-5,-0.002711,-3.661E-4,-0.001256,0
1505241598358,true,1580.109,0,-0.01059,-0.01611,0.002313,0.001361,0.002775,0.002116,0.00593,0.00187,0.007897,-0.04686,-0.00103,-0.002043,1.255E-5,-0.002704,-3.703E-4,-0.001254,0
1505241598394,true,1580.166,0,-0.01141,-0.01574,0.002333,0.001364,0.002772,0.002119,0.005942,0.001876,0.007137,-0.04608,-9.764E-4,-0.002049,3.834E-5,-0.002703,-3.642E-4,-0.001252,0
1505241598430,true,1580.224,0,-0.01247,-0.0162,0.002365,0.001362,0.002791,0.002116,0.005956,0.001878,0.006632,-0.0454,-9.442E-4,-0.00205,5.158E-5,-0.002701,-3.663E-4,-0.001251,0
1505241598466,true,1580.281,0,-0.01241,-0.01687,0.002384,0.001364,0.002814,0.00212,0.005959,0.001879,0.006968,-0.04567,-9.262E-4,-0.002045,7.058E-5,-0.002701,-3.702E-4,-0.001245,0
1505241598597,true,1580.327,0,-0.01133,-0.01676,0.002395,0.001365,0.002835,0.002125,0.00597,0.001877,0.007968,-0.04658,-8.911E-4,-0.002045,9.335E-5,-0.0027,-3.573E-4,-0.001241,0
1505241598633,true,1580.385,0,-0.01107,-0.01626,0.002412,0.00136,0.002868,0.002125,0.005996,0.001875,0.008305,-0.04702,-8.55E-4,-0.002047,1.052E-4,-0.002694,-3.331E-4,-0.001246,0
1505241598669,true,1580.442,0,-0.01091,-0.0158,0.002422,0.001359,0.002879,0.002124,0.006011,0.001877,0.007563,-0.04635,-8.295E-4,-0.002053,1.147E-4,-0.002692,-3.194E-4,-0.00125,0
1505241598706,true,1580.5,0,-0.01194,-0.01586,0.002431,0.001359,0.002878,0.00212,0.006021,0.001877,0.007063,-0.04577,-8.216E-4,-0.002058,1.198E-4,-0.002693,-3.305E-4,-0.001248,0
1505241598742,true,1580.557,0,-0.01267,-0.01649,0.002428,0.001358,0.002869,0.002116,0.006018,0.001875,0.007119,-0.04565,-8.521E-4,-0.002056,1.037E-4,-0.002693,-3.497E-4,-0.001245,0
1505241598897,true,1580.626,0,-0.01165,-0.01708,0.002399,0.001361,0.002858,0.002114,0.005994,0.001869,0.007935,-0.04643,-8.869E-4,-0.002057,8.781E-5,-0.002698,-3.672E-4,-0.001245,0
1505241598933,true,1580.684,0,-0.01065,-0.01652,0.00237,0.001359,0.002838,0.002113,0.005959,0.001864,0.008915,-0.04746,-9.341E-4,-0.002058,4.538E-5,-0.002698,-3.886E-4,-0.001247,0
1505241598969,true,1580.741,0,-0.0104,-0.01581,0.002337,0.00136,0.002794,0.002117,0.005932,0.001863,0.008614,-0.04726,-9.932E-4,-0.00205,-1.242E-5,-0.002692,-4.241E-4,-0.001244,0
1505241599005,true,1580.799,0,-0.01104,-0.01526,0.002325,0.001369,0.002756,0.002124,0.005916,0.001869,0.00772,-0.0464,-0.001006,-0.002041,-3.306E-5,-0.002682,-4.346E-4,-0.001239,0
1505241599041,true,1580.856,0,-0.01213,-0.01563,0.002341,0.001373,0.002759,0.002125,0.005931,0.001872,0.007078,-0.04554,-9.685E-4,-0.002037,4.329E-6,-0.00268,-4.291E-4,-0.001233,0
1505241599172,true,1580.902,0,-0.0125,-0.01633,0.002368,0.001374,0.002791,0.002126,0.005949,0.001873,0.007239,-0.04565,-9.227E-4,-0.002035,4.677E-5,-0.002682,-4.12E-4,-0.00123,0
1505241599208,true,1580.96,0,-0.01129,-0.01658,0.002377,0.001377,0.002828,0.002127,0.005955,0.001872,0.008132,-0.04659,-8.869E-4,-0.002032,7.017E-5,-0.002678,-3.912E-4,-0.001227,0
1505241599244,true,1581.017,0,-0.01085,-0.01601,0.002387,0.001377,0.002861,0.002128,0.005978,0.001872,0.008583,-0.04714,-8.445E-4,-0.002029,9.325E-5,-0.00267,-3.698E-4,-0.001226,0
1505241599280,true,1581.075,0,-0.01028,-0.01561,0.002418,0.001373,0.002893,0.002129,0.006013,0.001872,0.008087,-0.04664,-7.988E-4,-0.002027,1.108E-4,-0.002661,-3.377E-4,-0.001227,0
1505241599316,true,1581.132,0,-0.01128,-0.01539,0.002444,0.001373,0.002916,0.002124,0.006051,0.001871,0.007486,-0.04596,-7.554E-4,-0.002032,1.41E-4,-0.002659,-3.161E-4,-0.001226,0
1505241599472,true,1581.201,0,-0.01203,-0.01612,0.002467,0.001369,0.00294,0.002118,0.006071,0.001872,0.007281,-0.04549,-7.401E-4,-0.002034,1.643E-4,-0.002661,-3.089E-4,-0.001221,0
1505241599507,true,1581.259,0,-0.01131,-0.01689,0.002464,0.001371,0.002952,0.002117,0.006067,0.001872,0.0081,-0.04613,-7.408E-4,-0.002035,1.794E-4,-0.002664,-3.001E-4,-0.001218,0
1505241599543,true,1581.316,0,-0.01026,-0.01658,0.002451,0.001369,0.002954,0.002116,0.006054,0.001869,0.009252,-0.04731,-7.546E-4,-0.002033,1.78E-4,-0.002665,-2.995E-4,-0.001219,0
1505241599580,true,1581.374,0,-0.009489,-0.016,0.002432,0.001365,0.002933,0.002118,0.006051,0.001862,0.00939,-0.0475,-7.79E-4,-0.002037,1.517E-4,-0.002665,-3.104E-4,-0.001218,0
1505241599616,true,1581.431,0,-0.009669,-0.01534,0.002413,0.001364,0.0029,0.002115,0.006031,0.001864,0.008346,-0.04645,-8.288E-4,-0.002035,1.089E-4,-0.002661,-3.289E-4,-0.001218,0
1505241599772,true,1581.502,0,-0.01095,-0.01538,0.002394,0.001371,0.002862,0.002118,0.006005,0.001872,0.007538,-0.04554,-8.644E-4,-0.002025,7.929E-5,-0.002651,-3.43E-4,-0.001209,0
1505241599808,true,1581.56,0,-0.01166,-0.01613,0.002406,0.001376,0.002863,0.002121,0.005994,0.00188,0.007427,-0.04519,-8.534E-4,-0.002013,1.061E-4,-0.002649,-3.36E-4,-0.0012,0
1505241599844,true,1581.617,0,-0.01084,-0.0166,0.002428,0.001376,0.002897,0.002122,0.005995,0.001883,0.008248,-0.04597,-8.103E-4,-0.002006,1.479E-4,-0.002649,-3.006E-4,-0.001197,0
1505241599880,true,1581.675,0,-0.01031,-0.01611,0.002443,0.001376,0.002938,0.002124,0.006022,0.001883,0.009021,-0.04683,-7.622E-4,-0.002003,1.864E-4,-0.002647,-2.636E-4,-0.001195,0
1505241599916,true,1581.732,0,-0.00981,-0.01583,0.002462,0.001376,0.002971,0.002127,0.006055,0.001886,0.008645,-0.0465,-7.123E-4,-0.002004,2.145E-4,-0.002641,-2.292E-4,-0.001194,0
1505241600047,true,1581.776,0,-0.01074,-0.01533,0.002499,0.001376,0.00299,0.00213,0.006098,0.001888,0.00797,-0.04579,-6.499E-4,-0.002006,2.465E-4,-0.002635,-1.919E-4,-0.00119,0
1505241600083,true,1581.834,0,-0.01166,-0.01583,0.002541,0.001373,0.003032,0.002123,0.006138,0.001889,0.007694,-0.0453,-6.041E-4,-0.002005,2.903E-4,-0.002632,-1.736E-4,-0.001179,0
1505241600120,true,1581.891,0,-0.01155,-0.0165,0.002563,0.001374,0.003065,0.002121,0.006156,0.00189,0.008095,-0.04554,-5.663E-4,-0.002007,3.322E-4,-0.002635,-1.483E-4,-0.001174,0
1505241600155,true,1581.949,0,-0.01019,-0.01658,0.002569,0.001372,0.003094,0.00212,0.006168,0.001884,0.009026,-0.04648,-5.571E-4,-0.002007,3.519E-4,-0.002632,-1.215E-4,-0.001172,0
1505241600192,true,1582.006,0,-0.009426,-0.01599,0.002561,0.001372,0.003103,0.00212,0.00618,0.001877,0.009337,-0.04687,-5.543E-4,-0.002009,3.465E-4,-0.002628,-1.043E-4,-0.00117,0
1505241600347,true,1582.077,0,-0.009008,-0.01552,0.002565,0.001366,0.003097,0.002118,0.006186,0.001876,0.008455,-0.04593,-5.586E-4,-0.002016,3.417E-4,-0.002626,-9.799E-5,-0.001169,0
1505241600383,true,1582.135,0,-0.01007,-0.01538,0.002561,0.001366,0.003067,0.002115,0.006182,0.001873,0.007693,-0.04505,-5.833E-4,-0.002021,3.281E-4,-0.002626,-1.038E-4,-0.001167,0
1505241600419,true,1582.192,0,-0.01096,-0.01599,0.002542,0.001369,0.003033,0.002113,0.006156,0.001878,0.007308,-0.04445,-6.332E-4,-0.002015,2.898E-4,-0.00262,-1.299E-4,-0.001157,0
1505241600456,true,1582.25,0,-0.01045,-0.01663,0.00253,0.001377,0.003012,0.002121,0.006134,0.001883,0.007849,-0.04499,-6.385E-4,-0.002005,2.885E-4,-0.002612,-1.224E-4,-0.001149,0
1505241600491,true,1582.307,0,-0.009781,-0.01631,0.002539,0.00138,0.003035,0.002126,0.006151,0.001884,0.008656,-0.04588,-5.831E-4,-0.002,3.168E-4,-0.002605,-8.42E-5,-0.001145,0
1505241600621,true,1582.351,0,-0.009334,-0.01585,0.002575,0.001378,0.003069,0.00213,0.006193,0.001884,0.008773,-0.04597,-5.254E-4,-0.001998,3.564E-4,-0.002597,-4.055E-5,-0.001141,0
1505241600657,true,1582.409,0,-0.009675,-0.01537,0.002615,0.001379,0.003098,0.002133,0.006228,0.00189,0.008025,-0.04515,-4.657E-4,-0.001999,3.933E-4,-0.00259,-1.541E-6,-0.001137,0
1505241600694,true,1582.466,0,-0.01086,-0.01567,0.002658,0.001378,0.003134,0.00213,0.006273,0.001893,0.007711,-0.04467,-4.037E-4,-0.001999,4.43E-4,-0.002584,2.579E-5,-0.001126,0
1505241600729,true,1582.524,0,-0.01113,-0.01642,0.002702,0.001377,0.003181,0.002127,0.006308,0.001896,0.007837,-0.0446,-3.537E-4,-0.001993,4.959E-4,-0.002582,7.039E-5,-0.001121,0
1505241600766,true,1582.581,0,-0.009925,-0.01669,0.00273,0.001375,0.00323,0.002125,0.00634,0.001896,0.008703,-0.04539,-2.929E-4,-0.001998,5.393E-4,-0.002579,1.089E-4,-0.001116,0
1505241600897,true,1582.627,0,-0.009229,-0.0161,0.002745,0.001372,0.003267,0.002124,0.006371,0.001894,0.009357,-0.04601,-2.54E-4,-0.002001,5.659E-4,-0.002574,1.476E-4,-0.001116,0
1505241600933,true,1582.685,0,-0.0085,-0.01552,0.002758,0.001371,0.003279,0.002126,0.006408,0.00189,0.008732,-0.04532,-2.351E-4,-0.002003,5.791E-4,-0.002569,1.751E-4,-0.001119,0
1505241600969,true,1582.742,0,-0.009359,-0.01507,0.00277,0.00137,0.003278,0.002124,0.006425,0.001889,0.007935,-0.04443,-2.398E-4,-0.002002,5.837E-4,-0.002564,1.949E-4,-0.001117,0
1505241601005,true,1582.8,0,-0.01031,-0.01556,0.002776,0.001367,0.003279,0.002114,0.006416,0.001892,0.007479,-0.04377,-2.697E-4,-0.002,5.788E-4,-0.002562,1.935E-4,-0.001111,0
1505241601042,true,1582.857,0,-0.01028,-0.01625,0.002762,0.001368,0.003271,0.002109,0.006399,0.001893,0.007779,-0.04392,-3.163E-4,-0.001996,5.677E-4,-0.002565,1.894E-4,-0.001108,0
1505241601197,true,1582.927,0,-0.009397,-0.01618,0.002731,0.001374,0.003249,0.002115,0.006379,0.001894,0.008597,-0.04487,-3.635E-4,-0.001982,5.421E-4,-0.002554,1.881E-4,-0.001104,0
1505241601233,true,1582.985,0,-0.008957,-0.01571,0.002738,0.001376,0.003248,0.002125,0.006397,0.001894,0.008948,-0.04522,-3.411E-4,-0.001972,5.479E-4,-0.002541,2.179E-4,-0.001102,0
1505241601269,true,1583.042,0,-0.008779,-0.01524,0.00278,0.001374,0.003276,0.002129,0.006434,0.001901,0.008371,-0.04462,-2.785E-4,-0.001971,5.857E-4,-0.002531,2.607E-4,-0.001098,0
1505241601305,true,1583.1,0,-0.009764,-0.01535,0.002832,0.001371,0.003324,0.002127,0.00648,0.001904,0.007838,-0.04382,-2.157E-4,-0.001972,6.328E-4,-0.002523,3.036E-4,-0.001097,0
1505241601341,true,1583.157,0,-0.01024,-0.01602,0.00287,0.001372,0.003371,0.002125,0.006527,0.001906,0.007577,-0.04332,-1.714E-4,-0.001964,6.776E-4,-0.002515,3.3E-4,-0.001088,0
1505241601497,true,1583.227,0,-0.009225,-0.01657,0.002903,0.001373,0.00343,0.002123,0.006552,0.001912,0.008264,-0.04392,-1.213E-4,-0.001955,7.347E-4,-0.002513,3.789E-4,-0.001084,0
1505241601533,true,1583.285,0,-0.008432,-0.01599,0.00293,0.001371,0.003491,0.002123,0.006601,0.001909,0.00916,-0.04484,-5.773E-5,-0.00195,7.85E-4,-0.002507,4.377E-4,-0.001082,0
1505241601569,true,1583.342,0,-0.007807,-0.01539,0.002968,0.001364,0.003533,0.002122,0.006639,0.001911,0.009001,-0.04461,-6.859E-6,-0.00195,8.244E-4,-0.0025,4.911E-4,-0.001084,0
1505241601605,true,1583.4,0,-0.008192,-0.01477,0.003013,0.001358,0.003557,0.002117,0.006686,0.00191,0.008275,-0.04377,2.203E-5,-0.001948,8.536E-4,-0.002496,5.269E-4,-0.001083,0
1505241601641,true,1583.457,0,-0.009473,-0.01498,0.003035,0.001356,0.003573,0.002111,0.006715,0.001909,0.00791,-0.04326,3.02E-5,-0.001946,8.859E-4,-0.002495,5.463E-4,-0.001082,0
1505241601772,true,1583.503,0,-0.009594,-0.01587,0.003043,0.001353,0.003585,0.002106,0.00672,0.001909,0.008066,-0.04324,1.689E-5,-0.001941,9.013E-4,-0.002496,5.597E-4,-0.001082,0
1505241601808,true,1583.561,0,-0.0086,-0.01606,0.003027,0.001352,0.003587,0.002101,0.006708,0.00191,0.009108,-0.04432,-1.038E-5,-0.00194,9.017E-4,-0.002498,5.739E-4,-0.001082,0
1505241601845,true,1583.618,0,-0.008262,-0.01551,0.003,0.001349,0.003572,0.002102,0.006704,0.001905,0.009803,-0.04512,-5.206E-5,-0.001934,8.838E-4,-0.002496,5.718E-4,-0.001082,0
1505241601880,true,1583.676,0,-0.007855,-0.01518,0.002982,0.001353,0.003543,0.002108,0.006698,0.001913,0.009208,-0.04457,-8.005E-5,-0.001924,8.54E-4,-0.00248,5.711E-4,-0.001078,0
1505241601916,true,1583.733,0,-0.008744,-0.01511,0.00301,0.001354,0.003538,0.002113,0.00672,0.00192,0.008585,-0.04384,-3.892E-5,-0.001917,8.793E-4,-0.002469,5.94E-4,-0.001075,0
1505241602047,true,1583.777,0,-0.009613,-0.01582,0.003043,0.001356,0.00357,0.002114,0.00676,0.001922,0.008451,-0.04344,2.909E-5,-0.001915,9.194E-4,-0.002463,6.184E-4,-0.001066,0
1505241602083,true,1583.835,0,-0.009126,-0.0165,0.003084,0.001354,0.003624,0.002112,0.006797,0.001924,0.009052,-0.044,8.75E-5,-0.00191,9.707E-4,-0.00246,6.543E-4,-0.001062,0
1505241602119,true,1583.892,0,-0.007884,-0.0163,0.00311,0.001353,0.003675,0.002115,0.006834,0.001923,0.009872,-0.04493,1.416E-4,-0.001902,0.001018,-0.002456,6.919E-4,-0.001058,0
1505241602155,true,1583.95,0,-0.00723,-0.0157,0.00315,0.001349,0.00373,0.002116,0.006877,0.001927,0.009888,-0.04503,2.054E-4,-0.001899,0.001067,-0.002447,7.454E-4,-0.001059,0
1505241602191,true,1584.007,0,-0.007206,-0.01519,0.003201,0.001345,0.00377,0.002115,0.006942,0.001927,0.008917,-0.044,2.722E-4,-0.001899,0.001122,-0.002446,7.871E-4,-0.001058,0
1505241602347,true,1584.078,0,-0.008519,-0.01529,0.003232,0.001346,0.003803,0.002111,0.006981,0.00193,0.008428,-0.04329,3.2E-4,-0.001901,0.001168,-0.002443,8.272E-4,-0.001058,0
1505241602383,true,1584.136,0,-0.00918,-0.01599,0.003249,0.001347,0.003837,0.002107,0.006997,0.001935,0.008333,-0.04299,3.36E-4,-0.001896,0.00121,-0.002446,8.451E-4,-0.001055,0
1505241602419,true,1584.193,0,-0.008562,-0.01634,0.003256,0.001343,0.003852,0.002107,0.007001,0.001931,0.009267,-0.04395,3.32E-4,-0.001894,0.001229,-0.002445,8.574E-4,-0.00105,0
1505241602455,true,1584.251,0,-0.007958,-0.01594,0.003245,0.00134,0.003853,0.002103,0.007013,0.001928,0.0102,-0.04495,3.146E-4,-0.00189,0.001225,-0.002446,8.675E-4,-0.00105,0
1505241602491,true,1584.308,0,-0.007455,-0.01556,0.003236,0.001334,0.003835,0.002102,0.007023,0.001925,0.01008,-0.04492,2.917E-4,-0.00189,0.001201,-0.002438,8.725E-4,-0.001052,0
1505241602622,true,1584.352,0,-0.008406,-0.01503,0.003216,0.001335,0.003798,0.002099,0.007014,0.001929,0.009549,-0.04443,2.527E-4,-0.001888,0.001172,-0.002432,8.694E-4,-0.001052,0
1505241602658,true,1584.41,0,-0.009556,-0.01554,0.003192,0.001343,0.00376,0.002102,0.007004,0.001937,0.009128,-0.04396,2.191E-4,-0.001873,0.001154,-0.002421,8.524E-4,-0.001041,0
1505241602694,true,1584.467,0,-0.009347,-0.01636,0.003207,0.001347,0.003761,0.002107,0.007007,0.001943,0.009482,-0.04419,2.43E-4,-0.001861,0.001183,-0.002417,8.767E-4,-0.001038,0
1505241602730,true,1584.525,0,-0.00816,-0.0164,0.00323,0.001346,0.003794,0.002111,0.007022,0.001946,0.01065,-0.04538,3.068E-4,-0.001856,0.001224,-0.00241,9.129E-4,-0.001034,0
1505241602767,true,1584.582,0,-0.007629,-0.01572,0.00326,0.001343,0.003837,0.002112,0.007062,0.001944,0.01095,-0.04576,3.724E-4,-0.001853,0.001266,-0.002406,9.503E-4,-0.001032,0
1505241602921,true,1584.651,0,-0.00734,-0.01524,0.003298,0.001341,0.003869,0.002115,0.007103,0.001951,0.009975,-0.04487,4.28E-4,-0.001851,0.001303,-0.002398,9.867E-4,-0.00103,0
1505241602957,true,1584.709,0,-0.008349,-0.01514,0.003336,0.001338,0.003903,0.002112,0.007148,0.001954,0.0092,-0.04401,4.888E-4,-0.001851,0.00135,-0.002394,0.001022,-0.001029,0
1505241602994,true,1584.766,0,-0.009273,-0.01584,0.003367,0.001338,0.003945,0.002108,0.007192,0.001956,0.008898,-0.04351,5.411E-4,-0.00185,0.001399,-0.002391,0.00105,-0.001026,0
1505241603030,true,1584.824,0,-0.008565,-0.01649,0.003381,0.001338,0.003983,0.002108,0.007218,0.001955,0.009398,-0.04401,5.695E-4,-0.001846,0.001447,-0.002394,0.001082,-0.001025,0
1505241603065,true,1584.881,0,-0.007672,-0.01631,0.003378,0.001337,0.004003,0.002106,0.007225,0.001953,0.01034,-0.04502,5.815E-4,-0.001845,0.001464,-0.00239,0.001097,-0.001023,0
1505241603222,true,1584.952,0,-0.007344,-0.01589,0.003376,0.001332,0.004014,0.002104,0.007239,0.001952,0.01048,-0.04516,5.775E-4,-0.001846,0.001459,-0.002385,0.001109,-0.001023,0
1505241603258,true,1585.01,0,-0.007871,-0.01541,0.003372,0.001329,0.003993,0.002101,0.00724,0.001954,0.009595,-0.04436,5.509E-4,-0.001845,0.00145,-0.002385,0.001117,-0.001027,0
1505241603294,true,1585.067,0,-0.009045,-0.01566,0.003362,0.001326,0.003963,0.002095,0.007231,0.001955,0.009267,-0.04396,5.099E-4,-0.001845,0.001434,-0.002382,0.001096,-0.001024,0
1505241603330,true,1585.125,0,-0.00959,-0.0164,0.003339,0.001326,0.003927,0.002093,0.007196,0.001961,0.009331,-0.04392,4.526E-4,-0.001841,0.001397,-0.002378,0.001077,-0.001024,0
1505241603366,true,1585.182,0,-0.008487,-0.01675,0.003304,0.001334,0.003886,0.002101,0.007162,0.001967,0.01013,-0.04485,4.111E-4,-0.001825,0.001372,-0.002369,0.001059,-0.001016,0
1505241603497,true,1585.228,0,-0.007738,-0.01609,0.003305,0.001335,0.00388,0.002109,0.007164,0.001969,0.01089,-0.04566,4.335E-4,-0.001815,0.001385,-0.002361,0.001066,-0.001011,0
1505241603533,true,1585.286,0,-0.007244,-0.01553,0.003331,0.001333,0.003898,0.002114,0.007194,0.001971,0.01016,-0.04492,4.883E-4,-0.001815,0.001414,-0.002354,0.001095,-0.001011,0
1505241603569,true,1585.343,0,-0.008204,-0.01522,0.003362,0.001332,0.003916,0.002113,0.00723,0.001974,0.009315,-0.04412,5.348E-4,-0.001814,0.001444,-0.002351,0.00111,-0.00101,0
1505241603605,true,1585.401,0,-0.009224,-0.01578,0.003392,0.001332,0.003942,0.00211,0.007245,0.001981,0.008672,-0.04332,5.595E-4,-0.001805,0.001476,-0.002344,0.001118,-0.001004,0
1505241603641,true,1585.458,0,-0.008899,-0.01664,0.003421,0.001332,0.003982,0.002109,0.007259,0.001987,0.008977,-0.04355,5.815E-4,-0.001794,0.001511,-0.00234,0.001141,-0.001004,0
1505241603797,true,1585.528,0,-0.007904,-0.01664,0.003432,0.00133,0.004017,0.002108,0.007289,0.001985,0.009917,-0.04461,6.162E-4,-0.001792,0.001542,-0.002337,0.001165,-0.001004,0
1505241603833,true,1585.586,0,-0.007284,-0.01628,0.003437,0.001325,0.004041,0.002107,0.00731,0.001981,0.01031,-0.04506,6.351E-4,-0.001795,0.001557,-0.002334,0.001179,-0.001003,0
1505241603869,true,1585.643,0,-0.007038,-0.01587,0.003442,0.001321,0.004038,0.002107,0.007329,0.001983,0.009524,-0.04435,6.338E-4,-0.001797,0.001554,-0.002331,0.001185,-0.001006,0
1505241603905,true,1585.701,0,-0.008348,-0.01586,0.003435,0.001317,0.004009,0.002103,0.007335,0.001982,0.008857,-0.04366,6.105E-4,-0.001798,0.001548,-0.002332,0.001182,-0.001008,0
1505241603942,true,1585.758,0,-0.009005,-0.01666,0.003415,0.001316,0.003991,0.002094,0.007318,0.001984,0.008599,-0.04319,5.544E-4,-0.001795,0.001527,-0.002332,0.001159,-0.001007,0
1505241604072,true,1585.803,0,-0.008071,-0.01718,0.003381,0.001316,0.003955,0.002093,0.007289,0.001978,0.009253,-0.04386,4.937E-4,-0.001792,0.001489,-0.002334,0.001137,-0.001011,0
1505241604108,true,1585.861,0,-0.007168,-0.01662,0.003322,0.00132,0.003912,0.002094,0.007246,0.001977,0.009982,-0.04477,4.223E-4,-0.001785,0.001426,-0.002328,0.001098,-0.001009,0
1505241604144,true,1585.918,0,-0.006488,-0.01608,0.003293,0.001323,0.003865,0.002104,0.007224,0.001982,0.009524,-0.04448,3.949E-4,-0.001773,0.001395,-0.002316,0.001077,-0.001007,0
1505241604181,true,1585.976,0,-0.00728,-0.01543,0.003308,0.001323,0.003847,0.002108,0.00724,0.001988,0.008542,-0.04353,4.117E-4,-0.001767,0.001404,-0.002309,0.001078,-0.001004,0
1505241604217,true,1586.033,0,-0.008644,-0.01564,0.003325,0.001325,0.003856,0.002108,0.007263,0.001994,0.007903,-0.04278,4.41E-4,-0.001763,0.001424,-0.002304,0.001078,-0.001,0
1505241604371,true,1586.102,0,-0.008694,-0.01642,0.003346,0.001324,0.003878,0.002107,0.007286,0.001994,0.008056,-0.04287,4.702E-4,-0.001758,0.001448,-0.002301,0.001076,-9.964E-4,0
1505241604408,true,1586.16,0,-0.007821,-0.01663,0.003346,0.001329,0.003909,0.002109,0.007292,0.001997,0.008786,-0.04374,4.906E-4,-0.00175,0.001466,-0.002297,0.001087,-9.957E-4,0
1505241604444,true,1586.217,0,-0.00735,-0.01613,0.003352,0.001329,0.003937,0.002113,0.007324,0.001996,0.009233,-0.04425,5.167E-4,-0.001742,0.001481,-0.002292,0.001101,-9.957E-4,0
1505241604480,true,1586.275,0,-0.006823,-0.01578,0.003368,0.001324,0.003953,0.002114,0.007361,0.001997,0.008628,-0.0437,5.451E-4,-0.001742,0.001489,-0.002288,0.00111,-9.953E-4,0
1505241604516,true,1586.332,0,-0.00781,-0.01553,0.003378,0.001322,0.003951,0.002112,0.007382,0.001998,0.00804,-0.04307,5.588E-4,-0.001744,0.001486,-0.002285,0.001109,-9.961E-4,0
1505241604647,true,1586.378,0,-0.008612,-0.0161,0.003371,0.001322,0.003947,0.002102,0.007391,0.001997,0.007521,-0.04241,5.287E-4,-0.001742,0.001483,-0.002286,0.001086,-9.946E-4,0
1505241604683,true,1586.436,0,-0.008042,-0.01673,0.003354,0.001322,0.003933,0.0021,0.007364,0.001998,0.008023,-0.04297,4.822E-4,-0.00174,0.001467,-0.002289,0.001065,-9.944E-4,0
1505241604719,true,1586.493,0,-0.007006,-0.01642,0.003317,0.00132,0.003909,0.002096,0.007343,0.001989,0.00891,-0.04398,4.285E-4,-0.001739,0.001437,-0.002293,0.001042,-9.95E-4,0
1505241604756,true,1586.551,0,-0.006457,-0.01577,0.00327,0.001318,0.003872,0.002094,0.007318,0.001984,0.008701,-0.04404,3.685E-4,-0.001738,0.001382,-0.002292,0.001012,-9.994E-4,0
1505241604791,true,1586.608,0,-0.006798,-0.01518,0.003225,0.001324,0.00381,0.002099,0.007285,0.001989,0.007794,-0.04331,2.903E-4,-0.001724,0.001315,-0.002283,9.699E-4,-9.976E-4,0
1505241604947,true,1586.678,0,-0.008145,-0.01523,0.00321,0.001331,0.003765,0.002104,0.007271,0.001995,0.007232,-0.04274,2.711E-4,-0.001709,0.001299,-0.002275,9.362E-4,-9.895E-4,0
1505241604983,true,1586.736,0,-0.008821,-0.01593,0.003216,0.001335,0.003774,0.002106,0.007279,0.002001,0.007018,-0.04243,2.934E-4,-0.001698,0.001317,-0.002272,9.427E-4,-9.858E-4,0
1505241605019,true,1586.793,0,-0.007935,-0.01642,0.003232,0.001336,0.003796,0.002111,0.007286,0.002004,0.00793,-0.0434,3.234E-4,-0.00169,0.001345,-0.002272,9.512E-4,-9.858E-4,0
1505241605056,true,1586.851,0,-0.007539,-0.01587,0.003239,0.001338,0.003835,0.002113,0.007309,0.002002,0.008832,-0.04433,3.539E-4,-0.001682,0.001359,-0.002266,9.587E-4,-9.846E-4,0
1505241605092,true,1586.908,0,-0.006988,-0.01543,0.003256,0.001339,0.003859,0.002117,0.007349,0.002004,0.008491,-0.04401,3.977E-4,-0.001678,0.001378,-0.002261,9.747E-4,-9.83E-4,0
1505241605247,true,1586.978,0,-0.007849,-0.01492,0.003283,0.001338,0.003879,0.002118,0.007391,0.002008,0.007773,-0.04334,4.484E-4,-0.001677,0.001406,-0.002254,9.839E-4,-9.805E-4,0
1505241605283,true,1587.036,0,-0.009093,-0.01536,0.003311,0.001336,0.003902,0.002113,0.007423,0.00201,0.007375,-0.04276,4.701E-4,-0.001672,0.001427,-0.002252,9.92E-4,-9.776E-4,0
1505241605320,true,1587.093,0,-0.008906,-0.01611,0.003321,0.001336,0.003933,0.002105,0.007424,0.002013,0.007823,-0.0431,4.755E-4,-0.001668,0.001437,-0.002251,9.854E-4,-9.738E-4,0
1505241605355,true,1587.151,0,-0.007798,-0.01602,0.003305,0.001337,0.003941,0.002104,0.007419,0.00201,0.008941,-0.04422,4.587E-4,-0.001663,0.001432,-0.00225,9.745E-4,-9.708E-4,0
1505241605392,true,1587.208,0,-0.007202,-0.01534,0.00329,0.001334,0.00393,0.002104,0.007422,0.002002,0.009338,-0.04478,4.335E-4,-0.001663,0.001405,-0.002249,9.658E-4,-9.734E-4,0
1505241605498,true,1587.229,0,-0.007091,-0.01478,0.003271,0.001332,0.003894,0.002105,0.007411,0.002003,0.008591,-0.04403,3.878E-4,-0.001662,0.001375,-0.002248,9.413E-4,-9.749E-4,0
1505241605534,true,1587.287,0,-0.008222,-0.01464,0.003248,0.001334,0.003853,0.002102,0.00739,0.002003,0.007813,-0.04322,3.337E-4,-0.001663,0.001344,-0.00225,9.068E-4,-9.728E-4,0
1505241605570,true,1587.344,0,-0.009165,-0.01531,0.003215,0.001344,0.003806,0.002105,0.007353,0.002012,0.007504,-0.04283,2.629E-4,-0.001647,0.001304,-0.002245,8.634E-4,-9.662E-4,0
1505241605606,true,1587.402,0,-0.008563,-0.01595,0.003211,0.001352,0.003795,0.002115,0.007335,0.002016,0.008194,-0.04353,2.699E-4,-0.001633,0.001312,-0.002239,8.663E-4,-9.626E-4,0
1505241605642,true,1587.459,0,-0.007652,-0.01579,0.003224,0.001356,0.003835,0.002122,0.007348,0.002021,0.009196,-0.04466,3.168E-4,-0.001622,0.001338,-0.00223,8.872E-4,-9.604E-4,0
1505241605797,true,1587.528,0,-0.007194,-0.01533,0.00326,0.001354,0.003886,0.002128,0.007396,0.002021,0.009229,-0.04476,3.85E-4,-0.001616,0.001369,-0.002221,9.13E-4,-9.588E-4,0
1505241605833,true,1587.586,0,-0.007611,-0.01473,0.003306,0.001357,0.003938,0.002128,0.007445,0.002026,0.008444,-0.04397,4.531E-4,-0.001613,0.001405,-0.002211,9.473E-4,-9.574E-4,0
1505241605869,true,1587.643,0,-0.008795,-0.01497,0.003352,0.001362,0.003994,0.002129,0.007491,0.002034,0.008142,-0.04337,5.133E-4,-0.001605,0.001461,-0.002204,9.748E-4,-9.488E-4,0
1505241605905,true,1587.701,0,-0.008877,-0.01576,0.003406,0.001364,0.004063,0.002125,0.007531,0.00204,0.008262,-0.0432,5.714E-4,-0.001595,0.001521,-0.0022,0.001001,-9.445E-4,0
1505241605942,true,1587.758,0,-0.007607,-0.01598,0.003448,0.001362,0.004122,0.002127,0.00756,0.002043,0.00919,-0.04416,6.323E-4,-0.001594,0.001575,-0.0022,0.001036,-9.434E-4,0
1505241606097,true,1587.829,0,-0.006805,-0.01535,0.003477,0.001359,0.004174,0.002126,0.007599,0.002037,0.009844,-0.04481,6.766E-4,-0.001592,0.001602,-0.002194,0.001061,-9.415E-4,0
1505241606133,true,1587.887,0,-0.006352,-0.01475,0.003503,0.001354,0.004204,0.002126,0.007637,0.002036,0.009205,-0.0442,7.056E-4,-0.001593,0.001619,-0.002189,0.001088,-9.44E-4,0
1505241606170,true,1587.944,0,-0.007121,-0.01448,0.003523,0.001353,0.004209,0.002125,0.00766,0.002033,0.008393,-0.04335,7.183E-4,-0.001595,0.001632,-0.002186,0.001098,-9.446E-4,0
1505241606205,true,1588.002,0,-0.008,-0.01514,0.003531,0.001355,0.004206,0.002121,0.00767,0.002036,0.008205,-0.04299,7.085E-4,-0.001594,0.00164,-0.002183,0.001096,-9.414E-4,0
1505241606241,true,1588.059,0,-0.007479,-0.01612,0.003529,0.001355,0.004213,0.002117,0.007661,0.002035,0.008489,-0.04329,6.734E-4,-0.001589,0.00164,-0.002188,0.001094,-9.415E-4,0
1505241606372,true,1588.103,0,-0.006503,-0.01609,0.003496,0.001366,0.004192,0.002126,0.007638,0.002039,0.009399,-0.04434,6.355E-4,-0.001573,0.001629,-0.002181,0.001088,-9.345E-4,0
1505241606408,true,1588.161,0,-0.006235,-0.01549,0.003505,0.001372,0.004201,0.00214,0.007657,0.002048,0.009643,-0.04471,6.821E-4,-0.001563,0.001646,-0.002167,0.001118,-9.332E-4,0
1505241606444,true,1588.218,0,-0.006312,-0.01489,0.003548,0.001377,0.004255,0.002148,0.007717,0.002052,0.008923,-0.04403,7.766E-4,-0.001557,0.001693,-0.002155,0.001162,-9.278E-4,0
1505241606480,true,1588.276,0,-0.007368,-0.01487,0.003616,0.001381,0.004323,0.002152,0.007789,0.002058,0.008468,-0.04339,8.876E-4,-0.001555,0.001771,-0.002148,0.001219,-9.238E-4,0
1505241606516,true,1588.333,0,-0.008055,-0.01551,0.00369,0.001383,0.004411,0.002152,0.007857,0.002064,0.008278,-0.04289,9.858E-4,-0.001548,0.001851,-0.002142,0.001267,-9.15E-4,0
1505241606672,true,1588.404,0,-0.00706,-0.01594,0.003749,0.001388,0.004509,0.002153,0.007915,0.002069,0.009168,-0.04362,0.001083,-0.001539,0.001933,-0.002136,0.001323,-9.103E-4,0
1505241606708,true,1588.462,0,-0.006154,-0.01537,0.003805,0.00139,0.004607,0.002159,0.00799,0.002067,0.009924,-0.04431,0.001191,-0.001533,0.002015,-0.002128,0.001389,-9.072E-4,0
1505241606744,true,1588.519,0,-0.005583,-0.01476,0.003876,0.001386,0.004696,0.002158,0.008069,0.002069,0.009601,-0.04393,0.001293,-0.001532,0.002089,-0.002119,0.001456,-9.081E-4,0
1505241606781,true,1588.577,0,-0.005957,-0.01423,0.003939,0.001383,0.00476,0.002158,0.008136,0.002071,0.008762,-0.04301,0.001371,-0.001532,0.00216,-0.002112,0.001514,-9.073E-4,0
1505241606817,true,1588.634,0,-0.007183,-0.01457,0.003984,0.001384,0.004822,0.00215,0.008199,0.00207,0.008146,-0.04222,0.001428,-0.001531,0.002218,-0.002107,0.001542,-9.016E-4,0
1505241606947,true,1588.678,0,-0.007354,-0.01545,0.004015,0.001385,0.004872,0.002147,0.008228,0.002071,0.008419,-0.04235,0.001461,-0.001529,0.002264,-0.002107,0.001572,-8.99E-4,0
1505241606983,true,1588.736,0,-0.006525,-0.01569,0.00402,0.001387,0.004909,0.002145,0.008243,0.002069,0.009252,-0.04323,0.00147,-0.00152,0.002297,-0.002104,0.001596,-8.973E-4,0
1505241607020,true,1588.793,0,-0.00602,-0.01517,0.004012,0.001388,0.004929,0.002144,0.008269,0.002065,0.01009,-0.04412,0.001482,-0.001519,0.002309,-0.0021,0.001617,-8.955E-4,0
1505241607056,true,1588.851,0,-0.005543,-0.01476,0.00401,0.001386,0.004922,0.002147,0.008292,0.002061,0.009773,-0.04383,0.001489,-0.001521,0.002315,-0.002097,0.001633,-8.975E-4,0
1505241607091,true,1588.908,0,-0.006588,-0.01457,0.004004,0.001389,0.004894,0.002149,0.008297,0.002063,0.009097,-0.04316,0.001469,-0.001518,0.002308,-0.002091,0.001631,-8.939E-4,0
1505241607247,true,1588.979,0,-0.007524,-0.01514,0.003994,0.0014,0.004868,0.002161,0.008287,0.002075,0.008523,-0.04244,0.001453,-0.001497,0.002321,-0.002082,0.001628,-8.828E-4,0
1505241607284,true,1589.037,0,-0.007,-0.0158,0.004029,0.001409,0.004925,0.002171,0.008307,0.002086,0.008673,-0.04248,0.001522,-0.001482,0.002392,-0.002076,0.001672,-8.74E-4,0
1505241607319,true,1589.094,0,-0.005928,-0.01554,0.004082,0.001416,0.005012,0.002182,0.008362,0.002093,0.009604,-0.0433,0.001635,-0.001468,0.002484,-0.002066,0.001738,-8.665E-4,0
1505241607356,true,1589.152,0,-0.005338,-0.01495,0.004152,0.001417,0.005135,0.002184,0.008456,0.00209,0.009672,-0.04332,0.001772,-0.00146,0.002585,-0.002056,0.001816,-8.616E-4,0
1505241607392,true,1589.209,0,-0.005387,-0.01432,0.004238,0.001418,0.005236,0.00219,0.008552,0.002096,0.008809,-0.04235,0.001892,-0.001451,0.002683,-0.002046,0.001888,-8.542E-4,0
1505241607522,true,1589.253,0,-0.00648,-0.01438,0.004318,0.001422,0.005339,0.002189,0.008645,0.002102,0.008234,-0.04156,0.002027,-0.001447,0.0028,-0.002039,0.001954,-8.467E-4,0
1505241607558,true,1589.311,0,-0.007176,-0.01497,0.004402,0.001423,0.005447,0.002187,0.008728,0.002105,0.008138,-0.04113,0.002125,-0.001436,0.002906,-0.002031,0.002013,-8.37E-4,0
1505241607594,true,1589.368,0,-0.006218,-0.0154,0.004467,0.001421,0.005552,0.002187,0.008796,0.002104,0.009026,-0.04188,0.002212,-0.001431,0.003007,-0.002026,0.00208,-8.326E-4,0
1505241607631,true,1589.426,0,-0.005672,-0.01486,0.004513,0.00142,0.005634,0.002187,0.008864,0.002099,0.009915,-0.04268,0.002284,-0.001428,0.003085,-0.002022,0.002146,-8.3E-4,0
1505241607667,true,1589.483,0,-0.005016,-0.0145,0.004555,0.001415,0.005689,0.00219,0.008928,0.002098,0.009636,-0.04234,0.002348,-0.001427,0.003141,-0.002013,0.002193,-8.269E-4,0
1505241607822,true,1589.554,0,-0.005971,-0.014,0.004595,0.001415,0.005714,0.002192,0.008967,0.0021,0.009061,-0.04158,0.002399,-0.001427,0.003197,-0.002012,0.002235,-8.235E-4,0
1505241607858,true,1589.612,0,-0.00701,-0.01447,0.00462,0.001415,0.005735,0.002188,0.009,0.002103,0.008523,-0.04093,0.002429,-0.001424,0.003245,-0.002008,0.00226,-8.203E-4,0
1505241607894,true,1589.669,0,-0.006605,-0.01528,0.004639,0.001415,0.005761,0.002184,0.009005,0.002106,0.008817,-0.04108,0.002444,-0.001418,0.00328,-0.00201,0.002282,-8.181E-4,0
1505241607930,true,1589.727,0,-0.005411,-0.01535,0.004633,0.001415,0.005771,0.002185,0.009004,0.002103,0.009772,-0.04208,0.002437,-0.001414,0.003309,-0.002012,0.002292,-8.141E-4,0
1505241607966,true,1589.784,0,-0.004884,-0.01471,0.004618,0.001413,0.005764,0.002187,0.009003,0.002097,0.01007,-0.04243,0.002432,-0.001415,0.003311,-0.002009,0.002307,-8.171E-4,0
1505241608122,true,1589.854,0,-0.004599,-0.01426,0.004611,0.00141,0.005738,0.002186,0.008996,0.002096,0.009042,-0.04146,0.002407,-0.001416,0.003306,-0.002009,0.002308,-8.191E-4,0
1505241608158,true,1589.912,0,-0.005783,-0.01411,0.004591,0.001411,0.005692,0.002188,0.008977,0.002101,0.008103,-0.04056,0.002356,-0.001407,0.003284,-0.002002,0.002297,-8.175E-4,0
1505241608195,true,1589.969,0,-0.006807,-0.01474,0.004587,0.001423,0.005663,0.002201,0.008968,0.002112,0.007463,-0.0398,0.002351,-0.001386,0.0033,-0.001994,0.002292,-8.055E-4,0
1505241608231,true,1590.027,0,-0.006262,-0.01551,0.004624,0.001428,0.005713,0.002214,0.008984,0.002123,0.008026,-0.04031,0.00241,-0.001368,0.003372,-0.001992,0.002326,-7.961E-4,0
1505241608267,true,1590.084,0,-0.005448,-0.01526,0.00467,0.001432,0.005803,0.002224,0.009031,0.00213,0.009008,-0.04125,0.002514,-0.001358,0.003446,-0.001986,0.002377,-7.882E-4,0
1505241608398,true,1590.129,0,-0.004931,-0.01471,0.004728,0.001434,0.005899,0.00223,0.009112,0.002131,0.008956,-0.04124,0.002628,-0.001355,0.003529,-0.00198,0.002443,-7.854E-4,0
1505241608433,true,1590.187,0,-0.005338,-0.01421,0.004795,0.001435,0.005978,0.002234,0.009177,0.002139,0.008318,-0.04054,0.002729,-0.001352,0.003602,-0.001971,0.002502,-7.833E-4,0
1505241608470,true,1590.244,0,-0.006407,-0.01444,0.004864,0.001435,0.00605,0.002234,0.009245,0.002144,0.008073,-0.04008,0.002824,-0.001352,0.003682,-0.001967,0.002547,-7.755E-4,0
1505241608506,true,1590.302,0,-0.006963,-0.0151,0.004931,0.001432,0.006127,0.002237,0.009297,0.00215,0.008052,-0.03977,0.002902,-0.001346,0.003767,-0.001966,0.0026,-7.721E-4,0
1505241608542,true,1590.359,0,-0.00592,-0.01536,0.004978,0.001433,0.006194,0.00224,0.009338,0.002148,0.008878,-0.04058,0.002974,-0.001346,0.00384,-0.001965,0.002651,-7.695E-4,0
1505241608697,true,1590.429,0,-0.005366,-0.0147,0.00501,0.001431,0.00626,0.002242,0.009387,0.002142,0.009457,-0.04124,0.003036,-0.001348,0.003896,-0.001964,0.002701,-7.693E-4,0
1505241608733,true,1590.487,0,-0.005146,-0.01408,0.005049,0.001425,0.006297,0.002247,0.009425,0.002144,0.008706,-0.04051,0.003078,-0.001349,0.003944,-0.001962,0.00274,-7.72E-4,0
1505241608770,true,1590.544,0,-0.006098,-0.01369,0.00508,0.001423,0.00631,0.002247,0.009457,0.002143,0.007778,-0.03958,0.003101,-0.00135,0.003979,-0.001962,0.002767,-7.732E-4,0
1505241608806,true,1590.602,0,-0.006993,-0.01435,0.005098,0.001422,0.006324,0.002245,0.009474,0.002145,0.007136,-0.03879,0.003117,-0.001353,0.004013,-0.001965,0.002771,-7.711E-4,0
1505241608842,true,1590.659,0,-0.006904,-0.01518,0.005109,0.001418,0.006333,0.002244,0.00947,0.002144,0.007536,-0.03919,0.003118,-0.001355,0.004032,-0.001971,0.002771,-7.707E-4,0
1505241608972,true,1590.704,0,-0.005946,-0.01524,0.005097,0.001416,0.006331,0.002245,0.009455,0.002139,0.008352,-0.04023,0.003101,-0.001355,0.004036,-0.001977,0.002778,-7.744E-4,0
1505241609008,true,1590.762,0,-0.005655,-0.0147,0.005076,0.001411,0.006308,0.002249,0.009451,0.002129,0.008583,-0.04074,0.003075,-0.001359,0.004022,-0.001982,0.002771,-7.779E-4,0
1505241609044,true,1590.819,0,-0.005842,-0.01418,0.005052,0.001407,0.00626,0.002252,0.00943,0.00213,0.007978,-0.04029,0.003029,-0.001364,0.003989,-0.001986,0.002764,-7.838E-4,0
1505241609081,true,1590.877,0,-0.006938,-0.01431,0.005022,0.001418,0.006201,0.002261,0.00939,0.002141,0.007496,-0.03979,0.002977,-0.001353,0.003957,-0.001983,0.002733,-7.775E-4,0
1505241609117,true,1590.934,0,-0.007605,-0.01495,0.005029,0.001427,0.006195,0.002269,0.009382,0.002149,0.007496,-0.03956,0.002998,-0.001342,0.003977,-0.001981,0.002728,-7.687E-4,0
1505241609248,true,1590.98,0,-0.006822,-0.01545,0.005055,0.001431,0.006246,0.002279,0.009399,0.002152,0.008227,-0.04032,0.003064,-0.001339,0.004021,-0.001984,0.002759,-7.658E-4,0
1505241609284,true,1591.038,0,-0.006099,-0.01494,0.005085,0.001433,0.00631,0.002287,0.009437,0.002147,0.009077,-0.04119,0.003147,-0.00134,0.004078,-0.001985,0.002796,-7.661E-4,0
1505241609320,true,1591.095,0,-0.005514,-0.01438,0.005124,0.001432,0.006373,0.002293,0.009469,0.00215,0.008904,-0.04102,0.003213,-0.001343,0.004122,-0.001985,0.002824,-7.653E-4,0
1505241609356,true,1591.153,0,-0.006197,-0.01374,0.005175,0.00143,0.006415,0.002299,0.009509,0.002153,0.008181,-0.04027,0.00328,-0.001347,0.004172,-0.001986,0.00286,-7.68E-4,0
1505241609392,true,1591.21,0,-0.007453,-0.0141,0.005228,0.001427,0.006468,0.002297,0.009535,0.002157,0.007718,-0.03966,0.003335,-0.001349,0.004226,-0.001989,0.002873,-7.663E-4,0
1505241609546,true,1591.279,0,-0.0078,-0.01491,0.005263,0.001427,0.006519,0.002297,0.009551,0.002158,0.007806,-0.03969,0.003371,-0.00135,0.00427,-0.001993,0.002892,-7.643E-4,0
1505241609583,true,1591.337,0,-0.006712,-0.01526,0.005271,0.001427,0.006566,0.002296,0.009563,0.00215,0.008739,-0.04074,0.003398,-0.001354,0.004296,-0.001999,0.002914,-7.667E-4,0
1505241609619,true,1591.394,0,-0.006386,-0.01471,0.005278,0.001424,0.006586,0.002301,0.009572,0.002144,0.009522,-0.04164,0.003408,-0.001357,0.004303,-0.002004,0.002928,-7.716E-4,0
1505241609655,true,1591.452,0,-0.005953,-0.01429,0.005289,0.00142,0.006588,0.002303,0.009587,0.002141,0.009065,-0.0413,0.00341,-0.001361,0.004295,-0.002007,0.002926,-7.764E-4,0
1505241609691,true,1591.509,0,-0.006758,-0.0141,0.005295,0.001417,0.006577,0.002299,0.009587,0.002136,0.008504,-0.0409,0.003397,-0.00137,0.00429,-0.002014,0.002917,-7.822E-4,0
1505241609846,true,1591.578,0,-0.007725,-0.01469,0.005293,0.001413,0.006556,0.002296,0.009566,0.002132,0.008165,-0.04045,0.003369,-0.001379,0.004275,-0.002024,0.002895,-7.877E-4,0
1505241609883,true,1591.636,0,-0.007189,-0.01538,0.005261,0.001413,0.006521,0.002295,0.009524,0.002128,0.008579,-0.04095,0.003306,-0.00138,0.00425,-0.002039,0.002865,-7.908E-4,0
1505241609919,true,1591.693,0,-0.006078,-0.01526,0.005215,0.001411,0.00648,0.002297,0.009478,0.002118,0.009454,-0.04198,0.003238,-0.001387,0.004213,-0.002056,0.002833,-7.952E-4,0
1505241609955,true,1591.751,0,-0.005435,-0.01477,0.005158,0.001408,0.006419,0.002294,0.009423,0.002112,0.009552,-0.04224,0.003153,-0.001392,0.00415,-0.002069,0.002787,-8.049E-4,0
1505241609991,true,1591.808,0,-0.005761,-0.01417,0.005097,0.001414,0.006333,0.0023,0.009354,0.002116,0.008661,-0.04148,0.003052,-0.001388,0.004066,-0.002074,0.002738,-8.081E-4,0
1505241610121,true,1591.854,0,-0.007221,-0.01426,0.005067,0.001423,0.006264,0.00231,0.009314,0.002121,0.008022,-0.04088,0.003032,-0.001389,0.004035,-0.002078,0.002699,-8.038E-4,0
1505241610158,true,1591.912,0,-0.007905,-0.01507,0.00508,0.001421,0.006264,0.002316,0.009298,0.002124,0.007954,-0.04067,0.00304,-0.00139,0.004047,-0.002087,0.002686,-8.043E-4,0
1505241610194,true,1591.969,0,-0.007093,-0.01568,0.005085,0.001424,0.006292,0.002319,0.009284,0.002122,0.008651,-0.04159,0.00306,-0.001395,0.004044,-0.002096,0.002681,-8.059E-4,0
1505241610229,true,1592.027,0,-0.006718,-0.01516,0.005079,0.001422,0.006305,0.002321,0.009278,0.002117,0.009429,-0.04249,0.003068,-0.0014,0.004025,-0.0021,0.002677,-8.128E-4,0
1505241610265,true,1592.084,0,-0.006167,-0.01473,0.005069,0.001423,0.006298,0.00233,0.009278,0.002115,0.009225,-0.04238,0.003067,-0.001406,0.004004,-0.002107,0.002671,-8.196E-4,0
1505241610421,true,1592.153,0,-0.006886,-0.01429,0.005083,0.00142,0.006283,0.002332,0.009277,0.002112,0.00857,-0.04183,0.003069,-0.001417,0.003992,-0.002116,0.002659,-8.267E-4,0
1505241610457,true,1592.211,0,-0.007864,-0.01479,0.005076,0.001421,0.00627,0.00233,0.009268,0.002111,0.008245,-0.04138,0.00305,-0.001425,0.003982,-0.002126,0.002639,-8.312E-4,0
