1505241520571,true,1502.284,0,-0.006356,-0.01445,0.002982,0.001206,0.003542,0.001974,0.007069,0.002005,0.008456,-0.04263,5.562E-4,-0.001803,0.001036,-0.002277,6.875E-4,-9.554E-4,1
1505241520607,true,1502.342,0,-0.006213,-0.01406,0.003027,0.001205,0.003591,0.001977,0.007124,0.002006,0.007823,-0.04209,6.184E-4,-0.001798,0.001076,-0.002269,7.279E-4,-9.582E-4,1
1505241520643,true,1502.399,0,-0.007016,-0.01399,0.003073,0.001206,0.003631,0.001977,0.007176,0.00201,0.007307,-0.04152,6.808E-4,-0.001793,0.001122,-0.002265,7.556E-4,-9.55E-4,1
1505241520679,true,1502.457,0,-0.007796,-0.01451,0.00311,0.001209,0.003677,0.001979,0.007229,0.002014,0.007385,-0.04143,7.425E-4,-0.001788,0.001177,-0.002262,7.893E-4,-9.521E-4,1
1505241520715,true,1502.514,0,-0.006942,-0.01539,0.00314,0.001211,0.00373,0.001978,0.007275,0.002013,0.008352,-0.04238,7.89E-4,-0.001785,0.001231,-0.002261,8.188E-4,-9.475E-4,1
1505241520846,true,1502.558,0,-0.006213,-0.01535,0.003165,0.001207,0.003772,0.001977,0.007303,0.002011,0.009441,-0.04361,8.265E-4,-0.001784,0.001262,-0.002258,8.467E-4,-9.457E-4,1
1505241520882,true,1502.616,0,-0.005723,-0.01498,0.003177,0.001203,0.003793,0.001978,0.007341,0.002006,0.009795,-0.04411,8.407E-4,-0.001787,0.001273,-0.002256,8.708E-4,-9.494E-4,1
1505241520918,true,1502.673,0,-0.006231,-0.01462,0.003187,0.0012,0.003786,0.001978,0.007361,0.002007,0.00919,-0.04357,8.361E-4,-0.00179,0.001278,-0.002254,8.821E-4,-9.533E-4,1
1505241520954,true,1502.731,0,-0.007508,-0.01501,0.003185,0.001201,0.00378,0.001968,0.00737,0.002005,0.008502,-0.04291,8.12E-4,-0.001791,0.001277,-0.002254,8.75E-4,-9.538E-4,1
1505241520990,true,1502.788,0,-0.007972,-0.01589,0.003176,0.0012,0.003768,0.001964,0.007345,0.002008,0.00862,-0.04294,7.694E-4,-0.00179,0.001259,-0.002255,8.506E-4,-9.503E-4,1
1505241521121,true,1502.833,0,-0.007081,-0.01636,0.003147,0.001201,0.003745,0.001966,0.007307,0.002008,0.009547,-0.04402,7.012E-4,-0.001785,0.00123,-0.002256,8.358E-4,-9.523E-4,1
1505241521157,true,1502.891,0,-0.006737,-0.01598,0.003109,0.001211,0.003712,0.001976,0.007277,0.002015,0.01036,-0.04495,6.53E-4,-0.001768,0.001196,-0.002246,8.296E-4,-9.501E-4,1
1505241521193,true,1502.948,0,-0.006451,-0.0157,0.003124,0.001217,0.003715,0.001987,0.007292,0.002023,0.009573,-0.04439,6.873E-4,-0.001758,0.001212,-0.002237,8.493E-4,-9.517E-4,1
1505241521229,true,1503.006,0,-0.007844,-0.01543,0.00317,0.00122,0.003742,0.001993,0.007337,0.002028,0.009013,-0.04382,7.541E-4,-0.001751,0.00126,-0.002229,8.806E-4,-9.53E-4,1
1505241521265,true,1503.063,0,-0.009137,-0.0161,0.003219,0.001223,0.003798,0.001992,0.007391,0.002032,0.008455,-0.04313,8.291E-4,-0.001745,0.001314,-0.002224,9.082E-4,-9.485E-4,1
1505241521421,true,1503.133,0,-0.00894,-0.01696,0.003255,0.001226,0.003859,0.001995,0.007427,0.002039,0.009012,-0.04359,8.866E-4,-0.001737,0.001373,-0.002221,9.407E-4,-9.448E-4,1
1505241521457,true,1503.191,0,-0.008149,-0.01691,0.003292,0.001227,0.003926,0.001999,0.007471,0.002038,0.00993,-0.04459,9.54E-4,-0.00173,0.001424,-0.002213,9.901E-4,-9.43E-4,1
1505241521493,true,1503.248,0,-0.007734,-0.01646,0.003338,0.001223,0.003995,0.002002,0.007529,0.002037,0.01019,-0.0449,0.001026,-0.001728,0.001477,-0.002207,0.001039,-9.443E-4,1
1505241521529,true,1503.306,0,-0.0077,-0.01606,0.003382,0.001218,0.004038,0.002002,0.007581,0.002038,0.009659,-0.04432,0.001078,-0.001729,0.00152,-0.002203,0.001081,-9.492E-4,1
1505241521565,true,1503.363,0,-0.008897,-0.0162,0.003416,0.001216,0.004069,0.001996,0.007615,0.00204,0.009076,-0.04365,0.00111,-0.001732,0.001555,-0.0022,0.001104,-9.493E-4,1
1505241521696,true,1503.408,0,-0.009694,-0.01694,0.003442,0.001213,0.004093,0.00199,0.007627,0.002042,0.008794,-0.04318,0.001106,-0.00173,0.001571,-0.002201,0.001111,-9.478E-4,1
1505241521732,true,1503.466,0,-0.008884,-0.01758,0.003435,0.001214,0.004104,0.001991,0.007616,0.002044,0.009658,-0.04396,0.001081,-0.001727,0.001581,-0.002202,0.001111,-9.468E-4,1
1505241521768,true,1503.523,0,-0.00859,-0.01723,0.003417,0.001214,0.004101,0.001991,0.007598,0.002044,0.01052,-0.04497,0.001057,-0.001725,0.001578,-0.002203,0.001111,-9.48E-4,1
1505241521804,true,1503.581,0,-0.008227,-0.01694,0.003403,0.001211,0.00408,0.001993,0.007589,0.002044,0.01028,-0.04485,0.001018,-0.001727,0.001553,-0.002201,0.001113,-9.565E-4,1
1505241521841,true,1503.638,0,-0.009232,-0.01654,0.003388,0.001218,0.004046,0.001996,0.007562,0.002052,0.009553,-0.04415,9.697E-4,-0.00172,0.001511,-0.002191,0.001088,-9.546E-4,1
1505241521995,true,1503.707,0,-0.01072,-0.01696,0.00339,0.001226,0.004024,0.002007,0.007558,0.002067,0.008946,-0.04348,9.649E-4,-0.001706,0.001519,-0.002178,0.001094,-9.475E-4,1
1505241522031,true,1503.765,0,-0.01095,-0.01786,0.003425,0.001233,0.004061,0.002015,0.007568,0.002081,0.009213,-0.04364,0.001019,-0.001695,0.001562,-0.002172,0.001126,-9.451E-4,1
1505241522067,true,1503.822,0,-0.01005,-0.01807,0.003462,0.001237,0.004128,0.002021,0.007598,0.002086,0.01028,-0.04478,0.001088,-0.001685,0.001622,-0.002166,0.00116,-9.379E-4,1
1505241522103,true,1503.88,0,-0.009843,-0.01739,0.003498,0.00124,0.004206,0.002023,0.007655,0.002087,0.01086,-0.04534,0.001175,-0.001681,0.001677,-0.00216,0.001202,-9.371E-4,1
1505241522139,true,1503.937,0,-0.009429,-0.01687,0.00355,0.001241,0.004265,0.002028,0.007723,0.00209,0.01005,-0.0445,0.001263,-0.001679,0.001725,-0.002151,0.001243,-9.356E-4,1
1505241522295,true,1504.008,0,-0.01075,-0.01658,0.003604,0.001243,0.004319,0.00203,0.007785,0.002094,0.009183,-0.04351,0.001345,-0.001679,0.001785,-0.002143,0.001274,-9.341E-4,1
1505241522331,true,1504.066,0,-0.01152,-0.01726,0.003661,0.001241,0.004385,0.002025,0.007838,0.002095,0.008698,-0.04265,0.001406,-0.001677,0.00185,-0.002144,0.001312,-9.318E-4,1
1505241522367,true,1504.123,0,-0.01092,-0.01796,0.003697,0.00124,0.004441,0.002024,0.00786,0.002097,0.009186,-0.04306,0.001446,-0.001677,0.001899,-0.002147,0.001336,-9.335E-4,1
1505241522403,true,1504.181,0,-0.01021,-0.01769,0.003713,0.00124,0.004476,0.002025,0.007878,0.002094,0.01006,-0.04397,0.001456,-0.001675,0.001915,-0.002146,0.00135,-9.349E-4,1
1505241522439,true,1504.238,0,-0.009783,-0.01719,0.003715,0.001238,0.00449,0.002025,0.007896,0.002091,0.009917,-0.04389,0.001453,-0.001673,0.001913,-0.002142,0.001366,-9.436E-4,1
1505241522570,true,1504.282,0,-0.01017,-0.01672,0.003717,0.001238,0.004482,0.002028,0.0079,0.002096,0.008986,-0.04302,0.001443,-0.001672,0.001905,-0.002141,0.001357,-9.493E-4,1
1505241522606,true,1504.34,0,-0.01141,-0.01694,0.00371,0.001242,0.00446,0.002027,0.007898,0.002098,0.008599,-0.04254,0.001411,-0.001674,0.001891,-0.00214,0.00134,-9.527E-4,1
1505241522642,true,1504.397,0,-0.01171,-0.01779,0.003693,0.001243,0.004442,0.002024,0.007875,0.002099,0.008735,-0.04248,0.001353,-0.001671,0.001865,-0.002143,0.00131,-9.544E-4,1
1505241522679,true,1504.455,0,-0.01101,-0.01811,0.00366,0.001252,0.004409,0.002033,0.007824,0.002108,0.009483,-0.04331,0.001277,-0.001655,0.001825,-0.002139,0.001275,-9.527E-4,1
1505241522715,true,1504.512,0,-0.01037,-0.01745,0.003636,0.001264,0.004391,0.002048,0.007802,0.002117,0.01019,-0.04412,0.001283,-0.001643,0.001818,-0.002126,0.001271,-9.497E-4,1
1505241522870,true,1504.583,0,-0.009678,-0.01682,0.003666,0.001269,0.004422,0.002062,0.007832,0.002126,0.009793,-0.04371,0.001352,-0.001637,0.001843,-0.002116,0.001287,-9.495E-4,1
1505241522906,true,1504.641,0,-0.01041,-0.01618,0.003713,0.001275,0.004463,0.002069,0.007886,0.002128,0.009012,-0.04287,0.001435,-0.001636,0.001892,-0.002109,0.00131,-9.483E-4,1
1505241522942,true,1504.698,0,-0.01119,-0.01666,0.003763,0.00128,0.004522,0.002069,0.007939,0.002132,0.00823,-0.04188,0.001491,-0.001632,0.001942,-0.002106,0.001331,-9.48E-4,1
1505241522978,true,1504.756,0,-0.01105,-0.0173,0.003806,0.001285,0.004589,0.00207,0.007978,0.002137,0.008313,-0.04191,0.001534,-0.001622,0.001995,-0.002106,0.001348,-9.444E-4,1
1505241523015,true,1504.813,0,-0.009892,-0.01734,0.003839,0.00129,0.004646,0.002076,0.008015,0.002136,0.009191,-0.0428,0.001598,-0.001621,0.002039,-0.002104,0.001376,-9.454E-4,1
1505241523145,true,1504.857,0,-0.009303,-0.01684,0.00386,0.001291,0.004704,0.002076,0.008065,0.00213,0.009437,-0.04307,0.001649,-0.00162,0.002074,-0.002104,0.0014,-9.485E-4,1
1505241523181,true,1504.915,0,-0.009006,-0.01653,0.003892,0.001287,0.004732,0.002076,0.008097,0.00213,0.008787,-0.04238,0.001674,-0.001625,0.002093,-0.002104,0.001407,-9.536E-4,1
1505241523217,true,1504.972,0,-0.01004,-0.01652,0.003904,0.001288,0.004739,0.002073,0.008113,0.002131,0.00814,-0.0417,0.001663,-0.001623,0.0021,-0.002105,0.001394,-9.522E-4,1
1505241523253,true,1505.03,0,-0.01049,-0.0173,0.003898,0.001293,0.004742,0.002068,0.008111,0.002131,0.00792,-0.04131,0.001631,-0.001619,0.002104,-0.00211,0.001363,-9.497E-4,1
1505241523289,true,1505.087,0,-0.009726,-0.01795,0.003882,0.001297,0.004732,0.00207,0.008082,0.002131,0.008701,-0.0421,0.001589,-0.001616,0.002092,-0.002115,0.001335,-9.502E-4,1
1505241523445,true,1505.158,0,-0.008664,-0.01775,0.00385,0.001299,0.004709,0.002072,0.008052,0.002128,0.009769,-0.0433,0.001547,-0.001617,0.00206,-0.002118,0.001304,-9.525E-4,1
1505241523481,true,1505.216,0,-0.008088,-0.01721,0.003825,0.001296,0.004669,0.002078,0.008021,0.002128,0.009751,-0.04336,0.001488,-0.001619,0.002001,-0.002113,0.001262,-9.554E-4,1
1505241523517,true,1505.273,0,-0.008354,-0.01663,0.003798,0.001295,0.00461,0.002081,0.007985,0.002128,0.008618,-0.04233,0.001418,-0.001621,0.001948,-0.002115,0.001209,-9.613E-4,1
1505241523554,true,1505.331,0,-0.009452,-0.01677,0.003754,0.001303,0.004542,0.00208,0.007924,0.002133,0.007751,-0.0414,0.001324,-0.001618,0.001874,-0.00211,0.001141,-9.569E-4,1
1505241523590,true,1505.388,0,-0.009512,-0.01757,0.003717,0.00132,0.004493,0.002091,0.007867,0.002149,0.007528,-0.04117,0.001262,-0.001596,0.001838,-0.0021,0.001096,-9.474E-4,1
1505241523720,true,1505.434,0,-0.008414,-0.01788,0.003723,0.00133,0.004499,0.002103,0.007848,0.002157,0.008253,-0.04196,0.001288,-0.001582,0.001867,-0.002098,0.001096,-9.405E-4,1
1505241523756,true,1505.492,0,-0.007808,-0.01738,0.003745,0.001337,0.004546,0.002113,0.00787,0.002163,0.008827,-0.04265,0.001352,-0.001573,0.001902,-0.00209,0.001124,-9.393E-4,1
1505241523792,true,1505.549,0,-0.007322,-0.01695,0.003793,0.001338,0.004609,0.00212,0.007914,0.002167,0.008184,-0.04207,0.001428,-0.001568,0.001956,-0.002087,0.001166,-9.401E-4,1
1505241523828,true,1505.607,0,-0.008286,-0.01658,0.003839,0.001342,0.004657,0.002123,0.00796,0.002171,0.007464,-0.04134,0.001495,-0.001566,0.00201,-0.002084,0.001189,-9.359E-4,1
1505241523865,true,1505.664,0,-0.009162,-0.01725,0.003884,0.001345,0.004712,0.002121,0.007995,0.002176,0.007268,-0.04089,0.001548,-0.001559,0.002061,-0.002084,0.001203,-9.291E-4,1
1505241524020,true,1505.733,0,-0.008907,-0.01806,0.00392,0.001348,0.004775,0.002118,0.008012,0.002177,0.007837,-0.04138,0.001585,-0.001556,0.002105,-0.002083,0.001228,-9.268E-4,1
1505241524056,true,1505.791,0,-0.007619,-0.01799,0.003939,0.00135,0.004818,0.002122,0.00802,0.002171,0.008767,-0.04241,0.00161,-0.001554,0.00213,-0.002083,0.001256,-9.257E-4,1
1505241524092,true,1505.848,0,-0.007052,-0.01744,0.003951,0.001349,0.004847,0.002122,0.008029,0.002169,0.009239,-0.04298,0.001635,-0.001557,0.002141,-0.002081,0.001269,-9.265E-4,1
1505241524129,true,1505.906,0,-0.007069,-0.01686,0.003959,0.001348,0.004851,0.002122,0.008032,0.002168,0.00849,-0.04224,0.001625,-0.001558,0.002141,-0.002079,0.001284,-9.277E-4,1
1505241524165,true,1505.963,0,-0.008034,-0.01686,0.003968,0.001348,0.004834,0.002119,0.008025,0.002167,0.007853,-0.04147,0.001614,-0.00156,0.002143,-0.002082,0.001269,-9.229E-4,1
1505241524295,true,1506.009,0,-0.008784,-0.01746,0.003962,0.00135,0.004824,0.002113,0.007998,0.002169,0.007727,-0.04119,0.001565,-0.001553,0.002138,-0.002088,0.001249,-9.203E-4,1
1505241524331,true,1506.067,0,-0.007892,-0.018,0.003938,0.001352,0.004799,0.002115,0.007948,0.002168,0.008379,-0.04196,0.001506,-0.001546,0.002122,-0.002094,0.001237,-9.199E-4,1
1505241524367,true,1506.124,0,-0.007325,-0.0175,0.003899,0.001354,0.004773,0.002118,0.007911,0.002161,0.009161,-0.04293,0.001446,-0.001544,0.00208,-0.002093,0.001228,-9.233E-4,1
1505241524403,true,1506.182,0,-0.006918,-0.01715,0.003866,0.001355,0.004726,0.002122,0.007865,0.002157,0.008894,-0.04286,0.001375,-0.001544,0.002029,-0.002093,0.001206,-9.268E-4,1
1505241524440,true,1506.239,0,-0.007567,-0.01677,0.003834,0.001358,0.00466,0.002122,0.007808,0.002158,0.008134,-0.04221,0.00129,-0.001542,0.001966,-0.002093,0.00117,-9.267E-4,1
1505241524595,true,1506.308,0,-0.008873,-0.01715,0.003799,0.001372,0.00459,0.002134,0.007756,0.00217,0.007756,-0.04177,0.001224,-0.001519,0.001927,-0.002082,0.00113,-9.141E-4,1
1505241524631,true,1506.366,0,-0.009065,-0.01793,0.003809,0.001382,0.00459,0.002148,0.007739,0.00218,0.008076,-0.04197,0.001252,-0.001503,0.001953,-0.002074,0.001145,-9.04E-4,1
1505241524668,true,1506.423,0,-0.008028,-0.01806,0.003842,0.001391,0.004649,0.002158,0.007757,0.002183,0.009104,-0.04297,0.001336,-0.001495,0.002017,-0.00207,0.001186,-8.984E-4,1
1505241524704,true,1506.481,0,-0.00761,-0.01734,0.003886,0.001395,0.004733,0.002165,0.007801,0.002183,0.009802,-0.04364,0.001441,-0.001494,0.002078,-0.002064,0.001239,-8.954E-4,1
1505241524740,true,1506.538,0,-0.00704,-0.01679,0.003949,0.001395,0.004807,0.002169,0.007858,0.002183,0.009037,-0.04282,0.001529,-0.001493,0.00214,-0.002057,0.001297,-8.932E-4,1
1505241524895,true,1506.609,0,-0.008061,-0.01645,0.004008,0.001398,0.004872,0.002168,0.007899,0.002186,0.008403,-0.04195,0.001616,-0.001494,0.002209,-0.002053,0.001345,-8.888E-4,1
1505241524931,true,1506.667,0,-0.00888,-0.01698,0.00407,0.001401,0.004944,0.002167,0.007942,0.002187,0.008099,-0.04133,0.001676,-0.001488,0.002281,-0.002051,0.001403,-8.849E-4,1
1505241524967,true,1506.724,0,-0.008565,-0.01756,0.004111,0.001404,0.005018,0.002164,0.007963,0.002187,0.008586,-0.04169,0.001741,-0.001486,0.002352,-0.002052,0.001456,-8.809E-4,1
1505241525003,true,1506.782,0,-0.007593,-0.0173,0.004136,0.001407,0.005076,0.002166,0.007982,0.002182,0.009602,-0.0427,0.001781,-0.001486,0.002399,-0.00205,0.001504,-8.777E-4,1
1505241525040,true,1506.839,0,-0.007243,-0.01668,0.004161,0.001404,0.005103,0.00217,0.008,0.002178,0.009737,-0.04282,0.001822,-0.00149,0.00243,-0.002049,0.001542,-8.797E-4,1
1505241525171,true,1506.884,0,-0.007417,-0.01611,0.004189,0.001405,0.005109,0.002174,0.008022,0.002177,0.009061,-0.04215,0.001842,-0.001494,0.002444,-0.002047,0.001577,-8.826E-4,1
1505241525207,true,1506.942,0,-0.008656,-0.01627,0.004202,0.001406,0.005108,0.002169,0.008022,0.002176,0.008419,-0.04145,0.001843,-0.001499,0.002453,-0.002046,0.001596,-8.811E-4,1
1505241525243,true,1506.999,0,-0.009214,-0.01697,0.004207,0.001407,0.005107,0.002167,0.008008,0.002175,0.00852,-0.04142,0.001822,-0.001498,0.002456,-0.002049,0.0016,-8.776E-4,1
1505241525279,true,1507.057,0,-0.008128,-0.0174,0.004187,0.001409,0.00509,0.002168,0.007964,0.002173,0.009335,-0.04231,0.00179,-0.001498,0.002453,-0.002056,0.001612,-8.803E-4,1
1505241525315,true,1507.114,0,-0.00742,-0.01679,0.00416,0.001408,0.005054,0.002171,0.007928,0.002166,0.01008,-0.04325,0.00175,-0.001504,0.002422,-0.002057,0.001613,-8.821E-4,1
1505241525445,true,1507.159,0,-0.006891,-0.01611,0.004131,0.001409,0.005013,0.002172,0.007887,0.002165,0.00957,-0.04286,0.001689,-0.001503,0.002372,-0.002056,0.001603,-8.872E-4,1
1505241525481,true,1507.217,0,-0.007698,-0.0156,0.004101,0.001421,0.004952,0.002183,0.007849,0.002173,0.008552,-0.04181,0.001656,-0.001495,0.002333,-0.002044,0.001584,-8.789E-4,1
1505241525518,true,1507.274,0,-0.008688,-0.01601,0.00412,0.001431,0.00494,0.002192,0.007856,0.002179,0.008208,-0.04125,0.00169,-0.001484,0.002366,-0.002038,0.001601,-8.693E-4,1
1505241525554,true,1507.332,0,-0.008449,-0.01674,0.004164,0.001438,0.004986,0.0022,0.007865,0.002186,0.008464,-0.04136,0.001767,-0.001481,0.002423,-0.002034,0.001631,-8.596E-4,1
1505241525615,true,1507.389,0,-0.007256,-0.01677,0.004206,0.001442,0.005057,0.002205,0.007894,0.002185,0.009348,-0.04223,0.001853,-0.001483,0.002497,-0.002038,0.001685,-8.569E-4,1
1505241525746,true,1507.459,0,-0.006806,-0.01612,0.004249,0.001442,0.00512,0.00221,0.007933,0.002186,0.00977,-0.04269,0.001938,-0.001487,0.002542,-0.00203,0.001737,-8.54E-4,1
1505241525782,true,1507.517,0,-0.006484,-0.01572,0.004303,0.00144,0.005166,0.002213,0.007979,0.002188,0.009058,-0.04195,0.002005,-0.00149,0.00259,-0.002027,0.001789,-8.546E-4,1
1505241525818,true,1507.574,0,-0.007674,-0.01557,0.004357,0.001441,0.005199,0.002213,0.008024,0.002189,0.008533,-0.04126,0.002062,-0.001494,0.002643,-0.002025,0.001829,-8.492E-4,1
1505241525854,true,1507.632,0,-0.008431,-0.01627,0.004407,0.001437,0.005236,0.002208,0.008054,0.00219,0.008295,-0.04072,0.002101,-0.001499,0.002694,-0.002031,0.001862,-8.453E-4,1
1505241525890,true,1507.689,0,-0.007447,-0.01691,0.004425,0.001439,0.00526,0.002207,0.008053,0.00219,0.008935,-0.04128,0.002114,-0.001503,0.002728,-0.002037,0.00189,-8.434E-4,1
1505241526045,true,1507.759,0,-0.006619,-0.01638,0.004431,0.001437,0.005266,0.002209,0.008039,0.002188,0.009798,-0.04226,0.002118,-0.001507,0.002735,-0.00204,0.001909,-8.423E-4,1
1505241526081,true,1507.817,0,-0.005898,-0.01574,0.004429,0.001436,0.005256,0.00221,0.008036,0.002184,0.009714,-0.04221,0.002116,-0.001515,0.002718,-0.002038,0.001922,-8.425E-4,1
1505241526117,true,1507.874,0,-0.006303,-0.01497,0.004429,0.001434,0.005226,0.002211,0.008019,0.002183,0.00858,-0.04108,0.002093,-0.001522,0.002685,-0.00204,0.001921,-8.457E-4,1
1505241526154,true,1507.932,0,-0.007441,-0.01511,0.00442,0.001432,0.005188,0.002205,0.00799,0.002181,0.00793,-0.04039,0.00205,-0.00153,0.002652,-0.002043,0.001913,-8.488E-4,1
1505241526200,true,1507.989,0,-0.007867,-0.01575,0.004394,0.001434,0.005139,0.002206,0.007932,0.002181,0.007709,-0.04011,0.001984,-0.001538,0.002614,-0.002054,0.001882,-8.51E-4,1
1505241526320,true,1508.034,0,-0.006826,-0.01605,0.004352,0.001435,0.005084,0.002209,0.007864,0.002175,0.008489,-0.04105,0.001892,-0.001541,0.002565,-0.002066,0.001852,-8.555E-4,1
1505241526356,true,1508.092,0,-0.006495,-0.01541,0.004292,0.001437,0.005019,0.002209,0.007798,0.00217,0.009169,-0.04185,0.001794,-0.001549,0.002484,-0.002073,0.001814,-8.614E-4,1
1505241526393,true,1508.149,0,-0.006292,-0.01493,0.004235,0.001444,0.004936,0.002219,0.007723,0.002178,0.008534,-0.04141,0.001686,-0.001542,0.00239,-0.002067,0.001771,-8.597E-4,1
1505241526429,true,1508.207,0,-0.007177,-0.01467,0.004217,0.001451,0.004869,0.002228,0.007694,0.002186,0.007798,-0.0408,0.001661,-0.001539,0.002364,-0.002065,0.001759,-8.553E-4,1
1505241526465,true,1508.264,0,-0.008083,-0.01524,0.004228,0.001454,0.004849,0.002233,0.00769,0.002193,0.007529,-0.04039,0.001681,-0.00154,0.002377,-0.002069,0.001753,-8.482E-4,1
1505241526595,true,1508.309,0,-0.007664,-0.01601,0.004236,0.001458,0.004855,0.002235,0.007679,0.002197,0.00823,-0.04104,0.001711,-0.001548,0.002389,-0.002075,0.001765,-8.471E-4,1
1505241526631,true,1508.367,0,-0.00664,-0.01583,0.004233,0.001461,0.004855,0.002239,0.007665,0.002199,0.009229,-0.0421,0.001712,-0.001553,0.00239,-0.002083,0.001767,-8.47E-4,1
1505241526668,true,1508.424,0,-0.006167,-0.01512,0.004223,0.001463,0.004844,0.002245,0.00766,0.002198,0.009617,-0.0426,0.001713,-0.001558,0.002374,-0.002082,0.001766,-8.503E-4,1
1505241526704,true,1508.482,0,-0.005918,-0.01451,0.004228,0.001462,0.004822,0.002248,0.007656,0.002199,0.008605,-0.04169,0.001712,-0.001567,0.002364,-0.002087,0.001761,-8.537E-4,1
1505241526740,true,1508.539,0,-0.007151,-0.01452,0.004226,0.001464,0.00479,0.002248,0.007639,0.0022,0.007902,-0.04094,0.001698,-0.001579,0.002347,-0.002093,0.001754,-8.572E-4,1
1505241526895,true,1508.61,0,-0.007997,-0.01522,0.004222,0.001462,0.00476,0.002243,0.007603,0.002202,0.007567,-0.04043,0.001653,-0.001584,0.002316,-0.002104,0.00172,-8.553E-4,1
1505241526932,true,1508.668,0,-0.007517,-0.01569,0.00419,0.001463,0.004723,0.002242,0.007544,0.002201,0.008216,-0.04119,0.001596,-0.00159,0.002273,-0.002114,0.001691,-8.573E-4,1
1505241526968,true,1508.725,0,-0.00697,-0.01527,0.004141,0.001463,0.004678,0.002245,0.00749,0.002195,0.009093,-0.0422,0.00153,-0.001598,0.002213,-0.002125,0.001658,-8.637E-4,1
1505241527004,true,1508.783,0,-0.006609,-0.01491,0.004095,0.00146,0.004615,0.002248,0.007445,0.00219,0.008693,-0.04205,0.001446,-0.001606,0.002134,-0.002129,0.001626,-8.764E-4,1
1505241527040,true,1508.84,0,-0.007566,-0.01438,0.00405,0.001459,0.004537,0.002248,0.00739,0.002187,0.007916,-0.04148,0.00135,-0.001615,0.002049,-0.002136,0.001573,-8.845E-4,1
1505241527170,true,1508.884,0,-0.00891,-0.01486,0.003994,0.00146,0.004457,0.002241,0.007318,0.002187,0.007582,-0.04118,0.001222,-0.001621,0.001962,-0.002146,0.001505,-8.908E-4,1
1505241527207,true,1508.942,0,-0.008963,-0.01582,0.003928,0.001461,0.004372,0.002237,0.00722,0.002188,0.00782,-0.04144,0.001078,-0.001627,0.001853,-0.002159,0.001416,-8.944E-4,1
1505241527243,true,1508.999,0,-0.007924,-0.016,0.003836,0.001469,0.00428,0.00224,0.007103,0.00219,0.008739,-0.04255,9.207E-4,-0.001628,0.001731,-0.002167,0.001328,-8.965E-4,1
1505241527279,true,1509.057,0,-0.007479,-0.01537,0.003755,0.001478,0.004199,0.002247,0.007018,0.002196,0.009054,-0.04304,8.158E-4,-0.001622,0.001638,-0.002167,0.001261,-8.965E-4,1
1505241527315,true,1509.114,0,-0.007002,-0.0148,0.003727,0.00148,0.00414,0.002253,0.006978,0.002201,0.008313,-0.04245,8.004E-4,-0.001627,0.001588,-0.002167,0.001235,-9.024E-4,1
1505241527470,true,1509.185,0,-0.008086,-0.01455,0.003725,0.00148,0.004092,0.002256,0.006962,0.002204,0.007495,-0.04169,7.945E-4,-0.001634,0.001565,-0.002172,0.001212,-9.051E-4,1
1505241527506,true,1509.243,0,-0.009092,-0.01517,0.003705,0.00148,0.004062,0.002252,0.006936,0.002203,0.006942,-0.04109,7.652E-4,-0.001639,0.001538,-0.002181,0.001174,-9.072E-4,1
1505241527543,true,1509.3,0,-0.008647,-0.01592,0.003668,0.001485,0.004025,0.002253,0.006877,0.002209,0.007534,-0.04179,7.163E-4,-0.00164,0.00149,-0.002188,0.001133,-9.102E-4,1
1505241527579,true,1509.358,0,-0.007855,-0.01573,0.003626,0.001487,0.003987,0.002255,0.006833,0.002204,0.008412,-0.04288,6.787E-4,-0.001647,0.001444,-0.002197,0.001107,-9.152E-4,1
1505241527615,true,1509.415,0,-0.00738,-0.01542,0.003581,0.001487,0.003942,0.002256,0.006798,0.002201,0.008557,-0.04333,6.228E-4,-0.001653,0.001381,-0.002203,0.001074,-9.212E-4,1
1505241527770,true,1509.484,0,-0.007744,-0.01495,0.003546,0.001487,0.003877,0.002257,0.006755,0.002198,0.007928,-0.04287,5.625E-4,-0.001662,0.001319,-0.002212,0.001031,-9.307E-4,1
1505241527807,true,1509.542,0,-0.009021,-0.01526,0.0035,0.001488,0.003803,0.002254,0.006709,0.002195,0.007401,-0.04243,4.834E-4,-0.001673,0.001244,-0.002219,9.674E-4,-9.323E-4,1
1505241527843,true,1509.599,0,-0.009467,-0.01611,0.00344,0.001489,0.003739,0.002249,0.00664,0.002194,0.007348,-0.04229,3.77E-4,-0.001676,0.001163,-0.002234,8.944E-4,-9.373E-4,1
1505241527879,true,1509.657,0,-0.008585,-0.01656,0.003367,0.001491,0.003663,0.002251,0.006555,0.002188,0.008136,-0.04324,2.478E-4,-0.001677,0.001075,-0.002247,8.277E-4,-9.441E-4,1
1505241527915,true,1509.714,0,-0.007837,-0.01603,0.003282,0.001492,0.00358,0.002252,0.006471,0.00218,0.008935,-0.04428,1.248E-4,-0.001685,9.613E-4,-0.002254,7.542E-4,-9.554E-4,1
1505241528046,true,1509.76,0,-0.007303,-0.01557,0.003208,0.001491,0.003491,0.002252,0.006396,0.002172,0.008449,-0.0441,-1.014E-5,-0.001695,8.417E-4,-0.002263,6.736E-4,-9.653E-4,1
1505241528082,true,1509.818,0,-0.008278,-0.01509,0.003138,0.001492,0.003388,0.002252,0.006296,0.002174,0.007313,-0.0432,-1.602E-4,-0.001702,7.128E-4,-0.002271,5.774E-4,-9.724E-4,1
1505241528118,true,1509.875,0,-0.00956,-0.01551,0.003058,0.001501,0.003287,0.002253,0.006194,0.00218,0.006586,-0.04254,-3.096E-4,-0.001693,5.859E-4,-0.002274,4.829E-4,-9.702E-4,1
1505241528154,true,1509.933,0,-0.009462,-0.01646,0.003009,0.001506,0.003214,0.00226,0.006123,0.002185,0.006867,-0.04295,-3.867E-4,-0.001687,5.088E-4,-0.002274,4.127E-4,-9.66E-4,1
1505241528190,true,1509.99,0,-0.008611,-0.01656,0.002966,0.001507,0.003168,0.002265,0.006069,0.002186,0.007777,-0.04403,-4.202E-4,-0.001689,4.652E-4,-0.002279,3.787E-4,-9.668E-4,1
1505241528346,true,1510.059,0,-0.008162,-0.01619,0.002925,0.001507,0.003132,0.002267,0.006045,0.002178,0.008276,-0.04476,-4.351E-4,-0.001696,4.258E-4,-0.002287,3.494E-4,-9.717E-4,1
1505241528382,true,1510.117,0,-0.008128,-0.01576,0.002887,0.001509,0.003077,0.002271,0.006011,0.002179,0.007556,-0.04432,-4.771E-4,-0.0017,3.629E-4,-0.002289,3.089E-4,-9.777E-4,1
1505241528418,true,1510.174,0,-0.009424,-0.01573,0.002849,0.001511,0.003022,0.002272,0.005971,0.00218,0.006844,-0.04374,-5.329E-4,-0.001706,3.064E-4,-0.002295,2.587E-4,-9.819E-4,1
1505241528454,true,1510.232,0,-0.01053,-0.01653,0.002811,0.001513,0.002973,0.002266,0.005922,0.002182,0.006593,-0.0434,-5.927E-4,-0.001712,2.509E-4,-0.002304,1.99E-4,-9.836E-4,1
1505241528490,true,1510.289,0,-0.009889,-0.01717,0.002759,0.001515,0.002921,0.002267,0.005856,0.002178,0.00719,-0.04425,-6.824E-4,-0.001711,1.875E-4,-0.002314,1.413E-4,-9.866E-4,1
1505241528621,true,1510.335,0,-0.008999,-0.0169,0.0027,0.001514,0.002859,0.002269,0.005787,0.002171,0.008126,-0.04545,-7.718E-4,-0.001712,1.044E-4,-0.002322,7.769E-5,-9.897E-4,1
1505241528657,true,1510.393,0,-0.008472,-0.0163,0.002632,0.001516,0.002786,0.002273,0.005726,0.002164,0.008007,-0.04552,-8.676E-4,-0.001718,1.896E-5,-0.002332,6.797E-6,-9.937E-4,1
1505241528693,true,1510.45,0,-0.008947,-0.01564,0.002576,0.001513,0.002698,0.002272,0.005648,0.002162,0.006955,-0.04464,-9.752E-4,-0.001728,-8.548E-5,-0.00234,-7.392E-5,-9.981E-4,1
1505241528729,true,1510.508,0,-0.01025,-0.01588,0.002511,0.001516,0.002613,0.002268,0.00557,0.002159,0.006087,-0.04387,-0.001105,-0.001733,-1.884E-4,-0.002348,-1.674E-4,-9.996E-4,1
1505241528765,true,1510.565,0,-0.01061,-0.01677,0.002439,0.001519,0.002536,0.002262,0.005462,0.002161,0.006044,-0.04393,-0.00125,-0.001733,-3.014E-4,-0.002358,-2.584E-4,-0.001007,1
1505241528896,true,1510.609,0,-0.009808,-0.01712,0.00235,0.001527,0.002454,0.002268,0.005335,0.002166,0.006869,-0.04505,-0.001412,-0.001725,-4.172E-4,-0.002366,-3.481E-4,-0.001007,1
1505241528932,true,1510.667,0,-0.009435,-0.01669,0.002279,0.001534,0.002378,0.002279,0.005246,0.00217,0.007438,-0.04584,-0.001509,-0.001716,-5.173E-4,-0.002364,-4.167E-4,-0.001008,1
1505241528968,true,1510.724,0,-0.009144,-0.01642,0.00224,0.001538,0.002321,0.002286,0.005204,0.002173,0.006849,-0.04549,-0.001544,-0.001714,-5.673E-4,-0.002362,-4.554E-4,-0.001008,1
1505241529004,true,1510.782,0,-0.01048,-0.01603,0.002219,0.001541,0.002275,0.002284,0.005178,0.002175,0.006141,-0.04482,-0.001554,-0.00172,-5.849E-4,-0.002369,-4.841E-4,-0.001011,1
1505241529040,true,1510.839,0,-0.01145,-0.01662,0.002196,0.001543,0.002237,0.002281,0.005152,0.002175,0.00576,-0.04438,-0.001586,-0.001722,-6.172E-4,-0.002372,-5.204E-4,-0.00101,1
1505241529196,true,1510.91,0,-0.01126,-0.01735,0.002163,0.001548,0.002213,0.002281,0.005113,0.002178,0.006372,-0.04506,-0.001621,-0.00172,-6.519E-4,-0.002373,-5.649E-4,-0.001008,1
1505241529232,true,1510.968,0,-0.01016,-0.0173,0.00213,0.001547,0.002187,0.00228,0.005071,0.002178,0.007345,-0.04616,-0.001654,-0.00172,-6.933E-4,-0.002376,-5.887E-4,-0.001013,1
1505241529268,true,1511.025,0,-0.009646,-0.01669,0.002094,0.001547,0.00216,0.00228,0.005047,0.002173,0.007705,-0.04669,-0.001689,-0.001724,-7.408E-4,-0.002377,-6.185E-4,-0.001018,1
1505241529304,true,1511.083,0,-0.009639,-0.01612,0.002067,0.001544,0.00211,0.002282,0.00501,0.002173,0.006886,-0.04603,-0.001741,-0.001732,-7.974E-4,-0.002381,-6.514E-4,-0.001025,1
1505241529340,true,1511.14,0,-0.01096,-0.01613,0.00204,0.001543,0.002054,0.002277,0.004971,0.002172,0.006083,-0.04525,-0.001815,-0.001735,-8.616E-4,-0.002385,-7.161E-4,-0.001026,1
1505241529496,true,1511.21,0,-0.01181,-0.01688,0.001998,0.001545,0.002002,0.002273,0.004894,0.002176,0.005738,-0.04485,-0.001917,-0.001734,-9.32E-4,-0.002392,-7.877E-4,-0.001027,1
1505241529532,true,1511.268,0,-0.01111,-0.01742,0.001945,0.001545,0.001949,0.002274,0.004815,0.002174,0.006373,-0.04567,-0.002031,-0.001734,-0.001011,-0.002399,-8.479E-4,-0.001031,1
1505241529568,true,1511.325,0,-0.0104,-0.01714,0.001875,0.001548,0.001886,0.002276,0.00473,0.002172,0.007166,-0.04667,-0.002145,-0.001731,-0.00111,-0.002403,-9.245E-4,-0.00103,1
1505241529604,true,1511.383,0,-0.0102,-0.01669,0.001816,0.001551,0.001821,0.002283,0.004666,0.002174,0.006858,-0.0465,-0.002249,-0.001721,-0.001213,-0.002398,-9.962E-4,-0.001027,1
1505241529640,true,1511.44,0,-0.011,-0.01619,0.001789,0.001555,0.001759,0.002289,0.00462,0.002186,0.006118,-0.04581,-0.002276,-0.001721,-0.001263,-0.00239,-0.001034,-0.001027,1
1505241529796,true,1511.51,0,-0.01212,-0.0166,0.001775,0.001559,0.001735,0.002287,0.00461,0.00219,0.005618,-0.0452,-0.002263,-0.001723,-0.001274,-0.002387,-0.001058,-0.001021,1
1505241529832,true,1511.568,0,-0.01221,-0.01747,0.001768,0.001563,0.00173,0.002282,0.00459,0.002193,0.006082,-0.0455,-0.00226,-0.001723,-0.001269,-0.002392,-0.001073,-0.00102,1
1505241529868,true,1511.625,0,-0.0111,-0.01764,0.001753,0.001566,0.001726,0.002285,0.004565,0.002195,0.006997,-0.04649,-0.002266,-0.001721,-0.00127,-0.002396,-0.001085,-0.001018,1
1505241529904,true,1511.683,0,-0.01048,-0.01704,0.001737,0.001566,0.001719,0.002287,0.004562,0.002193,0.00752,-0.04711,-0.002249,-0.001722,-0.001283,-0.002394,-0.001093,-0.00102,1
1505241529940,true,1511.74,0,-0.009989,-0.0165,0.001736,0.001563,0.001708,0.002288,0.004562,0.002195,0.006929,-0.04666,-0.002227,-0.001727,-0.001287,-0.002391,-0.001093,-0.001022,1
1505241530072,true,1511.785,0,-0.01113,-0.0162,0.001738,0.001562,0.001694,0.002286,0.004564,0.002196,0.006052,-0.04575,-0.002218,-0.001733,-0.001295,-0.002393,-0.001117,-0.00102,1
1505241530108,true,1511.843,0,-0.01242,-0.01671,0.001727,0.001563,0.001679,0.00228,0.004546,0.002201,0.005476,-0.04503,-0.00224,-0.001733,-0.001305,-0.002398,-0.001145,-0.00102,1
1505241530144,true,1511.9,0,-0.01218,-0.01753,0.001703,0.001563,0.001668,0.002278,0.004518,0.002198,0.005899,-0.04547,-0.002275,-0.001735,-0.001328,-0.002403,-0.00117,-0.001023,1
1505241530180,true,1511.958,0,-0.01133,-0.01745,0.001668,0.001563,0.001642,0.002279,0.00448,0.002193,0.006811,-0.04652,-0.002329,-0.001735,-0.001374,-0.002405,-0.001196,-0.001029,1
1505241530216,true,1512.015,0,-0.01109,-0.01706,0.001638,0.001559,0.001606,0.00228,0.004438,0.00219,0.006996,-0.04688,-0.002392,-0.001736,-0.001437,-0.002404,-0.001236,-0.001033,1
1505241530346,true,1512.06,0,-0.01118,-0.01674,0.001613,0.001559,0.001554,0.002284,0.004387,0.002198,0.006135,-0.04622,-0.002457,-0.001733,-0.001505,-0.002398,-0.001287,-0.001027,1
1505241530382,true,1512.118,0,-0.0123,-0.01699,0.001599,0.001566,0.001518,0.002288,0.004362,0.002208,0.005458,-0.04552,-0.002465,-0.001729,-0.001529,-0.002391,-0.001317,-0.001019,1
1505241530418,true,1512.175,0,-0.01285,-0.01772,0.001609,0.001568,0.001525,0.002286,0.004366,0.002212,0.005301,-0.0453,-0.002444,-0.001726,-0.001508,-0.002392,-0.001323,-0.001012,1
1505241530454,true,1512.233,0,-0.01165,-0.01822,0.001615,0.00157,0.001544,0.002287,0.004363,0.002215,0.006274,-0.04633,-0.002403,-0.001727,-0.001471,-0.002397,-0.001323,-0.001007,1
1505241530491,true,1512.29,0,-0.01116,-0.01747,0.001613,0.00157,0.00156,0.002288,0.004375,0.00221,0.007083,-0.04723,-0.002363,-0.001728,-0.001456,-0.002397,-0.001307,-0.001008,1
1505241530646,true,1512.361,0,-0.01052,-0.0169,0.001621,0.001572,0.001575,0.002291,0.0044,0.00221,0.006734,-0.04689,-0.002309,-0.001733,-0.001441,-0.002391,-0.001294,-0.001008,1
1505241530683,true,1512.419,0,-0.01155,-0.01624,0.001642,0.001573,0.001585,0.002292,0.004431,0.002214,0.005847,-0.04604,-0.00225,-0.001739,-0.00142,-0.002388,-0.00128,-0.001006,1
1505241530719,true,1512.476,0,-0.01295,-0.01661,0.001663,0.001573,0.001601,0.002286,0.004458,0.002214,0.005314,-0.04532,-0.002206,-0.001745,-0.001384,-0.002391,-0.001275,-0.001005,1
1505241530755,true,1512.534,0,-0.01273,-0.01748,0.00167,0.001573,0.001618,0.002282,0.004466,0.002213,0.005445,-0.04542,-0.002184,-0.001747,-0.001366,-0.002393,-0.001279,-0.001001,1
1505241530791,true,1512.591,0,-0.01181,-0.01756,0.001652,0.001578,0.001619,0.002285,0.004455,0.00221,0.006356,-0.04645,-0.002174,-0.001753,-0.001369,-0.002394,-0.001277,-0.001001,1
1505241530921,true,1512.635,0,-0.0116,-0.01699,0.00163,0.001578,0.001625,0.002282,0.004455,0.002204,0.006675,-0.04691,-0.002181,-0.001755,-0.00139,-0.00239,-0.001282,-0.001004,1
1505241530957,true,1512.693,0,-0.01148,-0.01651,0.001617,0.001575,0.001603,0.002284,0.004446,0.002205,0.006124,-0.04652,-0.002211,-0.00176,-0.001413,-0.002391,-0.0013,-0.001005,1
1505241530994,true,1512.75,0,-0.01262,-0.01649,0.001595,0.001582,0.001574,0.002286,0.004417,0.002212,0.005603,-0.04601,-0.002255,-0.001754,-0.001443,-0.002385,-0.001327,-0.001001,1
1505241531030,true,1512.808,0,-0.01327,-0.01722,0.001594,0.00159,0.001561,0.00229,0.004407,0.00222,0.005389,-0.04564,-0.002242,-0.001746,-0.001438,-0.002378,-0.001338,-9.93E-4,1
1505241531066,true,1512.865,0,-0.01266,-0.01778,0.001603,0.001597,0.001585,0.002293,0.004416,0.002225,0.006173,-0.04623,-0.002186,-0.001745,-0.001397,-0.002379,-0.001323,-9.882E-4,1
1505241531221,true,1512.936,0,-0.01151,-0.0174,0.001624,0.001596,0.001618,0.002295,0.004439,0.00222,0.007131,-0.04728,-0.002112,-0.001748,-0.001359,-0.002377,-0.001305,-9.845E-4,1
1505241531257,true,1512.994,0,-0.01082,-0.01673,0.001641,0.001595,0.001648,0.002297,0.004468,0.00222,0.00702,-0.0472,-0.002052,-0.001751,-0.001329,-0.002373,-0.001282,-9.834E-4,1
1505241531293,true,1513.051,0,-0.01121,-0.01598,0.001666,0.001597,0.001664,0.0023,0.004505,0.002222,0.006103,-0.04627,-0.001979,-0.001757,-0.001291,-0.002367,-0.00125,-9.824E-4,1
1505241531329,true,1513.109,0,-0.01237,-0.01615,0.001699,0.0016,0.001695,0.002298,0.004539,0.002225,0.005616,-0.04554,-0.001913,-0.00176,-0.00124,-0.002366,-0.001229,-9.782E-4,1
1505241531365,true,1513.166,0,-0.0126,-0.0169,0.001732,0.001599,0.001743,0.002294,0.00457,0.002222,0.005568,-0.04532,-0.001865,-0.00176,-0.001191,-0.002368,-0.001205,-9.753E-4,1
1505241531496,true,1513.21,0,-0.01148,-0.0172,0.00174,0.001601,0.001776,0.002293,0.004595,0.002217,0.006539,-0.04622,-0.001825,-0.001764,-0.001155,-0.00237,-0.001189,-9.725E-4,1
1505241531532,true,1513.268,0,-0.01095,-0.01667,0.001742,0.0016,0.001798,0.002296,0.004619,0.002211,0.007234,-0.047,-0.001792,-0.00177,-0.001137,-0.002373,-0.001166,-9.745E-4,1
1505241531568,true,1513.325,0,-0.0104,-0.01623,0.001746,0.001596,0.001805,0.002296,0.004634,0.00221,0.00702,-0.04686,-0.001772,-0.001775,-0.001141,-0.002367,-0.001153,-9.769E-4,1
1505241531604,true,1513.383,0,-0.01132,-0.01578,0.001745,0.001596,0.001787,0.002297,0.004645,0.002211,0.006389,-0.04618,-0.00178,-0.001776,-0.001146,-0.002365,-0.001153,-9.756E-4,1
1505241531640,true,1513.44,0,-0.01213,-0.01637,0.001741,0.001602,0.001784,0.002295,0.004646,0.002217,0.00603,-0.04564,-0.001776,-0.001771,-0.001144,-0.002358,-0.001158,-9.669E-4,1
1505241531796,true,1513.511,0,-0.01161,-0.01699,0.001755,0.001607,0.001811,0.002298,0.004654,0.002222,0.006427,-0.04588,-0.001718,-0.001768,-0.001105,-0.002356,-0.001136,-9.566E-4,1
1505241531832,true,1513.569,0,-0.01025,-0.01681,0.001774,0.001608,0.001852,0.002302,0.004683,0.00222,0.007409,-0.04677,-0.001639,-0.001769,-0.001051,-0.002355,-0.001099,-9.506E-4,1
1505241531868,true,1513.626,0,-0.009584,-0.01608,0.001803,0.001606,0.001901,0.002302,0.004733,0.002215,0.007635,-0.04693,-0.001564,-0.001772,-0.001012,-0.002349,-0.001054,-9.524E-4,1
1505241531904,true,1513.684,0,-0.009339,-0.01543,0.001842,0.001605,0.001933,0.002305,0.004785,0.002216,0.00673,-0.04597,-0.001489,-0.001777,-9.641E-4,-0.002346,-0.001008,-9.553E-4,1
1505241531941,true,1513.741,0,-0.01042,-0.01542,0.001878,0.001608,0.001968,0.002304,0.004833,0.002219,0.005927,-0.04495,-0.001407,-0.00178,-9.027E-4,-0.002342,-9.639E-4,-9.533E-4,1
1505241532071,true,1513.785,0,-0.01114,-0.01601,0.001912,0.001608,0.002022,0.002301,0.004886,0.002218,0.0057,-0.04449,-0.001342,-0.001778,-8.475E-4,-0.002339,-9.273E-4,-9.473E-4,1
1505241532107,true,1513.843,0,-0.01021,-0.01656,0.001939,0.001607,0.002067,0.002303,0.004916,0.002219,0.006438,-0.045,-0.001288,-0.001776,-7.92E-4,-0.002337,-8.852E-4,-9.451E-4,1
1505241532143,true,1513.9,0,-0.009483,-0.01608,0.001956,0.001605,0.002106,0.002302,0.004946,0.002213,0.007354,-0.0459,-0.001241,-0.001779,-7.579E-4,-0.002333,-8.47E-4,-9.432E-4,1
1505241532179,true,1513.958,0,-0.008884,-0.01552,0.001974,0.0016,0.002132,0.002304,0.004979,0.00221,0.007265,-0.04576,-0.001212,-0.001782,-7.318E-4,-0.00233,-8.181E-4,-9.44E-4,1
1505241532215,true,1514.015,0,-0.00962,-0.01488,0.001991,0.001597,0.00214,0.0023,0.005009,0.002207,0.006607,-0.04502,-0.001191,-0.001787,-7.113E-4,-0.002331,-7.924E-4,-9.432E-4,1
1505241532371,true,1514.086,0,-0.01048,-0.01518,0.001999,0.001601,0.00214,0.0023,0.005027,0.00221,0.006228,-0.04435,-0.001182,-0.001783,-6.961E-4,-0.002325,-7.757E-4,-9.37E-4,1
1505241532407,true,1514.144,0,-0.0105,-0.01586,0.002027,0.001604,0.002168,0.002304,0.005049,0.002216,0.006444,-0.04437,-0.001127,-0.001776,-6.394E-4,-0.002322,-7.471E-4,-9.269E-4,1
1505241532444,true,1514.201,0,-0.009168,-0.01596,0.002049,0.001609,0.002226,0.002307,0.005082,0.002218,0.007428,-0.0452,-0.001038,-0.001773,-5.682E-4,-0.002318,-6.958E-4,-9.233E-4,1
1505241532480,true,1514.259,0,-0.008704,-0.01512,0.002088,0.001608,0.002297,0.002306,0.005133,0.002216,0.007786,-0.04543,-9.381E-4,-0.001776,-4.976E-4,-0.002313,-6.351E-4,-9.199E-4,1
1505241532516,true,1514.316,0,-0.008159,-0.01439,0.00214,0.001605,0.002354,0.002308,0.005202,0.002213,0.006912,-0.04446,-8.374E-4,-0.001783,-4.376E-4,-0.002308,-5.794E-4,-9.182E-4,1
1505241532646,true,1514.36,0,-0.008824,-0.01409,0.002195,0.001605,0.002403,0.002308,0.00526,0.002214,0.006125,-0.04342,-7.456E-4,-0.001783,-3.667E-4,-0.002301,-5.106E-4,-9.185E-4,1
1505241532682,true,1514.418,0,-0.009503,-0.01461,0.002256,0.001603,0.002476,0.002303,0.005317,0.002218,0.005662,-0.04268,-6.447E-4,-0.001789,-2.757E-4,-0.0023,-4.546E-4,-9.131E-4,1
1505241532718,true,1514.475,0,-0.008924,-0.01523,0.002311,0.001598,0.002549,0.002301,0.005366,0.002217,0.006148,-0.04296,-5.684E-4,-0.001789,-2.018E-4,-0.002299,-3.923E-4,-9.11E-4,1
1505241532755,true,1514.533,0,-0.008153,-0.01499,0.002346,0.001593,0.002612,0.002301,0.005411,0.002213,0.00704,-0.04382,-5.009E-4,-0.001791,-1.364E-4,-0.0023,-3.225E-4,-9.149E-4,1
1505241532790,true,1514.59,0,-0.007643,-0.01446,0.002372,0.001588,0.002659,0.002299,0.005459,0.002211,0.007058,-0.04383,-4.448E-4,-0.001791,-8.854E-5,-0.002297,-2.692E-4,-9.149E-4,1
1505241532946,true,1514.661,0,-0.007902,-0.01386,0.002404,0.001582,0.002695,0.002294,0.00551,0.002208,0.006277,-0.04295,-3.939E-4,-0.0018,-4.715E-5,-0.002294,-2.229E-4,-9.146E-4,1
1505241532982,true,1514.719,0,-0.009012,-0.01394,0.00242,0.001584,0.002703,0.00229,0.005538,0.002211,0.005752,-0.04221,-3.684E-4,-0.001799,-1.882E-5,-0.002287,-1.985E-4,-9.09E-4,1
1505241533018,true,1514.776,0,-0.009448,-0.01469,0.002451,0.001589,0.002728,0.002293,0.005564,0.002217,0.005714,-0.04174,-3.207E-4,-0.001789,3.663E-5,-0.002278,-1.576E-4,-9.013E-4,1
1505241533055,true,1514.834,0,-0.008491,-0.01504,0.002502,0.001591,0.002794,0.0023,0.005613,0.002219,0.006395,-0.04233,-2.255E-4,-0.001783,1.177E-4,-0.002272,-9.118E-5,-8.956E-4,1
1505241533091,true,1514.891,0,-0.007636,-0.01428,0.002561,0.00159,0.002888,0.002301,0.005683,0.002218,0.007125,-0.04297,-1.092E-4,-0.001782,2.096E-4,-0.002266,-5.947E-6,-8.957E-4,1
1505241533246,true,1514.961,0,-0.006916,-0.01363,0.002639,0.001585,0.002983,0.0023,0.005766,0.00222,0.006555,-0.04225,2.133E-5,-0.001787,2.983E-4,-0.002262,6.974E-5,-8.936E-4,1
1505241533282,true,1515.019,0,-0.007832,-0.01301,0.002718,0.001583,0.003065,0.002299,0.005857,0.002221,0.005699,-0.04126,1.406E-4,-0.001789,3.946E-4,-0.002254,1.551E-4,-8.898E-4,1
1505241533318,true,1515.076,0,-0.009007,-0.01339,0.002803,0.00158,0.003162,0.002295,0.005938,0.002225,0.00498,-0.04019,2.557E-4,-0.001789,5.067E-4,-0.002251,2.347E-4,-8.855E-4,1
1505241533354,true,1515.134,0,-0.008634,-0.01417,0.002884,0.001575,0.003278,0.002291,0.006021,0.002226,0.005161,-0.04005,3.709E-4,-0.001787,6.262E-4,-0.00225,3.242E-4,-8.844E-4,1
1505241533390,true,1515.191,0,-0.007537,-0.01414,0.002953,0.001571,0.003386,0.00229,0.006097,0.002223,0.006036,-0.04079,4.904E-4,-0.00179,7.379E-4,-0.002248,4.281E-4,-8.866E-4,1
1505241533521,true,1515.236,0,-0.006779,-0.01361,0.003016,0.001566,0.003483,0.002289,0.006193,0.002217,0.00649,-0.04114,6.016E-4,-0.001792,8.359E-4,-0.002242,5.198E-4,-8.866E-4,1
1505241533557,true,1515.294,0,-0.006285,-0.01317,0.003085,0.001559,0.003555,0.002291,0.006277,0.002217,0.005902,-0.04038,7.023E-4,-0.001794,9.226E-4,-0.002233,6.086E-4,-8.882E-4,1
1505241533593,true,1515.351,0,-0.007249,-0.01307,0.003153,0.001553,0.003615,0.002289,0.006355,0.002218,0.005081,-0.03942,7.888E-4,-0.001798,0.001015,-0.00223,6.764E-4,-8.843E-4,1
1505241533629,true,1515.409,0,-0.008078,-0.01367,0.003211,0.001551,0.003667,0.002288,0.006411,0.002222,0.004722,-0.03868,8.555E-4,-0.001796,0.001094,-0.002226,7.369E-4,-8.805E-4,1
1505241533665,true,1515.466,0,-0.007148,-0.01426,0.003264,0.001556,0.003728,0.002297,0.006456,0.002231,0.005375,-0.03909,9.374E-4,-0.001786,0.001189,-0.002218,8.152E-4,-8.73E-4,1
1505241533796,true,1515.512,0,-0.006091,-0.0137,0.003336,0.001558,0.003834,0.002306,0.006538,0.002235,0.006258,-0.03972,0.001079,-0.00178,0.001306,-0.002208,9.185E-4,-8.685E-4,1
1505241533832,true,1515.57,0,-0.00523,-0.01299,0.003434,0.001554,0.003971,0.002312,0.00666,0.002238,0.006169,-0.03943,0.00126,-0.00178,0.001447,-0.002199,0.00104,-8.656E-4,1
1505241533868,true,1515.627,0,-0.0055,-0.01222,0.003559,0.001548,0.004112,0.002311,0.006805,0.002237,0.005329,-0.03832,0.001445,-0.001782,0.001604,-0.00219,0.001173,-8.633E-4,1
1505241533904,true,1515.685,0,-0.00654,-0.01231,0.003683,0.001543,0.004262,0.002306,0.006944,0.002243,0.004499,-0.03712,0.001607,-0.001776,0.001763,-0.002182,0.001295,-8.565E-4,1
1505241533940,true,1515.742,0,-0.006823,-0.01303,0.003812,0.001539,0.004422,0.002303,0.00707,0.002248,0.00439,-0.03653,0.001778,-0.001773,0.001928,-0.002174,0.001418,-8.486E-4,1
1505241534096,true,1515.811,0,-0.005611,-0.01332,0.003928,0.001534,0.004588,0.002302,0.007196,0.002249,0.005078,-0.03705,0.001939,-0.001768,0.002092,-0.002166,0.001563,-8.468E-4,1
1505241534132,true,1515.869,0,-0.00487,-0.01269,0.004034,0.001528,0.004744,0.002299,0.007333,0.002245,0.005811,-0.03758,0.002109,-0.001769,0.002248,-0.002157,0.001707,-8.479E-4,1
1505241534168,true,1515.926,0,-0.004315,-0.01219,0.004132,0.00152,0.004869,0.002296,0.007473,0.002243,0.00526,-0.03686,0.002259,-0.001773,0.002387,-0.002147,0.001837,-8.468E-4,1
1505241534204,true,1515.984,0,-0.005008,-0.01183,0.004234,0.001513,0.004969,0.002292,0.007593,0.002245,0.00478,-0.03615,0.00239,-0.001777,0.002523,-0.00214,0.001941,-8.433E-4,1
1505241534240,true,1516.041,0,-0.005692,-0.01233,0.004322,0.001506,0.005063,0.002283,0.007697,0.002247,0.004255,-0.03531,0.002505,-0.001779,0.002641,-0.002131,0.00204,-8.375E-4,1
1505241534396,true,1516.111,0,-0.005175,-0.01307,0.004389,0.001499,0.005154,0.002278,0.007772,0.002251,0.004795,-0.03551,0.002579,-0.001777,0.002756,-0.002129,0.002128,-8.354E-4,1
1505241534432,true,1516.169,0,-0.003683,-0.01294,0.004445,0.001491,0.005229,0.002274,0.007835,0.002248,0.005582,-0.03622,0.002655,-0.001779,0.00285,-0.002125,0.002206,-8.307E-4,1
1505241534468,true,1516.226,0,-0.003168,-0.01203,0.004481,0.001487,0.005272,0.002276,0.007898,0.002248,0.005745,-0.03633,0.002702,-0.001773,0.002927,-0.002116,0.002281,-8.319E-4,1
1505241534504,true,1516.284,0,-0.002978,-0.01136,0.004536,0.001489,0.005303,0.002287,0.007965,0.002258,0.004561,-0.03501,0.002783,-0.001761,0.003005,-0.0021,0.002359,-8.273E-4,1
1505241534540,true,1516.341,0,-0.004233,-0.01117,0.004631,0.001489,0.005401,0.002289,0.008068,0.002269,0.003853,-0.03406,0.002934,-0.001758,0.003144,-0.002092,0.002464,-8.214E-4,1
1505241534671,true,1516.386,0,-0.004971,-0.01184,0.004748,0.001486,0.005542,0.002289,0.008187,0.00228,0.003601,-0.03346,0.00309,-0.00175,0.003311,-0.002085,0.00258,-8.171E-4,1
1505241534707,true,1516.444,0,-0.004173,-0.01238,0.004861,0.001485,0.005698,0.002289,0.008319,0.002283,0.004339,-0.03403,0.003256,-0.001743,0.003481,-0.002078,0.002705,-8.126E-4,1
1505241534743,true,1516.501,0,-0.003275,-0.01197,0.00497,0.00148,0.005846,0.002294,0.008456,0.002283,0.005416,-0.03496,0.003433,-0.001738,0.003641,-0.00207,0.002847,-8.122E-4,1
1505241534779,true,1516.559,0,-0.002581,-0.0115,0.005092,0.001473,0.005995,0.002293,0.008608,0.002284,0.005433,-0.03482,0.003615,-0.00174,0.003805,-0.002062,0.002984,-8.136E-4,1
1505241534816,true,1516.616,0,-0.00303,-0.01085,0.005217,0.001465,0.006127,0.002291,0.008757,0.002287,0.005016,-0.03413,0.003784,-0.001746,0.003964,-0.002055,0.003109,-8.132E-4,1
1505241534972,true,1516.687,0,-0.003942,-0.01122,0.005334,0.001457,0.006254,0.00228,0.008898,0.002287,0.004564,-0.03331,0.003932,-0.001751,0.004108,-0.00205,0.003222,-8.091E-4,1
1505241535008,true,1516.745,0,-0.003698,-0.01202,0.005433,0.001449,0.006368,0.002275,0.009007,0.00229,0.004876,-0.03328,0.004054,-0.001755,0.004254,-0.00205,0.003327,-8.077E-4,1
1505241535044,true,1516.802,0,-0.002309,-0.01215,0.005512,0.001442,0.006468,0.00227,0.009093,0.002286,0.005697,-0.03402,0.004144,-0.001754,0.004374,-0.00205,0.003422,-8.124E-4,1
1505241535080,true,1516.86,0,-0.001666,-0.01133,0.005566,0.001436,0.006544,0.002269,0.00918,0.002282,0.006316,-0.0346,0.004229,-0.001756,0.004469,-0.002048,0.00351,-8.18E-4,1
1505241535116,true,1516.917,0,-0.001358,-0.01069,0.00562,0.001428,0.006591,0.002268,0.009264,0.002277,0.005646,-0.03386,0.004297,-0.001762,0.004547,-0.002045,0.003583,-8.251E-4,1
1505241535246,true,1516.961,0,-0.002418,-0.01035,0.005664,0.001423,0.006618,0.002267,0.009332,0.002275,0.00502,-0.03316,0.004344,-0.001767,0.004622,-0.002046,0.003639,-8.301E-4,1
1505241535282,true,1517.019,0,-0.003204,-0.01099,0.00571,0.001416,0.00665,0.002259,0.009381,0.002275,0.004535,-0.03252,0.004375,-0.001772,0.004688,-0.002052,0.003672,-8.342E-4,1
1505241535318,true,1517.076,0,-0.00286,-0.0117,0.005723,0.001417,0.006662,0.00226,0.009403,0.002275,0.005028,-0.03311,0.004375,-0.001765,0.004727,-0.002054,0.0037,-8.337E-4,1
1505241535355,true,1517.134,0,-0.00188,-0.0116,0.005758,0.001416,0.006681,0.002274,0.009432,0.002278,0.005954,-0.03414,0.004424,-0.001756,0.004789,-0.002048,0.003749,-8.336E-4,1
1505241535391,true,1517.191,0,-0.00136,-0.01095,0.005821,0.001414,0.006765,0.002279,0.00953,0.002276,0.006115,-0.03439,0.004538,-0.001755,0.00488,-0.002043,0.003826,-8.387E-4,1
1505241535547,true,1517.262,0,-0.001309,-0.01043,0.005908,0.001412,0.006866,0.002281,0.009639,0.00228,0.005374,-0.03361,0.004671,-0.001755,0.004984,-0.002041,0.00391,-8.421E-4,1
1505241535583,true,1517.32,0,-0.002453,-0.01052,0.006008,0.001407,0.006974,0.002277,0.009762,0.002274,0.005004,-0.03311,0.004808,-0.00176,0.005099,-0.002043,0.003986,-8.455E-4,1
1505241535619,true,1517.377,0,-0.002829,-0.0113,0.006094,0.001405,0.007082,0.002273,0.009859,0.002275,0.004934,-0.03289,0.004913,-0.001763,0.005215,-0.002047,0.004054,-8.484E-4,1
1505241535655,true,1517.435,0,-0.001742,-0.01167,0.006175,0.001399,0.007188,0.002272,0.009939,0.002268,0.005918,-0.03382,0.00502,-0.001768,0.005322,-0.002052,0.004118,-8.532E-4,1
1505241535691,true,1517.492,0,-8.045E-4,-0.01112,0.006239,0.001392,0.007279,0.002268,0.01003,0.002257,0.006674,-0.03467,0.005113,-0.001774,0.005396,-0.002055,0.004177,-8.613E-4,1
1505241535821,true,1517.536,0,-1.141E-4,-0.01056,0.006304,0.001382,0.007343,0.002266,0.01011,0.00225,0.006272,-0.03433,0.005187,-0.00178,0.005473,-0.002062,0.004232,-8.734E-4,1
1505241535857,true,1517.594,0,-9.005E-4,-0.01006,0.006368,0.001376,0.00738,0.002267,0.01019,0.002243,0.0054,-0.03351,0.005255,-0.001791,0.005539,-0.002071,0.004262,-8.828E-4,1
1505241535893,true,1517.651,0,-0.002129,-0.01053,0.00641,0.001374,0.007416,0.002259,0.01024,0.002236,0.004997,-0.03303,0.005298,-0.001801,0.005593,-0.00208,0.004283,-8.886E-4,1
1505241535930,true,1517.709,0,-0.002136,-0.01139,0.006444,0.001366,0.007452,0.002254,0.01027,0.002228,0.005389,-0.03341,0.005315,-0.001804,0.00563,-0.00209,0.004287,-8.95E-4,1
1505241535965,true,1517.766,0,-0.001108,-0.01154,0.006451,0.00136,0.00747,0.002252,0.01029,0.002215,0.00651,-0.03458,0.005314,-0.001808,0.00566,-0.002104,0.004295,-9.051E-4,1
1505241536121,true,1517.837,0,-7.476E-4,-0.01107,0.006447,0.001355,0.007467,0.002251,0.01031,0.002202,0.007134,-0.03544,0.005319,-0.001818,0.005668,-0.002118,0.004303,-9.2E-4,1
1505241536157,true,1517.895,0,-4.281E-4,-0.01076,0.006449,0.001346,0.007428,0.002253,0.01032,0.002192,0.006456,-0.03502,0.005299,-0.00183,0.005659,-0.00213,0.00429,-9.337E-4,1
1505241536193,true,1517.952,0,-0.001821,-0.01057,0.006431,0.001346,0.007375,0.002253,0.01032,0.002184,0.005855,-0.03456,0.005251,-0.001833,0.005645,-0.002142,0.004255,-9.402E-4,1
1505241536230,true,1518.01,0,-0.002674,-0.01134,0.006426,0.001351,0.007341,0.002263,0.01031,0.002186,0.005434,-0.03407,0.005235,-0.001827,0.005645,-0.00215,0.004226,-9.405E-4,1
1505241536265,true,1518.067,0,-0.002125,-0.01192,0.006449,0.001352,0.007373,0.00227,0.01032,0.002188,0.006044,-0.03473,0.005279,-0.001827,0.005677,-0.002157,0.004234,-9.458E-4,1
1505241536396,true,1518.112,0,-0.001084,-0.01154,0.00648,0.001351,0.007428,0.002274,0.01035,0.002182,0.006865,-0.03572,0.00534,-0.001831,0.005713,-0.002164,0.004247,-9.506E-4,1
1505241536432,true,1518.17,0,-5.087E-4,-0.0109,0.00652,0.001347,0.007499,0.002272,0.01041,0.002171,0.00688,-0.0358,0.005415,-0.001841,0.005749,-0.002173,0.004261,-9.618E-4,1
1505241536468,true,1518.227,0,-8.933E-4,-0.0103,0.00656,0.001345,0.007532,0.002276,0.01045,0.002165,0.005678,-0.03476,0.00547,-0.001854,0.005789,-0.002186,0.004269,-9.713E-4,1
1505241536505,true,1518.285,0,-0.00204,-0.01063,0.006604,0.00134,0.007568,0.002274,0.01049,0.00216,0.004948,-0.034,0.00551,-0.001865,0.005811,-0.002196,0.004261,-9.782E-4,1
1505241536541,true,1518.342,0,-0.002517,-0.01156,0.006625,0.00134,0.007607,0.002268,0.0105,0.002153,0.00499,-0.03403,0.005531,-0.001874,0.005834,-0.002212,0.004258,-9.906E-4,1
1505241536698,true,1518.412,0,-0.001854,-0.01194,0.006623,0.001338,0.007632,0.002269,0.01049,0.002145,0.005883,-0.0351,0.005532,-0.001884,0.005848,-0.002231,0.004251,-0.001002,1
1505241536732,true,1518.47,0,-0.001489,-0.0114,0.006621,0.001331,0.007639,0.002268,0.01048,0.002135,0.006643,-0.03616,0.005526,-0.001895,0.005842,-0.002246,0.004225,-0.001014,1
1505241536769,true,1518.527,0,-0.001044,-0.01103,0.006613,0.001325,0.007627,0.002266,0.01047,0.002128,0.005965,-0.03574,0.005487,-0.001902,0.00581,-0.002255,0.004197,-0.001029,1
1505241536805,true,1518.585,0,-0.002273,-0.01068,0.006595,0.001323,0.007593,0.002262,0.01046,0.002124,0.005276,-0.03526,0.005441,-0.001912,0.00577,-0.002271,0.004159,-0.001042,1
1505241536840,true,1518.642,0,-0.003532,-0.0113,0.006572,0.001318,0.00756,0.002256,0.01042,0.002115,0.004875,-0.03483,0.005379,-0.001921,0.005736,-0.002291,0.0041,-0.00105,1
1505241536971,true,1518.688,0,-0.003006,-0.01226,0.00653,0.001317,0.007522,0.002248,0.01036,0.002108,0.005248,-0.0353,0.0053,-0.001929,0.005683,-0.002311,0.004043,-0.001062,1
1505241537007,true,1518.746,0,-0.002003,-0.01218,0.00647,0.001318,0.007458,0.002257,0.0103,0.002098,0.006082,-0.03644,0.005214,-0.001934,0.005616,-0.002326,0.003978,-0.001068,1
1505241537044,true,1518.803,0,-0.001564,-0.01158,0.006429,0.001321,0.007396,0.002272,0.01025,0.002097,0.005947,-0.03663,0.00517,-0.001932,0.00556,-0.002333,0.003933,-0.001077,1
1505241537080,true,1518.861,0,-0.001329,-0.01123,0.006438,0.001319,0.007392,0.002276,0.01024,0.002096,0.004937,-0.03581,0.005175,-0.001939,0.005532,-0.00234,0.003909,-0.001086,1
1505241537116,true,1518.918,0,-0.00288,-0.01118,0.00646,0.001317,0.007402,0.002276,0.01024,0.002096,0.004094,-0.03499,0.005192,-0.001952,0.005525,-0.002353,0.003878,-0.001094,1
1505241537246,true,1518.962,0,-0.003715,-0.01204,0.006481,0.001315,0.007423,0.002274,0.01022,0.002093,0.003832,-0.0347,0.005184,-0.00196,0.005513,-0.002366,0.003841,-0.001099,1
1505241537282,true,1519.02,0,-0.003089,-0.01273,0.006473,0.001319,0.007442,0.002276,0.0102,0.002088,0.004437,-0.03542,0.00517,-0.001964,0.005501,-0.00238,0.003804,-0.001104,1
1505241537318,true,1519.077,0,-0.002454,-0.01241,0.006459,0.001318,0.007465,0.002277,0.01018,0.002079,0.005455,-0.03653,0.005168,-0.001977,0.005481,-0.002394,0.003771,-0.001112,1
1505241537355,true,1519.135,0,-0.001995,-0.0121,0.00645,0.001313,0.007468,0.002276,0.01017,0.002067,0.005257,-0.03653,0.005141,-0.001989,0.00545,-0.002409,0.003736,-0.001125,1
1505241537390,true,1519.192,0,-0.002703,-0.01163,0.006444,0.001308,0.007439,0.002275,0.01014,0.002061,0.004418,-0.03592,0.005108,-0.002004,0.005402,-0.002423,0.003682,-0.001135,1
1505241537546,true,1519.263,0,-0.003766,-0.01208,0.006422,0.001303,0.007397,0.00227,0.0101,0.002055,0.00407,-0.03561,0.005038,-0.002015,0.005339,-0.002436,0.003613,-0.00114,1
1505241537583,true,1519.321,0,-0.004136,-0.01296,0.006383,0.001302,0.007355,0.002266,0.01003,0.002048,0.004092,-0.03575,0.004948,-0.002022,0.005272,-0.002455,0.003544,-0.00115,1
1505241537618,true,1519.378,0,-0.003105,-0.01313,0.006326,0.0013,0.007294,0.002266,0.009953,0.002038,0.004925,-0.03682,0.004845,-0.002027,0.005193,-0.002474,0.003469,-0.001158,1
1505241537655,true,1519.436,0,-0.00257,-0.01262,0.006257,0.001297,0.007222,0.002268,0.009871,0.00203,0.005395,-0.03752,0.004739,-0.002034,0.005095,-0.002487,0.0034,-0.001169,1
1505241537691,true,1519.493,0,-0.002131,-0.01226,0.006194,0.001294,0.007128,0.002271,0.009802,0.002021,0.004632,-0.03707,0.004627,-0.002047,0.004993,-0.0025,0.003322,-0.001183,1
1505241537846,true,1519.562,0,-0.003497,-0.01199,0.00613,0.001295,0.007019,0.002275,0.009713,0.002021,0.003895,-0.03645,0.00449,-0.00205,0.004881,-0.002512,0.003226,-0.001187,1
1505241537883,true,1519.62,0,-0.004606,-0.01276,0.006067,0.001305,0.006928,0.002284,0.009632,0.002023,0.003285,-0.03582,0.0044,-0.002048,0.004806,-0.002522,0.003147,-0.001188,1
1505241537918,true,1519.677,0,-0.004373,-0.0136,0.006039,0.00131,0.006904,0.002288,0.009575,0.002022,0.003745,-0.03642,0.004358,-0.002049,0.004762,-0.002536,0.003099,-0.001194,1
1505241537955,true,1519.735,0,-0.003612,-0.01348,0.006017,0.001311,0.006897,0.002294,0.009533,0.002016,0.004716,-0.03761,0.004348,-0.00206,0.004723,-0.002548,0.003064,-0.0012,1
1505241537991,true,1519.792,0,-0.003137,-0.01309,0.006005,0.001308,0.006902,0.002292,0.009507,0.00201,0.004708,-0.03786,0.004328,-0.00207,0.004669,-0.002558,0.003022,-0.001208,1
1505241538121,true,1519.838,0,-0.003362,-0.0126,0.005996,0.001307,0.006872,0.002297,0.009469,0.00201,0.003949,-0.03723,0.0043,-0.002082,0.00461,-0.002563,0.002994,-0.001219,1
1505241538157,true,1519.896,0,-0.004648,-0.01279,0.005988,0.001305,0.00685,0.002295,0.009441,0.002008,0.003603,-0.03683,0.00426,-0.002091,0.004571,-0.002576,0.002949,-0.001223,1
1505241538194,true,1519.953,0,-0.005197,-0.01359,0.005976,0.001301,0.006829,0.002287,0.0094,0.002002,0.003412,-0.03655,0.004196,-0.002096,0.004526,-0.002592,0.002894,-0.001231,1
1505241538230,true,1520.011,0,-0.004099,-0.01404,0.005934,0.001301,0.006807,0.00228,0.00933,0.001997,0.004117,-0.03741,0.004122,-0.002107,0.004471,-0.002613,0.002844,-0.00124,1
1505241538266,true,1520.068,0,-0.003599,-0.01338,0.005878,0.001298,0.006746,0.002277,0.009267,0.001986,0.004822,-0.03837,0.004029,-0.002114,0.004391,-0.002628,0.002788,-0.001252,1
1505241538422,true,1520.137,0,-0.003359,-0.01277,0.005819,0.001294,0.00667,0.002277,0.0092,0.00198,0.004239,-0.03796,0.003927,-0.002124,0.004291,-0.002641,0.002721,-0.001263,1
1505241538458,true,1520.195,0,-0.004485,-0.01213,0.005759,0.001293,0.006575,0.002273,0.009121,0.001974,0.003155,-0.03698,0.003812,-0.002133,0.004191,-0.002652,0.002658,-0.001277,1
1505241538494,true,1520.252,0,-0.005737,-0.01266,0.005696,0.001291,0.006482,0.002267,0.009039,0.001969,0.002542,-0.03638,0.003688,-0.002141,0.004082,-0.002667,0.002575,-0.001285,1
1505241538530,true,1520.31,0,-0.005972,-0.01345,0.005613,0.001292,0.006385,0.002263,0.008946,0.001961,0.002928,-0.03692,0.003541,-0.002146,0.003974,-0.002687,0.002492,-0.001294,1
1505241538566,true,1520.367,0,-0.004803,-0.01375,0.005506,0.001297,0.006268,0.002268,0.008824,0.00196,0.003933,-0.03811,0.003381,-0.002144,0.003846,-0.0027,0.002409,-0.001301,1
1505241538696,true,1520.413,0,-0.004552,-0.01327,0.005411,0.001309,0.00615,0.002283,0.008734,0.001961,0.004395,-0.03885,0.003268,-0.002142,0.003729,-0.002702,0.002344,-0.001305,1
1505241538733,true,1520.471,0,-0.00423,-0.01289,0.005382,0.001311,0.006078,0.002292,0.00868,0.001964,0.00375,-0.03832,0.003221,-0.002146,0.00367,-0.002708,0.002301,-0.001309,1
1505241538769,true,1520.528,0,-0.005182,-0.01289,0.005369,0.001313,0.006042,0.00229,0.008645,0.001968,0.003264,-0.03787,0.003192,-0.002152,0.003635,-0.00272,0.002262,-0.001314,1
1505241538805,true,1520.586,0,-0.005888,-0.01364,0.005365,0.001313,0.006024,0.002286,0.008613,0.001968,0.00312,-0.03755,0.003151,-0.002156,0.003609,-0.002734,0.00222,-0.001318,1
1505241538841,true,1520.643,0,-0.005006,-0.01435,0.005338,0.001318,0.006009,0.002284,0.00856,0.001969,0.003615,-0.03808,0.003106,-0.00216,0.003575,-0.002748,0.002185,-0.001321,1
1505241538997,true,1520.712,0,-0.004077,-0.014,0.005309,0.001318,0.005989,0.002285,0.008516,0.001963,0.004478,-0.03904,0.003066,-0.002163,0.003539,-0.002759,0.002164,-0.001331,1
1505241539032,true,1520.77,0,-0.003783,-0.01333,0.005279,0.001316,0.005966,0.002282,0.008486,0.001957,0.004291,-0.03899,0.003022,-0.002173,0.003491,-0.002772,0.002137,-0.001341,1
1505241539069,true,1520.827,0,-0.004208,-0.01281,0.005252,0.001313,0.005911,0.00228,0.008453,0.001952,0.003572,-0.03838,0.002954,-0.00218,0.003424,-0.002782,0.002105,-0.001355,1
1505241539105,true,1520.885,0,-0.005413,-0.01311,0.005215,0.001312,0.005838,0.002274,0.008401,0.001949,0.002996,-0.03772,0.002877,-0.002191,0.003355,-0.002793,0.00206,-0.001365,1
1505241539141,true,1520.942,0,-0.005978,-0.01388,0.005161,0.001314,0.005767,0.00227,0.008326,0.00195,0.002874,-0.03755,0.002774,-0.002195,0.003274,-0.002806,0.002001,-0.001371,1
1505241539272,true,1520.988,0,-0.005309,-0.01422,0.005096,0.001314,0.00569,0.00227,0.008239,0.001947,0.003726,-0.03855,0.002657,-0.002196,0.003183,-0.002819,0.001945,-0.001378,1
1505241539308,true,1521.046,0,-0.00468,-0.01376,0.005015,0.001316,0.0056,0.002271,0.00816,0.001937,0.004478,-0.03948,0.002537,-0.002199,0.003088,-0.002831,0.001886,-0.001387,1
1505241539343,true,1521.103,0,-0.004391,-0.01325,0.004941,0.001314,0.005496,0.002271,0.008091,0.00193,0.004186,-0.03931,0.002424,-0.002208,0.002975,-0.002841,0.001826,-0.001399,1
1505241539380,true,1521.161,0,-0.005362,-0.01285,0.004864,0.001317,0.005387,0.00227,0.008001,0.001929,0.003642,-0.03886,0.002282,-0.002215,0.002865,-0.002852,0.001755,-0.001406,1
1505241539416,true,1521.218,0,-0.006421,-0.01345,0.004782,0.001325,0.005272,0.002272,0.007903,0.001938,0.003256,-0.03842,0.002141,-0.002208,0.002754,-0.002857,0.001669,-0.001404,1
1505241539570,true,1521.286,0,-0.006213,-0.01421,0.004733,0.001334,0.005192,0.00228,0.007824,0.001941,0.003601,-0.03872,0.00207,-0.002201,0.002698,-0.002865,0.001618,-0.001401,1
1505241539606,true,1521.344,0,-0.005079,-0.01411,0.004696,0.00134,0.005156,0.002284,0.00777,0.001942,0.004634,-0.03973,0.002055,-0.002205,0.002667,-0.002871,0.001605,-0.001403,1
1505241539642,true,1521.401,0,-0.004381,-0.01358,0.004676,0.001339,0.005144,0.002283,0.007761,0.001936,0.004834,-0.04001,0.002049,-0.002212,0.002636,-0.002878,0.001597,-0.00141,1
1505241539678,true,1521.459,0,-0.004358,-0.01303,0.004667,0.00134,0.005118,0.002284,0.007748,0.001935,0.003871,-0.03901,0.002032,-0.002218,0.002602,-0.002881,0.00158,-0.001414,1
1505241539714,true,1521.516,0,-0.005434,-0.013,0.004663,0.001341,0.005089,0.002281,0.007734,0.001934,0.003231,-0.03829,0.002015,-0.002226,0.002577,-0.002888,0.001561,-0.001417,1
1505241539870,true,1521.586,0,-0.006297,-0.01379,0.004652,0.001342,0.00507,0.002277,0.007711,0.001934,0.003041,-0.03785,0.001988,-0.002232,0.002554,-0.002899,0.001532,-0.001415,1
1505241539907,true,1521.644,0,-0.005472,-0.01442,0.004622,0.001342,0.005043,0.002276,0.007669,0.001929,0.003905,-0.03868,0.001939,-0.002236,0.002518,-0.002912,0.001509,-0.001417,1
1505241539943,true,1521.701,0,-0.004769,-0.01398,0.004574,0.001343,0.005002,0.002276,0.007626,0.001923,0.004946,-0.03976,0.001875,-0.00224,0.002462,-0.002922,0.00148,-0.001419,1
1505241539979,true,1521.759,0,-0.004203,-0.01352,0.004528,0.001341,0.004941,0.002277,0.00759,0.001915,0.004851,-0.0398,0.001802,-0.002248,0.002388,-0.002928,0.001445,-0.001423,1
1505241540015,true,1521.816,0,-0.004933,-0.01294,0.004483,0.001341,0.004867,0.002275,0.007542,0.001914,0.004249,-0.03923,0.001719,-0.002257,0.002316,-0.002935,0.001403,-0.001427,1
1505241540145,true,1521.862,0,-0.006216,-0.01319,0.004431,0.001343,0.004788,0.00227,0.00749,0.001908,0.003916,-0.03877,0.001616,-0.00226,0.002242,-0.002943,0.001345,-0.001427,1
1505241540182,true,1521.92,0,-0.00614,-0.01399,0.004373,0.001346,0.004711,0.002269,0.007408,0.001909,0.004324,-0.03909,0.001502,-0.002262,0.002151,-0.002953,0.001272,-0.001425,1
1505241540218,true,1521.977,0,-0.004986,-0.01417,0.004298,0.001349,0.004625,0.002273,0.007319,0.001905,0.005229,-0.04012,0.001373,-0.002262,0.002069,-0.002965,0.00121,-0.001425,1
1505241540254,true,1522.035,0,-0.004538,-0.0134,0.004214,0.001357,0.00454,0.002279,0.007238,0.001904,0.005815,-0.04073,0.001261,-0.002253,0.001958,-0.00296,0.001153,-0.001422,1
1505241540290,true,1522.092,0,-0.004356,-0.01275,0.00418,0.001361,0.004478,0.002286,0.007196,0.001908,0.005102,-0.04008,0.001214,-0.002246,0.001901,-0.002958,0.001125,-0.00142,1
1505241540446,true,1522.161,0,-0.005394,-0.0124,0.004179,0.001363,0.004441,0.002287,0.007179,0.001911,0.004324,-0.03928,0.001215,-0.00225,0.001888,-0.002962,0.001114,-0.001415,1
1505241540482,true,1522.219,0,-0.006523,-0.01301,0.004177,0.001366,0.004427,0.002283,0.007176,0.001909,0.004114,-0.03889,0.001219,-0.002257,0.001881,-0.002969,0.001108,-0.001412,1
1505241540518,true,1522.276,0,-0.006183,-0.01377,0.004161,0.00137,0.004417,0.002284,0.007159,0.001909,0.004627,-0.03935,0.001201,-0.002256,0.001863,-0.002974,0.001105,-0.001411,1
1505241540554,true,1522.334,0,-0.005126,-0.01364,0.004138,0.001373,0.004407,0.002286,0.00714,0.001906,0.005555,-0.04036,0.001184,-0.002256,0.001839,-0.002976,0.001102,-0.001411,1
1505241540590,true,1522.391,0,-0.004575,-0.01306,0.004125,0.001369,0.004405,0.002282,0.007139,0.0019,0.005762,-0.04061,0.001168,-0.002258,0.001815,-0.00298,0.001101,-0.001413,1
1505241540720,true,1522.436,0,-0.004551,-0.01249,0.004116,0.001365,0.004377,0.002281,0.007127,0.001899,0.005164,-0.04,0.001136,-0.002264,0.001783,-0.002984,0.001101,-0.001417,1
1505241540756,true,1522.494,0,-0.005524,-0.01258,0.00409,0.001365,0.004328,0.002275,0.0071,0.001898,0.004771,-0.03957,0.001097,-0.002272,0.001744,-0.002992,0.001073,-0.001417,1
1505241540792,true,1522.551,0,-0.006142,-0.01318,0.004057,0.001364,0.004287,0.002267,0.007058,0.001896,0.004825,-0.03948,0.001019,-0.002273,0.00169,-0.002999,0.001041,-0.001417,1
1505241540828,true,1522.609,0,-0.005199,-0.01355,0.004006,0.001367,0.004242,0.002263,0.00699,0.001895,0.005592,-0.04032,9.31E-4,-0.00227,0.001623,-0.003002,0.001014,-0.00142,1
1505241540864,true,1522.666,0,-0.00469,-0.01285,0.003951,0.001367,0.004185,0.002262,0.006934,0.001889,0.006347,-0.04121,8.351E-4,-0.002271,0.001542,-0.003004,9.719E-4,-0.001422,1
1505241540996,true,1522.712,0,-0.004107,-0.01237,0.003898,0.001364,0.004113,0.002264,0.006871,0.001889,0.005854,-0.04083,7.281E-4,-0.002274,0.001447,-0.003002,9.361E-4,-0.001427,1
1505241541032,true,1522.77,0,-0.004919,-0.01185,0.003845,0.001368,0.004031,0.002263,0.006798,0.001893,0.00506,-0.04012,6.154E-4,-0.002271,0.001339,-0.002995,8.903E-4,-0.001427,1
1505241541068,true,1522.827,0,-0.006244,-0.01229,0.003806,0.001375,0.003964,0.002265,0.006747,0.001899,0.004648,-0.03961,5.543E-4,-0.002265,0.001288,-0.002991,8.533E-4,-0.001419,1
1505241541104,true,1522.885,0,-0.006318,-0.01319,0.003797,0.001378,0.003943,0.002268,0.006714,0.001905,0.005046,-0.03994,5.411E-4,-0.002259,0.001271,-0.002989,8.42E-4,-0.001413,1
1505241541140,true,1522.942,0,-0.00496,-0.01346,0.003788,0.001378,0.003937,0.002271,0.006698,0.001904,0.006054,-0.04104,5.493E-4,-0.002258,0.001269,-0.002991,8.421E-4,-0.00141,1
1505241541295,true,1523.012,0,-0.004524,-0.01294,0.003783,0.001374,0.003933,0.002271,0.006698,0.0019,0.00668,-0.04181,5.427E-4,-0.002257,0.001255,-0.002988,8.452E-4,-0.001409,1
1505241541332,true,1523.07,0,-0.004259,-0.0124,0.003784,0.001374,0.00392,0.002273,0.006697,0.001902,0.006223,-0.0414,5.498E-4,-0.00226,0.00124,-0.002985,8.573E-4,-0.00141,1
1505241541368,true,1523.127,0,-0.005257,-0.01225,0.003788,0.001374,0.003906,0.002271,0.006703,0.001901,0.0057,-0.04082,5.644E-4,-0.002264,0.001234,-0.002986,8.572E-4,-0.001408,1
1505241541403,true,1523.185,0,-0.005913,-0.01292,0.003791,0.001372,0.003897,0.002264,0.006697,0.001902,0.005377,-0.04033,5.508E-4,-0.002267,0.001224,-0.002989,8.526E-4,-0.001406,1
1505241541440,true,1523.242,0,-0.005186,-0.01348,0.003779,0.001371,0.003886,0.00226,0.006672,0.001899,0.006002,-0.041,5.223E-4,-0.002269,0.001197,-0.002994,8.417E-4,-0.001405,1
1505241541596,true,1523.313,0,-0.004135,-0.01316,0.003738,0.00137,0.003865,0.002254,0.006642,0.001893,0.006892,-0.042,4.678E-4,-0.002268,0.00116,-0.002998,8.269E-4,-0.001409,1
1505241541632,true,1523.371,0,-0.00352,-0.01266,0.003694,0.001368,0.003825,0.002253,0.006609,0.00189,0.006877,-0.04209,4.19E-4,-0.002273,0.001091,-0.002995,8.084E-4,-0.001413,1
1505241541667,true,1523.428,0,-0.004136,-0.01193,0.003664,0.001365,0.003771,0.00225,0.006574,0.001887,0.005974,-0.0413,3.528E-4,-0.002279,0.001027,-0.002994,7.763E-4,-0.001414,1
1505241541704,true,1523.486,0,-0.005253,-0.01226,0.003621,0.001366,0.003717,0.002242,0.006531,0.001884,0.005415,-0.04073,2.666E-4,-0.002282,9.645E-4,-0.002995,7.455E-4,-0.001416,1
1505241541740,true,1523.543,0,-0.005996,-0.01305,0.00356,0.001373,0.003661,0.002239,0.006462,0.001888,0.005386,-0.04058,1.554E-4,-0.002272,8.833E-4,-0.00299,6.94E-4,-0.001412,1
1505241541870,true,1523.587,0,-0.005065,-0.01347,0.003519,0.001381,0.003615,0.002246,0.006409,0.001891,0.006269,-0.04155,1.041E-4,-0.002261,8.446E-4,-0.002984,6.733E-4,-0.001406,1
1505241541907,true,1523.645,0,-0.00437,-0.0131,0.00351,0.001382,0.003603,0.00225,0.006407,0.001888,0.00691,-0.04241,1.19E-4,-0.00226,8.362E-4,-0.002981,6.783E-4,-0.001402,1
1505241541943,true,1523.702,0,-0.003759,-0.01266,0.003518,0.001379,0.003608,0.002247,0.006425,0.001888,0.006368,-0.04203,1.538E-4,-0.002265,8.393E-4,-0.002977,7.054E-4,-0.001405,1
1505241541979,true,1523.76,0,-0.004692,-0.01213,0.003542,0.001376,0.003605,0.002245,0.006443,0.001887,0.005677,-0.0413,1.795E-4,-0.002267,8.491E-4,-0.002974,7.159E-4,-0.001401,1
1505241542015,true,1523.817,0,-0.005587,-0.01266,0.003557,0.001377,0.003613,0.002239,0.006458,0.001888,0.005277,-0.04072,1.97E-4,-0.002266,8.67E-4,-0.002975,7.223E-4,-0.001396,1
1505241542145,true,1523.862,0,-0.005358,-0.01345,0.003567,0.001377,0.003632,0.002236,0.006463,0.001886,0.00557,-0.04089,2.114E-4,-0.002264,8.845E-4,-0.002976,7.359E-4,-0.001395,1
1505241542182,true,1523.92,0,-0.004213,-0.01333,0.00357,0.001374,0.003646,0.002235,0.006467,0.001881,0.006421,-0.04179,2.392E-4,-0.002267,8.971E-4,-0.00298,7.477E-4,-0.001394,1
1505241542218,true,1523.977,0,-0.003741,-0.01269,0.003563,0.001369,0.003658,0.00223,0.006477,0.001873,0.006546,-0.04201,2.383E-4,-0.002272,8.915E-4,-0.00298,7.595E-4,-0.001396,1
1505241542254,true,1524.035,0,-0.003572,-0.01226,0.003553,0.001366,0.003642,0.002225,0.006474,0.001872,0.005682,-0.04119,2.165E-4,-0.002276,8.78E-4,-0.002981,7.579E-4,-0.001397,1
1505241542290,true,1524.092,0,-0.004964,-0.01224,0.003534,0.001364,0.003616,0.002215,0.006458,0.001871,0.004937,-0.04042,1.853E-4,-0.002281,8.598E-4,-0.002984,7.392E-4,-0.001396,1
1505241542446,true,1524.162,0,-0.005808,-0.01306,0.003514,0.001361,0.003593,0.002207,0.006439,0.00187,0.004859,-0.04016,1.282E-4,-0.002283,8.237E-4,-0.002984,7.144E-4,-0.001394,1
1505241542482,true,1524.22,0,-0.005238,-0.01366,0.003475,0.001361,0.003569,0.002201,0.006393,0.001868,0.00537,-0.04076,5.67E-5,-0.00228,7.785E-4,-0.002988,6.931E-4,-0.001394,1
1505241542518,true,1524.277,0,-0.004724,-0.01324,0.003421,0.001365,0.003527,0.002204,0.006345,0.001867,0.006039,-0.04167,-2.256E-5,-0.002267,7.185E-4,-0.002981,6.6E-4,-0.00139,1
1505241542554,true,1524.335,0,-0.004142,-0.01289,0.003395,0.001369,0.003493,0.002211,0.006333,0.001868,0.005803,-0.04156,-3.509E-5,-0.00226,6.941E-4,-0.00297,6.497E-4,-0.001384,1
1505241542590,true,1524.392,0,-0.004637,-0.01228,0.003418,0.001368,0.003485,0.002213,0.006352,0.00187,0.005096,-0.04081,5.028E-6,-0.00226,7.149E-4,-0.002965,6.717E-4,-0.001385,1
1505241542721,true,1524.438,0,-0.00577,-0.01261,0.003451,0.001367,0.003509,0.002206,0.006385,0.001871,0.004602,-0.04014,5.44E-5,-0.002259,7.531E-4,-0.002963,6.884E-4,-0.001383,1
1505241542757,true,1524.496,0,-0.00572,-0.01339,0.00347,0.001369,0.00354,0.002202,0.006404,0.001875,0.004588,-0.03999,8.746E-5,-0.002256,7.956E-4,-0.002966,7.009E-4,-0.001376,1
1505241542793,true,1524.553,0,-0.00473,-0.01355,0.003487,0.00137,0.003572,0.002204,0.006424,0.001873,0.005422,-0.04076,1.285E-4,-0.002255,8.339E-4,-0.002969,7.252E-4,-0.001371,1
1505241542829,true,1524.611,0,-0.003962,-0.01312,0.003498,0.001368,0.003607,0.002199,0.006457,0.001867,0.005762,-0.04114,1.893E-4,-0.002258,8.713E-4,-0.002967,7.583E-4,-0.001373,1
1505241542865,true,1524.668,0,-0.003668,-0.01257,0.003521,0.001364,0.003633,0.002194,0.006497,0.001863,0.005077,-0.04039,2.314E-4,-0.002263,8.928E-4,-0.002968,7.902E-4,-0.001376,1
1505241543020,true,1524.738,0,-0.00485,-0.01238,0.00354,0.00136,0.003648,0.002187,0.006524,0.00186,0.004453,-0.03974,2.551E-4,-0.002267,9.098E-4,-0.002967,8.008E-4,-0.001377,1
1505241543056,true,1524.796,0,-0.005905,-0.01305,0.003539,0.001358,0.003649,0.002179,0.00653,0.001861,0.004184,-0.03929,2.445E-4,-0.002267,9.215E-4,-0.002968,7.978E-4,-0.001372,1
1505241543092,true,1524.853,0,-0.005852,-0.01386,0.003524,0.001358,0.00365,0.002173,0.006512,0.001858,0.004839,-0.03988,2.245E-4,-0.002269,9.199E-4,-0.00297,7.949E-4,-0.001371,1
1505241543128,true,1524.911,0,-0.005014,-0.01381,0.003494,0.001356,0.003636,0.002169,0.006484,0.001854,0.005968,-0.04104,1.95E-4,-0.002274,9.039E-4,-0.00297,7.77E-4,-0.001369,1
1505241543165,true,1524.968,0,-0.004359,-0.01335,0.003456,0.001355,0.003614,0.002167,0.006457,0.001851,0.006277,-0.04142,1.543E-4,-0.002275,8.614E-4,-0.002968,7.576E-4,-0.001369,1
1505241543321,true,1525.038,0,-0.004303,-0.01289,0.003428,0.001358,0.003575,0.002168,0.006439,0.001855,0.005569,-0.04069,1.231E-4,-0.002268,8.26E-4,-0.002959,7.419E-4,-0.001366,1
1505241543357,true,1525.096,0,-0.005546,-0.01299,0.003433,0.00136,0.003554,0.00217,0.006448,0.001858,0.005109,-0.04012,1.503E-4,-0.002261,8.329E-4,-0.002949,7.503E-4,-0.001362,1
1505241543393,true,1525.153,0,-0.006171,-0.01377,0.003458,0.00136,0.00358,0.002167,0.006466,0.001862,0.004869,-0.03967,1.977E-4,-0.002254,8.839E-4,-0.00295,7.762E-4,-0.001358,1
1505241543429,true,1525.211,0,-0.005238,-0.01422,0.003482,0.00136,0.003626,0.002168,0.006482,0.001862,0.005698,-0.04052,2.493E-4,-0.002253,9.363E-4,-0.00295,8.152E-4,-0.001357,1
1505241543465,true,1525.268,0,-0.0045,-0.01367,0.003498,0.001359,0.003665,0.00217,0.006509,0.001859,0.00632,-0.04113,3.11E-4,-0.002252,9.689E-4,-0.002944,8.49E-4,-0.001356,1
1505241543596,true,1525.313,0,-0.004062,-0.01318,0.003524,0.001359,0.0037,0.002171,0.00655,0.001857,0.00587,-0.04074,3.782E-4,-0.002253,0.001008,-0.002941,8.836E-4,-0.001354,1
1505241543632,true,1525.371,0,-0.005018,-0.01266,0.003558,0.001355,0.00373,0.002169,0.006602,0.001854,0.005129,-0.03994,4.421E-4,-0.002255,0.001056,-0.002937,9.149E-4,-0.001356,1
1505241543668,true,1525.428,0,-0.00634,-0.01313,0.003583,0.001352,0.00376,0.002161,0.00664,0.001852,0.00468,-0.03935,4.778E-4,-0.002257,0.001095,-0.002938,9.336E-4,-0.001354,1
1505241543704,true,1525.486,0,-0.006439,-0.01405,0.003592,0.00135,0.003793,0.002153,0.006655,0.00185,0.004989,-0.03959,4.908E-4,-0.00226,0.001125,-0.00294,9.488E-4,-0.001353,1
1505241543740,true,1525.543,0,-0.005313,-0.01421,0.003582,0.001349,0.003809,0.002149,0.00665,0.001844,0.006102,-0.04079,4.93E-4,-0.002263,0.001135,-0.002942,9.649E-4,-0.001355,1
1505241543895,true,1525.613,0,-0.004817,-0.01376,0.00356,0.001346,0.003816,0.002143,0.00665,0.001839,0.006589,-0.04143,4.939E-4,-0.002269,0.001129,-0.00294,9.751E-4,-0.001356,1
1505241543932,true,1525.671,0,-0.004489,-0.01325,0.003543,0.001342,0.003787,0.002143,0.006649,0.001833,0.006116,-0.04097,4.737E-4,-0.002273,0.001104,-0.002937,9.752E-4,-0.00136,1
1505241543968,true,1525.728,0,-0.00568,-0.01304,0.003515,0.001343,0.003745,0.002141,0.006625,0.001838,0.005548,-0.04032,4.381E-4,-0.002272,0.001073,-0.002932,9.565E-4,-0.001358,1
1505241544004,true,1525.786,0,-0.006592,-0.01372,0.003493,0.001352,0.003714,0.002144,0.006606,0.001845,0.005108,-0.03971,4.3E-4,-0.002262,0.001072,-0.002924,9.514E-4,-0.001351,1
1505241544040,true,1525.843,0,-0.006167,-0.01432,0.003511,0.001352,0.003735,0.002147,0.006604,0.001849,0.005839,-0.04038,4.791E-4,-0.002257,0.001116,-0.002921,9.75E-4,-0.001347,1
1505241544171,true,1525.888,0,-0.005171,-0.01405,0.003536,0.001349,0.003777,0.002147,0.006627,0.001847,0.006583,-0.04118,5.486E-4,-0.002257,0.001159,-0.002915,0.001013,-0.001346,1
1505241544207,true,1525.946,0,-0.00472,-0.01355,0.003564,0.001344,0.003825,0.002145,0.006661,0.001846,0.006541,-0.04121,6.141E-4,-0.002259,0.001197,-0.00291,0.001053,-0.001351,1
1505241544243,true,1526.003,0,-0.005124,-0.01294,0.003591,0.001344,0.003855,0.002146,0.006705,0.001847,0.005853,-0.04048,6.704E-4,-0.002259,0.001238,-0.002906,0.001085,-0.00135,1
1505241544279,true,1526.061,0,-0.006472,-0.01317,0.003629,0.001342,0.003896,0.002139,0.00675,0.001848,0.005481,-0.03997,7.372E-4,-0.002262,0.001287,-0.002899,0.001124,-0.001351,1
1505241544315,true,1526.118,0,-0.006791,-0.01413,0.003658,0.001337,0.003939,0.002133,0.006778,0.00185,0.005376,-0.03972,7.852E-4,-0.002261,0.00134,-0.002899,0.001157,-0.001353,1
1505241544470,true,1526.188,0,-0.00568,-0.01458,0.003673,0.001333,0.00398,0.002127,0.006796,0.001848,0.006392,-0.04074,8.107E-4,-0.002261,0.001374,-0.002898,0.001184,-0.001354,1
1505241544506,true,1526.246,0,-0.005243,-0.01406,0.003672,0.001327,0.003996,0.002128,0.006818,0.00184,0.007265,-0.04168,8.287E-4,-0.002264,0.001382,-0.002894,0.001213,-0.00136,1
1505241544542,true,1526.303,0,-0.004621,-0.01367,0.003663,0.001322,0.003998,0.002124,0.006836,0.001838,0.007021,-0.04148,8.314E-4,-0.002268,0.001378,-0.002888,0.001224,-0.001363,1
1505241544578,true,1526.361,0,-0.005583,-0.01322,0.003658,0.001319,0.003981,0.002116,0.006842,0.001836,0.006288,-0.0408,8.175E-4,-0.002273,0.001373,-0.002886,0.001222,-0.001367,1
1505241544615,true,1526.418,0,-0.006593,-0.01369,0.003637,0.001317,0.003957,0.002107,0.006826,0.001836,0.005883,-0.04031,7.837E-4,-0.002275,0.001361,-0.002885,0.001212,-0.001368,1
1505241544746,true,1526.463,0,-0.006246,-0.01449,0.003606,0.001321,0.003924,0.002109,0.00678,0.001843,0.006289,-0.0407,7.239E-4,-0.002259,0.001339,-0.002879,0.001191,-0.001364,1
1505241544782,true,1526.521,0,-0.004873,-0.01453,0.003588,0.001326,0.003916,0.002116,0.006758,0.001849,0.007282,-0.04168,7.418E-4,-0.00225,0.001351,-0.002869,0.001212,-0.001362,1
1505241544818,true,1526.578,0,-0.004548,-0.0139,0.003607,0.001323,0.003947,0.002119,0.006788,0.001849,0.007504,-0.04195,7.99E-4,-0.002246,0.001383,-0.00286,0.001242,-0.001362,1
1505241544854,true,1526.636,0,-0.004378,-0.01344,0.003642,0.001321,0.003982,0.002122,0.006842,0.001847,0.006709,-0.04115,8.699E-4,-0.002249,0.001427,-0.002855,0.001285,-0.001367,1
1505241544890,true,1526.693,0,-0.005718,-0.01346,0.003683,0.001319,0.004018,0.002118,0.006891,0.001847,0.006021,-0.04038,9.265E-4,-0.002248,0.00147,-0.002849,0.001319,-0.001366,1
1505241545045,true,1526.763,0,-0.006422,-0.01426,0.003719,0.001317,0.004062,0.002115,0.006927,0.001853,0.005883,-0.04008,9.852E-4,-0.002246,0.001516,-0.002844,0.001348,-0.001364,1
1505241545082,true,1526.821,0,-0.00585,-0.01488,0.003753,0.001314,0.004117,0.002113,0.006965,0.001853,0.006498,-0.04066,0.001046,-0.002245,0.00156,-0.002839,0.001377,-0.001362,1
1505241545118,true,1526.878,0,-0.005203,-0.01441,0.003771,0.001309,0.004161,0.002113,0.006997,0.001849,0.007536,-0.04175,0.001089,-0.002246,0.001607,-0.002837,0.001411,-0.001365,1
1505241545154,true,1526.936,0,-0.004718,-0.01392,0.00379,0.001301,0.004191,0.002108,0.007035,0.001848,0.00759,-0.04187,0.001123,-0.002252,0.001634,-0.002832,0.001439,-0.001369,1
1505241545190,true,1526.993,0,-0.005525,-0.01326,0.003802,0.001296,0.004196,0.002102,0.00707,0.001844,0.006821,-0.04115,0.00114,-0.002257,0.001658,-0.002831,0.001444,-0.001369,1
1505241545346,true,1527.064,0,-0.006659,-0.01354,0.003799,0.001291,0.004202,0.002091,0.007088,0.001839,0.006307,-0.04049,0.001124,-0.002258,0.001662,-0.002827,0.001442,-0.001371,1
1505241545382,true,1527.122,0,-0.007025,-0.01432,0.003786,0.001289,0.004202,0.002083,0.00708,0.00184,0.006317,-0.04039,0.001097,-0.002258,0.001664,-0.00283,0.001437,-0.001372,1
1505241545418,true,1527.179,0,-0.005863,-0.01447,0.003759,0.001288,0.004183,0.002081,0.007053,0.001839,0.007151,-0.04125,0.001059,-0.00226,0.001655,-0.002833,0.001423,-0.001373,1
1505241545454,true,1527.237,0,-0.005419,-0.01383,0.003709,0.00129,0.004155,0.002084,0.007031,0.001836,0.007623,-0.04182,0.001012,-0.00225,0.001621,-0.002825,0.001408,-0.001371,1
1505241545490,true,1527.294,0,-0.005218,-0.01328,0.003705,0.001293,0.004129,0.002094,0.007043,0.001839,0.007016,-0.04132,0.001033,-0.002247,0.001623,-0.002813,0.001421,-0.00137,1
1505241545596,true,1527.314,0,-0.006482,-0.01301,0.003738,0.001294,0.004141,0.002096,0.007078,0.001843,0.00625,-0.04061,0.001092,-0.002245,0.001658,-0.002804,0.001445,-0.001369,1
1505241545632,true,1527.372,0,-0.007516,-0.0137,0.003778,0.001291,0.004185,0.002093,0.007123,0.001846,0.005705,-0.03985,0.001157,-0.002245,0.001708,-0.0028,0.001463,-0.001364,1
1505241545669,true,1527.429,0,-0.00718,-0.01458,0.003806,0.001291,0.004235,0.002092,0.007157,0.001848,0.006345,-0.0403,0.001215,-0.002244,0.001767,-0.002802,0.001488,-0.001363,1
1505241545705,true,1527.487,0,-0.006236,-0.01447,0.003824,0.00129,0.004294,0.002092,0.007195,0.001845,0.007434,-0.04141,0.001274,-0.00224,0.001825,-0.002802,0.001528,-0.001364,1
1505241545741,true,1527.544,0,-0.00564,-0.01387,0.00385,0.001286,0.004341,0.002096,0.007251,0.001842,0.007794,-0.04181,0.001341,-0.002241,0.001865,-0.002797,0.00156,-0.001363,1
1505241545896,true,1527.614,0,-0.005586,-0.01337,0.003888,0.001281,0.004378,0.002093,0.007302,0.001843,0.007109,-0.04115,0.001396,-0.002244,0.00191,-0.002796,0.001579,-0.001363,1
1505241545932,true,1527.672,0,-0.006877,-0.01335,0.003914,0.001279,0.004407,0.002084,0.00735,0.001838,0.006513,-0.04038,0.001426,-0.002249,0.001944,-0.002796,0.00159,-0.00136,1
1505241545968,true,1527.729,0,-0.007497,-0.01407,0.003929,0.001275,0.004432,0.002074,0.007366,0.00184,0.006263,-0.04003,0.001431,-0.002253,0.001975,-0.0028,0.001581,-0.001355,1
1505241546004,true,1527.787,0,-0.006717,-0.01444,0.003923,0.001272,0.004441,0.002069,0.007361,0.001835,0.006913,-0.04067,0.001414,-0.002251,0.001989,-0.002805,0.001582,-0.001357,1
1505241546040,true,1527.844,0,-0.006182,-0.01384,0.003901,0.001267,0.004428,0.002066,0.007354,0.00183,0.007519,-0.04139,0.001388,-0.002252,0.001974,-0.002802,0.001571,-0.001356,1
1505241546196,true,1527.913,0,-0.00587,-0.01345,0.003876,0.001262,0.004403,0.002066,0.007355,0.001824,0.006949,-0.04096,0.00136,-0.002257,0.001948,-0.0028,0.001563,-0.001361,1
1505241546232,true,1527.971,0,-0.006705,-0.01297,0.003846,0.001264,0.004357,0.002066,0.007335,0.001827,0.006376,-0.04039,0.001299,-0.002252,0.001911,-0.002795,0.001545,-0.00136,1
1505241546268,true,1528.028,0,-0.008066,-0.01339,0.003829,0.001275,0.004318,0.002072,0.007329,0.001832,0.005946,-0.03981,0.00129,-0.002244,0.001903,-0.002785,0.00153,-0.001354,1
1505241546304,true,1528.086,0,-0.008241,-0.01418,0.003855,0.001277,0.004331,0.002076,0.007332,0.001838,0.006358,-0.04009,0.001334,-0.002239,0.001941,-0.002782,0.00154,-0.001348,1
1505241546340,true,1528.143,0,-0.00717,-0.01432,0.003877,0.001278,0.00437,0.00208,0.007356,0.001839,0.007418,-0.04117,0.001396,-0.002237,0.001983,-0.00278,0.001573,-0.001347,1
1505241546470,true,1528.188,0,-0.006308,-0.01391,0.003899,0.001276,0.004415,0.002081,0.007409,0.001835,0.008003,-0.04182,0.001459,-0.002239,0.00202,-0.002777,0.001602,-0.001346,1
1505241546507,true,1528.246,0,-0.0057,-0.01353,0.003935,0.001273,0.004447,0.002082,0.007459,0.001836,0.007364,-0.04116,0.001523,-0.002243,0.002048,-0.002769,0.001632,-0.001347,1
1505241546542,true,1528.303,0,-0.006666,-0.01334,0.003974,0.001271,0.004486,0.002078,0.00751,0.001837,0.006694,-0.04039,0.001585,-0.002247,0.002096,-0.002766,0.001662,-0.001349,1
1505241546579,true,1528.361,0,-0.007424,-0.01397,0.004014,0.001267,0.004531,0.002068,0.007549,0.001837,0.006174,-0.03967,0.001622,-0.002248,0.002142,-0.002769,0.001681,-0.001349,1
1505241546615,true,1528.418,0,-0.006731,-0.01456,0.004034,0.001263,0.004573,0.002061,0.007568,0.001834,0.006594,-0.04002,0.001639,-0.002249,0.00217,-0.002772,0.001691,-0.001349,1
1505241546771,true,1528.489,0,-0.005971,-0.01413,0.004029,0.001261,0.004593,0.002057,0.007572,0.00183,0.007441,-0.04096,0.001646,-0.002253,0.002173,-0.002771,0.001695,-0.00135,1
1505241546807,true,1528.547,0,-0.005444,-0.01369,0.004021,0.001257,0.004589,0.002057,0.007576,0.00183,0.007541,-0.0411,0.001629,-0.002254,0.002154,-0.002764,0.001684,-0.001351,1
1505241546843,true,1528.604,0,-0.005635,-0.01322,0.004007,0.001255,0.004565,0.002054,0.00757,0.001831,0.006764,-0.04046,0.001596,-0.002256,0.00213,-0.002761,0.001671,-0.001354,1
1505241546879,true,1528.662,0,-0.006872,-0.01351,0.003988,0.001253,0.00453,0.002049,0.007555,0.001833,0.006177,-0.0398,0.001552,-0.00226,0.002105,-0.002761,0.001645,-0.001353,1
1505241546915,true,1528.719,0,-0.007313,-0.01429,0.003956,0.001254,0.004492,0.002045,0.007514,0.001837,0.006195,-0.03977,0.001483,-0.002255,0.002066,-0.00276,0.001607,-0.001348,1
1505241547046,true,1528.764,0,-0.006212,-0.01475,0.003925,0.001261,0.004458,0.002053,0.007479,0.001844,0.007019,-0.04075,0.001444,-0.002239,0.002047,-0.002753,0.001599,-0.001344,1
1505241547082,true,1528.822,0,-0.005587,-0.01413,0.003923,0.001261,0.00446,0.002058,0.007482,0.001844,0.00778,-0.04165,0.001475,-0.002234,0.002063,-0.002747,0.001618,-0.001344,1
1505241547118,true,1528.879,0,-0.004572,-0.01379,0.003947,0.001259,0.004481,0.002061,0.007514,0.001846,0.007715,-0.04155,0.001529,-0.002237,0.002084,-0.002742,0.00164,-0.001346,1
1505241547154,true,1528.937,0,-0.005543,-0.01326,0.00398,0.001255,0.004505,0.002057,0.00755,0.001848,0.007052,-0.04088,0.00157,-0.00224,0.002109,-0.002737,0.001659,-0.001346,1
1505241547190,true,1528.994,0,-0.006552,-0.0136,0.004006,0.001255,0.00452,0.002054,0.007575,0.001853,0.006467,-0.04015,0.001605,-0.002241,0.002144,-0.002736,0.001674,-0.001345,1
1505241547346,true,1529.064,0,-0.00625,-0.01435,0.004029,0.001257,0.004555,0.002053,0.007593,0.001854,0.006619,-0.04028,0.001628,-0.002239,0.002187,-0.002739,0.00169,-0.001346,1
1505241547382,true,1529.122,0,-0.004945,-0.01433,0.004038,0.001256,0.004589,0.00205,0.007609,0.00185,0.007436,-0.04122,0.001645,-0.002237,0.002213,-0.002741,0.001705,-0.001347,1
1505241547418,true,1529.179,0,-0.004589,-0.01365,0.004043,0.001249,0.004602,0.002048,0.007627,0.001846,0.007509,-0.04152,0.001644,-0.002238,0.002221,-0.00274,0.001722,-0.001353,1
1505241547454,true,1529.237,0,-0.004297,-0.01321,0.00405,0.001243,0.00459,0.002048,0.007635,0.001843,0.006719,-0.04085,0.001634,-0.002244,0.00221,-0.002742,0.00173,-0.00136,1
1505241547490,true,1529.294,0,-0.00536,-0.01318,0.004041,0.001241,0.004569,0.002041,0.007629,0.001842,0.00608,-0.04021,0.001598,-0.002245,0.002192,-0.002743,0.001705,-0.001361,1
1505241547621,true,1529.339,0,-0.006095,-0.01391,0.004025,0.001237,0.004542,0.002034,0.007604,0.001842,0.005919,-0.03999,0.001535,-0.002243,0.002169,-0.002746,0.001674,-0.001357,1
1505241547657,true,1529.397,0,-0.005495,-0.01446,0.003988,0.001234,0.0045,0.002032,0.007558,0.001841,0.006648,-0.04084,0.00146,-0.00224,0.002134,-0.00275,0.001642,-0.001359,1
1505241547693,true,1529.454,0,-0.004638,-0.01402,0.003928,0.001236,0.004438,0.002037,0.007502,0.001842,0.007564,-0.04198,0.001379,-0.002235,0.00208,-0.002752,0.001593,-0.001352,1
1505241547729,true,1529.512,0,-0.004139,-0.01347,0.003887,0.001239,0.004377,0.002051,0.007474,0.001848,0.00741,-0.04201,0.001345,-0.002223,0.002033,-0.002738,0.001575,-0.001351,1
1505241547765,true,1529.569,0,-0.004866,-0.0127,0.003896,0.001239,0.004358,0.002057,0.007474,0.001855,0.006393,-0.04114,0.00137,-0.00222,0.002046,-0.002737,0.001575,-0.001349,1
1505241547920,true,1529.639,0,-0.005954,-0.01294,0.003925,0.001238,0.004371,0.002057,0.007497,0.001856,0.005746,-0.04034,0.001411,-0.002219,0.002068,-0.002734,0.001578,-0.001348,1
1505241547956,true,1529.697,0,-0.006243,-0.01365,0.003953,0.001236,0.004404,0.002053,0.007509,0.001857,0.005565,-0.04009,0.001445,-0.002216,0.002095,-0.002733,0.001576,-0.001344,1
1505241547993,true,1529.754,0,-0.005233,-0.0138,0.003967,0.001235,0.004438,0.002055,0.007521,0.001858,0.006406,-0.04095,0.001473,-0.002211,0.002132,-0.002734,0.00159,-0.001343,1
1505241548028,true,1529.812,0,-0.004806,-0.01321,0.003978,0.001234,0.004473,0.002055,0.007542,0.001857,0.006931,-0.04157,0.001514,-0.002208,0.002158,-0.002733,0.001604,-0.001343,1
1505241548065,true,1529.869,0,-0.004495,-0.01279,0.004001,0.001229,0.004494,0.002054,0.00757,0.001856,0.006528,-0.04126,0.001548,-0.002211,0.002176,-0.002734,0.001614,-0.001345,1
1505241548221,true,1529.939,0,-0.005523,-0.01258,0.004012,0.001227,0.004496,0.002052,0.007591,0.001855,0.005814,-0.04064,0.001552,-0.002213,0.002198,-0.002737,0.001608,-0.001343,1
1505241548257,true,1529.997,0,-0.006563,-0.01325,0.00401,0.001226,0.004495,0.002046,0.007591,0.001855,0.005211,-0.04004,0.001533,-0.002213,0.002202,-0.00274,0.0016,-0.001345,1
1505241548293,true,1530.054,0,-0.00627,-0.01407,0.003984,0.001225,0.004483,0.002043,0.007565,0.001855,0.005697,-0.04064,0.001493,-0.002212,0.00219,-0.002745,0.001584,-0.001344,1
1505241548329,true,1530.112,0,-0.005147,-0.01407,0.003947,0.001222,0.00445,0.002044,0.007537,0.001847,0.006726,-0.04174,0.001446,-0.002212,0.002156,-0.002746,0.001567,-0.001345,1
1505241548365,true,1530.169,0,-0.004574,-0.01351,0.003911,0.001219,0.004408,0.002044,0.007509,0.001842,0.006835,-0.04209,0.001396,-0.002214,0.002106,-0.002745,0.001548,-0.00135,1
1505241548496,true,1530.215,0,-0.00472,-0.0129,0.003882,0.001216,0.004346,0.002045,0.007473,0.001841,0.00606,-0.04132,0.001325,-0.002217,0.002047,-0.002745,0.001512,-0.001355,1
1505241548532,true,1530.273,0,-0.006146,-0.01292,0.003834,0.001225,0.00428,0.002048,0.007429,0.001846,0.005273,-0.04057,0.001247,-0.002205,0.001995,-0.002739,0.001463,-0.001348,1
1505241548568,true,1530.33,0,-0.006963,-0.0136,0.003835,0.001229,0.004251,0.002057,0.007402,0.001855,0.005035,-0.04018,0.001249,-0.002196,0.001994,-0.002734,0.001446,-0.001339,1
1505241548605,true,1530.388,0,-0.006269,-0.01398,0.00385,0.001233,0.004282,0.002061,0.007393,0.001858,0.005685,-0.0408,0.001289,-0.00219,0.00203,-0.002734,0.00146,-0.001335,1
1505241548641,true,1530.445,0,-0.005673,-0.01346,0.003865,0.001235,0.004332,0.002064,0.007408,0.001859,0.006537,-0.04177,0.001352,-0.002187,0.002077,-0.002736,0.001473,-0.001331,1
1505241548796,true,1530.514,0,-0.005282,-0.01303,0.00389,0.001234,0.004385,0.002063,0.007447,0.001856,0.006084,-0.04136,0.001404,-0.002185,0.0021,-0.00273,0.001493,-0.001331,1
1505241548832,true,1530.572,0,-0.005971,-0.01268,0.003931,0.001234,0.004425,0.002063,0.007475,0.001861,0.005394,-0.04066,0.001463,-0.002185,0.002138,-0.002726,0.001523,-0.001331,1
1505241548868,true,1530.629,0,-0.007129,-0.01317,0.003971,0.001233,0.004469,0.002059,0.007511,0.001863,0.004928,-0.04016,0.00152,-0.002186,0.002181,-0.002722,0.001531,-0.001325,1
1505241548905,true,1530.687,0,-0.007149,-0.01412,0.004003,0.001231,0.004515,0.002054,0.007533,0.001861,0.005388,-0.04055,0.001552,-0.002182,0.002208,-0.002724,0.001541,-0.001324,1
1505241548941,true,1530.744,0,-0.005958,-0.01439,0.004011,0.00123,0.004547,0.002056,0.007535,0.001858,0.006296,-0.04151,0.001562,-0.002182,0.002231,-0.002726,0.001561,-0.001325,1
1505241549071,true,1530.79,0,-0.005273,-0.01391,0.004,0.001228,0.004554,0.002057,0.00754,0.001852,0.006789,-0.04221,0.00156,-0.002184,0.002223,-0.002723,0.001559,-0.001325,1
1505241549107,true,1530.848,0,-0.004897,-0.01352,0.003997,0.001226,0.00455,0.002057,0.007537,0.001853,0.006176,-0.04164,0.001539,-0.002183,0.002203,-0.00272,0.001553,-0.001328,1
1505241549143,true,1530.905,0,-0.006153,-0.01331,0.003983,0.001225,0.004527,0.002052,0.00752,0.001853,0.005372,-0.04089,0.001511,-0.002188,0.002179,-0.002717,0.001531,-0.001328,1
1505241549179,true,1530.963,0,-0.007248,-0.01396,0.003963,0.001225,0.00449,0.002049,0.007494,0.001852,0.004962,-0.04035,0.00147,-0.002189,0.002152,-0.002718,0.001515,-0.001332,1
1505241549216,true,1531.02,0,-0.00663,-0.01473,0.003934,0.001228,0.004459,0.002048,0.007444,0.001852,0.005498,-0.04096,0.001401,-0.00218,0.002115,-0.002719,0.00148,-0.001328,1
1505241549346,true,1531.065,0,-0.0059,-0.01444,0.003896,0.001238,0.00442,0.002061,0.007398,0.001857,0.006311,-0.0419,0.001368,-0.002163,0.002082,-0.002708,0.001462,-0.001322,1
1505241549382,true,1531.123,0,-0.005662,-0.01391,0.003913,0.001241,0.004436,0.00207,0.007403,0.001863,0.006338,-0.04198,0.001413,-0.002155,0.002112,-0.002703,0.001486,-0.001322,1
1505241549418,true,1531.18,0,-0.006094,-0.01346,0.003961,0.001241,0.004476,0.002078,0.007435,0.001869,0.005503,-0.04111,0.001496,-0.002155,0.002152,-0.002697,0.001515,-0.001319,1
1505241549454,true,1531.238,0,-0.007364,-0.01374,0.004014,0.001242,0.004538,0.002077,0.007482,0.001872,0.00504,-0.04057,0.001574,-0.002154,0.002211,-0.002693,0.001546,-0.001315,1
1505241549490,true,1531.295,0,-0.007758,-0.01458,0.00406,0.001245,0.004615,0.002074,0.007518,0.001875,0.005067,-0.04046,0.001631,-0.002146,0.002272,-0.002692,0.001572,-0.001311,1
1505241549646,true,1531.365,0,-0.006758,-0.01495,0.0041,0.001246,0.004687,0.002076,0.007543,0.00188,0.006128,-0.04151,0.001701,-0.002142,0.002329,-0.002691,0.001612,-0.001309,1
1505241549682,true,1531.423,0,-0.005917,-0.01449,0.004136,0.001243,0.004759,0.002075,0.007578,0.001877,0.006935,-0.04233,0.001776,-0.002144,0.002375,-0.002689,0.001647,-0.001308,1
1505241549718,true,1531.48,0,-0.005327,-0.01403,0.004176,0.001237,0.004815,0.002071,0.007619,0.001874,0.006582,-0.04197,0.001831,-0.002149,0.0024,-0.002686,0.001675,-0.001311,1
1505241549755,true,1531.538,0,-0.006227,-0.01346,0.004207,0.001233,0.004836,0.002066,0.007644,0.001873,0.006102,-0.04145,0.00186,-0.002154,0.002421,-0.002685,0.001697,-0.001314,1
1505241549790,true,1531.595,0,-0.007192,-0.01386,0.004222,0.001231,0.004851,0.00206,0.00766,0.001871,0.00572,-0.04082,0.001854,-0.002151,0.002433,-0.002685,0.001699,-0.001316,1
1505241549946,true,1531.664,0,-0.006861,-0.01466,0.004226,0.001232,0.004854,0.002055,0.007645,0.001871,0.006137,-0.04111,0.001834,-0.00215,0.002438,-0.002688,0.001695,-0.001314,1
1505241549982,true,1531.722,0,-0.005915,-0.01465,0.004207,0.001233,0.004854,0.002053,0.007627,0.001867,0.007008,-0.04201,0.001815,-0.002151,0.002425,-0.002688,0.001694,-0.001317,1
1505241550018,true,1531.779,0,-0.005361,-0.0141,0.004183,0.001228,0.004835,0.002054,0.007613,0.001861,0.007349,-0.04241,0.00178,-0.002151,0.0024,-0.002688,0.001683,-0.001318,1
1505241550055,true,1531.837,0,-0.005351,-0.01364,0.004158,0.00123,0.00479,0.00206,0.007592,0.001864,0.006537,-0.0417,0.001723,-0.002142,0.002371,-0.002686,0.001663,-0.001319,1
1505241550090,true,1531.894,0,-0.006557,-0.01371,0.004146,0.001239,0.004747,0.00207,0.007587,0.001871,0.005945,-0.04105,0.001714,-0.002128,0.002376,-0.002677,0.001656,-0.001313,1
1505241550220,true,1531.939,0,-0.007396,-0.01451,0.004183,0.001243,0.004792,0.002072,0.007604,0.00188,0.005842,-0.0407,0.001775,-0.002121,0.00242,-0.002673,0.001674,-0.001307,1
1505241550257,true,1531.997,0,-0.006675,-0.01511,0.004229,0.001245,0.004857,0.002077,0.007636,0.001883,0.006629,-0.04134,0.00185,-0.002111,0.002471,-0.002668,0.001715,-0.001303,1
1505241550293,true,1532.054,0,-0.005813,-0.0147,0.004275,0.001243,0.004944,0.002079,0.007686,0.001882,0.007546,-0.04222,0.00194,-0.002107,0.002533,-0.002664,0.001762,-0.001303,1
1505241550329,true,1532.112,0,-0.005169,-0.01409,0.004316,0.001244,0.005026,0.002081,0.007744,0.001883,0.007488,-0.04211,0.002032,-0.002104,0.002592,-0.002658,0.001815,-0.001304,1
1505241550365,true,1532.169,0,-0.005728,-0.01334,0.004375,0.001245,0.00509,0.002081,0.007797,0.001886,0.006694,-0.04118,0.002117,-0.002105,0.002666,-0.002658,0.001858,-0.001305,1
