1522683137230,true,4545.461,0,8.07E-4,4.858E-4,7.174E-4,3.988E-4,0.002382,7.147E-4,0.002227,4.031E-4,-0.001214,0.01259,1.458E-4,0.001388,0.001459,0.001429,0.003502,0.001308,0
1522683137390,true,4545.53,0,3.758E-4,4.735E-4,7.367E-4,4.019E-4,0.002357,7.029E-4,0.002238,4.218E-4,-0.001043,0.01277,1.318E-4,0.001381,0.001444,0.001427,0.00342,0.001332,0
1522683137424,true,4545.588,0,7.005E-4,2.859E-4,7.459E-4,4.095E-4,0.002365,6.987E-4,0.002196,4.377E-4,-5.421E-4,0.01271,9.022E-5,0.001389,0.001433,0.001413,0.003348,0.001353,0
1522683137459,true,4545.645,0,0.001703,4.006E-4,7.207E-4,4.154E-4,0.002375,7.079E-4,0.002161,4.268E-4,3.557E-4,0.01219,7.674E-5,0.001395,0.001454,0.001397,0.003339,0.001364,0
1522683137494,true,4545.703,0,0.002452,7.497E-4,7.126E-4,4.089E-4,0.00239,7.165E-4,0.002165,4.123E-4,4.043E-4,0.01214,1.073E-4,0.001394,0.001421,0.001407,0.003357,0.001353,0
1522683137529,true,4545.76,0,0.00295,0.001065,7.575E-4,4.041E-4,0.002375,7.292E-4,0.002188,4.168E-4,-6.623E-4,0.01277,1.413E-4,0.001381,0.001399,0.001418,0.003398,0.001329,0
1522683137690,true,4545.831,0,0.00248,0.001235,8.127E-4,4.092E-4,0.002348,7.279E-4,0.002212,4.242E-4,-0.001569,0.01336,1.741E-4,0.001365,0.001436,0.001418,0.003389,0.001327,0
1522683137725,true,4545.889,0,0.001786,0.00107,8.504E-4,4.165E-4,0.002365,7.198E-4,0.002216,4.383E-4,-0.001702,0.01369,1.355E-4,0.00138,0.001483,0.001408,0.003346,0.001343,0
1522683137760,true,4545.946,0,0.001913,8.223E-4,8.448E-4,4.288E-4,0.0024,7.285E-4,0.00219,4.401E-4,-0.001199,0.01342,8.402E-5,0.001401,0.001535,0.001384,0.003359,0.001344,0
1522683137795,true,4546.004,0,0.002369,8.816E-4,8.045E-4,4.31E-4,0.002424,7.462E-4,0.002194,4.267E-4,-4.604E-4,0.01286,6.969E-5,0.001412,0.001532,0.001385,0.003394,0.001339,0
1522683137830,true,4546.061,0,0.002772,0.001002,7.843E-4,4.233E-4,0.002439,7.613E-4,0.002232,4.311E-4,-5.166E-4,0.01276,7.932E-5,0.001411,0.001458,0.00141,0.003438,0.001319,0
1522683137965,true,4546.105,0,0.002836,0.001242,8.027E-4,4.194E-4,0.002408,7.695E-4,0.002266,4.548E-4,-0.001213,0.01314,1.008E-4,0.001395,0.001409,0.00143,0.003457,0.001304,0
1522683138000,true,4546.163,0,0.002358,0.00128,8.195E-4,4.229E-4,0.002377,7.593E-4,0.00229,4.751E-4,-0.001287,0.01336,1.032E-4,0.001385,0.001401,0.001435,0.003396,0.001321,0
1522683138035,true,4546.22,0,0.002383,0.001067,8.37E-4,4.256E-4,0.002376,7.521E-4,0.002263,4.961E-4,-6.307E-4,0.0133,5.826E-5,0.001392,0.001393,0.001419,0.003323,0.001347,0
1522683138070,true,4546.278,0,0.003338,0.001015,8.119E-4,4.309E-4,0.002378,7.618E-4,0.002209,4.938E-4,2.72E-4,0.0128,2.595E-5,0.001398,0.001381,0.0014,0.00328,0.00136,0
1522683138105,true,4546.335,0,0.004152,0.001362,7.687E-4,4.288E-4,0.00238,7.722E-4,0.002191,4.785E-4,7.958E-4,0.01246,3.66E-5,0.001399,0.001317,0.001408,0.003266,0.001359,0
1522683138265,true,4546.406,0,0.004781,0.001677,7.873E-4,4.222E-4,0.002362,7.851E-4,0.002202,4.814E-4,-1.354E-5,0.01294,6.97E-5,0.001387,0.001268,0.001425,0.003292,0.001338,0
1522683138300,true,4546.464,0,0.004492,0.001988,8.344E-4,4.263E-4,0.002327,7.901E-4,0.00222,4.91E-4,-0.001097,0.01363,1.044E-4,0.001371,0.001286,0.001426,0.003292,0.001328,0
1522683138335,true,4546.521,0,0.00383,0.001896,8.765E-4,4.33E-4,0.002326,7.807E-4,0.002235,5.017E-4,-0.001384,0.01408,9.753E-5,0.001375,0.001335,0.001419,0.003252,0.001342,0
1522683138370,true,4546.579,0,0.003824,0.001594,8.915E-4,4.417E-4,0.002364,7.835E-4,0.00221,5.067E-4,-0.001044,0.014,4.588E-5,0.001394,0.001391,0.001395,0.003254,0.001346,0
1522683138405,true,4546.636,0,0.004332,0.001561,8.516E-4,4.483E-4,0.002386,8.026E-4,0.002189,4.975E-4,-2.851E-4,0.01342,2.88E-5,0.001407,0.001412,0.001387,0.00329,0.001346,0
1522683138540,true,4546.68,0,0.004674,0.001703,8.152E-4,4.435E-4,0.002406,8.188E-4,0.002228,4.898E-4,-2.122E-4,0.01321,3.957E-5,0.001409,0.001356,0.001412,0.003335,0.001333,0
1522683138575,true,4546.738,0,0.004914,0.001899,8.304E-4,4.389E-4,0.002383,8.352E-4,0.002265,5.111E-4,-9.909E-4,0.01359,5.921E-5,0.001396,0.001302,0.001436,0.003381,0.001312,0
1522683138610,true,4546.795,0,0.004409,0.002026,8.45E-4,4.434E-4,0.002347,8.322E-4,0.002299,5.313E-4,-0.001269,0.0139,7.579E-5,0.001382,0.001294,0.001448,0.003348,0.001322,0
1522683138645,true,4546.853,0,0.004164,0.001854,8.596E-4,4.494E-4,0.002346,8.245E-4,0.002292,5.563E-4,-6.757E-4,0.01396,4.32E-5,0.001388,0.001296,0.001441,0.003266,0.001352,0
1522683138680,true,4546.91,0,0.005011,0.001752,8.374E-4,4.61E-4,0.002359,8.317E-4,0.002251,5.616E-4,2.45E-4,0.01355,9.106E-6,0.001396,0.001301,0.001422,0.003231,0.001368,0
1522683138839,true,4546.981,0,0.006077,0.002046,7.998E-4,4.626E-4,0.002362,8.436E-4,0.002227,5.493E-4,0.001079,0.01311,1.447E-5,0.001395,0.001255,0.001419,0.003223,0.001369,0
1522683138874,true,4547.039,0,0.006852,0.002439,8.011E-4,4.573E-4,0.002352,8.588E-4,0.002236,5.483E-4,5.139E-4,0.01347,3.637E-5,0.001384,0.001174,0.001434,0.003227,0.001351,0
1522683138910,true,4547.096,0,0.00693,0.002871,8.448E-4,4.603E-4,0.002313,8.654E-4,0.002239,5.639E-4,-6.622E-4,0.01421,4.898E-5,0.00137,0.001128,0.001446,0.003207,0.001339,0
1522683138944,true,4547.154,0,0.006292,0.002994,8.882E-4,4.693E-4,0.002299,8.599E-4,0.002254,5.768E-4,-0.001118,0.01475,3.596E-5,0.00137,0.001167,0.001443,0.003156,0.001352,0
1522683138980,true,4547.211,0,0.006211,0.002771,9.265E-4,4.771E-4,0.002336,8.583E-4,0.002233,5.903E-4,-8.646E-4,0.01483,-1.14E-5,0.00139,0.00123,0.001419,0.003125,0.001366,0
1522683139115,true,4547.255,0,0.006832,0.002713,9.072E-4,4.865E-4,0.002378,8.74E-4,0.002206,5.855E-4,-1.226E-4,0.01434,-3.65E-5,0.001404,0.001271,0.001405,0.003155,0.001369,0
1522683139150,true,4547.313,0,0.007351,0.002885,8.801E-4,4.836E-4,0.002402,8.923E-4,0.00223,5.738E-4,2.614E-4,0.01397,-3.453E-5,0.001411,0.001247,0.001422,0.003213,0.001356,0
1522683139185,true,4547.37,0,0.00794,0.002995,8.861E-4,4.797E-4,0.002389,9.112E-4,0.002286,5.848E-4,-4.305E-4,0.01425,-1.756E-5,0.001404,0.001194,0.001448,0.003267,0.001334,0
1522683139220,true,4547.428,0,0.00765,0.003172,9.11E-4,4.828E-4,0.002358,9.136E-4,0.002317,6.084E-4,-9.197E-4,0.01457,4.772E-6,0.001389,0.00119,0.00146,0.003261,0.001337,0
1522683139255,true,4547.485,0,0.007213,0.00304,9.326E-4,4.863E-4,0.00236,9.014E-4,0.002333,6.309E-4,-5.63E-4,0.01472,-1.531E-5,0.001392,0.001209,0.001458,0.0032,0.001361,0
1522683139415,true,4547.556,0,0.007803,0.002788,9.285E-4,4.927E-4,0.002376,9.029E-4,0.00229,6.432E-4,3.479E-4,0.01436,-5.703E-5,0.001403,0.001236,0.001438,0.003162,0.001381,0
1522683139450,true,4547.614,0,0.009027,0.002924,8.886E-4,4.96E-4,0.002382,9.114E-4,0.002256,6.338E-4,0.001348,0.01376,-6.485E-5,0.001407,0.00122,0.001428,0.003171,0.001386,0
1522683139485,true,4547.671,0,0.009915,0.003271,8.753E-4,4.89E-4,0.00238,9.221E-4,0.002263,6.258E-4,0.001265,0.01378,-3.92E-5,0.001399,0.001151,0.00144,0.003181,0.001374,0
1522683139520,true,4547.729,0,0.01034,0.00365,9.195E-4,4.875E-4,0.00235,9.289E-4,0.002274,6.343E-4,1.269E-4,0.0145,-8.387E-6,0.001379,0.001094,0.00145,0.003175,0.001356,0
1522683139555,true,4547.786,0,0.009812,0.003801,9.508E-4,4.986E-4,0.002323,9.199E-4,0.002276,6.422E-4,-5.311E-4,0.01508,-1.14E-5,0.001369,0.001077,0.001449,0.00311,0.001361,0
1522683139716,true,4547.856,0,0.00943,0.00362,9.835E-4,5.063E-4,0.00233,9.156E-4,0.002237,6.571E-4,-5.637E-4,0.0154,-6.984E-5,0.001382,0.001076,0.001435,0.003033,0.001376,0
1522683139751,true,4547.914,0,0.009948,0.00345,9.686E-4,5.185E-4,0.002357,9.288E-4,0.00219,6.545E-4,-6.162E-5,0.01503,-1.251E-4,0.001399,0.001116,0.001414,0.003018,0.001381,0
1522683139786,true,4547.971,0,0.01044,0.0036,9.298E-4,5.194E-4,0.00238,9.458E-4,0.00219,6.389E-4,4.509E-4,0.01454,-1.306E-4,0.001407,0.001102,0.00142,0.003065,0.001366,0
1522683139821,true,4548.029,0,0.01082,0.003725,9.291E-4,5.121E-4,0.002384,9.649E-4,0.002231,6.416E-4,-1.172E-4,0.01466,-1.196E-4,0.001403,0.001054,0.001443,0.00311,0.001345,0
1522683139856,true,4548.086,0,0.01049,0.003944,9.51E-4,5.116E-4,0.002349,9.718E-4,0.00227,6.602E-4,-8.299E-4,0.01499,-9.732E-5,0.001389,0.001044,0.001458,0.003129,0.001333,0
1522683139965,true,4548.106,0,0.009847,0.003841,9.702E-4,5.163E-4,0.002328,9.64E-4,0.002302,6.777E-4,-7.266E-4,0.01514,-1.151E-4,0.001387,0.001054,0.001461,0.003078,0.001353,0
1522683140000,true,4548.164,0,0.01005,0.00354,9.744E-4,5.22E-4,0.002337,9.606E-4,0.002271,6.94E-4,4.013E-5,0.01488,-1.73E-4,0.001403,0.001077,0.001443,0.003034,0.001373,0
1522683140035,true,4548.221,0,0.01106,0.003589,9.344E-4,5.286E-4,0.002346,9.69E-4,0.002237,6.859E-4,0.001096,0.01426,-1.91E-4,0.001409,0.001086,0.001431,0.003029,0.001385,0
1522683140070,true,4548.279,0,0.01201,0.003899,9.102E-4,5.213E-4,0.002343,9.784E-4,0.002245,6.738E-4,0.001378,0.01406,-1.722E-4,0.001408,0.001035,0.001439,0.003034,0.001379,0
1522683140105,true,4548.336,0,0.01279,0.004237,9.438E-4,5.151E-4,0.002313,9.888E-4,0.002257,6.82E-4,4.183E-4,0.01466,-1.487E-4,0.001395,9.767E-4,0.001452,0.00305,0.001356,0
1522683140265,true,4548.407,0,0.01239,0.004536,9.921E-4,5.185E-4,0.002277,9.842E-4,0.002256,6.918E-4,-3.93E-4,0.01528,-1.351E-4,0.001377,9.644E-4,0.001451,0.003003,0.001359,0
1522683140300,true,4548.465,0,0.01189,0.004408,0.001027,5.263E-4,0.002277,9.727E-4,0.002235,7.064E-4,-5.598E-4,0.01574,-1.791E-4,0.001384,9.64E-4,0.001438,0.002924,0.001377,0
1522683140335,true,4548.522,0,0.0122,0.004166,0.001025,5.371E-4,0.002305,9.788E-4,0.002178,7.081E-4,-8.011E-5,0.0155,-2.608E-4,0.001405,9.627E-4,0.001416,0.002888,0.001383,0
1522683140370,true,4548.58,0,0.0127,0.004296,9.786E-4,5.428E-4,0.002315,9.976E-4,0.002153,6.921E-4,5.33E-4,0.01496,-2.895E-4,0.001417,9.404E-4,0.001415,0.002901,0.00138,0
1522683140405,true,4548.637,0,0.01303,0.004491,9.619E-4,5.384E-4,0.002325,0.001016,0.002183,6.905E-4,1.796E-4,0.01494,-2.92E-4,0.001418,8.828E-4,0.001437,0.002934,0.00136,0
1522683140565,true,4548.706,0,0.01297,0.004709,9.828E-4,5.376E-4,0.002293,0.001027,0.00222,7.072E-4,-6.851E-4,0.01532,-2.795E-4,0.001409,8.5E-4,0.001459,0.002967,0.001341,0
1522683140600,true,4548.764,0,0.0123,0.004654,9.993E-4,5.424E-4,0.002279,0.001017,0.002251,7.264E-4,-8.249E-4,0.01551,-2.914E-4,0.001404,8.614E-4,0.001468,0.002936,0.001354,0
1522683140635,true,4548.821,0,0.01211,0.004352,0.001014,5.455E-4,0.002288,0.001009,0.002236,7.478E-4,-1.933E-4,0.01539,-3.391E-4,0.001416,8.757E-4,0.001457,0.002881,0.001379,0
1522683140671,true,4548.879,0,0.01298,0.004246,9.845E-4,5.506E-4,0.002298,0.001016,0.002202,7.432E-4,9.055E-4,0.01475,-3.698E-4,0.001427,8.998E-4,0.001441,0.002873,0.001393,0
1522683140705,true,4548.936,0,0.01393,0.004538,9.425E-4,5.475E-4,0.002298,0.001026,0.002196,7.292E-4,0.001642,0.01426,-3.509E-4,0.001425,8.726E-4,0.001444,0.002887,0.001389,0
1522683140839,true,4548.98,0,0.01469,0.004918,9.526E-4,5.413E-4,0.002281,0.001038,0.002223,7.303E-4,9.657E-4,0.01468,-3.168E-4,0.001411,8.196E-4,0.00146,0.002911,0.001372,0
1522683140874,true,4549.038,0,0.01457,0.005326,9.957E-4,5.457E-4,0.002241,0.001037,0.002235,7.441E-4,-6.253E-5,0.01539,-2.853E-4,0.001394,8.111E-4,0.001462,0.002894,0.001368,0
1522683140909,true,4549.095,0,0.01404,0.005307,0.001037,5.551E-4,0.002236,0.001025,0.002237,7.547E-4,-3.872E-4,0.01593,-3.217E-4,0.001398,8.274E-4,0.00145,0.002823,0.001385,0
1522683140944,true,4549.153,0,0.01418,0.005095,0.001049,5.7E-4,0.002259,0.001029,0.002192,7.63E-4,-1.393E-5,0.01587,-3.869E-4,0.001418,8.421E-4,0.001426,0.002766,0.001398,0
1522683140979,true,4549.21,0,0.01483,0.005198,0.001013,5.821E-4,0.002278,0.001052,0.002151,7.544E-4,6.334E-4,0.0154,-4.246E-4,0.001435,8.354E-4,0.001416,0.002773,0.0014,0
1522683141140,true,4549.281,0,0.01533,0.005452,9.957E-4,5.812E-4,0.002304,0.001072,0.002174,7.473E-4,4.429E-4,0.01533,-4.22E-4,0.001441,7.84E-4,0.00144,0.002819,0.00138,0
1522683141175,true,4549.339,0,0.01565,0.005675,0.001025,5.793E-4,0.002291,0.001091,0.002219,7.625E-4,-4.601E-4,0.01579,-4.033E-4,0.001433,7.467E-4,0.001462,0.002872,0.001355,0
1522683141209,true,4549.396,0,0.0151,0.005779,0.001053,5.867E-4,0.002272,0.001092,0.002259,7.83E-4,-8.281E-4,0.01606,-3.903E-4,0.001423,7.546E-4,0.00148,0.002865,0.00136,0
1522683141244,true,4549.454,0,0.01471,0.005533,0.001077,5.923E-4,0.002287,0.00108,0.002271,8.063E-4,-3.237E-4,0.0161,-4.24E-4,0.001433,7.845E-4,0.001474,0.002824,0.001383,0
1522683141279,true,4549.511,0,0.01538,0.005296,0.001054,6.035E-4,0.00231,0.001088,0.002239,8.118E-4,7.212E-4,0.0155,-4.571E-4,0.001444,8.167E-4,0.001456,0.002815,0.001398,0
1522683141414,true,4549.556,0,0.01627,0.005569,0.001007,6.046E-4,0.002319,0.001096,0.002237,7.99E-4,0.001793,0.01481,-4.539E-4,0.001446,7.987E-4,0.001461,0.002834,0.001403,0
1522683141449,true,4549.614,0,0.01715,0.005886,0.001005,5.961E-4,0.002315,0.001105,0.002261,7.971E-4,0.001505,0.01496,-4.177E-4,0.001437,7.49E-4,0.001478,0.00287,0.001384,0
1522683141484,true,4549.671,0,0.01721,0.006336,0.00105,5.937E-4,0.002285,0.001103,0.002275,8.095E-4,5.196E-4,0.01563,-3.736E-4,0.00142,7.338E-4,0.001486,0.002876,0.001374,0
1522683141519,true,4549.729,0,0.01665,0.006358,0.001089,5.993E-4,0.002268,0.001088,0.002284,8.135E-4,1.621E-4,0.01611,-3.636E-4,0.001414,7.666E-4,0.001478,0.002825,0.001388,0
1522683141555,true,4549.786,0,0.01643,0.006096,0.001111,6.094E-4,0.002281,0.001081,0.002242,8.193E-4,2.979E-4,0.01622,-4.176E-4,0.001429,8.052E-4,0.001452,0.002777,0.001402,0
1522683141715,true,4549.856,0,0.01689,0.005971,0.001074,6.219E-4,0.002292,0.001093,0.002187,8.065E-4,8.396E-4,0.01574,-4.586E-4,0.001445,8.221E-4,0.00143,0.002775,0.001401,0
1522683141750,true,4549.914,0,0.01712,0.006116,0.001031,6.223E-4,0.002313,0.001106,0.002191,7.886E-4,9.938E-4,0.0154,-4.58E-4,0.001454,7.9E-4,0.001441,0.002821,0.001381,0
1522683141785,true,4549.971,0,0.01725,0.006225,0.001044,6.174E-4,0.0023,0.001124,0.00222,7.936E-4,7.115E-5,0.01572,-4.278E-4,0.001446,7.505E-4,0.001469,0.002883,0.001354,0
1522683141820,true,4550.029,0,0.01658,0.006363,0.001068,6.236E-4,0.00227,0.001127,0.002257,8.105E-4,-6.275E-4,0.01604,-4.08E-4,0.001437,7.59E-4,0.001484,0.002893,0.001349,0
1522683141855,true,4550.086,0,0.01582,0.006148,0.001087,6.313E-4,0.002276,0.001118,0.002282,8.312E-4,-4.257E-4,0.01612,-4.273E-4,0.001443,8.009E-4,0.001482,0.002856,0.001371,0
1522683141990,true,4550.131,0,0.01614,0.005825,0.001086,6.389E-4,0.002298,0.001122,0.002254,8.449E-4,4.99E-4,0.01565,-4.623E-4,0.001459,8.479E-4,0.001463,0.002847,0.001385,0
1522683142025,true,4550.189,0,0.01711,0.005899,0.001042,6.425E-4,0.002314,0.001136,0.002241,8.378E-4,0.001607,0.0149,-4.597E-4,0.001467,8.623E-4,0.001459,0.002872,0.001395,0
1522683142060,true,4550.246,0,0.01789,0.006203,0.001025,6.372E-4,0.002324,0.001146,0.00227,8.316E-4,0.001707,0.01476,-4.183E-4,0.001464,8.228E-4,0.001479,0.002906,0.001384,0
1522683142094,true,4550.304,0,0.01838,0.006592,0.001061,6.344E-4,0.002297,0.001151,0.002294,8.437E-4,7.599E-4,0.01534,-3.663E-4,0.001447,7.991E-4,0.001493,0.002941,0.001365,0
1522683142129,true,4550.361,0,0.01786,0.006821,0.001104,6.416E-4,0.00227,0.001142,0.002309,8.537E-4,2.746E-4,0.0159,-3.366E-4,0.001438,8.416E-4,0.001492,0.002902,0.001378,0
1522683142289,true,4550.43,0,0.01762,0.006639,0.001147,6.5E-4,0.002289,0.001133,0.002288,8.692E-4,2.99E-4,0.01631,-3.642E-4,0.001451,8.944E-4,0.001472,0.002853,0.001394,0
1522683142324,true,4550.488,0,0.01821,0.006522,0.001148,6.614E-4,0.00232,0.00114,0.002252,8.601E-4,8.274E-4,0.01598,-4.042E-4,0.001467,9.408E-4,0.001447,0.002852,0.001401,0
1522683142359,true,4550.545,0,0.01872,0.006692,0.001123,6.613E-4,0.002346,0.001154,0.002249,8.389E-4,0.001288,0.01553,-3.921E-4,0.001476,9.364E-4,0.00145,0.002898,0.001388,0
1522683142394,true,4550.603,0,0.01898,0.006848,0.001135,6.54E-4,0.002356,0.001174,0.002291,8.362E-4,6.412E-4,0.0157,-3.73E-4,0.001475,9.051E-4,0.001472,0.002969,0.001358,0
1522683142429,true,4550.66,0,0.0185,0.007076,0.001177,6.532E-4,0.002333,0.001182,0.002325,8.531E-4,-2.992E-4,0.01612,-3.446E-4,0.001465,9.205E-4,0.001485,0.003004,0.001343,0
1522683142590,true,4550.73,0,0.01753,0.007007,0.001206,6.617E-4,0.00233,0.001176,0.002367,8.718E-4,-3.914E-4,0.01632,-3.49E-4,0.001468,9.695E-4,0.001492,0.002973,0.001359,0
1522683142624,true,4550.788,0,0.01752,0.006725,0.001228,6.706E-4,0.002359,0.00118,0.002359,8.936E-4,3.349E-4,0.01605,-3.851E-4,0.001484,0.001026,0.00148,0.002955,0.001381,0
1522683142660,true,4550.845,0,0.01865,0.0067,0.001205,6.765E-4,0.002387,0.001195,0.002353,8.931E-4,0.001502,0.01532,-3.871E-4,0.001495,0.001059,0.001473,0.00298,0.001393,0
1522683142694,true,4550.903,0,0.01964,0.006965,0.001189,6.7E-4,0.002415,0.001204,0.002396,8.821E-4,0.002023,0.01494,-3.459E-4,0.001494,0.001027,0.00149,0.003026,0.001388,0
1522683142729,true,4550.96,0,0.02055,0.007242,0.001223,6.611E-4,0.002399,0.001215,0.00244,8.904E-4,0.001295,0.01533,-2.879E-4,0.001477,0.001002,0.001506,0.003063,0.001373,0
1522683142865,true,4551.006,0,0.02022,0.007519,0.001277,6.625E-4,0.002372,0.001206,0.002468,9.003E-4,6.349E-4,0.01583,-2.412E-4,0.001461,0.001028,0.001508,0.00304,0.001379,0
1522683142900,true,4551.064,0,0.01966,0.007417,0.001322,6.658E-4,0.002381,0.00119,0.002462,9.135E-4,5.771E-4,0.01622,-2.564E-4,0.001467,0.001075,0.001492,0.002981,0.001401,0
1522683142934,true,4551.121,0,0.02005,0.007168,0.001334,6.747E-4,0.002414,0.001192,0.002419,9.106E-4,9.592E-4,0.01602,-2.964E-4,0.001487,0.001129,0.001462,0.002957,0.001411,0
1522683142969,true,4551.179,0,0.02062,0.007312,0.001302,6.811E-4,0.002443,0.001202,0.002401,8.9E-4,0.001557,0.01552,-2.948E-4,0.001496,0.001153,0.001453,0.002987,0.001407,0
1522683143005,true,4551.236,0,0.02085,0.007563,0.001305,6.763E-4,0.002467,0.001217,0.002437,8.822E-4,9.564E-4,0.01569,-2.628E-4,0.001496,0.001137,0.001469,0.003051,0.001382,0
1522683143165,true,4551.305,0,0.0206,0.007901,0.001351,6.76E-4,0.002458,0.001232,0.002482,9.009E-4,-1.679E-4,0.01623,-2.287E-4,0.001488,0.001145,0.001485,0.003114,0.001361,0
1522683143200,true,4551.363,0,0.01982,0.007963,0.001393,6.84E-4,0.00246,0.001229,0.002543,9.198E-4,-4.628E-4,0.01655,-2.14E-4,0.001486,0.00119,0.001496,0.003108,0.001372,0
1522683143234,true,4551.42,0,0.0196,0.007688,0.001429,6.897E-4,0.002501,0.001227,0.002564,9.43E-4,7.84E-5,0.01651,-2.431E-4,0.001503,0.001245,0.001484,0.003089,0.001392,0
1522683143270,true,4551.478,0,0.02046,0.007572,0.001418,6.954E-4,0.002541,0.001242,0.002564,9.458E-4,0.001112,0.01588,-2.56E-4,0.001516,0.001291,0.00147,0.003112,0.001406,0
1522683143304,true,4551.535,0,0.0214,0.007882,0.001397,6.895E-4,0.00257,0.001254,0.002594,9.367E-4,0.002082,0.01529,-2.228E-4,0.00152,0.001287,0.001481,0.003156,0.001407,0
1522683143439,true,4551.58,0,0.02246,0.008213,0.001422,6.808E-4,0.002577,0.001269,0.002655,9.454E-4,0.00166,0.01554,-1.68E-4,0.001508,0.001246,0.001506,0.003197,0.001397,0
1522683143474,true,4551.638,0,0.02251,0.008667,0.001485,6.799E-4,0.002559,0.001269,0.002691,9.651E-4,9.961E-4,0.01606,-1.093E-4,0.001487,0.001259,0.001515,0.003199,0.001399,0
1522683143509,true,4551.695,0,0.02216,0.008759,0.001538,6.875E-4,0.002568,0.001255,0.00272,9.806E-4,9.366E-4,0.01652,-1.017E-4,0.001488,0.001303,0.00151,0.003142,0.001425,0
1522683143544,true,4551.753,0,0.02266,0.008592,0.001583,6.96E-4,0.002604,0.001257,0.0027,9.919E-4,0.001355,0.01657,-1.218E-4,0.001504,0.001352,0.001487,0.003108,0.001445,0
1522683143579,true,4551.81,0,0.02378,0.008752,0.001582,7.029E-4,0.002644,0.001272,0.002683,9.833E-4,0.001926,0.01622,-1.232E-4,0.00152,0.001381,0.001479,0.003139,0.001447,0
1522683143715,true,4551.856,0,0.02453,0.00912,0.001592,6.988E-4,0.002694,0.001285,0.002727,9.727E-4,0.001827,0.01623,-8.381E-5,0.001525,0.001375,0.001493,0.003199,0.001432,0
1522683143750,true,4551.914,0,0.02497,0.00942,0.001648,6.929E-4,0.002703,0.001303,0.002786,9.839E-4,6.97E-4,0.01686,-4.65E-5,0.001519,0.001366,0.001516,0.003272,0.001407,0
1522683143785,true,4551.971,0,0.02439,0.009527,0.001702,6.973E-4,0.002708,0.0013,0.002847,9.973E-4,1.354E-4,0.0173,-1.407E-5,0.001513,0.001416,0.001525,0.003295,0.00141,0
1522683143820,true,4552.029,0,0.02383,0.009226,0.001748,6.975E-4,0.002744,0.001287,0.002878,0.001016,4.66E-4,0.0174,-3.763E-5,0.001525,0.001467,0.00152,0.003267,0.001431,0
1522683143854,true,4552.086,0,0.02433,0.00894,0.001738,7.053E-4,0.002781,0.001294,0.00287,0.00102,0.001326,0.01686,-6.151E-5,0.001541,0.001514,0.001507,0.003282,0.001447,0
1522683144015,true,4552.156,0,0.02513,0.009068,0.001695,7.043E-4,0.002808,0.001304,0.002884,0.00101,0.002347,0.01615,-4.594E-5,0.001549,0.001515,0.001512,0.003325,0.001452,0
1522683144050,true,4552.214,0,0.02596,0.009337,0.001699,6.908E-4,0.002818,0.001318,0.002934,0.001014,0.002312,0.01612,-8.422E-7,0.001543,0.001468,0.00154,0.00337,0.001444,0
1522683144085,true,4552.271,0,0.02612,0.009834,0.001748,6.89E-4,0.002795,0.001321,0.002966,0.001037,0.00156,0.0166,6.098E-5,0.001525,0.00146,0.001555,0.003388,0.001443,0
1522683144120,true,4552.329,0,0.0258,0.01003,0.001805,6.953E-4,0.002793,0.00131,0.003006,0.001053,0.001348,0.01711,8.972E-5,0.001519,0.001498,0.001556,0.003347,0.001468,0
1522683144155,true,4552.386,0,0.02608,0.009945,0.001867,7.01E-4,0.002832,0.001305,0.002993,0.001074,0.001735,0.01733,7.697E-5,0.001533,0.001547,0.001541,0.003297,0.001497,0
1522683144315,true,4552.457,0,0.02734,0.01005,0.001877,7.098E-4,0.002878,0.001315,0.002972,0.001069,0.002383,0.01711,8.47E-5,0.001543,0.001591,0.001525,0.003306,0.001511,0
1522683144350,true,4552.515,0,0.02839,0.01042,0.001885,7.072E-4,0.002925,0.001329,0.003007,0.001055,0.002612,0.017,1.271E-4,0.001552,0.001597,0.001538,0.003374,0.001501,0
1522683144385,true,4552.572,0,0.02922,0.01061,0.001934,6.985E-4,0.00294,0.001345,0.003071,0.001054,0.001755,0.0175,1.765E-4,0.001545,0.00159,0.001558,0.003453,0.001476,0
1522683144419,true,4552.63,0,0.02869,0.01076,0.001985,7.014E-4,0.002936,0.001343,0.003115,0.001065,9.249E-4,0.01795,2.205E-4,0.001536,0.001616,0.001574,0.003478,0.001476,0
1522683144454,true,4552.687,0,0.02786,0.01049,0.002021,7.058E-4,0.00295,0.001333,0.003152,0.001077,9.063E-4,0.01819,2.093E-4,0.001546,0.001664,0.001577,0.003455,0.001498,0
1522683144589,true,4552.731,0,0.02792,0.01008,0.002019,7.129E-4,0.002989,0.001332,0.003135,0.001087,0.001642,0.0178,1.775E-4,0.001564,0.001712,0.001564,0.003463,0.001515,0
1522683144624,true,4552.789,0,0.02867,0.009921,0.001973,7.11E-4,0.003017,0.001339,0.003135,0.001072,0.002718,0.01703,1.859E-4,0.001572,0.001719,0.001569,0.003502,0.001526,0
1522683144659,true,4552.846,0,0.02908,0.01001,0.001943,6.973E-4,0.003026,0.001343,0.003168,0.001061,0.002877,0.01675,2.311E-4,0.001565,0.001668,0.001595,0.003541,0.001521,0
1522683144694,true,4552.904,0,0.02924,0.01011,0.001963,6.856E-4,0.002998,0.00134,0.003191,0.001068,0.002172,0.01704,2.801E-4,0.001544,0.001643,0.001612,0.003578,0.001511,0
1522683144729,true,4552.961,0,0.02848,0.01011,0.00198,6.864E-4,0.002961,0.00132,0.003201,0.001075,0.00173,0.01741,3.165E-4,0.001529,0.001643,0.001623,0.003529,0.001532,0
1522683144865,true,4553.006,0,0.02788,0.00981,0.002006,6.857E-4,0.002963,0.001299,0.003166,0.001082,0.001934,0.01758,2.989E-4,0.001535,0.001675,0.001607,0.003451,0.001561,0
1522683144900,true,4553.064,0,0.02812,0.009665,0.001987,6.946E-4,0.002971,0.001301,0.003099,0.001075,0.002509,0.0172,2.792E-4,0.001545,0.001707,0.001588,0.003434,0.001577,0
1522683144934,true,4553.121,0,0.02845,0.00993,0.001952,6.955E-4,0.002987,0.001308,0.003082,0.001052,0.002974,0.0168,2.934E-4,0.001553,0.001717,0.001587,0.003467,0.001573,0
1522683144969,true,4553.179,0,0.02877,0.01013,0.00197,6.856E-4,0.002994,0.001319,0.003117,0.001046,0.002106,0.01718,3.363E-4,0.001547,0.00169,0.001609,0.003531,0.001551,0
1522683145005,true,4553.236,0,0.02826,0.0103,0.00201,6.846E-4,0.002975,0.001321,0.003144,0.001051,0.001094,0.01771,3.789E-4,0.001535,0.001711,0.001621,0.003568,0.00154,0
1522683145165,true,4553.306,0,0.02715,0.01009,0.002038,6.871E-4,0.002967,0.00131,0.00317,0.001061,7.967E-4,0.01808,3.715E-4,0.001537,0.001755,0.001624,0.003548,0.001556,0
1522683145200,true,4553.364,0,0.02666,0.0097,0.002046,6.938E-4,0.002993,0.001309,0.003151,0.001075,0.001286,0.01792,3.294E-4,0.001559,0.001797,0.001616,0.003527,0.001581,0
1522683145235,true,4553.421,0,0.02725,0.00951,0.002002,6.983E-4,0.003016,0.001321,0.003136,0.001066,0.002312,0.01725,3.178E-4,0.00157,0.001827,0.00161,0.003562,0.001593,0
1522683145270,true,4553.479,0,0.0278,0.009542,0.001964,6.869E-4,0.003039,0.001326,0.003168,0.001049,0.002902,0.01676,3.498E-4,0.001568,0.001789,0.001631,0.0036,0.00159,0
1522683145305,true,4553.536,0,0.02817,0.009533,0.001965,6.729E-4,0.003016,0.001324,0.003198,0.001049,0.002308,0.01694,3.837E-4,0.00155,0.00173,0.00165,0.003641,0.001575,0
1522683145440,true,4553.582,0,0.02738,0.009551,0.001972,6.688E-4,0.002968,0.001307,0.003195,0.001054,0.001774,0.01723,4.248E-4,0.001527,0.001715,0.001659,0.003601,0.001586,0
1522683145475,true,4553.64,0,0.02643,0.009295,0.001982,6.665E-4,0.002952,0.001281,0.003167,0.001061,0.001916,0.01738,3.974E-4,0.001528,0.001725,0.001648,0.003519,0.001614,0
1522683145510,true,4553.697,0,0.02649,0.008944,0.001964,6.718E-4,0.00296,0.001272,0.003097,0.001057,0.002416,0.01706,3.635E-4,0.001536,0.001752,0.001624,0.003472,0.001632,0
1522683145545,true,4553.755,0,0.02675,0.008962,0.001921,6.704E-4,0.002968,0.001271,0.003047,0.001032,0.003058,0.0165,3.764E-4,0.001537,0.001768,0.00161,0.003494,0.00163,0
1522683145580,true,4553.812,0,0.02662,0.009158,0.0019,6.601E-4,0.002971,0.001275,0.003045,0.001016,0.002477,0.01662,4.047E-4,0.001531,0.00174,0.001621,0.003532,0.001611,0
1522683145739,true,4553.882,0,0.02612,0.009369,0.001927,6.565E-4,0.002942,0.001281,0.003054,0.001023,0.001239,0.01719,4.351E-4,0.001518,0.001736,0.001631,0.003579,0.001587,0
1522683145774,true,4553.94,0,0.0249,0.009343,0.001952,6.606E-4,0.002928,0.00127,0.003072,0.001033,6.693E-4,0.01756,4.426E-4,0.001514,0.001774,0.001635,0.003561,0.001596,0
1522683145809,true,4553.997,0,0.02418,0.008958,0.00197,6.661E-4,0.002949,0.001263,0.003058,0.001049,9.189E-4,0.01755,3.909E-4,0.001531,0.001815,0.001625,0.003533,0.001615,0
1522683145844,true,4554.055,0,0.02447,0.008678,0.001937,6.699E-4,0.002974,0.001272,0.003029,0.001047,0.001787,0.01691,3.557E-4,0.001541,0.001847,0.00161,0.003551,0.001627,0
1522683145879,true,4554.112,0,0.0248,0.008784,0.001889,6.641E-4,0.00299,0.00128,0.003043,0.001032,0.002518,0.01627,3.626E-4,0.001544,0.001809,0.001626,0.003585,0.001626,0
1522683146040,true,4554.182,0,0.02514,0.008948,0.001884,6.508E-4,0.002978,0.001291,0.003085,0.001036,0.002105,0.01636,3.886E-4,0.001529,0.00175,0.00165,0.003614,0.001614,0
1522683146075,true,4554.24,0,0.02483,0.009174,0.001902,6.501E-4,0.002938,0.001287,0.003106,0.001053,0.00153,0.01671,4.243E-4,0.001507,0.001726,0.001664,0.003605,0.001617,0
1522683146109,true,4554.297,0,0.0242,0.009094,0.00192,6.518E-4,0.002918,0.00127,0.003113,0.001066,0.0016,0.01696,4.166E-4,0.001502,0.001732,0.001663,0.003531,0.001645,0
1522683146145,true,4554.355,0,0.02449,0.008811,0.00193,6.567E-4,0.002938,0.001263,0.003067,0.001076,0.002105,0.01685,3.747E-4,0.001514,0.001779,0.001639,0.003482,0.001673,0
1522683146179,true,4554.412,0,0.02538,0.008881,0.001903,6.605E-4,0.002951,0.00127,0.003038,0.001058,0.002843,0.01637,3.824E-4,0.001516,0.001818,0.001623,0.0035,0.001679,0
1522683146315,true,4554.457,0,0.02588,0.009162,0.001896,6.537E-4,0.002976,0.001276,0.003055,0.001041,0.002745,0.01634,4.131E-4,0.001514,0.001798,0.001635,0.003554,0.001661,0
1522683146350,true,4554.515,0,0.02608,0.009442,0.00194,6.48E-4,0.002969,0.001285,0.003084,0.001046,0.001629,0.01698,4.586E-4,0.001496,0.001783,0.001649,0.003617,0.001635,0
1522683146385,true,4554.572,0,0.02524,0.009555,0.001976,6.542E-4,0.002959,0.001278,0.003111,0.001055,7.966E-4,0.01752,4.746E-4,0.001487,0.001814,0.001652,0.003616,0.001635,0
1522683146420,true,4554.63,0,0.02444,0.009289,0.002012,6.575E-4,0.002984,0.001268,0.003114,0.00107,7.835E-4,0.01781,4.373E-4,0.0015,0.001859,0.001645,0.003586,0.001652,0
1522683146455,true,4554.687,0,0.02465,0.008984,0.002003,6.654E-4,0.003017,0.001276,0.003094,0.001073,0.001439,0.01735,3.89E-4,0.001516,0.001902,0.001631,0.003609,0.00166,0
1522683146615,true,4554.757,0,0.02521,0.009053,0.001965,6.614E-4,0.003041,0.001289,0.003099,0.001063,0.002295,0.01669,3.862E-4,0.001523,0.001884,0.00164,0.003645,0.001661,0
1522683146650,true,4554.815,0,0.02577,0.009233,0.001956,6.503E-4,0.003053,0.001303,0.003138,0.001066,0.002127,0.01665,4.057E-4,0.001518,0.001824,0.001667,0.003682,0.00165,0
1522683146685,true,4554.872,0,0.02582,0.009557,0.001988,6.439E-4,0.003019,0.001307,0.003173,0.001084,0.001518,0.01697,4.337E-4,0.001498,0.001788,0.001686,0.003694,0.001646,0
1522683146720,true,4554.93,0,0.02528,0.009597,0.00202,6.449E-4,0.002994,0.001293,0.003197,0.001101,0.001582,0.01722,4.369E-4,0.001489,0.001785,0.001694,0.003633,0.001672,0
1522683146755,true,4554.987,0,0.02533,0.009382,0.002048,6.483E-4,0.003008,0.001284,0.003171,0.001118,0.002114,0.01723,4.005E-4,0.001499,0.001821,0.001678,0.003588,0.001694,0
1522683146890,true,4555.032,0,0.0263,0.009387,0.002036,6.531E-4,0.00303,0.00129,0.003139,0.001108,0.003029,0.01673,3.981E-4,0.001504,0.001874,0.001655,0.003592,0.001709,0
1522683146925,true,4555.09,0,0.0271,0.009672,0.002027,6.473E-4,0.003053,0.001296,0.003149,0.001089,0.003288,0.01651,4.343E-4,0.001502,0.001876,0.001661,0.003631,0.001702,0
1522683146960,true,4555.147,0,0.02766,0.009928,0.002061,6.402E-4,0.003054,0.001306,0.003182,0.001087,0.002303,0.0171,4.723E-4,0.001492,0.001859,0.001676,0.00369,0.001677,0
1522683146995,true,4555.205,0,0.02712,0.01015,0.002112,6.419E-4,0.003041,0.001302,0.003208,0.001096,0.001426,0.01765,5.096E-4,0.00148,0.001884,0.001684,0.0037,0.00167,0
1522683147030,true,4555.262,0,0.02626,0.009939,0.002151,6.444E-4,0.003059,0.001289,0.00323,0.001106,0.001258,0.01799,4.986E-4,0.001487,0.001937,0.001679,0.003672,0.001685,0
1522683147189,true,4555.331,0,0.02622,0.009575,0.002163,6.493E-4,0.003102,0.00129,0.003207,0.001112,0.001733,0.01774,4.465E-4,0.001508,0.001988,0.001664,0.003683,0.001696,0
1522683147224,true,4555.389,0,0.02672,0.009537,0.002117,6.537E-4,0.003126,0.001303,0.003201,0.0011,0.002603,0.0171,4.358E-4,0.001518,0.002006,0.00166,0.003725,0.001698,0
1522683147259,true,4555.446,0,0.02705,0.009714,0.002091,6.432E-4,0.003142,0.001314,0.003248,0.001092,0.002704,0.01691,4.534E-4,0.00152,0.001953,0.001686,0.00378,0.001682,0
1522683147294,true,4555.504,0,0.02726,0.009943,0.002115,6.351E-4,0.00312,0.001323,0.003289,0.00111,0.002083,0.01724,4.833E-4,0.001505,0.001896,0.001711,0.00381,0.001669,0
1522683147329,true,4555.561,0,0.02666,0.01002,0.002138,6.371E-4,0.003091,0.001314,0.003314,0.001124,0.001943,0.0175,4.984E-4,0.001492,0.00189,0.00172,0.00376,0.001687,0
1522683147465,true,4555.607,0,0.02641,0.009777,0.002163,6.379E-4,0.003093,0.001301,0.003297,0.001141,0.002438,0.01757,4.635E-4,0.001502,0.001899,0.001714,0.003684,0.001716,0
1522683147500,true,4555.665,0,0.02727,0.009632,0.002157,6.437E-4,0.003115,0.001301,0.00326,0.001137,0.0032,0.01717,4.46E-4,0.001511,0.001941,0.001696,0.003669,0.001733,0
1522683147535,true,4555.722,0,0.02808,0.009919,0.002128,6.427E-4,0.003135,0.001304,0.003259,0.001117,0.003899,0.01676,4.736E-4,0.001513,0.001941,0.001697,0.003699,0.001731,0
1522683147570,true,4555.78,0,0.02867,0.01019,0.002152,6.321E-4,0.003148,0.001309,0.00329,0.001109,0.003145,0.01718,5.248E-4,0.001502,0.001911,0.001717,0.003748,0.00171,0
1522683147605,true,4555.837,0,0.02832,0.01053,0.002204,6.306E-4,0.00313,0.001305,0.003319,0.001111,0.001895,0.01792,5.742E-4,0.001487,0.00193,0.001724,0.003779,0.001698,0
1522683147765,true,4555.907,0,0.02734,0.01043,0.002247,6.351E-4,0.003133,0.00129,0.003346,0.001116,0.001508,0.01837,5.732E-4,0.001489,0.001981,0.001719,0.003749,0.001715,0
1522683147800,true,4555.965,0,0.02696,0.01006,0.002266,6.433E-4,0.00317,0.001285,0.003328,0.001122,0.001766,0.01834,5.339E-4,0.001508,0.002043,0.001699,0.003736,0.001726,0
1522683147835,true,4556.022,0,0.02733,0.009918,0.002231,6.499E-4,0.003203,0.001298,0.003308,0.001111,0.002503,0.01776,5.162E-4,0.001522,0.002083,0.001688,0.003777,0.001729,0
1522683147870,true,4556.08,0,0.02768,0.01005,0.0022,6.43E-4,0.003224,0.001311,0.003334,0.0011,0.002751,0.01744,5.258E-4,0.001529,0.002043,0.001707,0.003832,0.001715,0
1522683147905,true,4556.137,0,0.02803,0.01018,0.002211,6.34E-4,0.003212,0.001321,0.003376,0.00111,0.00207,0.01773,5.541E-4,0.00152,0.001987,0.001734,0.003875,0.001696,0
1522683148065,true,4556.208,0,0.02749,0.01031,0.002234,6.362E-4,0.003187,0.001313,0.00341,0.001125,0.001615,0.01808,5.798E-4,0.001505,0.001971,0.001747,0.003859,0.001702,0
1522683148100,true,4556.266,0,0.02692,0.01009,0.002257,6.36E-4,0.00319,0.001296,0.003416,0.001141,0.001938,0.01829,5.549E-4,0.001507,0.001981,0.001739,0.003792,0.001728,0
1522683148135,true,4556.323,0,0.02755,0.009827,0.002246,6.422E-4,0.003203,0.001295,0.003375,0.001143,0.002729,0.01797,5.119E-4,0.001517,0.001991,0.001718,0.003747,0.001748,0
1522683148170,true,4556.381,0,0.02858,0.01002,0.002212,6.438E-4,0.003215,0.0013,0.003343,0.001129,0.003491,0.0175,5.13E-4,0.001522,0.001966,0.001716,0.003745,0.001755,0
1522683148205,true,4556.438,0,0.02936,0.01035,0.002219,6.328E-4,0.003229,0.001311,0.003369,0.001116,0.003236,0.01764,5.498E-4,0.001518,0.001921,0.001734,0.003777,0.00174,0
1522683148316,true,4556.458,0,0.02948,0.01071,0.002269,6.305E-4,0.003218,0.001311,0.003391,0.001122,0.002023,0.01841,5.927E-4,0.001504,0.001918,0.001744,0.00381,0.001724,0
1522683148350,true,4556.516,0,0.02867,0.01078,0.002321,6.353E-4,0.003213,0.0013,0.00342,0.001126,0.001441,0.01895,6.141E-4,0.001499,0.001966,0.001744,0.003786,0.001732,0
1522683148385,true,4556.573,0,0.02815,0.01048,0.00236,6.402E-4,0.003252,0.001291,0.003408,0.001136,0.001544,0.01916,5.805E-4,0.001515,0.00203,0.001727,0.003757,0.001744,0
1522683148420,true,4556.631,0,0.02856,0.01026,0.002343,6.492E-4,0.003289,0.001303,0.003389,0.001126,0.00216,0.01874,5.438E-4,0.001532,0.002084,0.001707,0.00379,0.001748,0
1522683148455,true,4556.688,0,0.02892,0.01038,0.00231,6.461E-4,0.003316,0.001315,0.00341,0.001108,0.002679,0.01825,5.472E-4,0.00154,0.002056,0.001722,0.003845,0.001736,0
1522683148615,true,4556.758,0,0.02932,0.01051,0.002312,6.354E-4,0.00332,0.001331,0.003464,0.001109,0.002246,0.01839,5.663E-4,0.001537,0.002007,0.001748,0.003905,0.001713,0
1522683148650,true,4556.816,0,0.02892,0.01075,0.002344,6.322E-4,0.003292,0.001332,0.003501,0.001125,0.001623,0.01873,5.958E-4,0.001524,0.001991,0.001767,0.003919,0.001706,0
1522683148685,true,4556.873,0,0.0283,0.01062,0.002366,6.351E-4,0.003283,0.001317,0.003527,0.001139,0.001838,0.01896,5.77E-4,0.001523,0.002001,0.001769,0.003856,0.001731,0
1522683148720,true,4556.931,0,0.02862,0.01031,0.002372,6.401E-4,0.003302,0.001311,0.003489,0.00115,0.002681,0.01869,5.297E-4,0.001535,0.002012,0.001752,0.003804,0.001757,0
1522683148755,true,4556.988,0,0.02978,0.01037,0.002341,6.418E-4,0.003315,0.00132,0.003457,0.001135,0.003663,0.01812,5.129E-4,0.001539,0.002001,0.001741,0.003801,0.001764,0
1522683148915,true,4557.057,0,0.03059,0.01071,0.002328,6.327E-4,0.003326,0.001324,0.00346,0.001121,0.003699,0.01803,5.259E-4,0.001537,0.001921,0.001753,0.003801,0.001754,0
1522683148950,true,4557.115,0,0.03105,0.01105,0.002365,6.242E-4,0.003301,0.001331,0.003479,0.001123,0.002548,0.01877,5.472E-4,0.001523,0.001873,0.001767,0.003819,0.001731,0
1522683148985,true,4557.172,0,0.03044,0.01127,0.002417,6.279E-4,0.003278,0.001322,0.003493,0.001131,0.001675,0.01942,5.694E-4,0.001511,0.0019,0.00177,0.003794,0.001731,0
1522683149020,true,4557.23,0,0.0298,0.01104,0.002456,6.33E-4,0.003298,0.00131,0.00349,0.00114,0.001569,0.01981,5.354E-4,0.001524,0.001955,0.001755,0.003761,0.001742,0
1522683149055,true,4557.287,0,0.03005,0.01078,0.002457,6.423E-4,0.003335,0.001317,0.00346,0.001135,0.002117,0.01948,4.963E-4,0.001541,0.002017,0.00173,0.003781,0.001744,0
1522683149190,true,4557.332,0,0.03046,0.01089,0.002425,6.411E-4,0.003368,0.001329,0.003463,0.001118,0.002893,0.01886,4.865E-4,0.001553,0.002021,0.001732,0.00383,0.001733,0
1522683149224,true,4557.39,0,0.03081,0.011,0.00242,6.296E-4,0.003383,0.001341,0.003507,0.001115,0.002528,0.01888,4.86E-4,0.001555,0.00196,0.001763,0.003891,0.001707,0
1522683149259,true,4557.447,0,0.03052,0.01126,0.002449,6.248E-4,0.003356,0.001347,0.003544,0.001132,0.001725,0.01923,5.075E-4,0.001544,0.001931,0.001784,0.003921,0.001693,0
1522683149294,true,4557.505,0,0.02973,0.01123,0.00247,6.263E-4,0.003334,0.001337,0.003581,0.001145,0.00179,0.01938,5.037E-4,0.001538,0.001943,0.00179,0.003877,0.001709,0
1522683149330,true,4557.562,0,0.02967,0.01092,0.00249,6.281E-4,0.003352,0.001329,0.003561,0.001163,0.002512,0.01926,4.551E-4,0.001551,0.001969,0.001774,0.00382,0.001731,0
1522683149490,true,4557.633,0,0.03063,0.01087,0.002457,6.323E-4,0.003361,0.001336,0.003525,0.001153,0.00359,0.01863,4.258E-4,0.001559,0.001978,0.001753,0.003808,0.001743,0
1522683149524,true,4557.691,0,0.03157,0.01119,0.002426,6.258E-4,0.003369,0.001342,0.003523,0.001137,0.004159,0.01827,4.325E-4,0.001559,0.001914,0.00176,0.00381,0.001738,0
1522683149559,true,4557.748,0,0.03233,0.01151,0.002445,6.168E-4,0.003347,0.001352,0.003542,0.001138,0.003319,0.01877,4.565E-4,0.001545,0.001845,0.001772,0.003816,0.001718,0
1522683149594,true,4557.806,0,0.03193,0.01181,0.002482,6.184E-4,0.003318,0.001342,0.003545,0.001144,0.002317,0.01943,4.654E-4,0.00153,0.001822,0.001774,0.003785,0.001712,0
1522683149629,true,4557.863,0,0.03114,0.01167,0.002507,6.242E-4,0.003315,0.001325,0.003545,0.00115,0.001982,0.01995,4.245E-4,0.001534,0.00182,0.001766,0.003709,0.001728,0
1522683149765,true,4557.908,0,0.03123,0.01134,0.00252,6.322E-4,0.003341,0.001326,0.0035,0.001153,0.002347,0.01983,3.741E-4,0.00155,0.001865,0.001745,0.00369,0.001734,0
1522683149800,true,4557.966,0,0.03174,0.01133,0.002478,6.365E-4,0.00336,0.00134,0.003479,0.001133,0.003073,0.01924,3.562E-4,0.001559,0.001882,0.001735,0.003728,0.001729,0
1522683149835,true,4558.023,0,0.03198,0.01152,0.002454,6.292E-4,0.003377,0.001354,0.003512,0.001122,0.002956,0.01908,3.715E-4,0.001557,0.001837,0.001759,0.003784,0.001708,0
1522683149870,true,4558.081,0,0.03199,0.01169,0.002473,6.242E-4,0.003356,0.001362,0.003551,0.001133,0.002085,0.01947,3.828E-4,0.001548,0.001793,0.00178,0.003831,0.001681,0
1522683149905,true,4558.138,0,0.03116,0.0117,0.002485,6.317E-4,0.003329,0.001353,0.003579,0.001147,0.001779,0.01965,3.945E-4,0.001535,0.001801,0.00179,0.003806,0.001689,0
1522683150065,true,4558.208,0,0.03067,0.01138,0.002501,6.341E-4,0.003336,0.001339,0.003577,0.001165,0.002338,0.01961,3.518E-4,0.001543,0.001818,0.001782,0.003752,0.001711,0
1522683150100,true,4558.266,0,0.03134,0.01115,0.002475,6.408E-4,0.003349,0.001344,0.003543,0.001163,0.0033,0.01904,3.128E-4,0.001553,0.001837,0.001761,0.003736,0.001723,0
1522683150135,true,4558.323,0,0.03221,0.01143,0.002438,6.36E-4,0.003358,0.001347,0.003536,0.001144,0.004168,0.01844,3.226E-4,0.001551,0.001798,0.001761,0.003739,0.001721,0
1522683150170,true,4558.381,0,0.03304,0.01172,0.002442,6.256E-4,0.003347,0.001354,0.003556,0.001138,0.003627,0.01873,3.517E-4,0.001538,0.001723,0.001777,0.003746,0.001704,0
1522683150205,true,4558.438,0,0.03287,0.01211,0.00248,6.228E-4,0.00331,0.001351,0.003555,0.001147,0.002548,0.01939,3.941E-4,0.001514,0.001683,0.001782,0.003723,0.001694,0
1522683150340,true,4558.483,0,0.03211,0.01205,0.002514,6.273E-4,0.003295,0.001332,0.003556,0.00115,0.00212,0.01991,3.773E-4,0.001508,0.001688,0.00177,0.00364,0.00171,0
1522683150375,true,4558.541,0,0.03191,0.0117,0.002527,6.369E-4,0.003316,0.001324,0.003509,0.001155,0.002245,0.01998,3.013E-4,0.001527,0.001688,0.001746,0.003571,0.001721,0
1522683150410,true,4558.598,0,0.03245,0.01158,0.002488,6.436E-4,0.003331,0.001334,0.003458,0.00114,0.002818,0.01948,2.518E-4,0.001541,0.001661,0.001733,0.003558,0.001719,0
1522683150445,true,4558.656,0,0.03271,0.01176,0.002448,6.406E-4,0.003343,0.001348,0.003463,0.001122,0.002939,0.01915,2.441E-4,0.001546,0.001603,0.001747,0.003582,0.001701,0
1522683150480,true,4558.713,0,0.03287,0.0119,0.002462,6.327E-4,0.003328,0.001361,0.003502,0.001126,0.002071,0.01949,2.462E-4,0.001537,0.001553,0.001769,0.00362,0.001674,0
1522683150639,true,4558.783,0,0.03211,0.01199,0.002482,6.337E-4,0.003298,0.001357,0.003536,0.001138,0.001485,0.01977,2.601E-4,0.00152,0.001549,0.001779,0.003618,0.00167,0
1522683150675,true,4558.841,0,0.03146,0.01164,0.002496,6.35E-4,0.003298,0.001343,0.003548,0.001155,0.001717,0.01987,2.36E-4,0.001521,0.00157,0.001774,0.003559,0.001692,0
1522683150709,true,4558.898,0,0.03177,0.01129,0.002482,6.389E-4,0.003317,0.00134,0.003509,0.001159,0.002633,0.01938,1.904E-4,0.001531,0.0016,0.001752,0.003534,0.001705,0
1522683150744,true,4558.956,0,0.03259,0.01137,0.002428,6.379E-4,0.003324,0.001346,0.003483,0.001143,0.003725,0.01867,1.875E-4,0.001534,0.001576,0.001748,0.003547,0.001707,0
1522683150779,true,4559.013,0,0.03336,0.01164,0.002412,6.273E-4,0.003323,0.001353,0.003505,0.001131,0.003642,0.01863,2.124E-4,0.001523,0.001506,0.001765,0.003565,0.001689,0
1522683150915,true,4559.058,0,0.03354,0.01202,0.00245,6.212E-4,0.003283,0.001356,0.003514,0.00114,0.002578,0.01928,2.557E-4,0.0015,0.001469,0.001772,0.003566,0.001676,0
1522683150950,true,4559.116,0,0.03279,0.01212,0.00249,6.242E-4,0.003257,0.00134,0.003519,0.001145,0.001951,0.01986,2.699E-4,0.001486,0.001475,0.001765,0.003503,0.001686,0
1522683150985,true,4559.173,0,0.03225,0.01187,0.002522,6.276E-4,0.003275,0.001327,0.003482,0.001149,0.001988,0.02014,2.187E-4,0.001498,0.001498,0.001738,0.00343,0.001701,0
1522683151020,true,4559.231,0,0.03258,0.01173,0.002495,6.381E-4,0.003294,0.001333,0.003427,0.001138,0.002456,0.01978,1.703E-4,0.001512,0.00151,0.001713,0.003415,0.001701,0
1522683151055,true,4559.288,0,0.03285,0.0119,0.002449,6.361E-4,0.003305,0.001346,0.003414,0.001117,0.002692,0.01938,1.609E-4,0.001519,0.00145,0.001721,0.003424,0.001688,0
1522683151215,true,4559.358,0,0.03304,0.01203,0.002448,6.278E-4,0.003294,0.001363,0.003445,0.001115,0.001959,0.01962,1.607E-4,0.001515,0.001397,0.00174,0.003473,0.001659,0
1522683151250,true,4559.416,0,0.03239,0.01217,0.002478,6.261E-4,0.003267,0.001363,0.003475,0.001127,0.001061,0.02005,1.725E-4,0.001502,0.001379,0.001758,0.003486,0.001647,0
1522683151285,true,4559.473,0,0.03144,0.01193,0.002494,6.287E-4,0.003258,0.00135,0.003504,0.00114,0.001143,0.02019,1.49E-4,0.001503,0.001402,0.001757,0.003442,0.001663,0
1522683151320,true,4559.531,0,0.03146,0.01148,0.00249,6.344E-4,0.003277,0.001345,0.003482,0.001147,0.001915,0.01984,9.771E-5,0.00152,0.001434,0.00174,0.003414,0.00168,0
1522683151355,true,4559.588,0,0.03234,0.0114,0.002439,6.369E-4,0.003288,0.001352,0.003452,0.001136,0.002955,0.01912,8.07E-5,0.001525,0.00144,0.001728,0.003433,0.001683,0
1522683151515,true,4559.658,0,0.0331,0.01162,0.002406,6.284E-4,0.003294,0.001357,0.003469,0.00112,0.003305,0.01881,1.029E-4,0.001522,0.001389,0.001743,0.003453,0.001674,0
1522683151550,true,4559.716,0,0.03362,0.01191,0.002434,6.173E-4,0.003265,0.001362,0.003489,0.001125,0.002438,0.01929,1.474E-4,0.001503,0.001341,0.001757,0.003475,0.001653,0
1522683151585,true,4559.773,0,0.033,0.01213,0.00247,6.192E-4,0.003233,0.001349,0.0035,0.001131,0.001711,0.01984,1.774E-4,0.001488,0.00136,0.001757,0.003442,0.001659,0
1522683151620,true,4559.831,0,0.03235,0.01194,0.002509,6.231E-4,0.003239,0.001334,0.003482,0.001141,0.001712,0.02026,1.503E-4,0.001494,0.001396,0.001739,0.003373,0.001677,0
1522683151655,true,4559.888,0,0.03264,0.01171,0.002505,6.326E-4,0.003267,0.001336,0.003434,0.001133,0.002181,0.02003,1.014E-4,0.001511,0.001439,0.001705,0.003355,0.001683,0
1522683151790,true,4559.934,0,0.03315,0.01184,0.002466,6.342E-4,0.003288,0.001348,0.003414,0.001109,0.002699,0.01959,8.102E-5,0.001524,0.001418,0.0017,0.00338,0.001674,0
1522683151825,true,4559.992,0,0.03334,0.01202,0.002457,6.252E-4,0.003293,0.001362,0.003441,0.0011,0.002173,0.01975,8.804E-5,0.001523,0.001347,0.001719,0.003409,0.001647,0
1522683151860,true,4560.049,0,0.03288,0.01226,0.002479,6.251E-4,0.003268,0.001369,0.003465,0.001113,0.001101,0.02028,8.839E-5,0.001516,0.001323,0.001737,0.003438,0.001627,0
1522683151895,true,4560.107,0,0.03184,0.01217,0.002496,6.29E-4,0.003253,0.001359,0.003496,0.001129,8.98E-4,0.02053,7.423E-5,0.001518,0.001353,0.001745,0.003409,0.001638,0
1522683151931,true,4560.164,0,0.03142,0.01177,0.00251,6.327E-4,0.003275,0.001353,0.003485,0.001145,0.001562,0.02039,2.687E-5,0.001536,0.001402,0.001732,0.003374,0.001659,0
1522683152065,true,4560.209,0,0.03214,0.0116,0.002471,6.39E-4,0.003296,0.00136,0.003461,0.001138,0.002677,0.0197,7.772E-6,0.001548,0.001449,0.001716,0.003393,0.001667,0
1522683152100,true,4560.267,0,0.03287,0.01182,0.00243,6.32E-4,0.003315,0.001367,0.003475,0.001125,0.003394,0.01923,2.91E-5,0.001551,0.001436,0.001725,0.003419,0.001666,0
1522683152135,true,4560.324,0,0.03355,0.0121,0.002446,6.226E-4,0.003302,0.001373,0.003511,0.001128,0.002867,0.01958,8.085E-5,0.00154,0.001406,0.001744,0.003464,0.001647,0
1522683152170,true,4560.382,0,0.03316,0.01244,0.002486,6.246E-4,0.00327,0.001366,0.003529,0.001138,0.002127,0.02017,1.356E-4,0.001521,0.001431,0.001744,0.003468,0.001644,0
1522683152205,true,4560.439,0,0.03252,0.01237,0.002528,6.288E-4,0.003274,0.001349,0.003539,0.001145,0.002005,0.02069,1.462E-4,0.001522,0.001487,0.001735,0.003413,0.001665,0
1522683152365,true,4560.509,0,0.03273,0.01212,0.002549,6.38E-4,0.003308,0.001346,0.003507,0.001146,0.00237,0.02065,1.106E-4,0.001542,0.001552,0.001708,0.003397,0.001675,0
1522683152400,true,4560.567,0,0.03342,0.01223,0.002524,6.436E-4,0.003338,0.001355,0.003479,0.001127,0.003034,0.02021,1.12E-4,0.001554,0.001577,0.001695,0.003426,0.001674,0
1522683152435,true,4560.624,0,0.03372,0.01247,0.002506,6.386E-4,0.003366,0.001366,0.003506,0.00111,0.002846,0.02021,1.294E-4,0.001558,0.001534,0.001712,0.003472,0.001651,0
1522683152470,true,4560.682,0,0.03377,0.01267,0.002532,6.349E-4,0.003352,0.001377,0.003537,0.00112,0.001785,0.02076,1.476E-4,0.001551,0.001491,0.001732,0.003522,0.001622,0
1522683152505,true,4560.739,0,0.03289,0.01268,0.002554,6.421E-4,0.003326,0.001374,0.003566,0.001133,0.001322,0.02114,1.475E-4,0.00155,0.001497,0.001746,0.003502,0.001627,0
1522683152665,true,4560.808,0,0.03219,0.01237,0.002582,6.466E-4,0.003349,0.001366,0.003568,0.001151,0.001684,0.02119,1.117E-4,0.001567,0.00154,0.001741,0.003461,0.00165,0
1522683152700,true,4560.866,0,0.03272,0.01212,0.002558,6.56E-4,0.003378,0.001375,0.003544,0.001154,0.002724,0.0206,8.953E-5,0.00158,0.001589,0.001726,0.003479,0.001661,0
1522683152735,true,4560.923,0,0.03352,0.01231,0.002515,6.539E-4,0.003402,0.001384,0.003556,0.001142,0.003764,0.01997,1.192E-4,0.001586,0.001592,0.001733,0.003522,0.001664,0
1522683152770,true,4560.981,0,0.03433,0.01258,0.002526,6.412E-4,0.003409,0.001391,0.003598,0.001142,0.003563,0.02012,1.751E-4,0.001576,0.001559,0.001755,0.003578,0.001646,0
1522683152805,true,4561.038,0,0.03432,0.01297,0.002566,6.392E-4,0.00339,0.001386,0.003629,0.001153,0.002804,0.02073,2.338E-4,0.001562,0.001571,0.001768,0.003609,0.001639,0
1522683152940,true,4561.083,0,0.03368,0.01302,0.002609,6.448E-4,0.003384,0.001368,0.003647,0.001164,0.002623,0.02124,2.617E-4,0.00156,0.001623,0.001764,0.003578,0.001659,0
1522683152974,true,4561.141,0,0.0337,0.01278,0.002649,6.504E-4,0.003409,0.001362,0.003623,0.001169,0.002943,0.02143,2.469E-4,0.001576,0.001698,0.00174,0.003559,0.001677,0
1522683153010,true,4561.198,0,0.03449,0.01279,0.00264,6.591E-4,0.00344,0.001371,0.003599,0.001153,0.003649,0.02107,2.597E-4,0.001587,0.00176,0.001719,0.003589,0.001681,0
1522683153045,true,4561.256,0,0.03498,0.01305,0.002625,6.558E-4,0.003479,0.001381,0.003619,0.001133,0.003807,0.02091,2.979E-4,0.001592,0.001755,0.001728,0.003645,0.001667,0
1522683153080,true,4561.313,0,0.03533,0.01327,0.002663,6.489E-4,0.003477,0.001396,0.003661,0.001134,0.002753,0.0215,3.338E-4,0.001587,0.001723,0.001745,0.003712,0.001638,0
1522683153216,true,4561.36,0,0.03457,0.01344,0.002696,6.558E-4,0.003464,0.001394,0.003697,0.001146,0.001972,0.02199,3.649E-4,0.001578,0.001731,0.001755,0.003715,0.001636,0
1522683153251,true,4561.418,0,0.03377,0.01315,0.002723,6.58E-4,0.003475,0.001384,0.003721,0.001161,0.00199,0.02222,3.419E-4,0.001587,0.001753,0.001752,0.003675,0.001652,0
1522683153286,true,4561.475,0,0.03398,0.01279,0.00271,6.66E-4,0.003501,0.001387,0.003697,0.001169,0.002822,0.02178,2.908E-4,0.001608,0.001778,0.00174,0.003661,0.001669,0
1522683153320,true,4561.533,0,0.0348,0.01281,0.00267,6.659E-4,0.00353,0.001398,0.003692,0.001159,0.003944,0.02104,2.982E-4,0.001615,0.001779,0.001743,0.003702,0.001675,0
1522683153356,true,4561.59,0,0.03557,0.01301,0.00266,6.545E-4,0.003549,0.001404,0.003739,0.001155,0.004039,0.02092,3.509E-4,0.001608,0.001748,0.001766,0.003765,0.001661,0
1522683153515,true,4561.659,0,0.03587,0.01338,0.002701,6.479E-4,0.003527,0.001406,0.003783,0.001165,0.003341,0.02139,4.171E-4,0.001592,0.001734,0.001782,0.003811,0.001649,0
1522683153550,true,4561.717,0,0.03534,0.01352,0.002742,6.514E-4,0.003513,0.001391,0.003812,0.001177,0.003063,0.02185,4.625E-4,0.001579,0.001779,0.001784,0.003793,0.001662,0
1522683153585,true,4561.774,0,0.03509,0.0133,0.002789,6.532E-4,0.003538,0.001376,0.003797,0.001187,0.003303,0.02215,4.613E-4,0.001589,0.001839,0.001763,0.003767,0.001681,0
1522683153620,true,4561.832,0,0.03579,0.01322,0.002789,6.596E-4,0.003574,0.001379,0.003759,0.001179,0.00401,0.0218,4.617E-4,0.001599,0.001912,0.001736,0.003792,0.001685,0
1522683153655,true,4561.889,0,0.03633,0.01352,0.002768,6.594E-4,0.003609,0.001386,0.003769,0.001156,0.004378,0.02153,4.978E-4,0.001604,0.001929,0.001738,0.003854,0.001671,0
1522683153816,true,4561.96,0,0.03676,0.01378,0.002794,6.514E-4,0.003623,0.001399,0.003815,0.001151,0.003569,0.02196,5.409E-4,0.001601,0.001905,0.001757,0.003923,0.001642,0
1522683153851,true,4562.018,0,0.03623,0.01404,0.002837,6.52E-4,0.003609,0.0014,0.003849,0.001163,0.002569,0.02251,5.823E-4,0.001591,0.001916,0.001767,0.003956,0.001628,0
1522683153886,true,4562.075,0,0.03534,0.01384,0.002871,6.558E-4,0.003611,0.00139,0.003882,0.001177,0.00241,0.02287,5.74E-4,0.001596,0.001943,0.001768,0.003928,0.001643,0
1522683153920,true,4562.133,0,0.03534,0.0134,0.002878,6.614E-4,0.003641,0.00139,0.003873,0.001183,0.002986,0.0226,5.269E-4,0.001615,0.001971,0.001751,0.003913,0.001656,0
1522683153956,true,4562.19,0,0.03613,0.0133,0.00283,6.668E-4,0.00366,0.001401,0.003851,0.001174,0.004118,0.02182,5.085E-4,0.001625,0.001958,0.001748,0.003936,0.001663,0
1522683154090,true,4562.233,0,0.0368,0.01346,0.0028,6.566E-4,0.003677,0.001408,0.00388,0.001165,0.004558,0.02145,5.338E-4,0.001624,0.00191,0.001771,0.003975,0.001655,0
1522683154124,true,4562.291,0,0.03746,0.01368,0.002825,6.469E-4,0.003659,0.001415,0.003919,0.001175,0.003903,0.02182,5.753E-4,0.001611,0.001882,0.00179,0.004031,0.001636,0
1522683154159,true,4562.348,0,0.03703,0.01388,0.002862,6.469E-4,0.003637,0.001402,0.003949,0.001187,0.003465,0.02225,6.273E-4,0.001593,0.001911,0.001796,0.004016,0.001648,0
1522683154194,true,4562.406,0,0.03656,0.0137,0.002903,6.474E-4,0.003649,0.001382,0.003952,0.0012,0.003704,0.02253,6.173E-4,0.0016,0.001978,0.001779,0.003982,0.001668,0
1522683154230,true,4562.463,0,0.0371,0.01349,0.002913,6.541E-4,0.003683,0.001379,0.003913,0.001197,0.004379,0.02224,6.089E-4,0.001611,0.002045,0.001749,0.003983,0.001678,0
1522683154390,true,4562.535,0,0.03782,0.01369,0.002895,6.526E-4,0.003706,0.001386,0.003901,0.001173,0.005046,0.02178,6.297E-4,0.001618,0.002075,0.001741,0.004033,0.00167,0
1522683154425,true,4562.593,0,0.03826,0.01389,0.002901,6.439E-4,0.003728,0.001394,0.003932,0.001161,0.004497,0.022,6.693E-4,0.001614,0.002062,0.001756,0.004096,0.001642,0
1522683154460,true,4562.65,0,0.03795,0.01418,0.002946,6.398E-4,0.003721,0.001395,0.003963,0.001169,0.003402,0.02258,7.099E-4,0.001603,0.002071,0.001766,0.004149,0.001619,0
1522683154495,true,4562.708,0,0.03688,0.01409,0.002976,6.433E-4,0.003714,0.001384,0.003998,0.001178,0.003072,0.02294,7.182E-4,0.0016,0.002111,0.001767,0.004133,0.001626,0
1522683154530,true,4562.765,0,0.03634,0.01368,0.002994,6.47E-4,0.003738,0.001377,0.003989,0.001189,0.003444,0.02288,6.672E-4,0.001619,0.00215,0.001754,0.0041,0.00164,0
1522683154665,true,4562.809,0,0.03687,0.01343,0.002955,6.533E-4,0.003763,0.001386,0.00397,0.001181,0.004412,0.02218,6.332E-4,0.001631,0.002167,0.001741,0.004118,0.001642,0
1522683154700,true,4562.867,0,0.0374,0.01357,0.002906,6.463E-4,0.003783,0.001392,0.003981,0.001166,0.005105,0.0216,6.427E-4,0.001631,0.002115,0.001753,0.004145,0.001634,0
1522683154735,true,4562.924,0,0.03794,0.01374,0.002902,6.35E-4,0.003763,0.001402,0.004012,0.00117,0.00459,0.02182,6.624E-4,0.001617,0.002034,0.001779,0.004171,0.001616,0
1522683154770,true,4562.982,0,0.03762,0.01401,0.002924,6.344E-4,0.003724,0.001397,0.004028,0.001185,0.004019,0.02225,7.023E-4,0.001599,0.002032,0.001787,0.004159,0.001618,0
1522683154805,true,4563.039,0,0.03702,0.01392,0.002958,6.351E-4,0.00372,0.001379,0.004039,0.001197,0.004118,0.02258,7.02E-4,0.001596,0.002073,0.00178,0.004111,0.00164,0
1522683154965,true,4563.11,0,0.03741,0.01368,0.002978,6.388E-4,0.003749,0.001373,0.004001,0.0012,0.004747,0.02244,6.828E-4,0.001605,0.002146,0.001749,0.004087,0.001659,0
1522683155000,true,4563.168,0,0.0384,0.01379,0.002957,6.395E-4,0.003767,0.00138,0.00397,0.001184,0.005455,0.02202,6.975E-4,0.001609,0.002192,0.001731,0.00412,0.001662,0
1522683155035,true,4563.225,0,0.03898,0.0141,0.002954,6.31E-4,0.003792,0.001387,0.003995,0.001166,0.005269,0.02214,7.371E-4,0.001606,0.002178,0.001741,0.004177,0.001642,0
1522683155070,true,4563.283,0,0.03915,0.01437,0.002998,6.254E-4,0.003782,0.001391,0.004021,0.001174,0.004113,0.0228,7.85E-4,0.001592,0.002188,0.001749,0.004239,0.001617,0
1522683155105,true,4563.34,0,0.03824,0.01439,0.003039,6.276E-4,0.003769,0.001381,0.004049,0.001184,0.003371,0.02334,8.157E-4,0.001579,0.00223,0.001753,0.004238,0.001621,0
1522683155240,true,4563.384,0,0.03749,0.01402,0.003065,6.301E-4,0.003792,0.001372,0.004048,0.001198,0.003546,0.02351,7.837E-4,0.001591,0.002277,0.001739,0.004217,0.001634,0
1522683155276,true,4563.442,0,0.03783,0.01368,0.00304,6.367E-4,0.003821,0.001378,0.004028,0.001195,0.004341,0.02295,7.463E-4,0.001604,0.002327,0.001716,0.004229,0.001641,0
1522683155310,true,4563.499,0,0.03832,0.01374,0.002982,6.329E-4,0.003836,0.001387,0.004031,0.001179,0.005262,0.02225,7.502E-4,0.001606,0.002302,0.001723,0.004264,0.001637,0
1522683155346,true,4563.557,0,0.03875,0.01385,0.002963,6.21E-4,0.00383,0.001395,0.004068,0.001178,0.004991,0.02225,7.658E-4,0.001598,0.002222,0.001746,0.004287,0.001623,0
1522683155380,true,4563.614,0,0.03856,0.01409,0.00298,6.145E-4,0.003787,0.001392,0.004087,0.00119,0.004359,0.02254,7.942E-4,0.001576,0.002178,0.001758,0.004277,0.001622,0
1522683155516,true,4563.659,0,0.03784,0.01399,0.002993,6.16E-4,0.003755,0.001376,0.004094,0.001201,0.004302,0.02281,7.885E-4,0.001567,0.002174,0.001754,0.004207,0.001641,0
1522683155551,true,4563.717,0,0.03779,0.0137,0.002999,6.196E-4,0.003753,0.001368,0.004044,0.001213,0.004827,0.02272,7.481E-4,0.001573,0.002191,0.001733,0.004139,0.001666,0
1522683155586,true,4563.774,0,0.0386,0.0137,0.002965,6.259E-4,0.003764,0.001372,0.003995,0.001201,0.005614,0.0222,7.37E-4,0.001577,0.002229,0.001707,0.004143,0.001675,0
1522683155621,true,4563.832,0,0.03915,0.01401,0.002936,6.195E-4,0.003784,0.001374,0.003996,0.001182,0.00571,0.02202,7.658E-4,0.001572,0.002215,0.001709,0.004184,0.001661,0
1522683155655,true,4563.889,0,0.03953,0.01423,0.002964,6.097E-4,0.003773,0.001384,0.004024,0.00118,0.004603,0.02256,8.044E-4,0.001559,0.002202,0.00172,0.00423,0.001637,0
1522683155816,true,4563.96,0,0.03875,0.01441,0.002993,6.144E-4,0.003752,0.001378,0.004052,0.001183,0.003629,0.02311,8.436E-4,0.001542,0.00222,0.001725,0.00423,0.001634,0
1522683155851,true,4564.018,0,0.03785,0.01409,0.003019,6.16E-4,0.003765,0.001361,0.004064,0.001192,0.003426,0.02341,8.169E-4,0.001547,0.00226,0.001717,0.004198,0.001645,0
1522683155886,true,4564.075,0,0.03779,0.01369,0.003005,6.229E-4,0.003802,0.001359,0.00403,0.001194,0.003974,0.023,7.711E-4,0.001564,0.002303,0.001697,0.004207,0.001651,0
1522683155920,true,4564.133,0,0.03818,0.01365,0.002946,6.227E-4,0.003819,0.001367,0.004016,0.001178,0.004884,0.02224,7.636E-4,0.001568,0.0023,0.001694,0.004252,0.001649,0
1522683155955,true,4564.19,0,0.03853,0.01374,0.002912,6.126E-4,0.003827,0.001376,0.004045,0.00117,0.004904,0.02201,7.79E-4,0.001562,0.002241,0.001715,0.004299,0.001633,0
1522683156116,true,4564.26,0,0.03853,0.01395,0.002924,6.052E-4,0.00379,0.001378,0.004066,0.001183,0.004203,0.02232,8.013E-4,0.001542,0.002192,0.001733,0.004325,0.001617,0
1522683156151,true,4564.318,0,0.0377,0.01398,0.00293,6.072E-4,0.003749,0.001364,0.004079,0.001194,0.003924,0.02257,8.074E-4,0.001525,0.002184,0.001735,0.004268,0.001634,0
1522683156185,true,4564.375,0,0.03735,0.01365,0.002943,6.07E-4,0.003747,0.001346,0.004049,0.001205,0.00432,0.02259,7.715E-4,0.001526,0.002193,0.001716,0.004184,0.001659,0
1522683156220,true,4564.433,0,0.03808,0.01347,0.002908,6.132E-4,0.00375,0.001347,0.003992,0.001192,0.005003,0.02208,7.422E-4,0.001529,0.002199,0.001693,0.00415,0.001674,0
1522683156255,true,4564.49,0,0.03868,0.01373,0.002862,6.099E-4,0.003754,0.001348,0.003969,0.001171,0.00545,0.02168,7.586E-4,0.001527,0.002184,0.001692,0.00416,0.001668,0
1522683156416,true,4564.559,0,0.03908,0.01395,0.002879,5.974E-4,0.003747,0.001354,0.003993,0.001161,0.004459,0.02208,7.788E-4,0.001517,0.002146,0.001705,0.0042,0.001642,0
1522683156451,true,4564.617,0,0.03844,0.01421,0.002913,5.969E-4,0.003715,0.001349,0.004007,0.001165,0.003187,0.02272,8.04E-4,0.001502,0.002172,0.001706,0.004213,0.001632,0
1522683156486,true,4564.674,0,0.03726,0.014,0.002933,6.015E-4,0.003712,0.001332,0.004017,0.001171,0.002761,0.02309,7.931E-4,0.001503,0.002217,0.001699,0.004181,0.001643,0
1522683156520,true,4564.732,0,0.03683,0.01355,0.002929,6.083E-4,0.003741,0.001324,0.00399,0.001174,0.003051,0.02291,7.437E-4,0.00152,0.002258,0.001679,0.004172,0.00165,0
1522683156555,true,4564.789,0,0.03716,0.01337,0.002881,6.117E-4,0.00376,0.001334,0.003962,0.001158,0.003825,0.02216,7.189E-4,0.001531,0.002277,0.001668,0.004208,0.00165,0
1522683156691,true,4564.835,0,0.03736,0.01343,0.00283,6.049E-4,0.003772,0.001341,0.003985,0.001142,0.003969,0.02174,7.332E-4,0.00153,0.002234,0.001688,0.004241,0.001636,0
1522683156726,true,4564.893,0,0.03747,0.01355,0.002832,5.954E-4,0.003742,0.001349,0.004017,0.00115,0.003218,0.02196,7.541E-4,0.001517,0.002172,0.001715,0.004286,0.001614,0
1522683156761,true,4564.95,0,0.03672,0.01361,0.002836,5.988E-4,0.003704,0.001338,0.004041,0.00116,0.00285,0.02214,7.709E-4,0.001503,0.002158,0.001726,0.00425,0.001625,0
1522683156796,true,4565.008,0,0.03607,0.01334,0.002847,5.978E-4,0.003698,0.001318,0.004031,0.001171,0.00326,0.02221,7.47E-4,0.001504,0.002159,0.001722,0.004168,0.001652,0
1522683156830,true,4565.065,0,0.03653,0.01306,0.002818,6.036E-4,0.003713,0.001312,0.003973,0.001166,0.00404,0.02177,7.081E-4,0.00151,0.002175,0.001698,0.004134,0.001665,0
1522683156966,true,4565.11,0,0.03728,0.01323,0.002764,6.035E-4,0.00372,0.001312,0.003941,0.001141,0.0047,0.02124,7.0E-4,0.001512,0.002146,0.001693,0.004127,0.001668,0
1522683157000,true,4565.168,0,0.0377,0.01349,0.002757,5.922E-4,0.003714,0.00132,0.003949,0.001128,0.004118,0.02145,7.234E-4,0.001504,0.002096,0.00171,0.004147,0.001648,0
1522683157036,true,4565.225,0,0.0374,0.0138,0.002798,5.879E-4,0.003686,0.001319,0.003958,0.001131,0.002862,0.02213,7.579E-4,0.001488,0.002103,0.001716,0.00417,0.001632,0
1522683157070,true,4565.283,0,0.03634,0.01374,0.002823,5.941E-4,0.00367,0.001305,0.003982,0.001134,0.002255,0.02262,7.643E-4,0.001485,0.00216,0.001709,0.004141,0.00164,0
1522683157106,true,4565.34,0,0.03578,0.01331,0.002841,5.998E-4,0.003697,0.001297,0.003964,0.00114,0.002375,0.02269,7.237E-4,0.001502,0.002219,0.00169,0.004124,0.00165,0
1522683157266,true,4565.41,0,0.03602,0.01305,0.002805,6.08E-4,0.003733,0.001302,0.003936,0.001128,0.00299,0.02211,6.891E-4,0.001518,0.002264,0.001674,0.004153,0.001655,0
1522683157300,true,4565.468,0,0.03621,0.01314,0.00276,6.021E-4,0.003751,0.001314,0.003956,0.001111,0.003426,0.02161,7.022E-4,0.001522,0.002242,0.001689,0.004214,0.00164,0
1522683157335,true,4565.525,0,0.03644,0.01322,0.002759,5.929E-4,0.003741,0.001325,0.00401,0.001112,0.002857,0.02177,7.272E-4,0.001515,0.002197,0.001715,0.004268,0.001623,0
1522683157370,true,4565.583,0,0.03573,0.01341,0.002781,5.901E-4,0.003708,0.00132,0.004038,0.001128,0.0023,0.02202,7.58E-4,0.0015,0.0022,0.00173,0.004272,0.001628,0
1522683157406,true,4565.64,0,0.03494,0.0132,0.002798,5.902E-4,0.003706,0.001302,0.004059,0.001141,0.002539,0.02219,7.568E-4,0.0015,0.002225,0.001731,0.004215,0.001656,0
1522683157541,true,4565.686,0,0.03528,0.01283,0.002793,5.948E-4,0.003723,0.001295,0.004025,0.001146,0.003357,0.02187,7.276E-4,0.001509,0.002268,0.001711,0.004189,0.001675,0
1522683157576,true,4565.744,0,0.03625,0.01288,0.00275,5.988E-4,0.003739,0.001298,0.00399,0.001128,0.004349,0.02124,7.398E-4,0.001512,0.002282,0.001699,0.004197,0.001688,0
1522683157611,true,4565.801,0,0.03686,0.01316,0.002729,5.914E-4,0.003748,0.001301,0.004002,0.001114,0.004237,0.02124,7.692E-4,0.001509,0.002235,0.001712,0.004226,0.001674,0
1522683157646,true,4565.859,0,0.03702,0.01347,0.002759,5.871E-4,0.003723,0.001306,0.004018,0.001116,0.00304,0.02196,8.148E-4,0.001492,0.002213,0.001726,0.00426,0.001653,0
1522683157681,true,4565.916,0,0.03613,0.01358,0.002797,5.925E-4,0.003703,0.001293,0.004038,0.001122,0.002266,0.02256,8.389E-4,0.001484,0.002263,0.001729,0.004247,0.001659,0
1522683157840,true,4565.985,0,0.03535,0.01325,0.002829,5.97E-4,0.003727,0.001281,0.004035,0.00113,0.002251,0.02284,8.142E-4,0.001499,0.002334,0.001712,0.00422,0.001677,0
1522683157875,true,4566.043,0,0.03551,0.01294,0.002821,6.052E-4,0.003765,0.001289,0.004008,0.001123,0.002839,0.02242,7.832E-4,0.001517,0.002415,0.001688,0.004252,0.001682,0
1522683157910,true,4566.1,0,0.0358,0.013,0.002776,6.051E-4,0.003801,0.001298,0.004023,0.001103,0.003543,0.0218,7.974E-4,0.001528,0.002428,0.001693,0.004324,0.001673,0
1522683157945,true,4566.158,0,0.03605,0.0131,0.002768,5.954E-4,0.003813,0.001307,0.004081,0.0011,0.003216,0.02182,8.255E-4,0.001529,0.002395,0.00172,0.004404,0.001653,0
1522683157980,true,4566.215,0,0.03562,0.01332,0.002796,5.918E-4,0.003793,0.001308,0.004128,0.001117,0.002524,0.02214,8.672E-4,0.001515,0.002401,0.001738,0.004439,0.001647,0
1522683158116,true,4566.261,0,0.03483,0.01318,0.002818,5.95E-4,0.003783,0.001292,0.004167,0.001132,0.002652,0.02229,8.826E-4,0.001514,0.002441,0.001742,0.00442,0.001669,0
1522683158151,true,4566.319,0,0.03483,0.0128,0.00284,5.972E-4,0.003805,0.001283,0.004157,0.001142,0.003473,0.02213,8.55E-4,0.001529,0.00249,0.00173,0.004397,0.001696,0
1522683158186,true,4566.376,0,0.03578,0.01276,0.002809,6.015E-4,0.003825,0.001288,0.004132,0.001132,0.004641,0.02144,8.584E-4,0.00154,0.002532,0.001714,0.004419,0.00171,0
1522683158221,true,4566.434,0,0.03651,0.01308,0.002785,5.944E-4,0.003851,0.001291,0.004152,0.001113,0.005016,0.02112,8.981E-4,0.00154,0.002518,0.001722,0.004451,0.001708,0
1522683158256,true,4566.491,0,0.03708,0.01334,0.002815,5.874E-4,0.00384,0.001298,0.004182,0.001113,0.004125,0.02169,9.435E-4,0.001529,0.002493,0.001736,0.004497,0.001694,0
1522683158414,true,4566.559,0,0.03643,0.01359,0.002857,5.899E-4,0.003817,0.001288,0.0042,0.001119,0.003246,0.0223,9.775E-4,0.001517,0.002521,0.001742,0.004486,0.001699,0
1522683158450,true,4566.617,0,0.03553,0.0134,0.002893,5.966E-4,0.003831,0.001272,0.00421,0.001127,0.003069,0.02273,9.541E-4,0.001531,0.002573,0.001734,0.004454,0.001712,0
1522683158485,true,4566.674,0,0.03563,0.01304,0.002895,6.072E-4,0.00387,0.001273,0.004183,0.001127,0.003526,0.02249,9.185E-4,0.001552,0.002646,0.001712,0.004475,0.001719,0
1522683158519,true,4566.732,0,0.03612,0.01303,0.002859,6.112E-4,0.003908,0.001284,0.004178,0.00111,0.004231,0.0219,9.254E-4,0.001565,0.002682,0.00171,0.004543,0.001712,0
1522683158555,true,4566.789,0,0.03639,0.01313,0.002845,6.032E-4,0.00394,0.001293,0.004227,0.0011,0.004076,0.02179,9.59E-4,0.001568,0.002649,0.00174,0.004626,0.001691,0
1522683158715,true,4566.86,0,0.03628,0.01331,0.002876,5.967E-4,0.003931,0.001297,0.004282,0.001114,0.003233,0.02218,9.971E-4,0.001559,0.002646,0.00176,0.00469,0.001674,0
1522683158750,true,4566.918,0,0.0354,0.01326,0.002899,5.986E-4,0.003919,0.001285,0.004333,0.001128,0.003149,0.02234,0.001022,0.001551,0.002684,0.001772,0.004683,0.001688,0
1522683158785,true,4566.975,0,0.03495,0.01293,0.002929,5.958E-4,0.003946,0.001269,0.004333,0.001144,0.003716,0.02226,9.991E-4,0.001563,0.002743,0.001761,0.004648,0.001716,0
1522683158820,true,4567.033,0,0.0357,0.01275,0.002909,6.027E-4,0.003972,0.00127,0.004312,0.001137,0.004769,0.02166,9.947E-4,0.001574,0.002803,0.001743,0.00467,0.001734,0
1522683158855,true,4567.09,0,0.03654,0.01307,0.002876,5.98E-4,0.003997,0.001271,0.004322,0.001118,0.005613,0.02113,0.001033,0.001576,0.002802,0.00175,0.004711,0.001734,0
1522683158990,true,4567.134,0,0.03728,0.01334,0.002895,5.88E-4,0.004,0.001277,0.004363,0.00111,0.004977,0.02152,0.001074,0.001568,0.002767,0.001771,0.004756,0.001718,0
1522683159025,true,4567.192,0,0.03694,0.01372,0.002946,5.889E-4,0.003977,0.001272,0.004386,0.001118,0.003929,0.0222,0.001125,0.001552,0.002786,0.001779,0.00477,0.001714,0
1522683159060,true,4567.249,0,0.03608,0.01365,0.002991,5.937E-4,0.003982,0.001254,0.004403,0.001125,0.003582,0.02269,0.001117,0.001556,0.002845,0.001769,0.004734,0.00173,0
1522683159095,true,4567.307,0,0.036,0.01331,0.003011,6.027E-4,0.004017,0.001251,0.004382,0.001126,0.003818,0.02266,0.001074,0.001576,0.002899,0.001749,0.004716,0.001743,0
1522683159130,true,4567.364,0,0.0365,0.01324,0.002982,6.076E-4,0.004051,0.001261,0.00436,0.00111,0.004521,0.02207,0.001052,0.001592,0.002918,0.001737,0.004751,0.001746,0
1522683159290,true,4567.435,0,0.03687,0.01335,0.002949,6.03E-4,0.004077,0.001273,0.00439,0.001094,0.004602,0.02177,0.001064,0.001596,0.002872,0.001754,0.004794,0.00173,0
1522683159325,true,4567.493,0,0.037,0.01349,0.002956,5.963E-4,0.004063,0.001285,0.004433,0.001101,0.003692,0.02213,0.001083,0.001587,0.00282,0.001781,0.004843,0.001707,0
1522683159359,true,4567.55,0,0.03624,0.01354,0.002976,5.982E-4,0.004038,0.001278,0.004475,0.001113,0.00323,0.0224,0.001098,0.001579,0.00283,0.001797,0.00484,0.001709,0
1522683159394,true,4567.608,0,0.03556,0.01324,0.002996,5.994E-4,0.004049,0.001261,0.004492,0.00113,0.003664,0.02244,0.001071,0.001587,0.002859,0.001792,0.004796,0.001733,0
1522683159430,true,4567.665,0,0.03609,0.01292,0.00298,6.065E-4,0.00408,0.001258,0.004466,0.001133,0.004759,0.02185,0.00104,0.001601,0.002902,0.001774,0.004793,0.001752,0
1522683159565,true,4567.709,0,0.03709,0.01308,0.002945,6.014E-4,0.004093,0.001263,0.004454,0.001117,0.005841,0.02116,0.001055,0.001603,0.002896,0.001772,0.004814,0.001757,0
1522683159600,true,4567.767,0,0.03778,0.01341,0.002944,5.892E-4,0.004104,0.001264,0.00449,0.001107,0.005458,0.02129,0.001091,0.001594,0.002851,0.001791,0.004852,0.001742,0
1522683159635,true,4567.824,0,0.03775,0.01379,0.002994,5.807E-4,0.004075,0.001262,0.004514,0.001112,0.004288,0.02199,0.001136,0.001577,0.002844,0.0018,0.004878,0.001728,0
1522683159670,true,4567.882,0,0.03692,0.01386,0.003031,5.859E-4,0.004057,0.001246,0.004531,0.001118,0.003762,0.02252,0.001148,0.00157,0.00289,0.001793,0.004835,0.001741,0
1522683159704,true,4567.939,0,0.03644,0.01355,0.003063,5.903E-4,0.004087,0.001233,0.004502,0.001125,0.003879,0.02271,0.001106,0.001586,0.002945,0.001771,0.004801,0.001758,0
1522683159865,true,4568.01,0,0.0369,0.01339,0.003039,5.968E-4,0.004116,0.00124,0.004466,0.001111,0.004494,0.02222,0.001073,0.0016,0.002988,0.001748,0.004821,0.001759,0
1522683159900,true,4568.068,0,0.03717,0.01355,0.002997,5.933E-4,0.004136,0.001251,0.004479,0.001089,0.00481,0.02181,0.001067,0.001607,0.002961,0.001758,0.004874,0.001746,0
1522683159935,true,4568.125,0,0.03743,0.01365,0.002998,5.835E-4,0.004128,0.001263,0.004523,0.001087,0.003958,0.0221,0.001081,0.001598,0.002897,0.001783,0.004929,0.001718,0
1522683159970,true,4568.183,0,0.03678,0.01372,0.003014,5.791E-4,0.004096,0.001255,0.00456,0.001095,0.00328,0.02242,0.001092,0.001585,0.00287,0.0018,0.004928,0.001711,0
1522683160004,true,4568.24,0,0.03578,0.01342,0.003015,5.786E-4,0.004083,0.001235,0.004571,0.001106,0.003472,0.02256,0.001064,0.001587,0.002882,0.001802,0.004869,0.001735,0
1522683160141,true,4568.286,0,0.03586,0.013,0.002994,5.83E-4,0.00409,0.001228,0.004533,0.001111,0.004298,0.02216,0.001017,0.001601,0.002912,0.001783,0.004841,0.001752,0
1522683160176,true,4568.344,0,0.03675,0.01298,0.002936,5.825E-4,0.004091,0.001233,0.004504,0.001093,0.005428,0.02147,0.001011,0.001606,0.002921,0.001774,0.004863,0.001761,0
1522683160211,true,4568.401,0,0.03745,0.01323,0.002904,5.721E-4,0.004091,0.001235,0.004525,0.001076,0.00545,0.02139,0.001036,0.001601,0.002878,0.001789,0.004892,0.001748,0
1522683160245,true,4568.459,0,0.03776,0.01357,0.002932,5.623E-4,0.004062,0.001232,0.004544,0.001081,0.004418,0.022,0.001077,0.001584,0.002843,0.001803,0.004919,0.001731,0
1522683160281,true,4568.516,0,0.037,0.01374,0.00297,5.641E-4,0.004033,0.001215,0.004552,0.001085,0.003737,0.02256,0.001102,0.001569,0.002882,0.001799,0.004896,0.001736,0
1522683160440,true,4568.585,0,0.03633,0.01348,0.003004,5.67E-4,0.004049,0.001195,0.004538,0.001091,0.00374,0.02292,0.001075,0.001577,0.00293,0.001777,0.004846,0.001753,0
1522683160475,true,4568.643,0,0.03665,0.01324,0.00299,5.746E-4,0.004073,0.001198,0.004498,0.001079,0.004204,0.02262,0.001031,0.001595,0.002977,0.00175,0.004855,0.001755,0
1522683160510,true,4568.7,0,0.037,0.0134,0.00295,5.731E-4,0.004097,0.001205,0.004491,0.001054,0.00481,0.0221,0.001022,0.001606,0.002973,0.001747,0.004899,0.001742,0
1522683160545,true,4568.758,0,0.03716,0.01355,0.002946,5.615E-4,0.004105,0.001216,0.004528,0.001045,0.004184,0.02233,0.001033,0.001602,0.002926,0.001763,0.004961,0.001712,0
1522683160580,true,4568.815,0,0.03667,0.01376,0.002975,5.561E-4,0.004071,0.001219,0.004559,0.001055,0.003201,0.02283,0.001034,0.001594,0.002897,0.001779,0.004976,0.001698,0
1522683160715,true,4568.861,0,0.03569,0.01359,0.002982,5.601E-4,0.004042,0.00121,0.004581,0.001069,0.003041,0.02308,0.00101,0.001595,0.0029,0.001783,0.004931,0.001712,0
1522683160749,true,4568.919,0,0.03539,0.01318,0.00298,5.633E-4,0.004063,0.001198,0.004552,0.001082,0.003741,0.02285,9.503E-4,0.001611,0.002905,0.001767,0.004885,0.001731,0
1522683160784,true,4568.976,0,0.03621,0.01303,0.002932,5.682E-4,0.004075,0.001202,0.004519,0.001072,0.004867,0.02213,9.271E-4,0.001618,0.002919,0.001752,0.004896,0.001737,0
1522683160820,true,4569.034,0,0.03698,0.0133,0.00289,5.634E-4,0.004078,0.001207,0.004531,0.001054,0.005401,0.02176,9.486E-4,0.001617,0.002875,0.001765,0.004927,0.001725,0
1522683160855,true,4569.091,0,0.03769,0.01361,0.002913,5.529E-4,0.004058,0.001212,0.004562,0.001056,0.004485,0.02234,9.908E-4,0.001602,0.002831,0.001781,0.004963,0.001704,0
1522683161015,true,4569.16,0,0.03726,0.01392,0.002962,5.515E-4,0.004031,0.001199,0.004581,0.001063,0.00366,0.023,0.001039,0.001588,0.002851,0.001783,0.004954,0.001701,0
1522683161050,true,4569.218,0,0.03657,0.01377,0.003005,5.53E-4,0.004034,0.001179,0.004587,0.001066,0.003584,0.0235,0.001036,0.00159,0.002909,0.001765,0.004904,0.001718,0
1522683161085,true,4569.275,0,0.03677,0.01349,0.00302,5.604E-4,0.004069,0.001177,0.00455,0.001064,0.003956,0.02339,9.992E-4,0.001609,0.002972,0.001735,0.004891,0.001726,0
1522683161120,true,4569.333,0,0.03738,0.01359,0.00299,5.646E-4,0.004102,0.001184,0.004532,0.001043,0.004596,0.02292,9.958E-4,0.001623,0.003002,0.00172,0.004935,0.001717,0
1522683161156,true,4569.39,0,0.0376,0.01384,0.002983,5.566E-4,0.004126,0.001197,0.00457,0.001031,0.004313,0.02299,0.001023,0.001625,0.002971,0.001734,0.005003,0.001688,0
1522683161290,true,4569.436,0,0.03747,0.01407,0.003018,5.519E-4,0.004109,0.001208,0.004617,0.001038,0.003316,0.02355,0.001053,0.001614,0.002947,0.001748,0.005057,0.001662,0
1522683161325,true,4569.494,0,0.03649,0.01408,0.003045,5.556E-4,0.004093,0.001201,0.004657,0.00105,0.002993,0.02387,0.001058,0.001611,0.00296,0.001756,0.005045,0.001665,0
1522683161360,true,4569.551,0,0.03603,0.01372,0.00307,5.563E-4,0.004119,0.00119,0.004657,0.001064,0.003559,0.02383,0.001023,0.001623,0.002992,0.001738,0.004992,0.001686,0
1522683161395,true,4569.609,0,0.03668,0.01351,0.003036,5.639E-4,0.004142,0.001195,0.004629,0.001063,0.00462,0.02324,9.886E-4,0.001639,0.003017,0.001719,0.00499,0.001694,0
1522683161430,true,4569.666,0,0.03748,0.01376,0.002987,5.611E-4,0.004154,0.001201,0.004628,0.001046,0.00552,0.02267,0.001006,0.001641,0.002973,0.001728,0.005,0.001692,0
1522683161590,true,4569.735,0,0.03834,0.01405,0.002989,5.511E-4,0.004143,0.001208,0.004661,0.001046,0.005102,0.02295,0.001041,0.001631,0.002903,0.001749,0.005017,0.001674,0
1522683161625,true,4569.793,0,0.03828,0.01446,0.003038,5.489E-4,0.004109,0.001205,0.004683,0.001058,0.00425,0.02356,0.001088,0.001613,0.002904,0.001757,0.005008,0.001668,0
1522683161660,true,4569.85,0,0.0376,0.01446,0.003086,5.518E-4,0.004102,0.00119,0.004694,0.001068,0.003995,0.02409,0.001098,0.00161,0.002957,0.001746,0.004949,0.001689,0
1522683161695,true,4569.908,0,0.03771,0.01417,0.003123,5.577E-4,0.004138,0.001185,0.004671,0.001069,0.00426,0.02421,0.001083,0.001626,0.003023,0.00172,0.004928,0.0017,0
1522683161729,true,4569.965,0,0.0385,0.01417,0.003111,5.648E-4,0.004168,0.001194,0.004647,0.001049,0.00492,0.02379,0.0011,0.001637,0.003084,0.001695,0.00496,0.0017,0
1522683161890,true,4570.036,0,0.03892,0.01441,0.003102,5.59E-4,0.004208,0.001203,0.004681,0.001027,0.004897,0.0237,0.001139,0.001642,0.003067,0.001706,0.005021,0.001678,0
1522683161925,true,4570.094,0,0.03911,0.01458,0.003138,5.522E-4,0.004206,0.001217,0.004727,0.00103,0.003802,0.02426,0.001183,0.001638,0.003051,0.001724,0.005085,0.00165,0
1522683161960,true,4570.151,0,0.03822,0.01469,0.003176,5.586E-4,0.004196,0.001212,0.004771,0.00104,0.003177,0.0247,0.001224,0.001629,0.003085,0.001731,0.0051,0.001646,0
1522683161995,true,4570.209,0,0.03745,0.01437,0.003208,5.638E-4,0.004214,0.001201,0.004788,0.00106,0.003508,0.02484,0.001209,0.001643,0.003137,0.001722,0.005073,0.001662,0
1522683162030,true,4570.266,0,0.03796,0.01402,0.0032,5.748E-4,0.004246,0.001205,0.004768,0.001063,0.004499,0.02434,0.001179,0.001663,0.003186,0.001701,0.005075,0.001672,0
1522683162165,true,4570.31,0,0.03883,0.01414,0.003162,5.74E-4,0.004267,0.001214,0.004764,0.001048,0.005688,0.02361,0.001202,0.001671,0.003174,0.001702,0.005106,0.001671,0
1522683162200,true,4570.368,0,0.03963,0.01437,0.00316,5.622E-4,0.004274,0.001223,0.004795,0.001043,0.005696,0.02359,0.001257,0.00166,0.003117,0.001721,0.005134,0.001656,0
1522683162235,true,4570.425,0,0.03981,0.01477,0.003202,5.567E-4,0.004242,0.001223,0.004812,0.001053,0.004907,0.02414,0.001322,0.001638,0.003095,0.001731,0.005149,0.001643,0
1522683162303,true,4570.483,0,0.03918,0.01481,0.003244,5.591E-4,0.004218,0.001206,0.004821,0.00106,0.004591,0.02464,0.001353,0.001631,0.003115,0.001727,0.005089,0.001658,0
1522683162338,true,4570.54,0,0.0389,0.01452,0.00328,5.619E-4,0.004234,0.001193,0.004782,0.001067,0.004805,0.02484,0.001333,0.001643,0.003152,0.001704,0.005031,0.001673,0
1522683162440,true,4570.586,0,0.03942,0.01442,0.003262,5.696E-4,0.004257,0.001197,0.004721,0.001054,0.005453,0.02447,0.001316,0.001656,0.003188,0.001677,0.005028,0.001672,0
1522683162475,true,4570.644,0,0.03981,0.01461,0.003233,5.65E-4,0.004278,0.001203,0.004712,0.00103,0.005795,0.02411,0.001336,0.001658,0.00315,0.001681,0.005052,0.001657,0
1522683162510,true,4570.701,0,0.03994,0.01479,0.003249,5.57E-4,0.004271,0.001214,0.004742,0.001023,0.004858,0.0245,0.001381,0.001649,0.003119,0.001694,0.005106,0.001624,0
1522683162545,true,4570.759,0,0.03909,0.01493,0.003289,5.57E-4,0.004243,0.001215,0.004769,0.001032,0.003887,0.02495,0.001424,0.001635,0.003129,0.001708,0.005127,0.001608,0
1522683162580,true,4570.816,0,0.03802,0.01463,0.003325,5.579E-4,0.004249,0.0012,0.004793,0.001041,0.003926,0.0251,0.001423,0.00164,0.003169,0.001703,0.005097,0.001619,0
1522683162740,true,4570.885,0,0.03795,0.01414,0.003332,5.612E-4,0.004286,0.001194,0.004768,0.001046,0.004751,0.02467,0.001389,0.001659,0.00322,0.001685,0.005088,0.001629,0
1522683162775,true,4570.943,0,0.03865,0.01402,0.003292,5.608E-4,0.004305,0.0012,0.004747,0.001028,0.00591,0.02385,0.001395,0.001668,0.003232,0.001678,0.005113,0.001631,0
1522683162810,true,4571.0,0,0.03918,0.01415,0.003258,5.514E-4,0.004318,0.001202,0.004773,0.001012,0.006305,0.02346,0.001447,0.001662,0.003181,0.001698,0.005152,0.001613,0
1522683162845,true,4571.058,0,0.03953,0.01433,0.003279,5.422E-4,0.004292,0.001203,0.00479,0.00102,0.005684,0.02381,0.001501,0.001644,0.00314,0.001714,0.00519,0.001593,0
1522683162880,true,4571.115,0,0.03878,0.01446,0.003313,5.423E-4,0.004261,0.001187,0.004799,0.001027,0.005302,0.02418,0.00155,0.001627,0.003166,0.001712,0.005154,0.0016,0
1522683163015,true,4571.161,0,0.03816,0.0142,0.003337,5.47E-4,0.004264,0.001168,0.004771,0.001036,0.00551,0.02443,0.001547,0.00163,0.003213,0.001689,0.005093,0.001617,0
1522683163050,true,4571.219,0,0.03859,0.01396,0.003329,5.559E-4,0.004295,0.001163,0.004715,0.001025,0.006109,0.02408,0.001524,0.001645,0.003257,0.001659,0.005081,0.001618,0
1522683163085,true,4571.276,0,0.03906,0.01411,0.003296,5.568E-4,0.004312,0.00117,0.004684,0.001001,0.00662,0.02361,0.001548,0.001646,0.003248,0.001653,0.005108,0.001604,0
1522683163120,true,4571.334,0,0.0393,0.01423,0.003301,5.445E-4,0.004323,0.001176,0.004706,9.874E-4,0.005917,0.02383,0.001574,0.001643,0.003195,0.001668,0.005151,0.001571,0
1522683163155,true,4571.391,0,0.03869,0.01445,0.003331,5.426E-4,0.004299,0.001176,0.004716,9.927E-4,0.004798,0.02438,0.001593,0.001632,0.003165,0.001676,0.005172,0.001545,0
1522683163315,true,4571.461,0,0.03746,0.01427,0.003351,5.454E-4,0.00428,0.001166,0.004731,9.99E-4,0.004549,0.0246,0.001583,0.001627,0.003162,0.001676,0.00512,0.00155,0
1522683163350,true,4571.519,0,0.03697,0.01377,0.003349,5.504E-4,0.004296,0.001159,0.004702,0.001009,0.005032,0.02439,0.001524,0.001642,0.003161,0.001664,0.005078,0.001558,0
1522683163385,true,4571.576,0,0.03735,0.01357,0.0033,5.514E-4,0.004305,0.001169,0.004654,0.001002,0.006143,0.02359,0.001495,0.001651,0.003167,0.00165,0.005086,0.001559,0
1522683163420,true,4571.634,0,0.03788,0.01368,0.00325,5.453E-4,0.004316,0.001174,0.004665,9.838E-4,0.006703,0.02302,0.001523,0.001647,0.003119,0.001662,0.005115,0.001547,0
1522683163455,true,4571.691,0,0.03841,0.01385,0.003252,5.339E-4,0.004291,0.001181,0.004685,9.888E-4,0.006145,0.02321,0.00156,0.001632,0.00306,0.001683,0.005143,0.001528,0
1522683163615,true,4571.761,0,0.03795,0.01405,0.003279,5.337E-4,0.004252,0.00117,0.004688,0.001,0.005563,0.0236,0.001606,0.001613,0.003067,0.001689,0.005124,0.001527,0
1522683163650,true,4571.819,0,0.03729,0.01384,0.003307,5.357E-4,0.004246,0.001148,0.004686,0.001006,0.005621,0.02388,0.001612,0.00161,0.003105,0.001673,0.005058,0.001545,0
1522683163685,true,4571.876,0,0.03756,0.0135,0.003315,5.404E-4,0.004268,0.001139,0.00463,0.001003,0.006145,0.02367,0.001586,0.00162,0.003154,0.001643,0.005029,0.001553,0
1522683163720,true,4571.934,0,0.03826,0.01355,0.003276,5.432E-4,0.004282,0.001144,0.004585,9.796E-4,0.00677,0.02316,0.0016,0.001619,0.003167,0.001629,0.005049,0.001546,0
1522683163755,true,4571.991,0,0.03851,0.01374,0.003266,5.338E-4,0.004298,0.00115,0.004591,9.636E-4,0.006318,0.02324,0.001625,0.001616,0.003133,0.001636,0.005088,0.001522,0
1522683163890,true,4572.037,0,0.03825,0.01395,0.003294,5.274E-4,0.004281,0.001154,0.004603,9.691E-4,0.005085,0.02382,0.00166,0.001599,0.003109,0.001645,0.005131,0.001491,0
1522683163925,true,4572.095,0,0.03714,0.0139,0.00332,5.302E-4,0.004259,0.001144,0.004619,9.748E-4,0.004472,0.02419,0.001654,0.001592,0.00312,0.001643,0.005106,0.001489,0
1522683163960,true,4572.152,0,0.03635,0.0135,0.003327,5.341E-4,0.004267,0.001136,0.004603,9.855E-4,0.004702,0.02419,0.0016,0.001604,0.00314,0.001627,0.00506,0.001498,0
1522683163995,true,4572.21,0,0.03667,0.01318,0.003283,5.4E-4,0.004285,0.001143,0.004562,9.79E-4,0.005528,0.02354,0.00156,0.001611,0.003161,0.001604,0.005061,0.001498,0
1522683164030,true,4572.267,0,0.03717,0.01326,0.003224,5.343E-4,0.00429,0.001152,0.004561,9.585E-4,0.006342,0.02279,0.001543,0.001613,0.003102,0.00161,0.005072,0.001492,0
1522683164190,true,4572.336,0,0.03766,0.01347,0.003204,5.225E-4,0.004268,0.001164,0.004584,9.553E-4,0.005887,0.02286,0.001552,0.001601,0.003013,0.001627,0.005089,0.001471,0
1522683164225,true,4572.394,0,0.03742,0.01378,0.003223,5.185E-4,0.004224,0.001159,0.004597,9.653E-4,0.005182,0.02323,0.001574,0.001579,0.002988,0.001635,0.005055,0.001468,0
1522683164260,true,4572.451,0,0.03674,0.01373,0.003242,5.207E-4,0.004203,0.001142,0.004605,9.733E-4,0.005125,0.02354,0.001573,0.001569,0.003014,0.001623,0.004989,0.001485,0
1522683164295,true,4572.509,0,0.03688,0.01347,0.003255,5.258E-4,0.004218,0.001134,0.004561,9.762E-4,0.005655,0.02344,0.001531,0.001577,0.003066,0.001593,0.004939,0.001499,0
1522683164330,true,4572.566,0,0.03768,0.0135,0.003231,5.287E-4,0.004233,0.001139,0.00452,9.587E-4,0.006428,0.02291,0.001524,0.001578,0.003106,0.001567,0.00495,0.001501,0
1522683164465,true,4572.612,0,0.03818,0.01374,0.003206,5.238E-4,0.004252,0.001144,0.004523,9.379E-4,0.00638,0.02278,0.001548,0.001572,0.003081,0.001571,0.004983,0.001481,0
1522683164500,true,4572.67,0,0.03845,0.01394,0.003234,5.174E-4,0.00424,0.001152,0.004536,9.386E-4,0.005103,0.02338,0.001581,0.001556,0.003043,0.001583,0.005032,0.00145,0
1522683164535,true,4572.727,0,0.03752,0.01405,0.003261,5.21E-4,0.004212,0.001147,0.004557,9.449E-4,0.004216,0.02388,0.001595,0.001542,0.003063,0.001584,0.005019,0.001443,0
1522683164570,true,4572.785,0,0.0366,0.01373,0.003273,5.254E-4,0.004224,0.001132,0.004555,9.542E-4,0.004095,0.02412,0.001554,0.001548,0.003091,0.001574,0.004967,0.001459,0
1522683164605,true,4572.842,0,0.03665,0.01338,0.003247,5.335E-4,0.004247,0.001135,0.004519,9.52E-4,0.004782,0.02365,0.001498,0.00156,0.003118,0.001552,0.004957,0.001466,0
1522683164740,true,4572.886,0,0.0372,0.01342,0.003183,5.336E-4,0.004257,0.001144,0.004503,9.36E-4,0.005738,0.02288,0.001483,0.001563,0.003083,0.001555,0.004973,0.001463,0
1522683164775,true,4572.944,0,0.0377,0.01357,0.003157,5.205E-4,0.004254,0.001153,0.004522,9.333E-4,0.005629,0.02274,0.001493,0.001553,0.002998,0.001577,0.004992,0.001447,0
1522683164810,true,4573.001,0,0.03775,0.01387,0.003167,5.136E-4,0.004208,0.001154,0.004538,9.429E-4,0.004812,0.02315,0.001501,0.001533,0.002949,0.001585,0.004993,0.00143,0
1522683164845,true,4573.059,0,0.03705,0.0139,0.003179,5.138E-4,0.00416,0.001139,0.004542,9.53E-4,0.004659,0.02346,0.001493,0.001518,0.002937,0.001585,0.00492,0.001446,0
1522683164880,true,4573.116,0,0.03685,0.01365,0.003194,5.164E-4,0.004155,0.001127,0.004499,9.633E-4,0.005053,0.02349,0.001447,0.001525,0.00296,0.001567,0.004843,0.001467,0
1522683165041,true,4573.187,0,0.03772,0.01356,0.003165,5.235E-4,0.004161,0.001132,0.004444,9.493E-4,0.005805,0.023,0.001433,0.001528,0.003003,0.001542,0.004839,0.001473,0
1522683165075,true,4573.245,0,0.03829,0.01385,0.003132,5.206E-4,0.004171,0.001138,0.004436,9.234E-4,0.006148,0.02269,0.001446,0.001527,0.002995,0.001538,0.00486,0.00146,0
1522683165110,true,4573.302,0,0.03873,0.01407,0.003153,5.108E-4,0.00416,0.00115,0.004452,9.208E-4,0.005179,0.02315,0.001481,0.001512,0.002965,0.00155,0.004903,0.00143,0
1522683165145,true,4573.36,0,0.0381,0.0143,0.00319,5.13E-4,0.004129,0.001146,0.004463,9.275E-4,0.004094,0.02373,0.00152,0.001491,0.002977,0.001553,0.004919,0.001418,0
1522683165181,true,4573.417,0,0.03704,0.01407,0.003212,5.178E-4,0.004132,0.00113,0.004468,9.354E-4,0.003834,0.02405,0.001497,0.001496,0.003024,0.001544,0.004886,0.001425,0
1522683165340,true,4573.486,0,0.03687,0.01362,0.003203,5.252E-4,0.004155,0.001129,0.004435,9.38E-4,0.004274,0.02375,0.001444,0.00151,0.003067,0.001523,0.004879,0.00143,0
1522683165375,true,4573.544,0,0.03739,0.01347,0.003149,5.274E-4,0.004173,0.001138,0.004404,9.261E-4,0.00514,0.02301,0.001409,0.001516,0.003073,0.001515,0.004907,0.001428,0
1522683165410,true,4573.601,0,0.03779,0.0136,0.003108,5.202E-4,0.004175,0.001149,0.004426,9.161E-4,0.005324,0.02265,0.001417,0.00151,0.003001,0.001536,0.004949,0.001412,0
1522683165445,true,4573.659,0,0.03805,0.01381,0.003115,5.124E-4,0.004139,0.001156,0.004441,9.28E-4,0.004618,0.02293,0.001436,0.00149,0.002945,0.001552,0.004975,0.001392,0
1522683165480,true,4573.716,0,0.03738,0.0139,0.003126,5.141E-4,0.004098,0.001144,0.004448,9.413E-4,0.004262,0.02322,0.00145,0.001471,0.00293,0.001557,0.004932,0.001403,0
1522683165641,true,4573.788,0,0.03693,0.01366,0.003145,5.149E-4,0.004091,0.001127,0.004417,9.547E-4,0.004629,0.02337,0.001416,0.001469,0.00294,0.001541,0.004855,0.001423,0
1522683165676,true,4573.846,0,0.0375,0.01348,0.003113,5.239E-4,0.004093,0.001127,0.00435,9.508E-4,0.005389,0.02295,0.001371,0.001473,0.002953,0.001514,0.004816,0.001434,0
1522683165711,true,4573.903,0,0.03819,0.01373,0.003062,5.233E-4,0.004094,0.001132,0.004314,9.278E-4,0.005981,0.02249,0.001365,0.001472,0.002914,0.00151,0.004816,0.001428,0
1522683165746,true,4573.961,0,0.0387,0.01396,0.003053,5.158E-4,0.004083,0.001142,0.004312,9.231E-4,0.005371,0.02276,0.001382,0.001461,0.002858,0.001524,0.004846,0.001404,0
1522683165781,true,4574.018,0,0.03833,0.01427,0.003088,5.149E-4,0.004047,0.001145,0.004312,9.315E-4,0.004181,0.02342,0.001409,0.001443,0.002854,0.001528,0.004871,0.001382,0
1522683165890,true,4574.036,0,0.03726,0.01419,0.003116,5.183E-4,0.004029,0.001134,0.004323,9.388E-4,0.003601,0.02386,0.001398,0.00144,0.002904,0.001521,0.004839,0.00139,0
1522683165925,true,4574.094,0,0.03678,0.01375,0.003137,5.221E-4,0.004046,0.001131,0.004294,9.496E-4,0.003889,0.02374,0.001344,0.001455,0.002951,0.001502,0.004827,0.001394,0
1522683165960,true,4574.151,0,0.03722,0.01351,0.00309,5.293E-4,0.004064,0.001142,0.004262,9.407E-4,0.004736,0.02304,0.001304,0.001467,0.002983,0.001485,0.004857,0.001395,0
1522683165995,true,4574.209,0,0.03753,0.0136,0.003036,5.245E-4,0.004076,0.001151,0.00428,9.255E-4,0.00516,0.02253,0.001305,0.001469,0.00294,0.001499,0.004902,0.001382,0
1522683166030,true,4574.266,0,0.03788,0.01373,0.003037,5.154E-4,0.004053,0.001164,0.004311,9.348E-4,0.004482,0.02274,0.001333,0.001453,0.002882,0.001521,0.004949,0.001362,0
1522683166190,true,4574.337,0,0.03735,0.01388,0.003058,5.139E-4,0.004015,0.001157,0.004331,9.483E-4,0.003956,0.02304,0.001368,0.00143,0.002868,0.001532,0.00494,0.001363,0
1522683166225,true,4574.395,0,0.03675,0.01366,0.00307,5.136E-4,0.004003,0.001139,0.004331,9.616E-4,0.00423,0.0232,0.001348,0.001427,0.002872,0.001525,0.004875,0.001387,0
1522683166260,true,4574.452,0,0.03725,0.01332,0.003057,5.199E-4,0.004008,0.001137,0.004278,9.638E-4,0.004988,0.02289,0.001309,0.001434,0.002894,0.001498,0.004839,0.001402,0
1522683166295,true,4574.51,0,0.03811,0.01344,0.003016,5.182E-4,0.004014,0.001142,0.004235,9.452E-4,0.005732,0.02234,0.001303,0.001433,0.002884,0.001483,0.004844,0.001403,0
1522683166330,true,4574.567,0,0.03866,0.01372,0.002995,5.096E-4,0.004016,0.001148,0.004234,9.315E-4,0.005373,0.02245,0.001323,0.001422,0.002825,0.001492,0.004859,0.001384,0
1522683166490,true,4574.637,0,0.03865,0.01404,0.00302,5.038E-4,0.003976,0.001155,0.004235,9.362E-4,0.004073,0.0232,0.001334,0.001406,0.002775,0.001498,0.004878,0.001357,0
1522683166525,true,4574.695,0,0.03762,0.01408,0.003038,5.098E-4,0.003941,0.001148,0.004234,9.421E-4,0.003303,0.02373,0.001323,0.001396,0.002771,0.001498,0.004825,0.001361,0
1522683166560,true,4574.752,0,0.03681,0.01372,0.003047,5.154E-4,0.003947,0.00114,0.004204,9.545E-4,0.003354,0.02386,0.001262,0.001408,0.002792,0.001483,0.004771,0.001374,0
1522683166595,true,4574.81,0,0.03707,0.01342,0.003012,5.247E-4,0.003969,0.001149,0.004166,9.487E-4,0.004084,0.02331,0.001205,0.001424,0.002829,0.001463,0.004794,0.001373,0
1522683166630,true,4574.867,0,0.03728,0.01355,0.002952,5.238E-4,0.003984,0.001163,0.00417,9.337E-4,0.004769,0.02267,0.001194,0.001431,0.002809,0.001471,0.004828,0.001365,0
1522683166765,true,4574.912,0,0.03762,0.01364,0.002939,5.139E-4,0.003969,0.00118,0.004215,9.326E-4,0.004397,0.02272,0.001205,0.001425,0.00275,0.001498,0.004876,0.001344,0
1522683166800,true,4574.97,0,0.03714,0.01386,0.002958,5.095E-4,0.003925,0.001181,0.004241,9.499E-4,0.003736,0.02306,0.001229,0.001407,0.002728,0.001512,0.004889,0.001336,0
1522683166835,true,4575.027,0,0.03633,0.01375,0.002968,5.121E-4,0.003896,0.00117,0.004259,9.642E-4,0.003829,0.02321,0.00122,0.0014,0.002741,0.001512,0.004835,0.001357,0
1522683166870,true,4575.085,0,0.03644,0.01338,0.002973,5.157E-4,0.003902,0.001164,0.004228,9.721E-4,0.004477,0.02303,0.001183,0.001407,0.002768,0.001493,0.0048,0.001376,0
1522683166905,true,4575.142,0,0.0375,0.01336,0.002929,5.205E-4,0.003909,0.00117,0.004189,9.598E-4,0.005383,0.02245,0.001171,0.001411,0.00279,0.001472,0.004802,0.001385,0
1522683167065,true,4575.212,0,0.03813,0.0137,0.002896,5.153E-4,0.003912,0.001176,0.004188,9.423E-4,0.005525,0.02229,0.001193,0.001407,0.002741,0.001483,0.004822,0.001373,0
1522683167100,true,4575.27,0,0.03854,0.01402,0.002921,5.089E-4,0.003885,0.001185,0.0042,9.432E-4,0.004367,0.02295,0.001219,0.001394,0.002703,0.001493,0.004851,0.001351,0
1522683167135,true,4575.327,0,0.03777,0.01419,0.002948,5.128E-4,0.003847,0.001182,0.004209,9.482E-4,0.003391,0.02358,0.001232,0.001382,0.002701,0.001493,0.004824,0.001348,0
1522683167170,true,4575.385,0,0.03698,0.0139,0.00297,5.179E-4,0.00385,0.001169,0.004192,9.582E-4,0.003188,0.02395,0.001192,0.001389,0.002718,0.001481,0.004767,0.001365,0
