1522682777146,true,4185.227,0,0.02451,0.009173,0.002211,5.028E-4,0.003165,9.82E-4,0.003449,8.382E-4,0.004188,0.01781,7.383E-4,0.00163,0.002572,0.001562,0.003854,0.001643,1
1522682777181,true,4185.284,0,0.02515,0.009341,0.002193,4.919E-4,0.003177,9.918E-4,0.003484,8.399E-4,0.004197,0.01767,7.466E-4,0.001627,0.002496,0.001588,0.003895,0.001625,1
1522682777216,true,4185.342,0,0.02537,0.009617,0.002222,4.853E-4,0.003152,9.959E-4,0.003514,8.594E-4,0.003525,0.01801,7.748E-4,0.00161,0.00246,0.001606,0.003923,0.00161,1
1522682777251,true,4185.399,0,0.02495,0.009665,0.002251,4.852E-4,0.003128,9.833E-4,0.00354,8.743E-4,0.003389,0.01828,7.924E-4,0.001596,0.002477,0.001607,0.003877,0.001629,1
1522682777386,true,4185.444,0,0.02488,0.009457,0.002279,4.863E-4,0.003145,9.702E-4,0.003533,8.848E-4,0.003863,0.01827,7.653E-4,0.0016,0.002518,0.001588,0.003819,0.00165,1
1522682777422,true,4185.502,0,0.0258,0.009356,0.002267,4.906E-4,0.003165,9.693E-4,0.003499,8.745E-4,0.004686,0.01777,7.564E-4,0.001604,0.002561,0.001562,0.003815,0.001658,1
1522682777456,true,4185.559,0,0.02641,0.009664,0.002244,4.843E-4,0.003184,9.737E-4,0.003502,8.518E-4,0.00513,0.0174,7.794E-4,0.001601,0.00255,0.001559,0.003847,0.001647,1
1522682777491,true,4185.617,0,0.02692,0.009901,0.002269,4.724E-4,0.003184,9.806E-4,0.003539,8.432E-4,0.004205,0.01782,8.077E-4,0.001591,0.002516,0.001573,0.003892,0.001619,1
1522682777526,true,4185.674,0,0.02633,0.01014,0.002305,4.738E-4,0.003166,9.745E-4,0.00356,8.463E-4,0.003146,0.01837,8.37E-4,0.001573,0.002522,0.001576,0.003905,0.001605,1
1522682777661,true,4185.719,0,0.02537,0.009939,0.002328,4.775E-4,0.003167,9.619E-4,0.003579,8.505E-4,0.002905,0.01865,8.186E-4,0.001575,0.002557,0.001565,0.003864,0.001614,1
1522682777696,true,4185.777,0,0.02518,0.009545,0.002326,4.821E-4,0.003192,9.598E-4,0.003549,8.545E-4,0.003377,0.01835,7.641E-4,0.00159,0.002589,0.001543,0.00384,0.001621,1
1522682777731,true,4185.834,0,0.02564,0.009424,0.002275,4.838E-4,0.003208,9.704E-4,0.00353,8.386E-4,0.004223,0.0176,7.345E-4,0.001597,0.00258,0.001534,0.00386,0.001617,1
1522682777766,true,4185.892,0,0.026,0.009499,0.002229,4.744E-4,0.003218,9.772E-4,0.003549,8.269E-4,0.004309,0.01727,7.404E-4,0.001592,0.002499,0.001556,0.003893,0.001597,1
1522682777801,true,4185.949,0,0.02627,0.009657,0.00223,4.659E-4,0.003188,9.808E-4,0.00357,8.379E-4,0.003584,0.01755,7.535E-4,0.001575,0.002434,0.001575,0.003916,0.001579,1
1522682777961,true,4186.019,0,0.02562,0.009731,0.002254,4.641E-4,0.003148,9.694E-4,0.003591,8.5E-4,0.0033,0.01778,7.789E-4,0.001553,0.002438,0.00158,0.003882,0.001584,1
1522682777996,true,4186.077,0,0.02518,0.009474,0.002273,4.635E-4,0.003154,9.499E-4,0.003576,8.638E-4,0.003655,0.01788,7.537E-4,0.001556,0.002474,0.001564,0.003825,0.001603,1
1522682778031,true,4186.134,0,0.02579,0.00925,0.002263,4.682E-4,0.003176,9.465E-4,0.003533,8.593E-4,0.004328,0.01752,7.364E-4,0.001563,0.002525,0.001532,0.003804,0.001613,1
1522682778066,true,4186.192,0,0.02649,0.009427,0.002228,4.663E-4,0.003189,9.507E-4,0.003518,8.362E-4,0.004947,0.01708,7.591E-4,0.001561,0.002524,0.001525,0.003828,0.001606,1
1522682778101,true,4186.249,0,0.02695,0.009608,0.002238,4.534E-4,0.003193,9.562E-4,0.003545,8.197E-4,0.004286,0.01733,7.92E-4,0.001551,0.002489,0.001537,0.003863,0.001583,1
1522682778261,true,4186.319,0,0.02657,0.009838,0.002278,4.489E-4,0.003168,9.54E-4,0.003565,8.213E-4,0.003085,0.01792,8.303E-4,0.001534,0.002486,0.001542,0.003889,0.001561,1
1522682778296,true,4186.377,0,0.02544,0.009696,0.002303,4.509E-4,0.003154,9.401E-4,0.003583,8.242E-4,0.002536,0.01829,8.255E-4,0.001529,0.002518,0.001541,0.003862,0.001563,1
1522682778331,true,4186.434,0,0.02485,0.009286,0.002314,4.514E-4,0.003172,9.331E-4,0.003558,8.287E-4,0.002746,0.01818,7.792E-4,0.00154,0.002551,0.001521,0.003826,0.001572,1
1522682778366,true,4186.492,0,0.02508,0.009078,0.002261,4.554E-4,0.003182,9.439E-4,0.00352,8.193E-4,0.003547,0.01748,7.495E-4,0.001549,0.002566,0.001502,0.003844,0.001571,1
1522682778401,true,4186.549,0,0.02527,0.009205,0.002206,4.489E-4,0.0032,9.493E-4,0.003535,8.002E-4,0.003944,0.01696,7.452E-4,0.001552,0.002509,0.001515,0.003873,0.001556,1
1522682778561,true,4186.619,0,0.0256,0.009335,0.002199,4.393E-4,0.003179,9.573E-4,0.003561,8.045E-4,0.00341,0.01712,7.555E-4,0.001538,0.002424,0.001537,0.003904,0.00153,1
1522682778597,true,4186.677,0,0.02511,0.009503,0.002207,4.416E-4,0.003137,9.491E-4,0.003567,8.207E-4,0.002856,0.0174,7.8E-4,0.001517,0.002383,0.001548,0.003873,0.001532,1
1522682778631,true,4186.734,0,0.02453,0.009346,0.002225,4.449E-4,0.003124,9.316E-4,0.003561,8.327E-4,0.002944,0.01766,7.547E-4,0.001518,0.002391,0.001539,0.003796,0.001553,1
1522682778667,true,4186.792,0,0.02496,0.009083,0.002228,4.501E-4,0.003137,9.288E-4,0.00351,8.378E-4,0.003503,0.01743,7.257E-4,0.001525,0.002437,0.00151,0.003767,0.001562,1
1522682778701,true,4186.849,0,0.02589,0.00923,0.002204,4.509E-4,0.003156,9.337E-4,0.003479,8.23E-4,0.004187,0.01694,7.368E-4,0.001526,0.002458,0.001494,0.003787,0.001562,1
1522682778837,true,4186.895,0,0.02649,0.009476,0.002206,4.41E-4,0.003174,9.394E-4,0.003501,8.057E-4,0.003928,0.01696,7.781E-4,0.001521,0.002439,0.001501,0.003826,0.001538,1
1522682778872,true,4186.953,0,0.0266,0.009703,0.002248,4.348E-4,0.00316,9.409E-4,0.003525,8.074E-4,0.00272,0.01758,8.258E-4,0.001503,0.002435,0.001505,0.003867,0.00151,1
1522682778907,true,4187.01,0,0.02569,0.009679,0.002287,4.376E-4,0.003151,9.261E-4,0.00354,8.103E-4,0.002064,0.018,8.478E-4,0.001492,0.002468,0.001506,0.003845,0.00151,1
1522682778941,true,4187.068,0,0.02485,0.009324,0.002314,4.4E-4,0.003175,9.143E-4,0.003532,8.184E-4,0.002177,0.01806,8.14E-4,0.001503,0.002517,0.001488,0.003814,0.001519,1
1522682778977,true,4187.125,0,0.02498,0.009074,0.00229,4.469E-4,0.0032,9.217E-4,0.003496,8.152E-4,0.002854,0.01747,7.808E-4,0.001515,0.002562,0.001463,0.003829,0.00152,1
1522682779112,true,4187.17,0,0.0253,0.009199,0.002243,4.443E-4,0.003221,9.317E-4,0.003502,7.984E-4,0.003522,0.01685,7.871E-4,0.001519,0.002525,0.001471,0.003864,0.001508,1
1522682779147,true,4187.228,0,0.02571,0.009314,0.002236,4.332E-4,0.003214,9.422E-4,0.003539,7.98E-4,0.003197,0.01681,8.104E-4,0.001508,0.002446,0.001496,0.0039,0.001485,1
1522682779181,true,4187.285,0,0.02544,0.009554,0.002258,4.297E-4,0.003179,9.394E-4,0.00356,8.095E-4,0.002505,0.01709,8.438E-4,0.001486,0.002414,0.001504,0.003903,0.001474,1
1522682779216,true,4187.343,0,0.02472,0.009494,0.002277,4.295E-4,0.003156,9.212E-4,0.00357,8.186E-4,0.002534,0.01727,8.374E-4,0.00148,0.002423,0.001497,0.003829,0.001494,1
1522682779251,true,4187.4,0,0.02485,0.009188,0.002291,4.324E-4,0.003166,9.102E-4,0.003516,8.276E-4,0.003054,0.01713,7.945E-4,0.001489,0.002438,0.001469,0.00375,0.001514,1
1522682779411,true,4187.47,0,0.02561,0.009188,0.002256,4.394E-4,0.003171,9.137E-4,0.003459,8.129E-4,0.003793,0.01657,7.739E-4,0.001493,0.002439,0.001446,0.003734,0.001518,1
1522682779447,true,4187.528,0,0.0261,0.009453,0.002236,4.346E-4,0.003182,9.19E-4,0.003453,7.935E-4,0.003861,0.01639,8.034E-4,0.001487,0.002403,0.001448,0.003757,0.001497,1
1522682779481,true,4187.585,0,0.02639,0.009661,0.002265,4.288E-4,0.003168,9.266E-4,0.003472,7.932E-4,0.00268,0.01691,8.408E-4,0.001474,0.002379,0.001453,0.003798,0.001466,1
1522682779517,true,4187.643,0,0.02563,0.009811,0.002306,4.321E-4,0.003141,9.245E-4,0.003492,7.999E-4,0.001758,0.0174,8.667E-4,0.001463,0.002409,0.001451,0.003786,0.001457,1
1522682779552,true,4187.7,0,0.02478,0.009603,0.002342,4.368E-4,0.003159,9.139E-4,0.0035,8.12E-4,0.001644,0.01767,8.509E-4,0.001471,0.002456,0.00144,0.00375,0.001467,1
1522682779687,true,4187.745,0,0.02499,0.009302,0.002341,4.472E-4,0.003192,9.223E-4,0.003474,8.181E-4,0.002288,0.01725,8.108E-4,0.001489,0.002505,0.001419,0.003759,0.001469,1
1522682779722,true,4187.803,0,0.02565,0.009445,0.00231,4.501E-4,0.00322,9.385E-4,0.003477,8.092E-4,0.003231,0.0166,8.15E-4,0.001496,0.002504,0.001418,0.003795,0.001466,1
1522682779757,true,4187.86,0,0.02633,0.009703,0.002308,4.416E-4,0.003242,9.524E-4,0.003529,8.075E-4,0.00321,0.01651,8.573E-4,0.001489,0.002449,0.001441,0.003846,0.001448,1
1522682779791,true,4187.918,0,0.0267,0.009985,0.002352,4.348E-4,0.003224,9.566E-4,0.003567,8.259E-4,0.002533,0.0169,9.036E-4,0.001467,0.002425,0.001453,0.003867,0.001434,1
1522682779827,true,4187.975,0,0.02625,0.01005,0.002388,4.367E-4,0.003202,9.452E-4,0.003595,8.38E-4,0.002492,0.01717,9.255E-4,0.001456,0.002438,0.001453,0.003823,0.001447,1
1522682779986,true,4188.044,0,0.02616,0.009869,0.002423,4.401E-4,0.003211,9.381E-4,0.003574,8.537E-4,0.002972,0.01721,9.013E-4,0.001464,0.002469,0.001435,0.003757,0.001468,1
1522682780021,true,4188.102,0,0.02711,0.009902,0.002418,4.494E-4,0.00323,9.475E-4,0.003527,8.502E-4,0.003711,0.01682,8.873E-4,0.00147,0.002505,0.001407,0.003732,0.001482,1
1522682780056,true,4188.159,0,0.02804,0.01032,0.002403,4.483E-4,0.003246,9.601E-4,0.003523,8.343E-4,0.004186,0.01653,9.055E-4,0.001471,0.002476,0.001404,0.003742,0.001472,1
1522682780091,true,4188.217,0,0.02884,0.01072,0.002435,4.434E-4,0.003244,9.784E-4,0.003544,8.4E-4,0.003298,0.01707,9.351E-4,0.001461,0.002417,0.001419,0.003773,0.001445,1
1522682780126,true,4188.274,0,0.02862,0.0112,0.002492,4.476E-4,0.003231,9.862E-4,0.003573,8.578E-4,0.002237,0.01778,9.639E-4,0.00145,0.002423,0.001429,0.003777,0.001431,1
1522682780287,true,4188.344,0,0.02808,0.01123,0.00255,4.549E-4,0.003245,9.834E-4,0.003612,8.752E-4,0.002072,0.01825,9.619E-4,0.001453,0.002485,0.001419,0.003735,0.001444,1
1522682780322,true,4188.402,0,0.02851,0.01098,0.002583,4.657E-4,0.003294,9.887E-4,0.003608,8.886E-4,0.002625,0.01811,9.314E-4,0.00147,0.002549,0.001399,0.003732,0.001453,1
1522682780357,true,4188.459,0,0.02962,0.01099,0.002565,4.721E-4,0.003331,0.001006,0.003603,8.852E-4,0.003646,0.0175,9.357E-4,0.001476,0.002587,0.001387,0.003773,0.001453,1
1522682780391,true,4188.517,0,0.03053,0.01121,0.002557,4.642E-4,0.003361,0.001018,0.003655,8.787E-4,0.003962,0.01723,9.571E-4,0.001476,0.002549,0.001405,0.003826,0.001434,1
1522682780427,true,4188.574,0,0.03117,0.01151,0.00259,4.574E-4,0.003343,0.001033,0.003699,8.968E-4,0.003279,0.01763,0.001001,0.001461,0.002508,0.001426,0.00386,0.001417,1
1522682780561,true,4188.62,0,0.03089,0.01174,0.002629,4.616E-4,0.00332,0.001027,0.003737,9.115E-4,0.002973,0.018,0.001049,0.001439,0.002512,0.001435,0.003825,0.001429,1
1522682780596,true,4188.678,0,0.03077,0.01159,0.002667,4.664E-4,0.003334,0.001015,0.00374,9.312E-4,0.003436,0.01819,0.001042,0.001441,0.002547,0.001423,0.003761,0.001454,1
1522682780632,true,4188.735,0,0.03169,0.01148,0.002676,4.717E-4,0.00336,0.001018,0.003707,9.286E-4,0.004248,0.01785,0.00102,0.001449,0.002582,0.001396,0.003731,0.001469,1
1522682780666,true,4188.793,0,0.03267,0.01178,0.002651,4.73E-4,0.003375,0.00103,0.003695,9.077E-4,0.00493,0.01747,0.00103,0.001451,0.002574,0.001385,0.003743,0.001465,1
1522682780702,true,4188.85,0,0.03338,0.01206,0.002657,4.649E-4,0.003382,0.001041,0.003709,9.024E-4,0.004389,0.01773,0.001056,0.001441,0.002517,0.001397,0.003772,0.001439,1
1522682780862,true,4188.92,0,0.0332,0.01239,0.002705,4.62E-4,0.003351,0.001046,0.003725,9.095E-4,0.003187,0.01836,0.001077,0.001423,0.002491,0.001401,0.003775,0.00142,1
1522682780896,true,4188.978,0,0.03229,0.01233,0.002725,4.67E-4,0.003331,0.001036,0.003734,9.168E-4,0.002758,0.01872,0.00105,0.001423,0.002486,0.001401,0.003715,0.001425,1
1522682780931,true,4189.035,0,0.03187,0.01195,0.002734,4.719E-4,0.003348,0.001031,0.003702,9.286E-4,0.003064,0.01861,9.925E-4,0.001436,0.002514,0.001381,0.003668,0.001437,1
1522682780967,true,4189.093,0,0.03235,0.01171,0.002692,4.755E-4,0.003363,0.001042,0.003671,9.164E-4,0.003975,0.01784,9.558E-4,0.001447,0.002536,0.001361,0.003672,0.00144,1
1522682781002,true,4189.15,0,0.03267,0.01182,0.002637,4.689E-4,0.003371,0.001049,0.003688,8.989E-4,0.004518,0.01723,9.588E-4,0.001449,0.00248,0.001378,0.00371,0.001425,1
1522682781137,true,4189.195,0,0.03307,0.01197,0.00263,4.59E-4,0.003347,0.00106,0.003715,9.052E-4,0.003929,0.01735,9.788E-4,0.001434,0.00242,0.001398,0.003749,0.0014,1
1522682781172,true,4189.253,0,0.03259,0.01219,0.002649,4.588E-4,0.003309,0.001052,0.003731,9.174E-4,0.003426,0.01755,0.001017,0.001411,0.002398,0.001404,0.003719,0.001399,1
1522682781207,true,4189.31,0,0.03195,0.012,0.002665,4.606E-4,0.003297,0.001034,0.003728,9.28E-4,0.003578,0.01767,9.985E-4,0.001408,0.002412,0.001395,0.003643,0.00142,1
1522682781242,true,4189.368,0,0.03236,0.01165,0.002663,4.655E-4,0.003313,0.001026,0.003677,9.278E-4,0.004171,0.01737,9.613E-4,0.001415,0.002444,0.001362,0.00361,0.001429,1
1522682781277,true,4189.425,0,0.03318,0.0117,0.002615,4.694E-4,0.003319,0.001028,0.00363,9.07E-4,0.004905,0.01675,9.569E-4,0.001417,0.002441,0.001344,0.003613,0.001424,1
1522682781411,true,4189.47,0,0.03358,0.01183,0.002587,4.6E-4,0.003317,0.001032,0.003625,8.854E-4,0.004532,0.0167,9.783E-4,0.001408,0.002375,0.001348,0.003627,0.001397,1
1522682781446,true,4189.528,0,0.03346,0.0119,0.002595,4.539E-4,0.003283,0.00103,0.003619,8.824E-4,0.003262,0.01715,9.904E-4,0.00139,0.002324,0.001351,0.003646,0.001363,1
1522682781481,true,4189.585,0,0.03225,0.01175,0.002598,4.54E-4,0.003239,0.001015,0.003609,8.785E-4,0.002489,0.01739,9.744E-4,0.001377,0.002308,0.001346,0.003591,0.001357,1
1522682781517,true,4189.643,0,0.03111,0.01123,0.002581,4.541E-4,0.00323,9.982E-4,0.003558,8.814E-4,0.002517,0.0173,8.906E-4,0.001388,0.002293,0.001326,0.00351,0.001365,1
1522682781551,true,4189.7,0,0.03088,0.01074,0.002505,4.6E-4,0.003218,0.001,0.00348,8.692E-4,0.003202,0.0165,8.063E-4,0.001401,0.002283,0.001303,0.003477,0.001365,1
1522682781711,true,4189.77,0,0.03072,0.01062,0.002413,4.538E-4,0.0032,0.001004,0.003447,8.418E-4,0.00383,0.0156,7.8E-4,0.001399,0.002235,0.001302,0.003493,0.00135,1
1522682781747,true,4189.828,0,0.03053,0.01053,0.002356,4.402E-4,0.00317,0.001006,0.003443,8.317E-4,0.00337,0.01539,7.872E-4,0.001381,0.002146,0.001317,0.0035,0.001322,1
1522682781782,true,4189.885,0,0.0297,0.01054,0.002338,4.334E-4,0.0031,9.957E-4,0.003427,8.322E-4,0.002624,0.01542,7.966E-4,0.001355,0.0021,0.001322,0.003473,0.001311,1
1522682781816,true,4189.943,0,0.0285,0.01022,0.002309,4.331E-4,0.003041,9.712E-4,0.003399,8.313E-4,0.002496,0.01543,7.665E-4,0.001343,0.002092,0.001311,0.003376,0.001329,1
1522682781851,true,4190.0,0,0.02802,0.009736,0.002279,4.34E-4,0.003021,9.532E-4,0.003315,8.304E-4,0.00285,0.01512,7.089E-4,0.001347,0.002108,0.00128,0.003303,0.001341,1
1522682782012,true,4190.071,0,0.02831,0.009528,0.00221,4.358E-4,0.002999,9.518E-4,0.003231,8.053E-4,0.003603,0.01434,6.777E-4,0.001346,0.002111,0.00125,0.003289,0.001338,1
1522682782047,true,4190.129,0,0.02829,0.009629,0.002143,4.28E-4,0.002983,9.499E-4,0.003197,7.758E-4,0.003496,0.01399,6.705E-4,0.001339,0.002055,0.001245,0.003297,0.001312,1
1522682782082,true,4190.186,0,0.02809,0.009639,0.002122,4.198E-4,0.002939,9.483E-4,0.003178,7.646E-4,0.002238,0.01436,6.728E-4,0.00132,0.001984,0.001247,0.003308,0.001278,1
1522682782117,true,4190.244,0,0.02679,0.009533,0.002116,4.183E-4,0.002881,9.337E-4,0.003146,7.581E-4,0.001235,0.01461,6.604E-4,0.001299,0.001945,0.001244,0.003259,0.001267,1
1522682782151,true,4190.301,0,0.02538,0.00903,0.002084,4.21E-4,0.002852,9.137E-4,0.003096,7.582E-4,0.001041,0.01459,5.793E-4,0.001304,0.001912,0.001229,0.003168,0.001274,1
1522682782287,true,4190.345,0,0.02481,0.008502,0.002016,4.272E-4,0.002834,9.115E-4,0.003008,7.522E-4,0.001462,0.01397,4.736E-4,0.001317,0.001878,0.001208,0.003111,0.001278,1
1522682782322,true,4190.403,0,0.02465,0.008406,0.001914,4.273E-4,0.002815,9.166E-4,0.002951,7.324E-4,0.002191,0.01314,4.249E-4,0.001321,0.001826,0.001203,0.003113,0.00127,1
1522682782357,true,4190.46,0,0.02458,0.008408,0.001849,4.16E-4,0.002785,9.256E-4,0.002948,7.225E-4,0.001999,0.01286,4.107E-4,0.001311,0.00173,0.001224,0.003119,0.00125,1
1522682782392,true,4190.518,0,0.0243,0.008519,0.001837,4.074E-4,0.002729,9.223E-4,0.002942,7.299E-4,0.001238,0.01303,4.146E-4,0.001286,0.001666,0.001239,0.003113,0.001232,1
1522682782427,true,4190.575,0,0.02334,0.008428,0.001826,4.077E-4,0.002666,9.074E-4,0.00293,7.375E-4,0.001038,0.01315,3.953E-4,0.001271,0.001649,0.001238,0.003028,0.001249,1
1522682782561,true,4190.62,0,0.02277,0.008094,0.001816,4.079E-4,0.002647,8.918E-4,0.002868,7.479E-4,0.001415,0.01309,3.365E-4,0.001275,0.001654,0.001218,0.002936,0.001272,1
1522682782597,true,4190.678,0,0.0232,0.007915,0.001765,4.162E-4,0.002641,8.909E-4,0.002797,7.356E-4,0.002177,0.01252,2.865E-4,0.001279,0.001677,0.001187,0.002901,0.001279,1
1522682782632,true,4190.735,0,0.02355,0.008113,0.001704,4.134E-4,0.002631,8.94E-4,0.002762,7.12E-4,0.002546,0.01209,2.842E-4,0.001277,0.001633,0.001186,0.002902,0.001268,1
1522682782666,true,4190.793,0,0.02375,0.008232,0.001698,4.04E-4,0.002603,9.039E-4,0.002757,7.025E-4,0.001487,0.01248,2.818E-4,0.001264,0.001567,0.001196,0.002917,0.001238,1
1522682782701,true,4190.85,0,0.02297,0.008405,0.001715,4.037E-4,0.002554,9.021E-4,0.002749,7.041E-4,3.76E-4,0.01294,2.823E-4,0.001245,0.001539,0.001198,0.002896,0.001222,1
1522682782862,true,4190.921,0,0.02178,0.008173,0.00172,4.074E-4,0.002527,8.9E-4,0.002735,7.091E-4,-5.695E-6,0.0132,2.204E-4,0.001249,0.001528,0.00119,0.002816,0.001231,1
1522682782897,true,4190.979,0,0.02139,0.007738,0.0017,4.139E-4,0.002531,8.894E-4,0.002676,7.141E-4,2.462E-4,0.01294,1.298E-4,0.001267,0.001528,0.001174,0.002769,0.001238,1
1522682782932,true,4191.036,0,0.02162,0.007649,0.001627,4.185E-4,0.002529,9.023E-4,0.002636,7.044E-4,0.001105,0.01215,8.092E-5,0.001276,0.001517,0.001166,0.002779,0.001235,1
1522682782967,true,4191.094,0,0.0219,0.007764,0.001571,4.114E-4,0.002529,9.121E-4,0.002649,6.969E-4,0.001254,0.0118,7.492E-5,0.001273,0.001447,0.001187,0.0028,0.001219,1
1522682783002,true,4191.151,0,0.02218,0.007887,0.00157,4.026E-4,0.002492,9.192E-4,0.002673,7.075E-4,5.117E-4,0.01205,9.061E-5,0.001253,0.001384,0.001206,0.002819,0.001202,1
1522682783162,true,4191.221,0,0.02152,0.007975,0.001577,4.033E-4,0.002443,9.083E-4,0.002674,7.215E-4,1.455E-4,0.01231,9.793E-5,0.001235,0.00137,0.001212,0.002766,0.00121,1
1522682783197,true,4191.279,0,0.02104,0.007718,0.001582,4.064E-4,0.002434,8.9E-4,0.002646,7.365E-4,4.803E-4,0.01242,5.747E-5,0.001237,0.001374,0.001202,0.002684,0.001236,1
1522682783232,true,4191.336,0,0.02155,0.007513,0.001555,4.156E-4,0.002436,8.896E-4,0.002587,7.319E-4,0.001154,0.01206,1.967E-5,0.001242,0.001402,0.001175,0.00264,0.001251,1
1522682783266,true,4191.394,0,0.02215,0.007761,0.001507,4.189E-4,0.002431,8.974E-4,0.002551,7.156E-4,0.001759,0.01164,1.871E-5,0.001242,0.001387,0.001167,0.002643,0.001249,1
1522682783302,true,4191.451,0,0.02257,0.008047,0.0015,4.137E-4,0.002418,9.102E-4,0.002559,7.082E-4,0.00119,0.01192,3.585E-5,0.001233,0.00133,0.001181,0.002669,0.001227,1
1522682783436,true,4191.496,0,0.02232,0.008415,0.001533,4.155E-4,0.002379,9.168E-4,0.002562,7.192E-4,-6.37E-5,0.01261,4.913E-5,0.001217,0.001292,0.001194,0.002674,0.00121,1
1522682783471,true,4191.554,0,0.02153,0.008397,0.001555,4.258E-4,0.002358,9.108E-4,0.002568,7.328E-4,-5.569E-4,0.01308,2.071E-5,0.001218,0.001297,0.001194,0.002616,0.001219,1
1522682783506,true,4191.611,0,0.0212,0.008051,0.001571,4.323E-4,0.002379,9.098E-4,0.002543,7.468E-4,-3.225E-4,0.01315,-4.749E-5,0.001238,0.001327,0.00118,0.002569,0.001236,1
1522682783542,true,4191.669,0,0.02172,0.007888,0.001534,4.412E-4,0.002397,9.242E-4,0.002521,7.418E-4,4.508E-4,0.01259,-8.946E-5,0.001251,0.001355,0.001167,0.002584,0.001242,1
1522682783577,true,4191.726,0,0.02213,0.008068,0.001487,4.389E-4,0.002407,9.383E-4,0.002536,7.32E-4,9.8E-4,0.01214,-8.56E-5,0.001254,0.001316,0.001185,0.002624,0.00123,1
1522682783737,true,4191.796,0,0.02263,0.008246,0.00149,4.303E-4,0.002387,9.54E-4,0.002574,7.417E-4,3.677E-4,0.01238,-5.591E-5,0.001242,0.001269,0.001209,0.002652,0.001217,1
1522682783772,true,4191.854,0,0.02231,0.008454,0.001517,4.305E-4,0.002345,9.531E-4,0.002601,7.584E-4,-1.757E-4,0.01277,-1.948E-5,0.001221,0.001256,0.001222,0.002633,0.001223,1
1522682783807,true,4191.911,0,0.02177,0.008339,0.001541,4.347E-4,0.002338,9.38E-4,0.002603,7.752E-4,4.154E-5,0.01302,-3.493E-5,0.001222,0.001284,0.001215,0.002568,0.001251,1
1522682783842,true,4191.969,0,0.02223,0.008113,0.001545,4.436E-4,0.002357,9.363E-4,0.002558,7.808E-4,7.111E-4,0.01286,-6.337E-5,0.001234,0.001332,0.001192,0.00254,0.001268,1
1522682783877,true,4192.026,0,0.02319,0.008274,0.00151,4.499E-4,0.002367,9.472E-4,0.002524,7.636E-4,0.00148,0.01246,-5.643E-5,0.001236,0.001356,0.001176,0.002544,0.001276,1
1522682784012,true,4192.071,0,0.02373,0.008617,0.001501,4.483E-4,0.00237,9.613E-4,0.002529,7.557E-4,0.001192,0.01262,-2.627E-5,0.001233,0.00131,0.00119,0.002574,0.00126,1
1522682784047,true,4192.129,0,0.02394,0.008957,0.001543,4.485E-4,0.002344,9.732E-4,0.002538,7.686E-4,-1.608E-5,0.01338,4.768E-6,0.001219,0.001281,0.001201,0.0026,0.001238,1
1522682784082,true,4192.186,0,0.02329,0.009067,0.001579,4.567E-4,0.00232,9.713E-4,0.002554,7.809E-4,-6.666E-4,0.01394,7.903E-6,0.001213,0.001298,0.001202,0.00257,0.001244,1
1522682784117,true,4192.244,0,0.02276,0.008817,0.001612,4.647E-4,0.002336,9.703E-4,0.002546,8.006E-4,-5.579E-4,0.0142,-4.443E-5,0.001232,0.001342,0.001192,0.002525,0.001262,1
1522682784152,true,4192.301,0,0.02316,0.008661,0.001591,4.781E-4,0.002367,9.854E-4,0.002517,8.074E-4,1.684E-4,0.0138,-8.047E-5,0.001251,0.0014,0.001177,0.002543,0.001274,1
1522682784312,true,4192.371,0,0.02379,0.00887,0.001559,4.802E-4,0.00239,0.001002,0.00254,7.987E-4,0.001023,0.01327,-7.24E-5,0.001259,0.001392,0.001188,0.002595,0.001269,1
1522682784347,true,4192.429,0,0.02445,0.00907,0.001564,4.719E-4,0.002395,0.00102,0.002591,8.062E-4,7.922E-4,0.01338,-3.36E-5,0.00125,0.001345,0.001216,0.002649,0.001254,1
1522682784382,true,4192.486,0,0.02443,0.009315,0.001601,4.699E-4,0.002369,0.001022,0.00263,8.233E-4,1.846E-4,0.01378,1.017E-5,0.001233,0.001335,0.001231,0.002667,0.001252,1
1522682784417,true,4192.544,0,0.02388,0.009259,0.001631,4.725E-4,0.002355,0.001007,0.002641,8.41E-4,2.34E-4,0.01407,2.318E-5,0.001225,0.001366,0.001232,0.002618,0.001277,1
1522682784452,true,4192.601,0,0.02401,0.008978,0.001653,4.781E-4,0.002365,0.001003,0.002612,8.521E-4,8.437E-4,0.01401,-6.53E-6,0.001238,0.00141,0.001214,0.00258,0.001296,1
1522682784587,true,4192.646,0,0.02486,0.008988,0.001627,4.844E-4,0.002376,0.00101,0.002575,8.39E-4,0.001698,0.01352,-1.916E-5,0.001248,0.001443,0.001196,0.002581,0.001308,1
1522682784622,true,4192.704,0,0.02544,0.009285,0.001613,4.782E-4,0.002386,0.001019,0.00258,8.2E-4,0.001842,0.01341,9.126E-6,0.001247,0.001414,0.001205,0.002604,0.001299,1
1522682784657,true,4192.761,0,0.02576,0.00953,0.001648,4.714E-4,0.002372,0.001029,0.002593,8.234E-4,7.077E-4,0.01404,3.756E-5,0.001236,0.001379,0.001219,0.002638,0.001278,1
1522682784692,true,4192.819,0,0.02505,0.009675,0.001685,4.759E-4,0.002346,0.001024,0.002606,8.306E-4,-1.583E-4,0.01458,5.836E-5,0.001226,0.001382,0.001225,0.002612,0.001278,1
1522682784727,true,4192.876,0,0.02419,0.009398,0.001705,4.814E-4,0.00235,0.001015,0.0026,8.424E-4,-2.206E-4,0.01489,2.211E-5,0.001238,0.001402,0.001222,0.002562,0.001295,1
1522682784886,true,4192.946,0,0.02421,0.009019,0.001691,4.9E-4,0.002378,0.001021,0.002561,8.46E-4,3.291E-4,0.01456,-3.721E-5,0.001259,0.00146,0.001205,0.002565,0.001302,1
1522682784921,true,4193.004,0,0.02458,0.008957,0.001644,4.908E-4,0.002392,0.001033,0.002554,8.295E-4,0.001265,0.01386,-4.452E-5,0.00127,0.001466,0.001207,0.002606,0.001302,1
1522682784956,true,4193.061,0,0.02485,0.008994,0.001619,4.796E-4,0.002401,0.001038,0.002593,8.219E-4,0.001222,0.01365,-2.387E-5,0.001269,0.001418,0.001234,0.00266,0.001284,1
1522682784991,true,4193.119,0,0.02462,0.00914,0.001632,4.734E-4,0.002363,0.001039,0.002621,8.326E-4,5.655E-4,0.01393,2.205E-6,0.001255,0.001396,0.001251,0.002686,0.001272,1
1522682785026,true,4193.176,0,0.02377,0.009051,0.001646,4.735E-4,0.002333,0.001022,0.002634,8.431E-4,5.322E-4,0.01405,1.603E-5,0.001246,0.001409,0.001259,0.002642,0.001293,1
1522682785162,true,4193.221,0,0.0233,0.008735,0.001662,4.741E-4,0.002332,0.001006,0.002605,8.533E-4,0.001054,0.01397,-1.213E-5,0.001256,0.001449,0.001242,0.002588,0.00132,1
1522682785197,true,4193.279,0,0.02385,0.008557,0.001634,4.802E-4,0.002337,0.001007,0.002554,8.423E-4,0.001829,0.01348,-2.829E-5,0.001266,0.001489,0.00122,0.002585,0.001333,1
1522682785232,true,4193.336,0,0.02422,0.008815,0.001599,4.773E-4,0.002343,0.001012,0.002541,8.199E-4,0.002269,0.01311,-6.033E-6,0.00127,0.001471,0.00122,0.002611,0.001327,1
1522682785267,true,4193.394,0,0.02448,0.00903,0.001619,4.661E-4,0.00233,0.001021,0.002557,8.131E-4,0.001428,0.0135,2.563E-5,0.001263,0.001438,0.00123,0.002644,0.001306,1
1522682785302,true,4193.451,0,0.02391,0.009217,0.001666,4.635E-4,0.0023,0.001017,0.002559,8.188E-4,3.446E-4,0.01407,4.59E-5,0.001251,0.001424,0.00124,0.002642,0.001297,1
1522682785462,true,4193.521,0,0.02287,0.008953,0.001691,4.656E-4,0.002299,9.989E-4,0.00256,8.223E-4,1.525E-5,0.01441,1.148E-5,0.00126,0.001436,0.001242,0.002574,0.001314,1
1522682785497,true,4193.579,0,0.02248,0.008514,0.001685,4.718E-4,0.002314,9.978E-4,0.002518,8.278E-4,3.155E-4,0.01421,-5.487E-5,0.001283,0.001479,0.001226,0.002554,0.001327,1
1522682785532,true,4193.636,0,0.02279,0.008394,0.001636,4.753E-4,0.002328,0.001008,0.002495,8.159E-4,0.001082,0.01357,-7.993E-5,0.001298,0.001496,0.001222,0.002599,0.001328,1
1522682785567,true,4193.694,0,0.02303,0.008462,0.001597,4.68E-4,0.002344,0.001016,0.002524,8.048E-4,0.001326,0.01321,-7.184E-5,0.001305,0.00145,0.001248,0.00266,0.001312,1
1522682785602,true,4193.751,0,0.02319,0.008536,0.001617,4.569E-4,0.002327,0.001018,0.002558,8.127E-4,6.076E-4,0.01351,-4.021E-5,0.001293,0.001408,0.001274,0.00271,0.001296,1
1522682785762,true,4193.822,0,0.02247,0.008534,0.001632,4.554E-4,0.002296,0.001004,0.002584,8.211E-4,3.345E-4,0.01373,-1.056E-5,0.001278,0.001415,0.001286,0.002684,0.001308,1
1522682785797,true,4193.88,0,0.02181,0.008231,0.00165,4.554E-4,0.002297,9.84E-4,0.002566,8.343E-4,7.111E-4,0.01382,-2.58E-5,0.001284,0.001444,0.001276,0.002619,0.001338,1
1522682785832,true,4193.937,0,0.02226,0.007981,0.001638,4.598E-4,0.002313,9.799E-4,0.002517,8.299E-4,0.001451,0.01342,-5.926E-5,0.001296,0.001491,0.001252,0.002603,0.001355,1
1522682785867,true,4193.995,0,0.02283,0.00813,0.001589,4.611E-4,0.002325,9.804E-4,0.002489,8.069E-4,0.002235,0.01292,-4.918E-5,0.001303,0.001496,0.001247,0.002622,0.001356,1
1522682785902,true,4194.052,0,0.02312,0.008327,0.001588,4.523E-4,0.002328,9.848E-4,0.002502,7.945E-4,0.001608,0.01319,-1.555E-5,0.001298,0.001451,0.001263,0.002657,0.001337,1
1522682786037,true,4194.096,0,0.02272,0.008573,0.001622,4.484E-4,0.0023,9.851E-4,0.002507,7.988E-4,4.198E-4,0.01382,1.013E-5,0.001283,0.001433,0.001271,0.00268,0.001317,1
1522682786072,true,4194.154,0,0.02169,0.008479,0.001644,4.523E-4,0.002284,9.726E-4,0.002512,8.037E-4,-1.189E-4,0.01424,-1.1E-5,0.001287,0.001441,0.001272,0.002623,0.001332,1
1522682786107,true,4194.211,0,0.02114,0.008112,0.001653,4.588E-4,0.002302,9.698E-4,0.00248,8.118E-4,3.58E-5,0.01427,-6.803E-5,0.001308,0.001453,0.001263,0.002585,0.001347,1
1522682786142,true,4194.269,0,0.02144,0.007913,0.001617,4.636E-4,0.002323,9.796E-4,0.002452,8.029E-4,7.818E-4,0.01369,-9.294E-5,0.001323,0.001488,0.001251,0.002613,0.00135,1
1522682786177,true,4194.326,0,0.02173,0.00801,0.00157,4.594E-4,0.002339,9.885E-4,0.002477,7.845E-4,0.001251,0.01322,-8.764E-5,0.001333,0.001457,0.001269,0.002658,0.001342,1
1522682786312,true,4194.372,0,0.02212,0.008121,0.001573,4.504E-4,0.002324,0.001,0.002524,7.912E-4,6.449E-4,0.01344,-5.579E-5,0.001326,0.001416,0.001298,0.002708,0.001328,1
1522682786347,true,4194.43,0,0.02168,0.008295,0.001596,4.508E-4,0.002292,9.945E-4,0.00255,8.056E-4,1.352E-4,0.01376,-1.517E-5,0.00131,0.001411,0.001313,0.002711,0.001331,1
1522682786382,true,4194.487,0,0.02111,0.008128,0.001617,4.534E-4,0.002284,9.784E-4,0.002564,8.209E-4,3.796E-4,0.014,-2.211E-5,0.001311,0.00144,0.001312,0.002645,0.001363,1
1522682786417,true,4194.545,0,0.02151,0.007855,0.001616,4.607E-4,0.002307,9.734E-4,0.002532,8.237E-4,0.001145,0.01379,-4.522E-5,0.001323,0.001484,0.00129,0.00262,0.001383,1
1522682786452,true,4194.602,0,0.02247,0.007976,0.001588,4.635E-4,0.002323,9.797E-4,0.0025,8.068E-4,0.001998,0.01329,-2.805E-5,0.001327,0.001498,0.00128,0.002634,0.001392,1
1522682786613,true,4194.673,0,0.023,0.008303,0.001574,4.589E-4,0.002342,9.836E-4,0.002515,7.923E-4,0.001756,0.01341,9.777E-6,0.001321,0.00146,0.001295,0.002662,0.001379,1
1522682786647,true,4194.731,0,0.02315,0.008596,0.001612,4.552E-4,0.002326,9.876E-4,0.002534,7.979E-4,5.5E-4,0.01413,4.901E-5,0.001307,0.001431,0.001307,0.002705,0.001356,1
1522682786682,true,4194.788,0,0.02235,0.008668,0.001648,4.61E-4,0.002306,9.808E-4,0.002547,8.048E-4,-1.897E-4,0.01469,5.63E-5,0.001304,0.001441,0.001307,0.002664,0.001365,1
1522682786717,true,4194.846,0,0.0217,0.008396,0.001677,4.632E-4,0.002329,9.713E-4,0.002522,8.193E-4,-1.222E-4,0.01496,-1.859E-6,0.001322,0.001454,0.001294,0.002612,0.001379,1
1522682786752,true,4194.903,0,0.02206,0.008163,0.001652,4.721E-4,0.00235,9.834E-4,0.002475,8.214E-4,5.344E-4,0.01454,-5.802E-5,0.001342,0.001455,0.001284,0.002596,0.00139,1
1522682786886,true,4194.946,0,0.02247,0.008305,0.001605,4.713E-4,0.002369,9.968E-4,0.002477,8.111E-4,0.001303,0.014,-6.339E-5,0.001354,0.001426,0.001298,0.002635,0.001388,1
1522682786922,true,4195.004,0,0.02295,0.008483,0.001604,4.628E-4,0.00237,0.001014,0.002525,8.161E-4,9.26E-4,0.01409,-3.695E-5,0.001349,0.001371,0.001328,0.002691,0.001369,1
1522682786956,true,4195.061,0,0.02279,0.0088,0.001641,4.597E-4,0.002348,0.001016,0.002558,8.371E-4,2.697E-4,0.0145,6.42E-6,0.001335,0.001357,0.001348,0.002713,0.001364,1
1522682786991,true,4195.119,0,0.02228,0.008782,0.001675,4.628E-4,0.002338,0.001005,0.002584,8.538E-4,3.705E-4,0.01479,2.027E-5,0.001332,0.001383,0.00135,0.00266,0.001391,1
1522682787027,true,4195.176,0,0.0226,0.008505,0.001697,4.661E-4,0.002359,9.997E-4,0.002558,8.663E-4,0.001019,0.01474,-5.661E-6,0.001346,0.001417,0.001335,0.002623,0.001414,1
1522682787187,true,4195.247,0,0.02359,0.008519,0.001678,4.685E-4,0.002378,0.001008,0.002522,8.581E-4,0.001913,0.01428,-3.363E-6,0.001353,0.001447,0.001318,0.00263,0.001428,1
1522682787222,true,4195.305,0,0.02437,0.008835,0.001658,4.647E-4,0.002398,0.001013,0.002525,8.421E-4,0.002142,0.01416,3.323E-5,0.001352,0.001416,0.001328,0.002659,0.001421,1
1522682787257,true,4195.362,0,0.02487,0.009114,0.001695,4.59E-4,0.002389,0.001022,0.002546,8.459E-4,0.001077,0.01481,8.394E-5,0.001338,0.001382,0.00134,0.002707,0.001395,1
1522682787292,true,4195.42,0,0.0243,0.009301,0.001744,4.63E-4,0.002367,0.001018,0.002557,8.548E-4,2.009E-4,0.01541,1.115E-4,0.001325,0.001389,0.001343,0.0027,0.001394,1
1522682787327,true,4195.477,0,0.02353,0.009086,0.001776,4.672E-4,0.002376,0.001006,0.002551,8.685E-4,9.072E-5,0.0158,7.336E-5,0.001336,0.001413,0.00133,0.002643,0.001409,1
1522682787462,true,4195.522,0,0.02368,0.008752,0.001768,4.772E-4,0.002402,0.001009,0.002503,8.731E-4,6.235E-4,0.01549,1.194E-5,0.001354,0.001422,0.001308,0.002625,0.001413,1
1522682787497,true,4195.58,0,0.02413,0.008788,0.001718,4.79E-4,0.002414,0.001024,0.002472,8.656E-4,0.001381,0.01488,-1.256E-5,0.001363,0.001362,0.001313,0.002631,0.00141,1
1522682787532,true,4195.637,0,0.02452,0.008913,0.001689,4.715E-4,0.002422,0.001036,0.002498,8.636E-4,0.001199,0.0148,-1.593E-5,0.001365,0.00128,0.001342,0.002647,0.001398,1
1522682787567,true,4195.695,0,0.0245,0.009163,0.001711,4.676E-4,0.002395,0.001041,0.002525,8.842E-4,4.051E-4,0.01518,5.571E-6,0.001351,0.001237,0.001367,0.002663,0.001387,1
1522682787602,true,4195.752,0,0.02388,0.009211,0.001737,4.681E-4,0.002368,0.001031,0.002546,9.015E-4,3.32E-4,0.01541,1.558E-5,0.001341,0.001249,0.001373,0.002617,0.001405,1
1522682787762,true,4195.822,0,0.02376,0.008972,0.001771,4.678E-4,0.002377,0.001022,0.002527,9.201E-4,7.82E-4,0.01549,-1.353E-5,0.00135,0.001291,0.001354,0.002564,0.00143,1
1522682787797,true,4195.88,0,0.02469,0.00889,0.001754,4.743E-4,0.002395,0.001027,0.002483,9.164E-4,0.001724,0.01497,-3.563E-5,0.001358,0.001326,0.00133,0.002546,0.001446,1
1522682787832,true,4195.937,0,0.02548,0.009205,0.001728,4.721E-4,0.002407,0.001034,0.002469,9.005E-4,0.002219,0.01461,-1.075E-5,0.001355,0.0013,0.001331,0.002557,0.001441,1
1522682787867,true,4195.995,0,0.02603,0.009477,0.001756,4.615E-4,0.0024,0.001044,0.002486,8.95E-4,0.001367,0.01505,2.659E-5,0.001343,0.001256,0.001343,0.002591,0.001414,1
1522682787902,true,4196.052,0,0.02552,0.00979,0.001808,4.607E-4,0.002369,0.001045,0.002493,9.027E-4,1.386E-4,0.01575,6.035E-5,0.001326,0.001245,0.001348,0.002582,0.001402,1
1522682788037,true,4196.097,0,0.02462,0.009634,0.001837,4.67E-4,0.002359,0.001035,0.002493,9.141E-4,-2.786E-4,0.01618,3.63E-5,0.001326,0.001264,0.001339,0.002528,0.001416,1
1522682788072,true,4196.155,0,0.0245,0.009255,0.001842,4.75E-4,0.002382,0.001034,0.002455,9.214E-4,7.862E-5,0.01598,-3.198E-5,0.001343,0.001286,0.001313,0.002485,0.001423,1
1522682788107,true,4196.212,0,0.02499,0.009149,0.001794,4.784E-4,0.002393,0.00105,0.002419,9.089E-4,8.839E-4,0.01531,-8.334E-5,0.001357,0.001253,0.001305,0.00249,0.001421,1
1522682788142,true,4196.27,0,0.02541,0.009262,0.001742,4.733E-4,0.002396,0.001062,0.002428,8.998E-4,0.001002,0.015,-9.699E-5,0.001356,0.001145,0.001329,0.002495,0.001405,1
1522682788177,true,4196.327,0,0.02577,0.009405,0.001747,4.687E-4,0.002366,0.001071,0.002446,9.127E-4,2.348E-4,0.01528,-9.319E-5,0.00134,0.001064,0.001353,0.002508,0.001388,1
1522682788337,true,4196.397,0,0.02516,0.009498,0.001763,4.714E-4,0.002327,0.001065,0.002468,9.296E-4,-9.229E-6,0.01546,-7.833E-5,0.001321,0.001054,0.001362,0.002467,0.001397,1
1522682788372,true,4196.455,0,0.02477,0.009233,0.001784,4.729E-4,0.002326,0.001049,0.002458,9.463E-4,3.856E-4,0.01553,-1.132E-4,0.001324,0.001084,0.001346,0.002395,0.001419,1
1522682788406,true,4196.512,0,0.02543,0.009013,0.001776,4.784E-4,0.002339,0.001048,0.002413,9.454E-4,0.001139,0.01508,-1.47E-4,0.001331,0.001115,0.00132,0.002359,0.001434,1
1522682788442,true,4196.57,0,0.02622,0.009236,0.001743,4.752E-4,0.002351,0.001051,0.002391,9.261E-4,0.001888,0.01451,-1.407E-4,0.001329,0.001103,0.001311,0.002357,0.001434,1
1522682788477,true,4196.627,0,0.02677,0.009479,0.001746,4.635E-4,0.002352,0.001057,0.0024,9.153E-4,0.001416,0.01471,-1.154E-4,0.001317,0.001055,0.001321,0.002368,0.001412,1
1522682788637,true,4196.697,0,0.02655,0.009761,0.001782,4.609E-4,0.002318,0.001057,0.002407,9.206E-4,1.803E-4,0.01533,-9.542E-5,0.0013,0.001039,0.001324,0.002373,0.001391,1
1522682788672,true,4196.755,0,0.02551,0.009731,0.001806,4.649E-4,0.002294,0.001045,0.002408,9.247E-4,-4.384E-4,0.01576,-1.004E-4,0.001294,0.001053,0.00132,0.002317,0.001399,1
1522682788707,true,4196.812,0,0.02504,0.009349,0.001817,4.7E-4,0.002312,0.001041,0.002372,9.332E-4,-3.021E-4,0.01575,-1.705E-4,0.001309,0.001076,0.001298,0.002265,0.001405,1
1522682788742,true,4196.87,0,0.0253,0.009142,0.001774,4.756E-4,0.002323,0.001053,0.002331,9.199E-4,3.901E-4,0.01509,-2.348E-4,0.001323,0.00108,0.001277,0.002255,0.001402,1
1522682788777,true,4196.927,0,0.02548,0.009229,0.001713,4.712E-4,0.002324,0.001064,0.002331,9.029E-4,8.005E-4,0.01454,-2.606E-4,0.001328,9.926E-4,0.001294,0.002263,0.00139,1
1522682788912,true,4196.973,0,0.02574,0.009296,0.0017,4.631E-4,0.002304,0.001075,0.002358,9.08E-4,1.584E-4,0.01464,-2.629E-4,0.001315,9.148E-4,0.001318,0.00228,0.001366,1
1522682788947,true,4197.031,0,0.02516,0.009413,0.001708,4.619E-4,0.002263,0.001067,0.002371,9.223E-4,-4.6E-4,0.01485,-2.508E-4,0.001294,8.992E-4,0.001326,0.002256,0.001366,1
1522682788982,true,4197.088,0,0.02441,0.009182,0.001715,4.633E-4,0.002249,0.001046,0.002375,9.341E-4,-2.254E-4,0.01491,-2.805E-4,0.001294,9.171E-4,0.00132,0.002182,0.001391,1
1522682789017,true,4197.146,0,0.02471,0.008843,0.0017,4.688E-4,0.00226,0.001037,0.002337,9.328E-4,4.367E-4,0.01457,-3.216E-4,0.001299,9.485E-4,0.001296,0.002142,0.001407,1
1522682789052,true,4197.203,0,0.02549,0.008895,0.001657,4.687E-4,0.002267,0.00104,0.002296,9.135E-4,0.001277,0.01396,-3.261E-4,0.001299,9.573E-4,0.001279,0.002141,0.001409,1
1522682789212,true,4197.272,0,0.02592,0.009122,0.001636,4.593E-4,0.002276,0.001041,0.0023,8.958E-4,0.001085,0.01394,-2.978E-4,0.001292,9.033E-4,0.001293,0.002165,0.001389,1
1522682789248,true,4197.33,0,0.0259,0.009383,0.001668,4.533E-4,0.002251,0.001041,0.002304,8.989E-4,-1.379E-4,0.01455,-2.702E-4,0.001275,8.729E-4,0.0013,0.002189,0.001365,1
1522682789282,true,4197.387,0,0.0249,0.009431,0.001693,4.58E-4,0.002228,0.001028,0.002308,9.012E-4,-8.049E-4,0.015,-2.635E-4,0.001262,8.994E-4,0.001295,0.002159,0.001365,1
1522682789317,true,4197.445,0,0.02409,0.009095,0.001715,4.612E-4,0.002242,0.001015,0.002286,9.079E-4,-6.996E-4,0.01517,-3.102E-4,0.001272,9.269E-4,0.001278,0.002107,0.001376,1
1522682789352,true,4197.502,0,0.02422,0.008784,0.001684,4.689E-4,0.002262,0.001023,0.002242,9.018E-4,-1.29E-4,0.01469,-3.743E-4,0.001288,9.533E-4,0.001252,0.002098,0.001376,1
1522682789487,true,4197.548,0,0.02441,0.008848,0.001629,4.679E-4,0.002276,0.001034,0.002229,8.859E-4,4.659E-4,0.01405,-3.929E-4,0.001296,9.009E-4,0.001262,0.002114,0.00137,1
1522682789522,true,4197.606,0,0.02463,0.00892,0.001614,4.574E-4,0.00227,0.001048,0.002261,8.863E-4,5.658E-5,0.01409,-3.816E-4,0.001289,8.395E-4,0.001288,0.002157,0.001347,1
1522682789557,true,4197.663,0,0.02419,0.009122,0.001634,4.535E-4,0.002239,0.001047,0.002289,9.026E-4,-6.797E-4,0.01443,-3.539E-4,0.001271,8.288E-4,0.001304,0.002177,0.001339,1
1522682789592,true,4197.721,0,0.02338,0.009011,0.001653,4.556E-4,0.002226,0.00103,0.002312,9.152E-4,-5.822E-4,0.01458,-3.671E-4,0.001269,8.567E-4,0.001306,0.002122,0.001365,1
1522682789627,true,4197.778,0,0.02341,0.008652,0.00166,4.601E-4,0.002249,0.001019,0.00229,9.261E-4,1.599E-4,0.01437,-3.991E-4,0.001279,8.967E-4,0.001286,0.002079,0.001386,1
1522682789762,true,4197.823,0,0.02432,0.008603,0.001628,4.643E-4,0.002262,0.001022,0.002254,9.148E-4,0.001166,0.01375,-4.033E-4,0.001284,9.294E-4,0.001269,0.002083,0.001396,1
1522682789797,true,4197.881,0,0.02491,0.008912,0.001603,4.58E-4,0.00228,0.001025,0.002256,8.994E-4,0.00135,0.01354,-3.726E-4,0.001282,9.044E-4,0.00128,0.002111,0.001385,1
1522682789832,true,4197.938,0,0.02536,0.009153,0.00163,4.502E-4,0.002266,0.001032,0.002279,8.993E-4,3.472E-4,0.01411,-3.308E-4,0.001267,8.825E-4,0.001291,0.002152,0.001363,1
1522682789867,true,4197.996,0,0.02465,0.009354,0.001669,4.558E-4,0.002243,0.001024,0.002292,9.066E-4,-5.233E-4,0.01466,-3.027E-4,0.001254,9.051E-4,0.001298,0.002144,0.001362,1
1522682789902,true,4198.053,0,0.02383,0.009108,0.001707,4.595E-4,0.002255,0.001011,0.00229,9.167E-4,-6.462E-4,0.01501,-3.257E-4,0.001263,9.438E-4,0.001287,0.002101,0.001375,1
1522682790062,true,4198.123,0,0.02386,0.008759,0.001696,4.717E-4,0.002288,0.001013,0.002252,9.168E-4,-1.913E-4,0.01473,-3.713E-4,0.001281,9.728E-4,0.001265,0.002092,0.001383,1
1522682790097,true,4198.181,0,0.02423,0.008766,0.001648,4.751E-4,0.002308,0.001025,0.002235,9.023E-4,5.547E-4,0.01415,-3.914E-4,0.001294,9.535E-4,0.00127,0.002117,0.001384,1
1522682790132,true,4198.238,0,0.02448,0.008869,0.00163,4.667E-4,0.002327,0.001037,0.002274,8.983E-4,4.586E-4,0.01405,-3.688E-4,0.001294,9.122E-4,0.001295,0.002174,0.001364,1
1522682790167,true,4198.296,0,0.0244,0.009083,0.001654,4.637E-4,0.002305,0.001045,0.00232,9.128E-4,-2.433E-4,0.0144,-3.331E-4,0.001281,9.033E-4,0.001313,0.002211,0.001354,1
1522682790202,true,4198.353,0,0.02364,0.009098,0.001678,4.66E-4,0.002291,0.001031,0.002354,9.271E-4,-2.843E-4,0.01461,-3.061E-4,0.001272,9.317E-4,0.001325,0.002184,0.001374,1
1522682790362,true,4198.422,0,0.02341,0.008792,0.001701,4.683E-4,0.002302,0.001021,0.002346,9.439E-4,4.335E-4,0.01456,-3.225E-4,0.001283,9.811E-4,0.001313,0.002143,0.001398,1
1522682790397,true,4198.48,0,0.02425,0.008675,0.001691,4.733E-4,0.002325,0.001026,0.002312,9.395E-4,0.001424,0.01406,-3.319E-4,0.001291,0.001029,0.001293,0.002152,0.001412,1
1522682790432,true,4198.537,0,0.02507,0.009006,0.00167,4.709E-4,0.002339,0.001033,0.002315,9.229E-4,0.002131,0.01364,-2.927E-4,0.001293,0.00103,0.001295,0.002191,0.001408,1
1522682790467,true,4198.595,0,0.02572,0.009309,0.001702,4.634E-4,0.002335,0.001044,0.00235,9.198E-4,0.001372,0.01409,-2.409E-4,0.001281,0.001008,0.001312,0.002243,0.001388,1
1522682790502,true,4198.652,0,0.02536,0.009628,0.001759,4.639E-4,0.002317,0.001042,0.002377,9.27E-4,3.301E-4,0.01479,-1.883E-4,0.001265,0.001026,0.001321,0.00226,0.001381,1
1522682790637,true,4198.697,0,0.02459,0.009503,0.001805,4.717E-4,0.002325,0.001028,0.002398,9.349E-4,9.299E-7,0.01527,-1.961E-4,0.001272,0.001077,0.001313,0.002221,0.001398,1
1522682790672,true,4198.755,0,0.02445,0.009141,0.001825,4.796E-4,0.002362,0.001027,0.002377,9.396E-4,3.416E-4,0.01524,-2.361E-4,0.001293,0.001123,0.001293,0.002207,0.001409,1
1522682790707,true,4198.812,0,0.02497,0.009061,0.001782,4.883E-4,0.002386,0.001041,0.002356,9.265E-4,0.001093,0.01468,-2.604E-4,0.001309,0.001136,0.001285,0.002232,0.001413,1
1522682790741,true,4198.87,0,0.02525,0.009192,0.001754,4.849E-4,0.002406,0.001055,0.002385,9.157E-4,0.001233,0.01443,-2.431E-4,0.001314,0.0011,0.00131,0.002294,0.001399,1
1522682790777,true,4198.927,0,0.02549,0.009349,0.00178,4.78E-4,0.002394,0.001067,0.002431,9.285E-4,4.758E-4,0.01476,-2.066E-4,0.001306,0.001076,0.001336,0.002358,0.001381,1
1522682790937,true,4198.998,0,0.02484,0.009423,0.00181,4.808E-4,0.002376,0.00106,0.002477,9.433E-4,2.71E-4,0.01499,-1.646E-4,0.001294,0.001101,0.001348,0.002354,0.001393,1
1522682790972,true,4199.056,0,0.02429,0.009188,0.001839,4.83E-4,0.00239,0.001047,0.002492,9.595E-4,8.353E-4,0.01505,-1.684E-4,0.001302,0.001157,0.001339,0.002313,0.00142,1
1522682791007,true,4199.113,0,0.02492,0.008945,0.001835,4.902E-4,0.002416,0.001048,0.002464,9.599E-4,0.001778,0.01461,-1.761E-4,0.001312,0.001212,0.001319,0.00231,0.001437,1
1522682791042,true,4199.171,0,0.02575,0.009169,0.001807,4.909E-4,0.002437,0.001053,0.002458,9.416E-4,0.002641,0.01409,-1.464E-4,0.001318,0.001225,0.001318,0.002352,0.00144,1
1522682791077,true,4199.228,0,0.02637,0.009495,0.001824,4.809E-4,0.002449,0.00106,0.002491,9.318E-4,0.002292,0.01431,-8.782E-5,0.001312,0.001207,0.001334,0.002406,0.001421,1
1522682791211,true,4199.272,0,0.02628,0.00985,0.001882,4.799E-4,0.002434,0.00106,0.002517,9.391E-4,0.001136,0.01507,-2.917E-5,0.001296,0.00122,0.001345,0.002448,0.001406,1
1522682791246,true,4199.33,0,0.02545,0.009857,0.001928,4.871E-4,0.002432,0.001047,0.002554,9.391E-4,6.683E-4,0.01559,-5.719E-6,0.001294,0.001269,0.001346,0.002421,0.001416,1
1522682791281,true,4199.387,0,0.02505,0.009527,0.00196,4.961E-4,0.002464,0.001043,0.002535,9.497E-4,8.199E-4,0.01573,-3.338E-5,0.001309,0.001337,0.001326,0.002402,0.001429,1
1522682791316,true,4199.445,0,0.02548,0.009358,0.001931,5.057E-4,0.002497,0.001054,0.002508,9.408E-4,0.001432,0.01525,-5.3E-5,0.001325,0.001372,0.001309,0.002431,0.001431,1
1522682791351,true,4199.502,0,0.0257,0.009522,0.001896,5.023E-4,0.002524,0.001066,0.002528,9.266E-4,0.001919,0.01482,-4.386E-5,0.001334,0.001324,0.00133,0.002478,0.00142,1
1522682791487,true,4199.548,0,0.02599,0.009631,0.001908,4.949E-4,0.002523,0.001081,0.002579,9.323E-4,0.001223,0.01509,-1.523E-5,0.001331,0.001289,0.001357,0.002552,0.0014,1
1522682791521,true,4199.606,0,0.02547,0.009768,0.001939,4.952E-4,0.002504,0.001076,0.002617,9.491E-4,6.6E-4,0.01538,3.432E-5,0.001316,0.001307,0.001375,0.002579,0.001399,1
1522682791556,true,4199.663,0,0.02484,0.009535,0.001958,5.003E-4,0.002504,0.001064,0.002643,9.657E-4,9.134E-4,0.01553,3.603E-5,0.001322,0.001355,0.001373,0.002541,0.001428,1
1522682791591,true,4199.721,0,0.02517,0.009205,0.001966,5.042E-4,0.002529,0.001061,0.002626,9.699E-4,0.001792,0.01521,1.648E-5,0.001335,0.001408,0.001354,0.002538,0.001448,1
1522682791626,true,4199.778,0,0.02616,0.00929,0.001932,5.054E-4,0.002552,0.001066,0.002606,9.535E-4,0.002754,0.01465,4.501E-5,0.001339,0.001426,0.001347,0.002565,0.001461,1
1522682791786,true,4199.847,0,0.02684,0.009604,0.00192,4.988E-4,0.002573,0.001072,0.002635,9.394E-4,0.002692,0.01464,9.723E-5,0.001336,0.0014,0.001364,0.002622,0.001448,1
1522682791821,true,4199.905,0,0.02715,0.009894,0.001966,4.936E-4,0.002562,0.001073,0.002664,9.451E-4,0.00155,0.01536,1.52E-4,0.001324,0.001404,0.001374,0.002669,0.00143,1
1522682791855,true,4199.962,0,0.02638,0.01002,0.002012,4.993E-4,0.002548,0.001062,0.002692,9.5E-4,8.383E-4,0.01597,1.992E-4,0.001312,0.001459,0.001372,0.002657,0.001437,1
1522682791890,true,4200.02,0,0.02578,0.009727,0.002048,5.053E-4,0.002575,0.001052,0.002688,9.58E-4,7.709E-4,0.01632,1.774E-4,0.001326,0.001521,0.001352,0.002626,0.001452,1
1522682791925,true,4200.077,0,0.026,0.009475,0.00204,5.141E-4,0.002615,0.001059,0.002661,9.508E-4,0.001332,0.01595,1.428E-4,0.001346,0.00157,0.001329,0.002641,0.001456,1
1522682792085,true,4200.146,0,0.02633,0.009571,0.002002,5.14E-4,0.00264,0.001074,0.002665,9.327E-4,0.001972,0.01544,1.409E-4,0.001357,0.001548,0.001338,0.002691,0.001446,1
1522682792120,true,4200.204,0,0.02663,0.009678,0.001995,5.057E-4,0.002646,0.00109,0.002711,9.329E-4,0.001499,0.01556,1.707E-4,0.001354,0.001497,0.001369,0.002752,0.001422,1
1522682792155,true,4200.261,0,0.02632,0.009858,0.002024,5.039E-4,0.002628,0.00109,0.002755,9.482E-4,8.421E-4,0.01589,2.108E-4,0.001339,0.0015,0.001388,0.002789,0.001411,1
1522682792190,true,4200.319,0,0.02554,0.009725,0.002045,5.056E-4,0.00262,0.001079,0.002791,9.634E-4,9.974E-4,0.01603,2.184E-4,0.001338,0.00154,0.001395,0.002757,0.001435,1
1522682792225,true,4200.376,0,0.02555,0.009377,0.00206,5.088E-4,0.002645,0.00107,0.002775,9.762E-4,0.001798,0.01581,1.958E-4,0.001351,0.001601,0.001378,0.002735,0.00146,1
1522682792361,true,4200.422,0,0.02654,0.009305,0.002031,5.116E-4,0.002663,0.001076,0.002751,9.658E-4,0.002821,0.01523,2.035E-4,0.001358,0.00164,0.001363,0.002761,0.001473,1
1522682792396,true,4200.48,0,0.02731,0.009595,0.002007,5.044E-4,0.002681,0.00108,0.002771,9.457E-4,0.003213,0.01497,2.503E-4,0.001359,0.001631,0.001372,0.002803,0.001466,1
1522682792431,true,4200.537,0,0.02786,0.009883,0.002046,4.961E-4,0.002676,0.001086,0.002805,9.448E-4,0.002244,0.01554,3.091E-4,0.001342,0.001616,0.001385,0.002858,0.001445,1
1522682792466,true,4200.595,0,0.02725,0.01012,0.002097,4.982E-4,0.002659,0.001076,0.002825,9.524E-4,0.001334,0.01619,3.663E-4,0.001325,0.001651,0.001391,0.002861,0.001444,1
1522682792501,true,4200.652,0,0.02652,0.00993,0.002136,5.03E-4,0.002674,0.001061,0.00283,9.611E-4,0.00122,0.0166,3.611E-4,0.001332,0.001712,0.001378,0.002827,0.001458,1
1522682792661,true,4200.723,0,0.02663,0.009628,0.002137,5.1E-4,0.00271,0.001062,0.002798,9.601E-4,0.001638,0.01638,3.248E-4,0.001349,0.001768,0.001354,0.002833,0.001464,1
1522682792696,true,4200.781,0,0.0271,0.009626,0.002095,5.122E-4,0.002738,0.001073,0.002786,9.409E-4,0.002368,0.01582,3.158E-4,0.001361,0.001764,0.001353,0.00287,0.001459,1
1522682792731,true,4200.838,0,0.02737,0.009742,0.00207,5.03E-4,0.002752,0.001085,0.00282,9.335E-4,0.002115,0.01583,3.275E-4,0.001362,0.001693,0.00138,0.002921,0.001438,1
1522682792766,true,4200.896,0,0.02724,0.009915,0.002083,4.979E-4,0.002725,0.001093,0.002853,9.487E-4,0.001261,0.01625,3.383E-4,0.001352,0.001639,0.001406,0.002948,0.001424,1
1522682792801,true,4200.953,0,0.0265,0.009829,0.002104,4.987E-4,0.002703,0.00108,0.002893,9.592E-4,0.001117,0.01644,3.469E-4,0.001346,0.001662,0.001415,0.00292,0.001442,1
1522682792936,true,4200.997,0,0.02613,0.009518,0.002123,4.989E-4,0.002719,0.001065,0.00289,9.732E-4,0.001726,0.0164,3.253E-4,0.001356,0.001719,0.0014,0.002879,0.001466,1
1522682792972,true,4201.055,0,0.02693,0.009355,0.002098,5.056E-4,0.002734,0.001069,0.002852,9.704E-4,0.002708,0.01583,3.143E-4,0.001364,0.001774,0.001379,0.002888,0.001483,1
1522682793007,true,4201.112,0,0.02772,0.009647,0.002063,5.029E-4,0.002749,0.001072,0.002853,9.533E-4,0.003486,0.01533,3.515E-4,0.001364,0.001768,0.001384,0.002924,0.001482,1
1522682793041,true,4201.17,0,0.02839,0.009953,0.002091,4.9E-4,0.002746,0.001078,0.002879,9.504E-4,0.002807,0.01572,4.102E-4,0.001352,0.001744,0.001402,0.002971,0.001461,1
1522682793076,true,4201.227,0,0.02794,0.0103,0.002141,4.877E-4,0.002723,0.001071,0.002897,9.576E-4,0.001779,0.01638,4.638E-4,0.001335,0.00177,0.001407,0.002981,0.001456,1
1522682793236,true,4201.298,0,0.0271,0.01023,0.002188,4.906E-4,0.002723,0.001056,0.002915,9.633E-4,0.001503,0.01684,4.686E-4,0.001335,0.001836,0.001396,0.002955,0.001467,1
1522682793271,true,4201.356,0,0.02695,0.009904,0.002205,4.976E-4,0.00276,0.001052,0.002891,9.647E-4,0.001789,0.0168,4.372E-4,0.001349,0.001891,0.001374,0.00294,0.001478,1
1522682793306,true,4201.413,0,0.02746,0.00982,0.002173,5.003E-4,0.002788,0.001061,0.002868,9.477E-4,0.002578,0.01622,4.24E-4,0.001364,0.001919,0.001359,0.002973,0.001477,1
1522682793340,true,4201.471,0,0.02776,0.009949,0.002139,4.943E-4,0.002809,0.001072,0.002898,9.311E-4,0.002693,0.01597,4.357E-4,0.001368,0.00187,0.001377,0.00303,0.001456,1
1522682793376,true,4201.528,0,0.02792,0.01008,0.002151,4.863E-4,0.002792,0.001082,0.002933,9.404E-4,0.001833,0.01632,4.523E-4,0.001355,0.001809,0.0014,0.003077,0.001432,1
1522682793511,true,4201.572,0,0.02716,0.01013,0.002167,4.871E-4,0.002755,0.001075,0.002951,9.573E-4,0.001439,0.01652,4.659E-4,0.001341,0.00178,0.001414,0.003039,0.001438,1
1522682793547,true,4201.63,0,0.02646,0.009859,0.002177,4.902E-4,0.00276,0.001058,0.002948,9.73E-4,0.001864,0.01658,4.337E-4,0.001344,0.001791,0.001406,0.002973,0.001464,1
1522682793581,true,4201.687,0,0.027,0.009593,0.002159,4.969E-4,0.002777,0.001058,0.00291,9.742E-4,0.002825,0.01604,3.956E-4,0.001355,0.001831,0.001386,0.002961,0.001482,1
1522682793616,true,4201.745,0,0.02782,0.009774,0.002116,4.96E-4,0.002791,0.001063,0.002903,9.547E-4,0.003789,0.01541,4.101E-4,0.001357,0.001833,0.001385,0.002987,0.001486,1
1522682793651,true,4201.802,0,0.02851,0.01003,0.002115,4.857E-4,0.002797,0.001067,0.002937,9.455E-4,0.003437,0.01556,4.639E-4,0.001344,0.001806,0.001396,0.003026,0.001469,1
1522682793811,true,4201.873,0,0.02844,0.01035,0.00216,4.805E-4,0.002777,0.001063,0.002957,9.53E-4,0.002292,0.01626,5.168E-4,0.001321,0.001808,0.001403,0.003059,0.001451,1
1522682793846,true,4201.931,0,0.02756,0.01037,0.0022,4.855E-4,0.002763,0.001049,0.002978,9.56E-4,0.001744,0.01675,5.347E-4,0.001314,0.001856,0.001397,0.003026,0.001463,1
1522682793881,true,4201.988,0,0.02713,0.01007,0.002233,4.902E-4,0.002795,0.001039,0.002956,9.625E-4,0.001864,0.01685,5.008E-4,0.001328,0.001924,0.001373,0.003001,0.001478,1
1522682793916,true,4202.046,0,0.02753,0.009894,0.002212,4.975E-4,0.002824,0.00105,0.002926,9.499E-4,0.002431,0.01637,4.784E-4,0.00134,0.001974,0.001351,0.003034,0.001478,1
1522682793951,true,4202.103,0,0.02773,0.01003,0.002174,4.943E-4,0.002846,0.001061,0.002944,9.309E-4,0.002736,0.01596,4.836E-4,0.001344,0.001947,0.001356,0.003083,0.001462,1
1522682794111,true,4202.173,0,0.02797,0.01013,0.002183,4.831E-4,0.002842,0.001075,0.00299,9.325E-4,0.002041,0.01622,4.971E-4,0.001335,0.001884,0.001379,0.003133,0.001437,1
1522682794146,true,4202.231,0,0.0273,0.01028,0.002207,4.819E-4,0.00281,0.001071,0.003026,9.435E-4,0.001368,0.01652,5.229E-4,0.001317,0.001849,0.001394,0.003122,0.001434,1
1522682794181,true,4202.288,0,0.02656,0.01001,0.002218,4.822E-4,0.002802,0.001056,0.003038,9.583E-4,0.001616,0.01659,4.92E-4,0.001319,0.00185,0.00139,0.003048,0.001457,1
1522682794216,true,4202.346,0,0.02677,0.009652,0.002208,4.869E-4,0.002813,0.001054,0.002999,9.654E-4,0.00245,0.01619,4.302E-4,0.001333,0.001844,0.001374,0.002999,0.001479,1
1522682794251,true,4202.403,0,0.02769,0.009687,0.002162,4.903E-4,0.002818,0.001062,0.002969,9.517E-4,0.003457,0.01552,4.307E-4,0.001334,0.001841,0.001365,0.003009,0.001487,1
1522682794387,true,4202.448,0,0.02847,0.009945,0.002144,4.814E-4,0.002822,0.001066,0.002994,9.369E-4,0.003403,0.01546,4.73E-4,0.001326,0.001806,0.001379,0.003046,0.001471,1
1522682794422,true,4202.506,0,0.02885,0.01026,0.002183,4.747E-4,0.00281,0.001066,0.003018,9.428E-4,0.002312,0.01608,5.327E-4,0.001301,0.00179,0.00139,0.003094,0.001447,1
1522682794456,true,4202.563,0,0.02812,0.01037,0.002229,4.782E-4,0.002792,0.001056,0.003036,9.481E-4,0.001589,0.01665,5.651E-4,0.001287,0.001834,0.001386,0.003068,0.001452,1
1522682794492,true,4202.621,0,0.02747,0.01013,0.002274,4.794E-4,0.002817,0.001041,0.003026,9.544E-4,0.001586,0.01697,5.305E-4,0.001296,0.001887,0.001369,0.003035,0.001464,1
1522682794527,true,4202.678,0,0.0278,0.009872,0.002267,4.882E-4,0.002851,0.001047,0.002993,9.472E-4,0.002088,0.0166,4.979E-4,0.001311,0.001953,0.001344,0.003052,0.001466,1
1522682794661,true,4202.724,0,0.02808,0.009997,0.002233,4.865E-4,0.002882,0.001059,0.003002,9.237E-4,0.002647,0.01605,4.992E-4,0.001316,0.001947,0.001347,0.003094,0.001456,1
1522682794696,true,4202.782,0,0.02828,0.01012,0.002228,4.771E-4,0.002892,0.001072,0.003047,9.205E-4,0.002064,0.01616,5.171E-4,0.001311,0.001892,0.001369,0.003157,0.001427,1
1522682794731,true,4202.839,0,0.02785,0.0103,0.002251,4.727E-4,0.002863,0.001076,0.003087,9.334E-4,0.00119,0.01653,5.347E-4,0.001297,0.001866,0.001385,0.003175,0.001413,1
1522682794766,true,4202.897,0,0.02696,0.01015,0.002266,4.759E-4,0.002848,0.001063,0.003124,9.43E-4,0.001188,0.01668,5.204E-4,0.001291,0.001871,0.001387,0.003121,0.001431,1
1522682794801,true,4202.954,0,0.02683,0.009777,0.002273,4.767E-4,0.002866,0.001053,0.003094,9.555E-4,0.001945,0.01643,4.656E-4,0.0013,0.001868,0.001371,0.00307,0.00145,1
1522682794962,true,4203.023,0,0.02777,0.009648,0.002235,4.764E-4,0.002877,0.001056,0.003055,9.433E-4,0.00302,0.01572,4.359E-4,0.001304,0.001845,0.001356,0.003052,0.001459,1
1522682794996,true,4203.081,0,0.02852,0.009924,0.002192,4.708E-4,0.002878,0.00106,0.003056,9.245E-4,0.003438,0.01536,4.404E-4,0.001299,0.001762,0.001371,0.003047,0.001452,1
1522682795031,true,4203.138,0,0.02916,0.01021,0.002216,4.623E-4,0.002855,0.001067,0.003069,9.275E-4,0.002385,0.01591,4.764E-4,0.001283,0.00172,0.001385,0.003072,0.001431,1
1522682795071,true,4203.196,0,0.02858,0.01046,0.00226,4.644E-4,0.002835,0.001055,0.003091,9.316E-4,0.001419,0.01656,5.088E-4,0.001266,0.001752,0.001381,0.003056,0.001431,1
1522682795101,true,4203.253,0,0.02792,0.01027,0.002303,4.684E-4,0.002848,0.001039,0.003091,9.382E-4,0.001223,0.017,4.948E-4,0.001271,0.00181,0.001364,0.003002,0.001451,1
1522682795237,true,4203.299,0,0.02802,0.009969,0.002309,4.776E-4,0.002889,0.001037,0.003057,9.332E-4,0.001567,0.01678,4.607E-4,0.001284,0.001876,0.001337,0.003009,0.001452,1
1522682795271,true,4203.357,0,0.02846,0.009991,0.00227,4.808E-4,0.00292,0.001048,0.003047,9.128E-4,0.002178,0.01624,4.487E-4,0.001294,0.001895,0.001328,0.003067,0.00144,1
1522682795306,true,4203.414,0,0.02863,0.01014,0.002252,4.716E-4,0.002941,0.001059,0.003091,9.013E-4,0.001864,0.01621,4.613E-4,0.001294,0.001851,0.001348,0.003128,0.001414,1
1522682795341,true,4203.472,0,0.02849,0.0103,0.002278,4.652E-4,0.002929,0.001063,0.003129,9.117E-4,9.368E-4,0.0166,4.807E-4,0.00128,0.00183,0.001362,0.003176,0.001392,1
1522682795376,true,4203.529,0,0.02763,0.01025,0.002303,4.662E-4,0.002911,0.001053,0.00316,9.254E-4,6.769E-4,0.01682,4.891E-4,0.001269,0.001836,0.001372,0.003135,0.001403,1
1522682795536,true,4203.598,0,0.0272,0.009926,0.002312,4.688E-4,0.002922,0.001043,0.003148,9.416E-4,0.001275,0.01673,4.385E-4,0.001279,0.001861,0.001355,0.003083,0.001423,1
1522682795571,true,4203.656,0,0.02798,0.009721,0.002277,4.742E-4,0.002936,0.001047,0.00311,9.347E-4,0.002305,0.01612,3.972E-4,0.001289,0.001866,0.001336,0.003065,0.001436,1
1522682795605,true,4203.713,0,0.02876,0.009974,0.00223,4.703E-4,0.002945,0.00105,0.003102,9.158E-4,0.003193,0.01553,4.061E-4,0.001286,0.001811,0.00134,0.003072,0.00143,1
1522682795641,true,4203.771,0,0.0294,0.01025,0.002241,4.567E-4,0.00293,0.001056,0.003117,9.106E-4,0.002608,0.01582,4.23E-4,0.001272,0.001728,0.001349,0.00308,0.00141,1
1522682795675,true,4203.828,0,0.02909,0.0106,0.002275,4.551E-4,0.002892,0.001051,0.00312,9.164E-4,0.001615,0.01644,4.428E-4,0.001254,0.001677,0.001361,0.003046,0.001405,1
1522682795812,true,4203.874,0,0.0283,0.01053,0.002312,4.588E-4,0.002885,0.001031,0.003119,9.211E-4,0.001288,0.01695,4.187E-4,0.001256,0.001714,0.00135,0.002982,0.001422,1
1522682795847,true,4203.932,0,0.02821,0.01019,0.002325,4.677E-4,0.002914,0.001025,0.003083,9.212E-4,0.001586,0.01689,3.772E-4,0.001272,0.001773,0.001324,0.002963,0.001429,1
1522682795882,true,4203.989,0,0.02871,0.01011,0.002286,4.769E-4,0.002946,0.001032,0.00306,9.011E-4,0.002158,0.01638,3.646E-4,0.001282,0.001817,0.001306,0.002999,0.001425,1
1522682795917,true,4204.047,0,0.02896,0.01027,0.002256,4.715E-4,0.002976,0.001043,0.003087,8.832E-4,0.002187,0.01618,3.884E-4,0.001282,0.001792,0.001319,0.003056,0.001404,1
1522682795952,true,4204.104,0,0.02906,0.01036,0.002268,4.666E-4,0.002966,0.001051,0.003127,8.902E-4,0.001338,0.0165,4.114E-4,0.00127,0.001757,0.001337,0.003111,0.001377,1
1522682796111,true,4204.173,0,0.02819,0.01042,0.002288,4.695E-4,0.002949,0.00104,0.003159,9.026E-4,8.537E-4,0.01673,4.211E-4,0.001258,0.00176,0.001347,0.003101,0.001379,1
1522682796146,true,4204.231,0,0.02754,0.0101,0.002304,4.713E-4,0.00296,0.001025,0.003161,9.219E-4,0.001314,0.01677,3.897E-4,0.001265,0.001786,0.001337,0.00305,0.001404,1
1522682796181,true,4204.288,0,0.02797,0.009831,0.00228,4.784E-4,0.002982,0.001026,0.003135,9.209E-4,0.002327,0.01623,3.478E-4,0.001275,0.001816,0.001316,0.003029,0.001422,1
1522682796216,true,4204.346,0,0.02877,0.01002,0.002236,4.751E-4,0.002993,0.001029,0.003114,9.051E-4,0.003411,0.01558,3.517E-4,0.001275,0.001791,0.001315,0.003034,0.001426,1
1522682796251,true,4204.403,0,0.02942,0.01033,0.002223,4.638E-4,0.002991,0.001034,0.003135,8.953E-4,0.0031,0.01571,3.857E-4,0.001262,0.001721,0.001334,0.003049,0.00141,1
1522682796412,true,4204.474,0,0.02948,0.01071,0.00226,4.604E-4,0.002955,0.001033,0.003142,9.056E-4,0.002075,0.01635,4.242E-4,0.00124,0.001681,0.001337,0.003038,0.001399,1
1522682796447,true,4204.532,0,0.02868,0.01076,0.002288,4.673E-4,0.002931,0.001016,0.003145,9.082E-4,0.001514,0.01695,4.192E-4,0.001233,0.001681,0.001333,0.002966,0.001414,1
1522682796482,true,4204.589,0,0.02827,0.0105,0.002316,4.75E-4,0.002947,0.001009,0.003104,9.17E-4,0.001686,0.01713,3.723E-4,0.001248,0.001717,0.001314,0.0029,0.001436,1
1522682796517,true,4204.647,0,0.02878,0.01034,0.002293,4.839E-4,0.002973,0.001016,0.003066,9.035E-4,0.002382,0.01663,3.424E-4,0.001262,0.001765,0.001291,0.002921,0.001436,1
1522682796552,true,4204.704,0,0.029,0.01053,0.002262,4.803E-4,0.002994,0.001028,0.003078,8.828E-4,0.002659,0.01628,3.644E-4,0.001266,0.001751,0.001298,0.002976,0.001417,1
1522682796686,true,4204.748,0,0.0292,0.01062,0.002271,4.744E-4,0.002993,0.001044,0.003126,8.818E-4,0.001821,0.01661,3.867E-4,0.001262,0.001718,0.001318,0.003048,0.001388,1
1522682796721,true,4204.806,0,0.02853,0.01073,0.002298,4.738E-4,0.002967,0.001043,0.003164,8.943E-4,0.001108,0.01695,4.195E-4,0.001246,0.001724,0.001331,0.003065,0.001379,1
1522682796756,true,4204.863,0,0.02767,0.0105,0.002314,4.771E-4,0.002968,0.001028,0.003187,9.108E-4,0.001272,0.01708,4.086E-4,0.001248,0.001758,0.001329,0.003029,0.001397,1
1522682796791,true,4204.921,0,0.02773,0.01015,0.002314,4.819E-4,0.002997,0.001024,0.003162,9.198E-4,0.002123,0.01671,3.696E-4,0.001265,0.001794,0.001314,0.003013,0.001414,1
1522682796826,true,4204.978,0,0.02864,0.01017,0.002273,4.833E-4,0.003009,0.001033,0.00314,9.083E-4,0.003369,0.01596,3.777E-4,0.001268,0.001807,0.001305,0.003031,0.001421,1
1522682796986,true,4205.049,0,0.02935,0.01045,0.002253,4.732E-4,0.003016,0.00104,0.003159,8.939E-4,0.003469,0.01584,4.121E-4,0.001261,0.001757,0.00132,0.00305,0.001412,1
1522682797021,true,4205.107,0,0.02973,0.01078,0.002286,4.649E-4,0.002993,0.001043,0.003175,8.994E-4,0.002508,0.01646,4.603E-4,0.00124,0.001718,0.001331,0.003069,0.001396,1
1522682797056,true,4205.164,0,0.02908,0.01093,0.002324,4.7E-4,0.002965,0.001032,0.003178,9.056E-4,0.001934,0.01703,4.907E-4,0.001224,0.001719,0.001333,0.003021,0.001403,1
1522682797091,true,4205.222,0,0.02851,0.01068,0.002363,4.733E-4,0.002978,0.001018,0.003154,9.141E-4,0.001833,0.01745,4.572E-4,0.001232,0.001739,0.001315,0.002962,0.00142,1
1522682797126,true,4205.279,0,0.02882,0.01047,0.002349,4.813E-4,0.002999,0.001023,0.003098,9.076E-4,0.002363,0.01711,4.142E-4,0.001247,0.001754,0.001293,0.002942,0.001429,1
1522682797261,true,4205.325,0,0.02917,0.01062,0.002311,4.812E-4,0.003026,0.001033,0.003082,8.881E-4,0.002912,0.01663,4.097E-4,0.001258,0.001749,0.001294,0.002984,0.001418,1
1522682797297,true,4205.383,0,0.02942,0.01075,0.002314,4.717E-4,0.003039,0.001044,0.003125,8.822E-4,0.002299,0.01681,4.413E-4,0.001253,0.00171,0.001317,0.003059,0.001388,1
1522682797332,true,4205.44,0,0.02897,0.01094,0.002347,4.697E-4,0.003018,0.001048,0.003162,8.973E-4,0.001359,0.01725,4.748E-4,0.001242,0.001721,0.001332,0.003094,0.001374,1
1522682797366,true,4205.498,0,0.02807,0.01078,0.002372,4.707E-4,0.003006,0.001037,0.003203,9.087E-4,0.001316,0.01743,4.712E-4,0.001243,0.001764,0.001334,0.003076,0.001387,1
1522682797401,true,4205.555,0,0.02787,0.01037,0.002388,4.731E-4,0.003033,0.001028,0.003188,9.23E-4,0.002027,0.01718,4.391E-4,0.001254,0.001809,0.001322,0.003051,0.001408,1
1522682797562,true,4205.624,0,0.02869,0.01022,0.002351,4.764E-4,0.003054,0.001035,0.003164,9.123E-4,0.003072,0.01651,4.376E-4,0.001262,0.001846,0.001308,0.003078,0.001417,1
1522682797597,true,4205.682,0,0.02939,0.01049,0.002323,4.659E-4,0.003065,0.001042,0.003182,8.948E-4,0.003677,0.01608,4.783E-4,0.00126,0.001821,0.001321,0.003118,0.001411,1
1522682797631,true,4205.739,0,0.02997,0.01077,0.002343,4.579E-4,0.00305,0.001047,0.003212,8.969E-4,0.002856,0.01656,5.291E-4,0.001243,0.001787,0.001336,0.003156,0.001394,1
1522682797666,true,4205.797,0,0.02954,0.01104,0.002393,4.576E-4,0.003023,0.00104,0.003228,9.043E-4,0.002045,0.01716,5.78E-4,0.001224,0.001806,0.001337,0.003149,0.001391,1
1522682797701,true,4205.854,0,0.02889,0.01087,0.002438,4.616E-4,0.003025,0.001026,0.003222,9.117E-4,0.001859,0.01768,5.65E-4,0.00123,0.001845,0.001325,0.003112,0.001403,1
1522682797837,true,4205.9,0,0.02904,0.01059,0.002452,4.7E-4,0.003061,0.001024,0.003173,9.135E-4,0.002268,0.01751,5.231E-4,0.001246,0.001886,0.001297,0.003093,0.001412,1
1522682797872,true,4205.958,0,0.0296,0.01063,0.002414,4.731E-4,0.003084,0.001036,0.003143,8.942E-4,0.002878,0.01701,5.082E-4,0.001259,0.001883,0.001287,0.003118,0.001405,1
1522682797907,true,4206.015,0,0.02981,0.01079,0.002399,4.659E-4,0.003095,0.001049,0.003165,8.837E-4,0.002639,0.017,5.169E-4,0.00126,0.001812,0.001305,0.003153,0.00138,1
1522682797942,true,4206.073,0,0.02964,0.01098,0.002427,4.601E-4,0.003071,0.001058,0.003188,8.977E-4,0.001674,0.01746,5.337E-4,0.001248,0.001766,0.001327,0.003191,0.001358,1
1522682797977,true,4206.13,0,0.02876,0.01096,0.002455,4.628E-4,0.003061,0.001046,0.003224,9.116E-4,0.001368,0.01773,5.375E-4,0.001244,0.001797,0.001337,0.003175,0.001366,1
1522682798111,true,4206.174,0,0.02831,0.01058,0.002478,4.644E-4,0.003081,0.001037,0.003223,9.298E-4,0.00193,0.01765,5.111E-4,0.001258,0.001844,0.001328,0.003145,0.001389,1
1522682798146,true,4206.232,0,0.02897,0.01036,0.002453,4.696E-4,0.003102,0.001044,0.003203,9.246E-4,0.003,0.01699,4.897E-4,0.001274,0.001899,0.001307,0.003157,0.001402,1
1522682798181,true,4206.289,0,0.0297,0.01059,0.002421,4.645E-4,0.003122,0.001048,0.003211,9.092E-4,0.0039,0.01643,5.307E-4,0.001272,0.001889,0.001311,0.003197,0.001401,1
1522682798217,true,4206.347,0,0.03055,0.01085,0.002438,4.526E-4,0.00312,0.001054,0.003248,9.065E-4,0.003424,0.01672,5.926E-4,0.001257,0.001852,0.001331,0.003238,0.001384,1
1522682798251,true,4206.404,0,0.03027,0.01121,0.002493,4.506E-4,0.003091,0.00105,0.00327,9.159E-4,0.002534,0.01735,6.589E-4,0.001237,0.001875,0.001336,0.003253,0.001376,1
1522682798412,true,4206.475,0,0.02959,0.01114,0.002539,4.544E-4,0.00309,0.001033,0.003294,9.167E-4,0.002311,0.01782,6.769E-4,0.001235,0.001933,0.001325,0.003207,0.001393,1
1522682798446,true,4206.533,0,0.02961,0.01084,0.002566,4.631E-4,0.003125,0.001027,0.003262,9.19E-4,0.002694,0.0178,6.525E-4,0.001248,0.001997,0.001301,0.00319,0.001404,1
1522682798482,true,4206.59,0,0.0303,0.01079,0.002547,4.672E-4,0.003156,0.001038,0.003238,9.011E-4,0.003342,0.01734,6.453E-4,0.00126,0.002037,0.001282,0.003226,0.001401,1
1522682798516,true,4206.648,0,0.03056,0.01099,0.002522,4.624E-4,0.003188,0.001048,0.003263,8.822E-4,0.0033,0.01722,6.62E-4,0.001265,0.001995,0.001297,0.003275,0.001381,1
1522682798551,true,4206.705,0,0.03071,0.01113,0.002546,4.554E-4,0.003174,0.001062,0.003296,8.88E-4,0.00231,0.01767,6.84E-4,0.001255,0.001937,0.001315,0.003325,0.001353,1
1522682798712,true,4206.774,0,0.02995,0.01118,0.002566,4.602E-4,0.003144,0.001057,0.003328,8.999E-4,0.001827,0.01798,6.951E-4,0.001245,0.001916,0.001329,0.003305,0.001353,1
1522682798747,true,4206.832,0,0.02923,0.01086,0.002577,4.635E-4,0.003145,0.001044,0.003327,9.201E-4,0.002195,0.01804,6.474E-4,0.001255,0.001904,0.001328,0.003241,0.001374,1
1522682798782,true,4206.889,0,0.0296,0.01054,0.002548,4.735E-4,0.003164,0.001047,0.00328,9.275E-4,0.003139,0.01749,5.927E-4,0.001272,0.001909,0.001315,0.003209,0.001392,1
1522682798816,true,4206.947,0,0.0304,0.01067,0.002508,4.704E-4,0.003177,0.001053,0.003267,9.142E-4,0.00428,0.01677,6.015E-4,0.001275,0.001901,0.001318,0.003242,0.001392,1
1522682798851,true,4207.004,0,0.03112,0.01095,0.002515,4.539E-4,0.00318,0.001058,0.0033,9.073E-4,0.004118,0.01682,6.553E-4,0.001264,0.001861,0.001337,0.003288,0.001375,1
1522682798986,true,4207.049,0,0.03118,0.01136,0.002559,4.505E-4,0.003151,0.001057,0.003329,9.127E-4,0.003208,0.0174,7.287E-4,0.001242,0.00186,0.001347,0.003319,0.001362,1
1522682799021,true,4207.107,0,0.03044,0.01141,0.002605,4.541E-4,0.003139,0.001041,0.003347,9.194E-4,0.002809,0.01794,7.663E-4,0.001232,0.001909,0.001346,0.003289,0.001375,1
1522682799056,true,4207.164,0,0.03013,0.01113,0.002649,4.603E-4,0.003168,0.001029,0.003324,9.262E-4,0.003045,0.01808,7.498E-4,0.001245,0.00198,0.001322,0.003261,0.001388,1
1522682799091,true,4207.222,0,0.03065,0.01099,0.002637,4.693E-4,0.0032,0.001038,0.003292,9.126E-4,0.003626,0.01765,7.34E-4,0.001261,0.002036,0.001301,0.003291,0.001386,1
1522682799126,true,4207.279,0,0.03092,0.0112,0.002611,4.656E-4,0.00323,0.001047,0.003309,8.899E-4,0.003887,0.01733,7.564E-4,0.001266,0.002031,0.001302,0.00335,0.001366,1
1522682799287,true,4207.349,0,0.0311,0.01137,0.002633,4.562E-4,0.00323,0.001061,0.003355,8.875E-4,0.003037,0.01769,7.916E-4,0.001258,0.001988,0.001321,0.003409,0.001337,1
1522682799322,true,4207.407,0,0.03043,0.01151,0.002664,4.565E-4,0.003208,0.001059,0.003393,8.988E-4,0.002205,0.01812,8.225E-4,0.001245,0.001979,0.001335,0.003423,0.001328,1
1522682799357,true,4207.464,0,0.0295,0.01131,0.002684,4.599E-4,0.003208,0.001044,0.003412,9.139E-4,0.002364,0.01826,8.019E-4,0.00125,0.001988,0.001338,0.003374,0.001347,1
1522682799392,true,4207.522,0,0.02964,0.01089,0.00268,4.655E-4,0.003229,0.001042,0.003381,9.215E-4,0.003198,0.01788,7.502E-4,0.001266,0.002002,0.001321,0.003338,0.001364,1
1522682799426,true,4207.579,0,0.03044,0.01088,0.002632,4.681E-4,0.003243,0.001048,0.003354,9.068E-4,0.004356,0.01713,7.374E-4,0.001273,0.001984,0.00131,0.003343,0.001368,1
1522682799562,true,4207.625,0,0.03113,0.01111,0.0026,4.601E-4,0.003246,0.001052,0.003365,8.948E-4,0.0046,0.01686,7.572E-4,0.001266,0.001894,0.001332,0.003348,0.001357,1
1522682799597,true,4207.683,0,0.03154,0.01143,0.002628,4.532E-4,0.003218,0.001056,0.003372,9.044E-4,0.003671,0.0174,7.946E-4,0.001248,0.001836,0.001354,0.003358,0.001342,1
1522682799632,true,4207.74,0,0.03089,0.01161,0.002669,4.558E-4,0.003196,0.001041,0.003386,9.105E-4,0.003086,0.01792,8.325E-4,0.001234,0.001881,0.001351,0.003322,0.001353,1
1522682799667,true,4207.798,0,0.03034,0.01136,0.002715,4.58E-4,0.003213,0.001025,0.00337,9.199E-4,0.003161,0.01824,8.164E-4,0.001246,0.001936,0.001334,0.003273,0.001372,1
1522682799702,true,4207.855,0,0.03066,0.01113,0.002712,4.666E-4,0.003247,0.001027,0.003335,9.074E-4,0.003655,0.01794,7.998E-4,0.001261,0.002012,0.001306,0.003289,0.001376,1
1522682799862,true,4207.924,0,0.03106,0.01128,0.002687,4.67E-4,0.003275,0.001038,0.003334,8.819E-4,0.004107,0.01749,8.199E-4,0.00127,0.002021,0.001301,0.003343,0.001363,1
1522682799897,true,4207.982,0,0.03119,0.01144,0.00269,4.574E-4,0.00329,0.00105,0.003376,8.742E-4,0.003492,0.01762,8.528E-4,0.001267,0.001994,0.00132,0.00341,0.001335,1
1522682799932,true,4208.039,0,0.03066,0.01163,0.002724,4.553E-4,0.003268,0.001055,0.003413,8.846E-4,0.00256,0.01802,8.899E-4,0.001252,0.001992,0.001335,0.003454,0.001317,1
1522682799967,true,4208.097,0,0.02962,0.01148,0.002743,4.603E-4,0.003262,0.001043,0.003441,8.986E-4,0.002396,0.01819,8.871E-4,0.001251,0.002023,0.001337,0.003422,0.00133,1
1522682800002,true,4208.154,0,0.0293,0.01109,0.002758,4.63E-4,0.003288,0.001036,0.003424,9.1E-4,0.003001,0.01797,8.464E-4,0.001264,0.00205,0.001321,0.00339,0.001348,1
1522682800137,true,4208.2,0,0.03006,0.01092,0.002718,4.67E-4,0.003314,0.001038,0.003392,9.031E-4,0.004124,0.0172,8.258E-4,0.001274,0.002064,0.001308,0.003391,0.001357,1
1522682800172,true,4208.258,0,0.03071,0.01113,0.002686,4.569E-4,0.003329,0.001041,0.003402,8.879E-4,0.004638,0.01675,8.47E-4,0.001271,0.002009,0.001318,0.003414,0.001349,1
1522682800207,true,4208.315,0,0.03136,0.01137,0.002702,4.463E-4,0.00331,0.001046,0.003423,8.898E-4,0.003899,0.01714,8.842E-4,0.001252,0.001951,0.00133,0.00343,0.001331,1
1522682800242,true,4208.373,0,0.03088,0.01161,0.002734,4.462E-4,0.003272,0.001036,0.003428,8.966E-4,0.003076,0.01767,9.254E-4,0.001231,0.00193,0.001333,0.003391,0.001335,1
1522682800277,true,4208.43,0,0.03018,0.01144,0.002768,4.493E-4,0.003275,0.001015,0.003415,9.046E-4,0.003028,0.01809,9.08E-4,0.001232,0.001957,0.001321,0.003313,0.001356,1
1522682800436,true,4208.499,0,0.03041,0.01112,0.002781,4.568E-4,0.00331,0.00101,0.00337,9.024E-4,0.003431,0.01791,8.668E-4,0.001247,0.002026,0.001292,0.003292,0.001366,1
1522682800471,true,4208.557,0,0.03089,0.01119,0.002753,4.609E-4,0.003343,0.001019,0.003345,8.835E-4,0.004094,0.01739,8.686E-4,0.001257,0.002058,0.001279,0.00334,0.001359,1
1522682800506,true,4208.614,0,0.03107,0.01136,0.002743,4.534E-4,0.003371,0.001029,0.003376,8.692E-4,0.00374,0.01739,8.941E-4,0.001257,0.002045,0.001293,0.003409,0.001333,1
1522682800541,true,4208.672,0,0.03088,0.01152,0.002779,4.471E-4,0.003364,0.001035,0.00342,8.774E-4,0.002684,0.01786,9.335E-4,0.001241,0.002037,0.001308,0.003477,0.001304,1
1522682800576,true,4208.729,0,0.02984,0.01145,0.002808,4.499E-4,0.003354,0.001024,0.00346,8.889E-4,0.002314,0.0181,9.504E-4,0.001233,0.002071,0.001313,0.003469,0.001311,1
1522682800712,true,4208.775,0,0.02921,0.01105,0.002827,4.502E-4,0.003373,0.001013,0.003456,9.057E-4,0.002857,0.018,9.132E-4,0.001245,0.002113,0.001302,0.00344,0.001328,1
1522682800747,true,4208.833,0,0.0297,0.0108,0.002794,4.571E-4,0.0034,0.001016,0.003424,9.025E-4,0.003909,0.01732,8.878E-4,0.001255,0.002154,0.001282,0.003445,0.001339,1
1522682800782,true,4208.89,0,0.03037,0.01098,0.00275,4.516E-4,0.003418,0.001021,0.003424,8.865E-4,0.004847,0.01666,9.13E-4,0.001249,0.002132,0.001283,0.003465,0.001336,1
1522682800817,true,4208.948,0,0.03104,0.0112,0.002755,4.391E-4,0.003413,0.001025,0.003455,8.844E-4,0.00443,0.01683,9.486E-4,0.001232,0.002075,0.001298,0.003488,0.00132,1
1522682800851,true,4209.005,0,0.0308,0.01155,0.00279,4.362E-4,0.003381,0.00102,0.003467,8.941E-4,0.003558,0.01738,9.911E-4,0.00121,0.002055,0.001304,0.003478,0.001316,1
1522682801011,true,4209.076,0,0.03006,0.01149,0.002822,4.386E-4,0.003366,0.001002,0.00347,9.009E-4,0.003292,0.0178,9.852E-4,0.001206,0.002067,0.001294,0.003399,0.001335,1
1522682801046,true,4209.134,0,0.03006,0.01115,0.00284,4.428E-4,0.00339,9.921E-4,0.003417,9.054E-4,0.003573,0.0178,9.361E-4,0.001219,0.002089,0.001267,0.00335,0.001349,1
1522682801082,true,4209.191,0,0.03063,0.01111,0.002809,4.478E-4,0.003413,0.001,0.003364,8.907E-4,0.004211,0.01731,9.082E-4,0.001229,0.002094,0.001254,0.003363,0.001348,1
1522682801116,true,4209.249,0,0.0309,0.01128,0.002783,4.433E-4,0.003443,0.001007,0.003376,8.726E-4,0.004123,0.01718,9.268E-4,0.001232,0.002071,0.001264,0.003413,0.001327,1
1522682801151,true,4209.306,0,0.031,0.0114,0.002809,4.345E-4,0.003433,0.001018,0.003415,8.768E-4,0.003035,0.01763,9.575E-4,0.001219,0.002044,0.00128,0.003485,0.001297,1
1522682801312,true,4209.375,0,0.03013,0.01142,0.002838,4.357E-4,0.003414,0.001012,0.003453,8.88E-4,0.002394,0.01799,9.787E-4,0.001205,0.00206,0.001291,0.003491,0.001295,1
1522682801347,true,4209.433,0,0.02926,0.01107,0.002861,4.362E-4,0.003433,9.989E-4,0.00347,9.019E-4,0.002713,0.01807,9.447E-4,0.001213,0.002094,0.001286,0.003457,0.001312,1
1522682801382,true,4209.49,0,0.02959,0.01068,0.002844,4.416E-4,0.00346,0.001,0.003444,9.055E-4,0.00364,0.01751,9.084E-4,0.001223,0.002137,0.001268,0.003456,0.001324,1
1522682801416,true,4209.548,0,0.03021,0.01076,0.002794,4.388E-4,0.003476,0.001006,0.003441,8.899E-4,0.004704,0.01676,9.241E-4,0.001223,0.002133,0.001268,0.003494,0.001324,1
1522682801452,true,4209.605,0,0.03086,0.01094,0.002785,4.248E-4,0.003486,0.001009,0.003472,8.816E-4,0.004582,0.01671,9.625E-4,0.001209,0.002087,0.001285,0.003528,0.00131,1
1522682801586,true,4209.649,0,0.0309,0.01127,0.002825,4.161E-4,0.003451,0.001008,0.003493,8.9E-4,0.003741,0.01722,0.001009,0.001187,0.002062,0.001299,0.003537,0.001299,1
1522682801621,true,4209.707,0,0.03021,0.01129,0.002859,4.175E-4,0.003423,9.926E-4,0.003499,8.984E-4,0.00343,0.01762,0.001025,0.001175,0.002085,0.001294,0.003476,0.001314,1
1522682801656,true,4209.764,0,0.02985,0.01099,0.002891,4.194E-4,0.003437,9.81E-4,0.003467,9.031E-4,0.00361,0.01779,9.835E-4,0.001183,0.002119,0.001271,0.003424,0.001329,1
1522682801691,true,4209.822,0,0.03038,0.01085,0.00287,4.25E-4,0.003461,9.824E-4,0.00342,8.874E-4,0.004165,0.01736,9.527E-4,0.001193,0.002141,0.001246,0.003419,0.001331,1
1522682801726,true,4209.879,0,0.03073,0.01101,0.002828,4.219E-4,0.003479,9.893E-4,0.00341,8.643E-4,0.004423,0.01699,9.556E-4,0.001194,0.002095,0.001254,0.003447,0.001316,1
1522682801862,true,4209.925,0,0.03086,0.01113,0.002838,4.127E-4,0.003472,0.001002,0.003433,8.651E-4,0.003475,0.01732,9.738E-4,0.001188,0.002044,0.001277,0.003491,0.00129,1
1522682801897,true,4209.983,0,0.03006,0.01128,0.002871,4.113E-4,0.003445,0.001001,0.003464,8.765E-4,0.002638,0.01767,0.001,0.001175,0.002048,0.001289,0.003509,0.001281,1
1522682801932,true,4210.04,0,0.02911,0.01103,0.002889,4.137E-4,0.003446,9.888E-4,0.003489,8.907E-4,0.002645,0.01783,9.822E-4,0.001179,0.002086,0.00129,0.003472,0.001299,1
1522682801967,true,4210.098,0,0.02916,0.01059,0.002884,4.213E-4,0.003474,9.876E-4,0.003466,9.028E-4,0.003375,0.01741,9.395E-4,0.001195,0.002134,0.001271,0.003461,0.001314,1
1522682802002,true,4210.155,0,0.02993,0.01053,0.002836,4.234E-4,0.00349,9.975E-4,0.003449,8.915E-4,0.004453,0.01665,9.363E-4,0.001201,0.002141,0.001267,0.003484,0.001325,1
1522682802162,true,4210.226,0,0.03062,0.01075,0.002811,4.139E-4,0.003505,0.001004,0.003479,8.785E-4,0.004695,0.01639,9.724E-4,0.001197,0.002105,0.001283,0.003524,0.001315,1
1522682802197,true,4210.284,0,0.0311,0.01102,0.002847,4.023E-4,0.00348,0.001006,0.003509,8.868E-4,0.003866,0.01683,0.001022,0.001176,0.002073,0.001302,0.003561,0.0013,1
1522682802232,true,4210.341,0,0.03045,0.01119,0.002887,4.022E-4,0.003455,9.908E-4,0.003528,8.936E-4,0.003313,0.0173,0.001055,0.001159,0.002109,0.0013,0.003525,0.001311,1
1522682802267,true,4210.399,0,0.02994,0.01096,0.002924,4.047E-4,0.003463,9.757E-4,0.003513,9.02E-4,0.003367,0.01762,0.001039,0.001164,0.002162,0.001279,0.003474,0.001328,1
1522682802302,true,4210.456,0,0.03037,0.01075,0.002924,4.12E-4,0.003494,9.749E-4,0.003466,8.925E-4,0.003828,0.01735,0.001012,0.001176,0.002213,0.00125,0.003473,0.001333,1
1522682802462,true,4210.525,0,0.03075,0.01092,0.002892,4.116E-4,0.003518,9.822E-4,0.003454,8.675E-4,0.004234,0.01692,0.001019,0.001181,0.00221,0.001245,0.003508,0.001323,1
1522682802497,true,4210.583,0,0.03097,0.0111,0.00289,4.025E-4,0.003528,9.942E-4,0.003484,8.582E-4,0.003583,0.0171,0.00103,0.001176,0.002147,0.001264,0.003546,0.001295,1
1522682802532,true,4210.64,0,0.03045,0.01131,0.002922,4.0E-4,0.003503,9.985E-4,0.003514,8.662E-4,0.00252,0.01757,0.001051,0.001165,0.002136,0.00128,0.003571,0.001281,1
1522682802567,true,4210.698,0,0.02943,0.01115,0.002944,4.047E-4,0.003499,9.859E-4,0.003548,8.78E-4,0.002283,0.01779,0.001045,0.001168,0.002165,0.001284,0.00354,0.001296,1
1522682802601,true,4210.755,0,0.02917,0.01072,0.00295,4.105E-4,0.003523,9.801E-4,0.003539,8.916E-4,0.002801,0.01759,0.001004,0.001185,0.002224,0.001269,0.003523,0.001313,1
1522682802737,true,4210.801,0,0.02983,0.01054,0.002913,4.149E-4,0.003542,9.909E-4,0.00352,8.852E-4,0.003849,0.01687,9.937E-4,0.001195,0.002265,0.001255,0.00355,0.001323,1
1522682802772,true,4210.859,0,0.03045,0.01073,0.002877,4.076E-4,0.003559,9.976E-4,0.003543,8.7E-4,0.004334,0.01645,0.001029,0.001193,0.002244,0.001267,0.003594,0.001317,1
1522682802807,true,4210.916,0,0.03108,0.01094,0.002893,4.003E-4,0.003541,0.001005,0.003585,8.724E-4,0.003639,0.01679,0.001082,0.001179,0.002212,0.001286,0.003646,0.0013,1
1522682802842,true,4210.974,0,0.03062,0.01121,0.002931,4.011E-4,0.003513,9.967E-4,0.003611,8.812E-4,0.002917,0.01731,0.001143,0.001158,0.002246,0.001287,0.00364,0.001303,1
1522682802877,true,4211.031,0,0.03002,0.01107,0.00297,4.057E-4,0.00352,9.761E-4,0.003611,8.939E-4,0.002793,0.01773,0.001145,0.00116,0.00231,0.001273,0.003597,0.001324,1
1522682803012,true,4211.075,0,0.03024,0.01081,0.00298,4.166E-4,0.003559,9.693E-4,0.003579,8.913E-4,0.003113,0.01764,0.001113,0.001177,0.002389,0.00124,0.003585,0.001336,1
1522682803047,true,4211.133,0,0.03078,0.01089,0.002949,4.205E-4,0.00358,9.808E-4,0.003561,8.692E-4,0.003727,0.01717,0.001121,0.001184,0.002414,0.001224,0.00362,0.001336,1
1522682803082,true,4211.19,0,0.03105,0.01109,0.00294,4.125E-4,0.003607,9.898E-4,0.003598,8.528E-4,0.003334,0.01719,0.001141,0.001184,0.002379,0.001238,0.003668,0.001318,1
1522682803117,true,4211.248,0,0.03091,0.01126,0.002963,4.092E-4,0.003592,9.976E-4,0.003632,8.592E-4,0.002205,0.01771,0.001167,0.00117,0.002343,0.001257,0.003713,0.001295,1
1522682803152,true,4211.305,0,0.02988,0.01123,0.002982,4.151E-4,0.003575,9.904E-4,0.003664,8.715E-4,0.001718,0.01806,0.001176,0.001163,0.00236,0.001268,0.003693,0.001305,1
1522682803312,true,4211.376,0,0.02921,0.01087,0.003002,4.178E-4,0.003601,9.789E-4,0.003671,8.868E-4,0.002113,0.01801,0.001134,0.001181,0.002407,0.00126,0.003667,0.001326,1
1522682803347,true,4211.434,0,0.02968,0.01062,0.002971,4.26E-4,0.003633,9.835E-4,0.003653,8.848E-4,0.003093,0.01738,0.001106,0.001196,0.002462,0.001246,0.003687,0.001341,1
1522682803382,true,4211.491,0,0.03033,0.01079,0.002935,4.202E-4,0.003651,9.901E-4,0.00367,8.677E-4,0.004025,0.01671,0.001138,0.001199,0.002454,0.001257,0.003737,0.001342,1
1522682803417,true,4211.549,0,0.03102,0.01099,0.002943,4.076E-4,0.003649,9.973E-4,0.003715,8.659E-4,0.003689,0.01685,0.001196,0.001188,0.002414,0.001285,0.003789,0.001328,1
1522682803452,true,4211.606,0,0.03082,0.01135,0.002978,4.073E-4,0.003618,9.943E-4,0.003746,8.76E-4,0.002919,0.01737,0.001253,0.001169,0.002423,0.001297,0.003805,0.00133,1
1522682803587,true,4211.652,0,0.03013,0.01132,0.003018,4.108E-4,0.003614,9.757E-4,0.003772,8.818E-4,0.0027,0.01788,0.001276,0.001167,0.002482,0.001292,0.00376,0.001355,1
1522682803622,true,4211.71,0,0.03011,0.01101,0.003048,4.162E-4,0.003649,9.662E-4,0.00375,8.832E-4,0.003064,0.01788,0.001264,0.001181,0.002554,0.001268,0.003733,0.001377,1
1522682803657,true,4211.767,0,0.03077,0.01098,0.003028,4.207E-4,0.003677,9.737E-4,0.003726,8.65E-4,0.003724,0.0174,0.001272,0.001191,0.002611,0.001247,0.003753,0.001386,1
1522682803692,true,4211.825,0,0.03111,0.01118,0.003002,4.164E-4,0.003712,9.781E-4,0.003752,8.438E-4,0.003695,0.01724,0.001297,0.001195,0.002597,0.001258,0.003802,0.001375,1
1522682803727,true,4211.882,0,0.03124,0.01133,0.003028,4.088E-4,0.003718,9.843E-4,0.003793,8.453E-4,0.002585,0.01776,0.001323,0.001189,0.00257,0.001277,0.003864,0.001354,1
1522682803886,true,4211.951,0,0.0303,0.01136,0.003052,4.112E-4,0.003701,9.778E-4,0.003828,8.548E-4,0.001909,0.01817,0.001345,0.001179,0.002579,0.001289,0.003854,0.001359,1
1522682803921,true,4212.009,0,0.02942,0.01104,0.00307,4.132E-4,0.003708,9.649E-4,0.003838,8.709E-4,0.002129,0.0183,0.001302,0.001192,0.002588,0.001287,0.003807,0.001379,1
1522682803956,true,4212.066,0,0.02968,0.01064,0.003045,4.205E-4,0.003736,9.656E-4,0.003806,8.749E-4,0.003066,0.01775,0.001245,0.001211,0.002604,0.001278,0.003783,0.001402,1
1522682803991,true,4212.124,0,0.03033,0.01071,0.002991,4.197E-4,0.003755,9.723E-4,0.003807,8.606E-4,0.00421,0.01699,0.001251,0.001217,0.002596,0.001288,0.003824,0.001408,1
1522682804026,true,4212.181,0,0.03098,0.0109,0.002974,4.088E-4,0.003765,9.767E-4,0.003842,8.552E-4,0.004231,0.01689,0.001298,0.001209,0.002548,0.001315,0.003868,0.001401,1
1522682804187,true,4212.251,0,0.03109,0.01121,0.003014,3.995E-4,0.003739,9.75E-4,0.003878,8.633E-4,0.003415,0.01736,0.001355,0.001193,0.002548,0.001334,0.003902,0.001395,1
1522682804222,true,4212.309,0,0.03039,0.01128,0.003053,4.013E-4,0.003725,9.544E-4,0.003899,8.726E-4,0.003069,0.01782,0.001392,0.001184,0.002594,0.00134,0.00387,0.001419,1
1522682804257,true,4212.366,0,0.03013,0.011,0.003093,4.044E-4,0.003754,9.396E-4,0.003882,8.806E-4,0.003343,0.01795,0.001372,0.001199,0.002662,0.001324,0.003836,0.001441,1
1522682804292,true,4212.424,0,0.03069,0.0109,0.003086,4.118E-4,0.003785,9.437E-4,0.003842,8.701E-4,0.004001,0.01755,0.00136,0.001218,0.002736,0.001302,0.003852,0.001456,1
1522682804327,true,4212.481,0,0.03113,0.01111,0.003064,4.076E-4,0.003816,9.507E-4,0.003857,8.467E-4,0.004348,0.01722,0.001386,0.001229,0.002742,0.001311,0.003909,0.001447,1
1522682804462,true,4212.526,0,0.03143,0.01126,0.003083,3.978E-4,0.003819,9.604E-4,0.003903,8.415E-4,0.003495,0.01761,0.001419,0.001225,0.002712,0.001335,0.003967,0.001426,1
1522682804497,true,4212.584,0,0.03066,0.01142,0.003122,3.953E-4,0.003799,9.574E-4,0.003943,8.483E-4,0.002565,0.01807,0.001452,0.001215,0.00272,0.001352,0.003997,0.001421,1
1522682804532,true,4212.641,0,0.02965,0.01116,0.003147,3.953E-4,0.003803,9.422E-4,0.003971,8.582E-4,0.002471,0.01824,0.00143,0.001224,0.002737,0.001361,0.003948,0.001446,1
1522682804567,true,4212.699,0,0.02963,0.01073,0.003141,3.992E-4,0.00383,9.384E-4,0.003946,8.668E-4,0.003173,0.01789,0.001375,0.001241,0.002761,0.001351,0.003925,0.001469,1
1522682804602,true,4212.756,0,0.03029,0.01065,0.003083,3.999E-4,0.003846,9.448E-4,0.003918,8.553E-4,0.004271,0.01707,0.001363,0.001248,0.002745,0.00135,0.003932,0.001485,1
1522682804763,true,4212.826,0,0.03092,0.01084,0.003044,3.888E-4,0.003849,9.492E-4,0.003938,8.436E-4,0.004535,0.01679,0.001383,0.001246,0.002671,0.001376,0.003954,0.00148,1
1522682804798,true,4212.884,0,0.03134,0.01108,0.003058,3.792E-4,0.003814,9.528E-4,0.003959,8.496E-4,0.003754,0.0172,0.001413,0.001231,0.0026,0.001398,0.003964,0.001468,1
1522682804832,true,4212.941,0,0.03075,0.01126,0.00308,3.811E-4,0.003772,9.407E-4,0.003962,8.569E-4,0.003239,0.01764,0.001419,0.001219,0.00259,0.001405,0.003906,0.001484,1
1522682804867,true,4212.999,0,0.03027,0.01104,0.003115,3.824E-4,0.003772,9.235E-4,0.003932,8.683E-4,0.003395,0.01791,0.001388,0.001227,0.002616,0.001393,0.003831,0.001512,1
1522682804902,true,4213.056,0,0.03079,0.01083,0.003108,3.913E-4,0.0038,9.245E-4,0.003882,8.616E-4,0.003966,0.01759,0.001357,0.001245,0.002674,0.001367,0.003825,0.001526,1
1522682805037,true,4213.101,0,0.03131,0.01102,0.003079,3.924E-4,0.003825,9.318E-4,0.003868,8.396E-4,0.004662,0.01708,0.001373,0.001252,0.002685,0.001368,0.003866,0.00152,1
1522682805072,true,4213.159,0,0.03159,0.01119,0.003088,3.825E-4,0.00384,9.421E-4,0.003902,8.294E-4,0.003911,0.01733,0.001409,0.00125,0.002647,0.001394,0.003931,0.001495,1
1522682805107,true,4213.216,0,0.03114,0.01136,0.003132,3.763E-4,0.003822,9.435E-4,0.003936,8.357E-4,0.002813,0.01787,0.001441,0.001241,0.002646,0.001411,0.003965,0.00148,1
1522682805142,true,4213.274,0,0.03005,0.0112,0.003155,3.781E-4,0.003812,9.32E-4,0.003969,8.466E-4,0.002493,0.01813,0.001421,0.001247,0.002678,0.001418,0.003934,0.001496,1
1522682805177,true,4213.331,0,0.02966,0.01078,0.003161,3.833E-4,0.003838,9.247E-4,0.003954,8.598E-4,0.00307,0.01791,0.001372,0.001268,0.002709,0.001409,0.00391,0.001513,1
1522682805312,true,4213.377,0,0.03023,0.01059,0.003111,3.905E-4,0.003856,9.339E-4,0.003924,8.536E-4,0.004058,0.01718,0.001343,0.001283,0.002719,0.001403,0.003917,0.001531,1
1522682805347,true,4213.435,0,0.03078,0.01079,0.003065,3.841E-4,0.003866,9.414E-4,0.003944,8.37E-4,0.004528,0.01671,0.001361,0.001285,0.00266,0.001424,0.003951,0.001524,1
1522682805382,true,4213.492,0,0.0314,0.01099,0.003076,3.724E-4,0.003843,9.487E-4,0.003973,8.43E-4,0.003891,0.01699,0.001394,0.00127,0.002593,0.001447,0.003974,0.001512,1
1522682805417,true,4213.55,0,0.03101,0.01126,0.003108,3.728E-4,0.003809,9.389E-4,0.00399,8.521E-4,0.003234,0.01743,0.00143,0.001249,0.002576,0.001456,0.003941,0.001518,1
1522682805452,true,4213.607,0,0.0304,0.01112,0.003131,3.77E-4,0.003804,9.203E-4,0.00398,8.614E-4,0.003276,0.01776,0.001417,0.001251,0.00259,0.001446,0.003859,0.001544,1
1522682805613,true,4213.676,0,0.03065,0.01087,0.003135,3.85E-4,0.00382,9.169E-4,0.003936,8.577E-4,0.003735,0.01758,0.00137,0.001266,0.002617,0.001418,0.003816,0.001559,1
1522682805648,true,4213.734,0,0.03126,0.01097,0.003098,3.886E-4,0.00384,9.232E-4,0.003897,8.379E-4,0.004325,0.0171,0.00135,0.001275,0.0026,0.001409,0.00382,0.00156,1
1522682805683,true,4213.791,0,0.03157,0.01118,0.003082,3.811E-4,0.003848,9.337E-4,0.003903,8.258E-4,0.003948,0.01715,0.001355,0.001277,0.002536,0.001428,0.00384,0.001542,1
1522682805717,true,4213.849,0,0.03148,0.01138,0.003113,3.769E-4,0.00383,9.429E-4,0.003928,8.329E-4,0.002775,0.01772,0.001371,0.00127,0.002519,0.001443,0.003883,0.001517,1
1522682805752,true,4213.906,0,0.03054,0.01134,0.003142,3.798E-4,0.003817,9.329E-4,0.003955,8.428E-4,0.002255,0.01806,0.001371,0.001269,0.002541,0.00145,0.003869,0.001522,1
1522682805912,true,4213.977,0,0.02991,0.01094,0.003163,3.815E-4,0.003838,9.219E-4,0.003957,8.553E-4,0.002595,0.01807,0.001322,0.001288,0.002576,0.001442,0.003841,0.001538,1
1522682805947,true,4214.035,0,0.03029,0.01066,0.003129,3.875E-4,0.003866,9.266E-4,0.003934,8.525E-4,0.003507,0.01739,0.001282,0.001304,0.002607,0.001429,0.003857,0.001548,1
1522682805982,true,4214.092,0,0.03077,0.0108,0.003073,3.833E-4,0.003881,9.321E-4,0.003939,8.352E-4,0.004432,0.01668,0.001295,0.001308,0.002567,0.001441,0.003891,0.001544,1
1522682806017,true,4214.15,0,0.03138,0.01096,0.003064,3.715E-4,0.003872,9.386E-4,0.003972,8.323E-4,0.004105,0.01675,0.001324,0.001297,0.0025,0.001463,0.003921,0.001529,1
1522682806052,true,4214.207,0,0.03114,0.01127,0.003095,3.666E-4,0.003835,9.332E-4,0.003995,8.422E-4,0.003373,0.01717,0.001359,0.001277,0.00248,0.001469,0.003917,0.001525,1
1522682806213,true,4214.277,0,0.03039,0.01122,0.003128,3.678E-4,0.003825,9.144E-4,0.004005,8.479E-4,0.003168,0.01757,0.001359,0.001275,0.002506,0.001459,0.003848,0.001546,1
1522682806248,true,4214.335,0,0.03041,0.0109,0.003142,3.734E-4,0.003841,9.055E-4,0.003967,8.48E-4,0.003496,0.01756,0.001314,0.001289,0.002538,0.001433,0.003796,0.001565,1
1522682806283,true,4214.392,0,0.03108,0.01086,0.003109,3.793E-4,0.003858,9.11E-4,0.003924,8.279E-4,0.00408,0.01712,0.001294,0.001298,0.002556,0.001411,0.00379,0.00157,1
1522682806317,true,4214.45,0,0.03141,0.01109,0.003079,3.746E-4,0.003876,9.184E-4,0.003931,8.04E-4,0.003932,0.01701,0.001298,0.001301,0.002496,0.00142,0.003816,0.00155,1
1522682806352,true,4214.507,0,0.03152,0.01126,0.003093,3.669E-4,0.003858,9.278E-4,0.003953,8.04E-4,0.00282,0.01749,0.001306,0.00129,0.002426,0.00144,0.003844,0.001521,1
1522682806462,true,4214.527,0,0.03057,0.01134,0.003112,3.722E-4,0.003826,9.24E-4,0.003977,8.118E-4,0.002104,0.01783,0.001315,0.001283,0.00242,0.001454,0.003825,0.00152,1
1522682806497,true,4214.585,0,0.02961,0.01101,0.00313,3.74E-4,0.003836,9.092E-4,0.003989,8.247E-4,0.002226,0.01795,0.001272,0.001295,0.002451,0.001448,0.003792,0.001533,1
1522682806532,true,4214.642,0,0.02971,0.01063,0.003113,3.799E-4,0.003864,9.099E-4,0.003973,8.254E-4,0.003032,0.01742,0.001218,0.001311,0.002489,0.001432,0.003794,0.001539,1
1522682806567,true,4214.7,0,0.03026,0.01065,0.003061,3.783E-4,0.003878,9.194E-4,0.003969,8.095E-4,0.004128,0.01665,0.00121,0.001319,0.002471,0.001435,0.003823,0.001538,1
1522682806602,true,4214.757,0,0.03082,0.01079,0.003035,3.68E-4,0.003879,9.262E-4,0.004007,8.02E-4,0.004073,0.01653,0.001236,0.001312,0.002414,0.001454,0.003861,0.001521,1
1522682806763,true,4214.826,0,0.03092,0.01105,0.003057,3.623E-4,0.003838,9.267E-4,0.00403,8.109E-4,0.003223,0.01697,0.001269,0.001294,0.00239,0.001466,0.00388,0.001507,1
1522682806798,true,4214.884,0,0.03023,0.0111,0.003084,3.626E-4,0.003815,9.078E-4,0.00405,8.157E-4,0.002873,0.01735,0.001286,0.001283,0.002416,0.001463,0.003836,0.001521,1
1522682806833,true,4214.941,0,0.02987,0.01087,0.003116,3.639E-4,0.003835,8.9E-4,0.004022,8.225E-4,0.003171,0.0175,0.001256,0.001295,0.002455,0.00144,0.003778,0.001539,1
1522682806868,true,4214.999,0,0.03048,0.01076,0.003098,3.695E-4,0.003856,8.914E-4,0.003978,8.094E-4,0.003788,0.0171,0.00123,0.001305,0.002494,0.001414,0.003776,0.001542,1
1522682806903,true,4215.056,0,0.03092,0.01099,0.003067,3.652E-4,0.003881,8.944E-4,0.003967,7.861E-4,0.004053,0.0168,0.001236,0.001311,0.002452,0.00142,0.003799,0.001528,1
1522682807062,true,4215.127,0,0.03116,0.01118,0.003073,3.585E-4,0.003875,9.057E-4,0.003997,7.791E-4,0.00305,0.01724,0.001248,0.001304,0.002393,0.001434,0.00384,0.001496,1
1522682807098,true,4215.185,0,0.03041,0.01137,0.003097,3.593E-4,0.003848,9.021E-4,0.004017,7.853E-4,0.00205,0.01773,0.001247,0.001292,0.00236,0.001448,0.003834,0.001482,1
