1520613262237,true,1682.958,0,0.03988,0.01481,0.0059685,0.0010708,0.0060237,0.0014526,0.0067291,0.0014144,0.0096836,0.010333,0.0032917,0.0013875,0.003705,0.0011817,0.0035821,8.715E-4,1
1520613262294,true,1683.015,0,0.039672,0.014932,0.0060316,0.0010757,0.0060058,0.0014515,0.006733,0.0014142,0.0088116,0.010756,0.0033069,0.001375,0.0037071,0.0011833,0.0035828,8.563E-4,1
1520613262352,true,1683.073,0,0.039112,0.014864,0.0060729,0.001084,0.0060082,0.0014459,0.0067433,0.0014163,0.008476,0.011026,0.0032586,0.0013861,0.0037359,0.0011776,0.0035305,8.6436E-4,1
1520613262409,true,1683.13,0,0.038956,0.014673,0.0060786,0.0010946,0.0060635,0.0014478,0.0067334,0.0014197,0.0086611,0.010871,0.0031757,0.001414,0.0037609,0.0011648,0.003526,8.6827E-4,1
1520613262455,true,1683.176,0,0.039123,0.01458,0.006021,0.0010967,0.006111,0.0014577,0.0067346,0.0014154,0.0091884,0.010402,0.0031329,0.0014318,0.0037601,0.001165,0.0035697,8.648E-4,1
1520613262513,true,1683.234,0,0.039242,0.014589,0.005968,0.001086,0.0061433,0.0014652,0.0067765,0.0014086,0.0093771,0.010159,0.003134,0.001435,0.0036802,0.0011955,0.0036098,8.5428E-4,1
1520613262570,true,1683.291,0,0.039441,0.014605,0.0059636,0.0010726,0.0061138,0.001472,0.0068201,0.0014135,0.0090138,0.010265,0.0031541,0.0014186,0.0036107,0.0012226,0.0036362,8.4285E-4,1
1520613262628,true,1683.349,0,0.03928,0.014615,0.0059663,0.0010696,0.0060496,0.001464,0.0068429,0.0014194,0.0090508,0.010331,0.0031723,0.0013997,0.0035897,0.0012356,0.0035909,8.595E-4,1
1520613262685,true,1683.406,0,0.039242,0.014517,0.0059803,0.0010669,0.0060175,0.0014483,0.0068349,0.0014249,0.0094689,0.010383,0.0031484,0.0014029,0.0036006,0.0012281,0.003507,8.886E-4,1
1520613262755,true,1683.476,0,0.039668,0.014459,0.0059705,0.0010702,0.0060198,0.0014385,0.0067811,0.0014257,0.0099918,0.010156,0.0031236,0.0014093,0.0036327,0.0012036,0.0034709,9.0595E-4,1
1520613262813,true,1683.534,0,0.040059,0.014602,0.0059385,0.0010677,0.0060259,0.0014336,0.0067384,0.0014133,0.010435,0.0099221,0.0031453,0.0014082,0.003618,0.0011999,0.0034677,9.0783E-4,1
1520613262870,true,1683.591,0,0.040298,0.014726,0.0059625,0.0010521,0.0060293,0.0014319,0.0067288,0.0014031,0.0098798,0.010185,0.0031841,0.0013993,0.0035785,0.0012069,0.0034869,8.8889E-4,1
1520613262928,true,1683.649,0,0.040083,0.014865,0.0060221,0.0010479,0.0059894,0.0014313,0.0067207,0.0014013,0.0089355,0.010664,0.0032145,0.001384,0.0035745,0.0012121,0.0034968,8.7259E-4,1
1520613262985,true,1683.706,0,0.039413,0.014818,0.0060454,0.0010587,0.0059722,0.0014179,0.0067223,0.0013983,0.0084679,0.010969,0.0031928,0.0013873,0.0036118,0.0012072,0.0034504,8.7821E-4,1
1520613263030,true,1683.751,0,0.039022,0.014565,0.0060514,0.0010641,0.0060056,0.0014112,0.0066961,0.0014004,0.0085845,0.01092,0.0031038,0.0014156,0.0036456,0.0011897,0.0034165,8.8502E-4,1
1520613263088,true,1683.809,0,0.038906,0.014415,0.0059821,0.0010726,0.0060282,0.0014235,0.0066622,0.0013971,0.0089938,0.010497,0.0030348,0.0014392,0.0036415,0.0011842,0.0034304,8.8731E-4,1
1520613263145,true,1683.866,0,0.038881,0.014405,0.0059045,0.0010651,0.0060471,0.0014356,0.0066766,0.0013911,0.0093306,0.010121,0.0030196,0.0014523,0.0035662,0.0012131,0.003476,8.7613E-4,1
1520613263203,true,1683.924,0,0.038996,0.014408,0.005884,0.0010517,0.0060232,0.0014473,0.0067246,0.001394,0.0090352,0.010172,0.0030381,0.0014437,0.003488,0.0012434,0.0035212,8.5939E-4,1
1520613263260,true,1683.981,0,0.038804,0.014451,0.0058835,0.0010487,0.0059622,0.001446,0.0067521,0.0014023,0.008892,0.010267,0.0030618,0.0014271,0.0034617,0.0012601,0.0034953,8.7007E-4,1
1520613263330,true,1684.051,0,0.038622,0.014381,0.0058947,0.0010459,0.0059238,0.0014302,0.0067639,0.001409,0.0093203,0.010286,0.0030384,0.0014325,0.0034745,0.0012571,0.0034186,9.0083E-4,1
1520613263388,true,1684.109,0,0.038965,0.014308,0.0058871,0.0010501,0.0059201,0.0014217,0.0067266,0.0014125,0.009963,0.010087,0.0030134,0.0014426,0.0034995,0.0012373,0.0033743,9.2565E-4,1
1520613263445,true,1684.166,0,0.039546,0.01442,0.0058556,0.0010505,0.0059236,0.0014223,0.0066878,0.0014045,0.01057,0.0097767,0.0030429,0.001441,0.0035102,0.0012274,0.0033726,9.3557E-4,1
1520613263503,true,1684.224,0,0.039868,0.014626,0.0058648,0.0010401,0.0059346,0.0014212,0.0066809,0.0013958,0.010375,0.0099145,0.0030976,0.0014337,0.0034748,0.0012378,0.0033966,9.2294E-4,1
1520613263560,true,1684.281,0,0.039941,0.014801,0.0059336,0.0010369,0.0059023,0.0014244,0.006685,0.0013957,0.009468,0.010451,0.0031401,0.0014213,0.003472,0.0012433,0.0034238,9.0153E-4,1
1520613263605,true,1684.326,0,0.03947,0.014844,0.0059891,0.0010484,0.0058779,0.0014165,0.0066842,0.0013977,0.0089117,0.010846,0.0031539,0.0014162,0.0035222,0.0012407,0.0033887,9.0802E-4,1
1520613263663,true,1684.384,0,0.039057,0.014688,0.0060305,0.0010553,0.0059126,0.0014104,0.0066693,0.0014015,0.0088935,0.010998,0.00309,0.0014421,0.0035741,0.0012272,0.003361,9.1542E-4,1
1520613263720,true,1684.441,0,0.039071,0.014524,0.0059993,0.0010693,0.005957,0.0014207,0.0066391,0.0014019,0.0093062,0.010685,0.0030284,0.0014688,0.0036073,0.0012149,0.0033867,9.1395E-4,1
1520613263778,true,1684.499,0,0.039108,0.014508,0.0059286,0.0010673,0.005982,0.0014334,0.0066505,0.0013936,0.0097878,0.010273,0.0030079,0.0014822,0.0035624,0.0012318,0.0034226,9.0751E-4,1
1520613263835,true,1684.556,0,0.039142,0.014507,0.0058898,0.0010556,0.0059703,0.0014472,0.0066839,0.0013959,0.0095757,0.010254,0.0030057,0.00148,0.0034722,0.0012655,0.0034653,8.8755E-4,1
1520613263905,true,1684.626,0,0.038924,0.014602,0.0058901,0.0010533,0.0059095,0.001453,0.0067183,0.0014075,0.0092984,0.01036,0.0030281,0.0014686,0.0034326,0.0012888,0.0034625,8.8752E-4,1
1520613263963,true,1684.684,0,0.038637,0.014567,0.0058996,0.0010543,0.0058637,0.0014457,0.0067436,0.0014185,0.0095874,0.010395,0.0030271,0.0014661,0.0034431,0.0012926,0.003398,9.1863E-4,1
1520613264020,true,1684.741,0,0.038881,0.014431,0.0059097,0.0010574,0.0058638,0.0014364,0.0067148,0.0014283,0.010282,0.010246,0.0030019,0.0014773,0.0034687,0.0012813,0.003347,9.466E-4,1
1520613264078,true,1684.799,0,0.039518,0.014462,0.0058766,0.0010598,0.005864,0.0014364,0.0066722,0.0014246,0.011009,0.0098951,0.0030226,0.0014814,0.0034963,0.0012653,0.0033416,9.6007E-4,1
1520613264135,true,1684.856,0,0.039915,0.014656,0.0058614,0.0010519,0.0058662,0.001437,0.0066568,0.001416,0.01112,0.0098495,0.0030821,0.0014774,0.0034723,0.001271,0.0033576,9.5722E-4,1
1520613264181,true,1684.902,0,0.040083,0.014807,0.0059108,0.0010455,0.0058381,0.0014411,0.0066567,0.0014131,0.010338,0.010296,0.0031438,0.0014646,0.0034686,0.0012779,0.0033955,9.3902E-4,1
1520613264239,true,1684.96,0,0.039712,0.014888,0.0059714,0.001055,0.005803,0.0014349,0.0066572,0.0014124,0.0096393,0.010746,0.0031932,0.0014539,0.0035178,0.0012763,0.0033799,9.4088E-4,1
1520613264296,true,1685.017,0,0.039222,0.01474,0.0060151,0.0010637,0.0058222,0.0014227,0.0066413,0.0014164,0.0094565,0.010997,0.0031626,0.0014711,0.00358,0.0012637,0.0033447,9.52E-4,1
1520613264354,true,1685.075,0,0.039114,0.014519,0.0059928,0.0010771,0.0058689,0.0014259,0.00661,0.0014147,0.009661,0.010812,0.0030991,0.0015008,0.0036428,0.0012429,0.0033543,9.5534E-4,1
1520613264411,true,1685.132,0,0.039071,0.014433,0.0059178,0.0010793,0.0058945,0.0014375,0.0065933,0.0014071,0.010071,0.010426,0.0030785,0.0015198,0.0036371,0.001249,0.0033988,9.5068E-4,1
1520613264480,true,1685.201,0,0.038991,0.014382,0.005856,0.0010704,0.0058926,0.0014496,0.0066232,0.0014039,0.009987,0.010295,0.0030821,0.0015244,0.0035623,0.0012813,0.0034561,9.299E-4,1
1520613264538,true,1685.259,0,0.038856,0.01437,0.0058401,0.0010645,0.0058274,0.00146,0.0066527,0.0014154,0.0095428,0.010447,0.003102,0.0015086,0.003518,0.0013046,0.0034851,9.1826E-4,1
1520613264595,true,1685.316,0,0.038468,0.014306,0.0058239,0.0010648,0.0057642,0.0014529,0.0066698,0.0014254,0.0096754,0.010451,0.0031008,0.0015026,0.0035108,0.0013166,0.0034327,9.3863E-4,1
1520613264653,true,1685.374,0,0.038393,0.014162,0.0058176,0.001067,0.0057343,0.0014455,0.0066451,0.0014394,0.010313,0.010318,0.0030624,0.0015141,0.0035198,0.0013103,0.0033599,9.7054E-4,1
1520613264710,true,1685.431,0,0.038912,0.014134,0.0057735,0.001075,0.0057261,0.0014481,0.0065946,0.0014426,0.011055,0.0099629,0.0030467,0.0015248,0.0035512,0.001295,0.0033413,9.8856E-4,1
1520613264755,true,1685.476,0,0.039367,0.014338,0.0057373,0.0010727,0.0057219,0.0014501,0.0065763,0.0014347,0.011458,0.009764,0.0031084,0.0015215,0.0035321,0.0013021,0.0033542,9.9142E-4,1
1520613264813,true,1685.534,0,0.039649,0.014544,0.0057789,0.0010644,0.0057043,0.0014569,0.0065778,0.0014318,0.010842,0.010139,0.0031834,0.0015084,0.0035094,0.0013143,0.0033902,9.7471E-4,1
1520613264870,true,1685.591,0,0.039437,0.014714,0.0058528,0.0010709,0.0056731,0.0014524,0.0065792,0.0014343,0.010076,0.010621,0.0032465,0.0014932,0.0035499,0.0013158,0.0033963,9.7081E-4,1
1520613264928,true,1685.649,0,0.039013,0.014623,0.0059117,0.0010823,0.0056808,0.0014403,0.0065868,0.0014343,0.0098048,0.010969,0.0032392,0.0015042,0.0036363,0.0013012,0.0033597,9.8646E-4,1
1520613264985,true,1685.706,0,0.038868,0.014407,0.0059257,0.001098,0.0057381,0.0014386,0.006558,0.0014368,0.0098368,0.010987,0.0031923,0.0015347,0.0037137,0.0012808,0.0033681,9.887E-4,1
1520613265031,true,1685.752,0,0.038905,0.014313,0.0058664,0.0011075,0.0057931,0.0014498,0.0065435,0.00143,0.010253,0.010605,0.0031762,0.0015555,0.0037558,0.0012728,0.0034266,9.8253E-4,1
1520613265089,true,1685.81,0,0.038822,0.014286,0.0058041,0.0011025,0.005823,0.0014611,0.0065681,0.0014249,0.010202,0.010467,0.0031932,0.0015629,0.0037162,0.0012967,0.0035033,9.6246E-4,1
1520613265146,true,1685.867,0,0.038703,0.014264,0.0057893,0.0010961,0.0057868,0.0014765,0.0066182,0.0014304,0.0096708,0.010655,0.0032212,0.001554,0.0036602,0.0013268,0.0035605,9.436E-4,1
1520613265204,true,1685.925,0,0.038301,0.014208,0.0057753,0.0010994,0.0057317,0.0014725,0.0066523,0.0014418,0.0095372,0.010714,0.0032365,0.0015429,0.0036461,0.0013467,0.0035406,9.545E-4,1
1520613265261,true,1685.982,0,0.03807,0.014021,0.0057672,0.0010998,0.0057071,0.0014611,0.0066542,0.0014537,0.010043,0.010621,0.0031958,0.0015519,0.0036636,0.0013389,0.003473,9.8443E-4,1
1520613265330,true,1686.051,0,0.038444,0.013924,0.0057174,0.0011061,0.0057058,0.0014569,0.0066151,0.0014567,0.010808,0.010244,0.0031616,0.0015612,0.0036878,0.0013205,0.003445,0.0010038,1
1520613265388,true,1686.109,0,0.038874,0.014101,0.0056589,0.0011045,0.0056921,0.0014589,0.0065759,0.0014528,0.011479,0.0098645,0.0031918,0.0015598,0.0036662,0.0013208,0.0034395,0.0010119,1
1520613265445,true,1686.166,0,0.039274,0.014301,0.0056694,0.0010948,0.0056797,0.0014631,0.0065848,0.0014477,0.011126,0.010057,0.003263,0.0015461,0.0036232,0.0013338,0.0034612,0.0010001,1
1520613265503,true,1686.224,0,0.039251,0.014517,0.0057454,0.001095,0.0056374,0.0014633,0.0065844,0.0014505,0.010321,0.010561,0.0033348,0.0015244,0.0036405,0.001335,0.0034853,9.8359E-4,1
1520613265560,true,1686.281,0,0.038843,0.014526,0.0058068,0.0011071,0.0056269,0.0014515,0.0065901,0.0014513,0.0098425,0.010987,0.0033579,0.0015241,0.003712,0.0013257,0.003446,9.961E-4,1
1520613265631,true,1686.352,0,0.03863,0.014346,0.0058559,0.0011176,0.0056826,0.0014439,0.0065685,0.001454,0.0098507,0.011104,0.0033148,0.0015484,0.0037902,0.0013021,0.003436,0.0010003,1
1520613265689,true,1686.41,0,0.038624,0.014249,0.0058193,0.0011323,0.00574,0.0014553,0.0065352,0.00145,0.010123,0.010846,0.0032824,0.0015734,0.0038515,0.0012829,0.0034931,9.9263E-4,1
1520613265746,true,1686.467,0,0.038544,0.01426,0.0057592,0.0011334,0.0057931,0.001466,0.0065606,0.0014393,0.010244,0.010619,0.0032971,0.0015873,0.0038303,0.001298,0.0035756,9.6979E-4,1
1520613265804,true,1686.525,0,0.038462,0.014253,0.0057487,0.0011268,0.0057896,0.0014838,0.0066179,0.0014405,0.0097689,0.010718,0.0033173,0.0015807,0.0037698,0.0013278,0.0036602,9.3793E-4,1
1520613265861,true,1686.582,0,0.038112,0.014261,0.0057526,0.0011265,0.005749,0.0014872,0.0066641,0.0014499,0.0094703,0.010827,0.0033367,0.0015665,0.0037531,0.0013473,0.0036722,9.3681E-4,1
1520613265931,true,1686.652,0,0.037789,0.014112,0.0057419,0.0011294,0.0057332,0.001475,0.0066925,0.0014597,0.0098097,0.010794,0.0033118,0.0015714,0.0037677,0.0013469,0.0036193,9.602E-4,1
1520613265989,true,1686.71,0,0.038029,0.013947,0.0057127,0.0011341,0.0057425,0.0014677,0.0066716,0.0014652,0.010559,0.010452,0.0032733,0.001583,0.0037845,0.0013297,0.0035821,9.8297E-4,1
1520613266046,true,1686.767,0,0.038627,0.014001,0.0056546,0.0011332,0.0057384,0.0014677,0.0066405,0.0014617,0.011375,0.009979,0.0032811,0.0015814,0.0037717,0.0013211,0.0035849,9.9109E-4,1
1520613266104,true,1686.825,0,0.03911,0.014161,0.0056346,0.0011191,0.0057284,0.0014661,0.0066397,0.0014554,0.011309,0.0099861,0.00333,0.0015662,0.0037046,0.0013361,0.0036028,9.7847E-4,1
1520613266161,true,1686.882,0,0.039252,0.014352,0.0056877,0.0011122,0.0056725,0.0014683,0.0066342,0.0014564,0.010477,0.010467,0.0033872,0.0015415,0.0036698,0.0013414,0.0036124,9.6331E-4,1
1520613266206,true,1686.927,0,0.038912,0.014404,0.005751,0.0011198,0.0056316,0.0014584,0.0066313,0.0014545,0.0098776,0.010895,0.0034218,0.0015265,0.0037151,0.0013317,0.0035684,9.6963E-4,1
1520613266264,true,1686.985,0,0.038563,0.014245,0.0058035,0.0011261,0.005659,0.0014411,0.0066046,0.0014538,0.0098153,0.011083,0.0033805,0.0015424,0.0037846,0.0013062,0.0035301,9.7918E-4,1
1520613266321,true,1687.042,0,0.038526,0.014063,0.0057861,0.0011376,0.0057206,0.0014384,0.0065566,0.001447,0.0099736,0.010867,0.0033285,0.0015662,0.0038528,0.0012772,0.0035578,9.7365E-4,1
1520613266379,true,1687.1,0,0.038352,0.013996,0.0057161,0.0011347,0.0057639,0.001443,0.0065456,0.0014327,0.010126,0.010544,0.0033233,0.0015764,0.0038531,0.0012774,0.0036291,9.528E-4,1
1520613266436,true,1687.157,0,0.038131,0.013864,0.0056778,0.001121,0.005772,0.0014509,0.0065703,0.0014272,0.009668,0.010566,0.0033368,0.0015699,0.0037857,0.0013037,0.0037014,9.2121E-4,1
1520613266481,true,1687.202,0,0.037583,0.013767,0.0056602,0.0011088,0.0057175,0.0014499,0.0065952,0.0014297,0.0091421,0.010656,0.0033564,0.0015527,0.0037563,0.0013202,0.0037314,9.0733E-4,1
1520613266539,true,1687.26,0,0.036875,0.013529,0.0056159,0.0011031,0.0056589,0.0014335,0.0066036,0.0014348,0.0092592,0.010594,0.0033261,0.0015474,0.0037518,0.0013265,0.0036784,9.2417E-4,1
1520613266596,true,1687.317,0,0.03664,0.013198,0.0055508,0.0010999,0.0056324,0.0014181,0.0065635,0.0014393,0.0099133,0.010231,0.0032605,0.0015584,0.0037588,0.0013098,0.0036205,9.4632E-4,1
1520613266654,true,1687.375,0,0.036788,0.013089,0.0054461,0.0010938,0.0055936,0.001415,0.0064956,0.0014355,0.010759,0.0096587,0.0032383,0.0015588,0.0037409,0.0012968,0.0035997,9.5976E-4,1
1520613266711,true,1687.432,0,0.037015,0.013136,0.0053607,0.0010778,0.0055516,0.0014067,0.0064652,0.0014224,0.011027,0.0093933,0.0032698,0.0015457,0.0036638,0.0013069,0.0035965,9.5272E-4,1
1520613266781,true,1687.502,0,0.03714,0.01321,0.0053646,0.0010587,0.005468,0.0014039,0.0064327,0.0014193,0.010256,0.0097284,0.0033171,0.001518,0.0036005,0.0013139,0.0036002,9.351E-4,1
1520613266839,true,1687.56,0,0.036628,0.013294,0.0053932,0.0010596,0.00538,0.0013907,0.0063954,0.0014176,0.0095593,0.010141,0.0033575,0.0014911,0.0036121,0.0013069,0.0035567,9.3638E-4,1
1520613266896,true,1687.617,0,0.036082,0.013166,0.0054229,0.0010671,0.0053666,0.001369,0.0063536,0.001417,0.0093121,0.010423,0.003325,0.0014976,0.0036704,0.0012817,0.0034907,9.4935E-4,1
1520613266954,true,1687.675,0,0.035911,0.012973,0.0054092,0.001081,0.0054053,0.0013627,0.0062864,0.0014129,0.0094411,0.010271,0.0032679,0.0015144,0.0037302,0.0012501,0.0034781,9.4809E-4,1
1520613267011,true,1687.732,0,0.035794,0.012901,0.0053482,0.0010803,0.0054479,0.0013672,0.0062498,0.0013968,0.0096781,0.0099287,0.0032382,0.0015298,0.0037412,0.0012392,0.0035293,9.3438E-4,1
1520613267057,true,1687.778,0,0.035538,0.012833,0.0052986,0.0010653,0.0054666,0.0013762,0.006266,0.0013836,0.0092912,0.0098793,0.0032374,0.0015287,0.0036827,0.0012582,0.0035865,9.0395E-4,1
1520613267115,true,1687.836,0,0.035068,0.012753,0.0052886,0.0010528,0.0054204,0.0013828,0.0062906,0.0013838,0.0085731,0.010044,0.0032434,0.001513,0.0036324,0.0012781,0.0036385,8.7606E-4,1
1520613267172,true,1687.893,0,0.03433,0.012552,0.0052515,0.0010493,0.0053651,0.0013711,0.0063135,0.0013854,0.0084734,0.010002,0.0032222,0.0015025,0.0036276,0.001287,0.0036065,8.851E-4,1
1520613267230,true,1687.951,0,0.033898,0.012225,0.0052049,0.0010421,0.0053381,0.0013568,0.0062953,0.0013899,0.0090301,0.0097425,0.0031476,0.0015135,0.0036384,0.0012738,0.0035423,9.0764E-4,1
1520613267287,true,1688.008,0,0.033991,0.01203,0.0051026,0.0010369,0.0053085,0.0013507,0.0062342,0.0013867,0.0098603,0.009158,0.0030976,0.001518,0.0036367,0.001256,0.0035169,9.2077E-4,1
1520613267356,true,1688.077,0,0.034163,0.01206,0.004993,0.0010211,0.005262,0.0013459,0.0061939,0.0013738,0.010465,0.008692,0.0031145,0.0015066,0.0035647,0.0012616,0.0035108,9.1895E-4,1
1520613267414,true,1688.135,0,0.034344,0.012159,0.0049688,9.9874E-4,0.0051939,0.0013441,0.0061757,0.0013662,0.010029,0.0088402,0.0031475,0.0014824,0.0034873,0.0012719,0.0035071,9.0149E-4,1
1520613267471,true,1688.192,0,0.034059,0.012307,0.0049892,9.9242E-4,0.005102,0.0013322,0.0061401,0.001366,0.0092703,0.0092163,0.0031925,0.0014498,0.0034757,0.0012655,0.0034615,8.9961E-4,1
1520613267529,true,1688.25,0,0.033523,0.01228,0.0050201,9.9346E-4,0.0050495,0.0013153,0.0060986,0.0013651,0.0089221,0.0095269,0.0031812,0.0014423,0.0035089,0.0012465,0.0033724,9.1596E-4,1
1520613267586,true,1688.307,0,0.03326,0.012137,0.0050323,0.0010031,0.0050741,0.0013043,0.0060272,0.0013632,0.0089432,0.0095523,0.0031195,0.0014599,0.0035727,0.0012114,0.0033325,9.2103E-4,1
1520613267656,true,1688.377,0,0.033292,0.012061,0.0049856,0.0010075,0.0051135,0.0013095,0.0059632,0.0013523,0.0091906,0.0092477,0.00309,0.0014713,0.0036024,0.0011892,0.0033715,9.078E-4,1
1520613267714,true,1688.435,0,0.03312,0.012051,0.004937,9.984E-4,0.0051501,0.0013173,0.0059627,0.001338,0.0089015,0.0091497,0.0030947,0.001473,0.0035594,0.0012035,0.003435,8.7922E-4,1
1520613267771,true,1688.492,0,0.032814,0.011991,0.0049268,9.8666E-4,0.0051253,0.0013277,0.005982,0.001337,0.0081416,0.0093507,0.0031006,0.0014602,0.0035076,0.0012217,0.0035076,8.4458E-4,1
1520613267829,true,1688.55,0,0.032081,0.0119,0.0049085,9.8475E-4,0.0050738,0.0013273,0.0060083,0.0013395,0.0078286,0.0093968,0.0030954,0.0014482,0.0035039,0.0012333,0.0034955,8.4483E-4,1
1520613267886,true,1688.607,0,0.031524,0.011687,0.0048838,9.8272E-4,0.0050586,0.0013183,0.0060115,0.0013486,0.0082332,0.0092566,0.0030341,0.0014575,0.0035045,0.0012301,0.0034406,8.6735E-4,1
1520613267931,true,1688.652,0,0.031661,0.011525,0.0048204,9.8641E-4,0.0050654,0.001321,0.005983,0.0013527,0.0089508,0.0088068,0.0029677,0.0014697,0.0035166,0.0012129,0.0034271,8.7969E-4,1
1520613267989,true,1688.71,0,0.032107,0.011604,0.004746,9.7702E-4,0.0050584,0.0013246,0.0059653,0.0013473,0.0097807,0.0082582,0.0029754,0.0014617,0.003476,0.0012126,0.0034302,8.8505E-4,1
1520613268046,true,1688.767,0,0.032557,0.011799,0.004733,9.5721E-4,0.0050348,0.001328,0.0059747,0.001344,0.009651,0.0082693,0.0030194,0.0014418,0.0033943,0.0012304,0.0034372,8.7369E-4,1
1520613268104,true,1688.825,0,0.032714,0.012036,0.0047859,9.4731E-4,0.0049667,0.0013271,0.005974,0.0013466,0.0090026,0.0086358,0.0030827,0.0014081,0.0033648,0.0012326,0.0034227,8.6205E-4,1
1520613268161,true,1688.882,0,0.032463,0.012137,0.0048446,9.4856E-4,0.0049224,0.0013099,0.0059608,0.001347,0.0086917,0.0089873,0.003094,0.0013923,0.0034063,0.0012141,0.0033537,8.7396E-4,1
1520613268231,true,1688.952,0,0.032374,0.01205,0.0049044,9.5355E-4,0.0049457,0.0012969,0.0059135,0.0013481,0.0086745,0.0091258,0.0030433,0.001402,0.0034605,0.0011803,0.0032841,8.8903E-4,1
1520613268289,true,1689.01,0,0.032562,0.012054,0.0048864,9.6631E-4,0.0049896,0.0012998,0.0058506,0.0013421,0.0088523,0.0089218,0.0029926,0.0014181,0.0035015,0.0011517,0.0032899,8.8567E-4,1
1520613268346,true,1689.067,0,0.032625,0.012169,0.0048564,9.6665E-4,0.0050435,0.0013107,0.0058423,0.0013311,0.0087892,0.0087807,0.0029969,0.0014228,0.0034664,0.0011552,0.0033357,8.6343E-4,1
1520613268404,true,1689.125,0,0.032599,0.012236,0.0048773,9.5961E-4,0.0050716,0.0013268,0.0058809,0.0013291,0.0080164,0.0090318,0.0030102,0.0014145,0.0034147,0.0011737,0.0034065,8.3252E-4,1
1520613268461,true,1689.182,0,0.032226,0.012248,0.0049108,9.609E-4,0.005054,0.0013337,0.0059272,0.0013357,0.0074429,0.0092361,0.0030261,0.001401,0.0034124,0.0011868,0.0034299,8.2224E-4,1
1520613268506,true,1689.227,0,0.031781,0.01209,0.0049255,9.5984E-4,0.0050701,0.0013252,0.0059662,0.0013427,0.0076199,0.0092238,0.0029849,0.0014069,0.0034294,0.0011869,0.0033975,8.3788E-4,1
1520613268564,true,1689.285,0,0.031863,0.011882,0.0048925,9.6583E-4,0.0050999,0.001325,0.0059537,0.0013519,0.0083128,0.0088566,0.00292,0.0014204,0.0034545,0.0011722,0.0033785,8.5257E-4,1
1520613268621,true,1689.342,0,0.032326,0.011907,0.0048198,9.63E-4,0.0051102,0.001332,0.0059428,0.0013524,0.0092552,0.008286,0.0029159,0.0014203,0.003434,0.001169,0.0034038,8.5942E-4,1
1520613268679,true,1689.4,0,0.032829,0.012066,0.0047849,9.4757E-4,0.0051117,0.0013371,0.005965,0.0013499,0.0095045,0.0081365,0.0029643,0.0014036,0.0033599,0.0011889,0.0034276,8.517E-4,1
1520613268736,true,1689.457,0,0.033287,0.012313,0.004834,9.3549E-4,0.0050646,0.0013398,0.0059827,0.0013549,0.0089954,0.0084671,0.0030285,0.0013708,0.0033199,0.0011987,0.0034442,8.3968E-4,1
1520613268782,true,1689.503,0,0.033208,0.012517,0.0048958,9.4167E-4,0.0050179,0.0013305,0.0059842,0.0013634,0.0086173,0.0088554,0.0030798,0.0013459,0.0033474,0.0011895,0.0033865,8.5516E-4,1
1520613268840,true,1689.561,0,0.0332,0.012527,0.0049837,9.4691E-4,0.0050383,0.0013169,0.0059612,0.0013705,0.0086102,0.0091811,0.0030606,0.0013497,0.0034075,0.0011632,0.0033174,8.765E-4,1
1520613268897,true,1689.618,0,0.033642,0.012525,0.0050177,9.6153E-4,0.0051017,0.001317,0.0059165,0.0013685,0.0088391,0.0091181,0.0030274,0.0013627,0.0034737,0.0011299,0.0033189,8.7872E-4,1
1520613268955,true,1689.676,0,0.033919,0.012688,0.0050148,9.64E-4,0.0051687,0.001325,0.0059045,0.0013569,0.0089954,0.0089625,0.0030407,0.0013683,0.0034731,0.0011228,0.0033667,8.618E-4,1
1520613269012,true,1689.733,0,0.034101,0.012758,0.0050423,9.5747E-4,0.0052153,0.001337,0.0059358,0.001351,0.0083359,0.0091992,0.0030626,0.0013624,0.0034308,0.0011407,0.0034301,8.2744E-4,1
1520613269082,true,1689.803,0,0.03383,0.012806,0.0050866,9.5611E-4,0.005207,0.0013422,0.005971,0.001354,0.0075851,0.0094915,0.0030654,0.0013507,0.0034136,0.0011537,0.0034661,8.0573E-4,1
1520613269140,true,1689.861,0,0.033294,0.012684,0.0050983,9.5793E-4,0.0052037,0.0013371,0.0060069,0.001359,0.0074821,0.0095799,0.0030255,0.0013506,0.0034289,0.0011578,0.003421,8.1692E-4,1
1520613269197,true,1689.918,0,0.033175,0.01244,0.0050813,9.6319E-4,0.0052264,0.0013347,0.0059948,0.0013703,0.0080425,0.0093342,0.0029427,0.0013673,0.0034353,0.0011464,0.0033789,8.3258E-4,1
1520613269255,true,1689.976,0,0.033585,0.012364,0.0050075,9.6222E-4,0.0052363,0.0013433,0.005976,0.0013716,0.0088938,0.0087763,0.0028948,0.001374,0.0034206,0.0011372,0.0033774,8.4113E-4,1
1520613269312,true,1690.033,0,0.034045,0.012479,0.0049442,9.4994E-4,0.0052268,0.001352,0.0059871,0.0013663,0.0094015,0.0084321,0.0029126,0.0013644,0.0033199,0.0011594,0.0033891,8.3706E-4,1
1520613269382,true,1690.103,0,0.034532,0.012686,0.0049597,9.3764E-4,0.0051728,0.0013642,0.0060078,0.0013736,0.0090263,0.0086189,0.0029573,0.0013386,0.0032407,0.0011793,0.0033937,8.2621E-4,1
1520613269440,true,1690.161,0,0.034561,0.012929,0.0050168,9.3942E-4,0.0051088,0.0013595,0.006019,0.0013797,0.0086755,0.0089497,0.0030133,0.0013091,0.0032376,0.0011818,0.0033463,8.3506E-4,1
1520613269497,true,1690.218,0,0.034523,0.012962,0.0050987,9.423E-4,0.0051079,0.0013414,0.0060091,0.0013851,0.0087074,0.009253,0.0030105,0.0013068,0.0032916,0.0011596,0.0032654,8.6025E-4,1
1520613269555,true,1690.276,0,0.034917,0.012941,0.0051462,9.5512E-4,0.005155,0.0013342,0.005966,0.0013837,0.0089622,0.0092307,0.0029816,0.0013179,0.0033647,0.0011264,0.0032443,8.6868E-4,1
1520613269612,true,1690.333,0,0.035304,0.013051,0.0051423,9.6195E-4,0.0052044,0.0013389,0.0059344,0.0013706,0.0091928,0.0090562,0.0029934,0.0013246,0.003386,0.0011123,0.0032748,8.6029E-4,1
1520613269656,true,1690.377,0,0.035463,0.013177,0.0051607,9.5709E-4,0.0052497,0.0013489,0.0059493,0.0013625,0.0086804,0.0092477,0.003014,0.001324,0.0033462,0.0011247,0.0033316,8.3304E-4,1
1520613269714,true,1690.435,0,0.03532,0.013277,0.0052067,9.5745E-4,0.0052517,0.0013615,0.0059797,0.0013641,0.007824,0.0096324,0.0030334,0.001312,0.0033333,0.0011358,0.0033813,8.0622E-4,1
1520613269771,true,1690.492,0,0.034774,0.01324,0.0052348,9.6668E-4,0.0052463,0.001362,0.006023,0.0013691,0.007497,0.009857,0.0030161,0.0013101,0.0033595,0.0011409,0.0033675,8.0862E-4,1
1520613269829,true,1690.55,0,0.03443,0.013035,0.0052482,9.7172E-4,0.0052847,0.0013581,0.0060352,0.0013801,0.0077999,0.0097844,0.0029412,0.0013309,0.0033862,0.001133,0.0033309,8.2464E-4,1
1520613269886,true,1690.607,0,0.034668,0.01289,0.0051879,9.7799E-4,0.0053211,0.0013649,0.0060218,0.0013812,0.0085707,0.0092912,0.0028835,0.0013429,0.00339,0.0011263,0.0033407,8.3275E-4,1
1520613269932,true,1690.653,0,0.03499,0.01294,0.005113,9.6959E-4,0.005333,0.0013698,0.0060317,0.0013752,0.0093159,0.0087967,0.0028873,0.0013405,0.0033225,0.0011439,0.0033566,8.3206E-4,1
1520613269990,true,1690.711,0,0.035422,0.013039,0.0050942,9.5314E-4,0.0052914,0.0013785,0.0060523,0.001377,0.0092137,0.0088183,0.0029185,0.0013204,0.0032276,0.0011708,0.0033702,8.2241E-4,1
1520613270047,true,1690.768,0,0.035505,0.01322,0.0051208,9.4752E-4,0.0052053,0.0013775,0.0060584,0.0013839,0.0088188,0.0090533,0.002963,0.0012896,0.0032009,0.001178,0.0033359,8.261E-4,1
1520613270105,true,1690.826,0,0.035412,0.013244,0.0051644,9.4803E-4,0.0051572,0.0013593,0.0060466,0.0013878,0.0088527,0.0092742,0.0029699,0.0012756,0.0032156,0.0011687,0.0032344,8.5526E-4,1
1520613270162,true,1690.883,0,0.035629,0.013161,0.0051978,9.5441E-4,0.0051579,0.0013468,0.0059865,0.0013882,0.0090397,0.0093201,0.0029291,0.0012847,0.0032603,0.0011387,0.0031614,8.7326E-4,1
1520613270232,true,1690.953,0,0.035991,0.013219,0.005172,9.6456E-4,0.0051691,0.0013515,0.0059191,0.0013793,0.0093432,0.0091147,0.0029137,0.0012957,0.0032885,0.001119,0.0031551,8.7583E-4,1
1520613270290,true,1691.011,0,0.036116,0.013351,0.0051637,9.6277E-4,0.0051992,0.0013566,0.0059041,0.0013677,0.0090037,0.0091717,0.0029428,0.0012965,0.0032629,0.0011242,0.0031917,8.5298E-4,1
1520613270347,true,1691.068,0,0.036024,0.013412,0.0051984,9.6341E-4,0.0051957,0.0013667,0.0059154,0.0013658,0.0080192,0.0095697,0.0029675,0.0012893,0.0032415,0.001137,0.0032407,8.267E-4,1
1520613270405,true,1691.126,0,0.035437,0.013384,0.0052289,9.7154E-4,0.005171,0.0013681,0.0059333,0.0013676,0.0074093,0.00987,0.0029704,0.0012839,0.0032664,0.0011425,0.003239,8.1925E-4,1
1520613270462,true,1691.183,0,0.034888,0.013144,0.0052336,9.7721E-4,0.0051837,0.0013625,0.0059413,0.0013734,0.0075142,0.009899,0.002906,0.0013028,0.0032867,0.0011408,0.003206,8.3168E-4,1
1520613270532,true,1691.253,0,0.034824,0.012885,0.0051724,9.8718E-4,0.0052149,0.001364,0.0059268,0.0013733,0.0080665,0.0094818,0.0028317,0.0013268,0.0033016,0.0011333,0.0032058,8.3903E-4,1
1520613270590,true,1691.311,0,0.03494,0.012808,0.0050721,9.8177E-4,0.0052114,0.0013739,0.0059163,0.0013689,0.0088624,0.0089057,0.0028181,0.001333,0.0032532,0.0011451,0.0032342,8.4169E-4,1
1520613270647,true,1691.368,0,0.035157,0.0128,0.0050204,9.6321E-4,0.0051811,0.0013793,0.0059373,0.0013676,0.0089509,0.0087307,0.0028436,0.0013216,0.0031604,0.0011733,0.0032632,8.2974E-4,1
1520613270705,true,1691.426,0,0.035136,0.012935,0.005024,9.5227E-4,0.0050981,0.00138,0.0059468,0.001375,0.008597,0.0089393,0.0028867,0.0012982,0.0031138,0.0011914,0.0032613,8.274E-4,1
1520613270762,true,1691.483,0,0.034941,0.01297,0.005047,9.5121E-4,0.0050261,0.0013641,0.0059423,0.0013799,0.0086424,0.009097,0.0029126,0.0012816,0.0031246,0.0011909,0.0031773,8.5294E-4,1
1520613270807,true,1691.528,0,0.034983,0.012887,0.0050734,9.5302E-4,0.0050084,0.0013479,0.0058852,0.0013889,0.0089806,0.0091549,0.0028854,0.0012884,0.0031582,0.00117,0.0030991,8.7704E-4,1
1520613270865,true,1691.586,0,0.035332,0.012913,0.0050556,9.6446E-4,0.0050149,0.0013448,0.005818,0.0013828,0.0093438,0.0089697,0.0028731,0.0012971,0.0031938,0.0011442,0.0030802,8.8522E-4,1
1520613270922,true,1691.643,0,0.035557,0.013073,0.0050344,9.6574E-4,0.0050277,0.0013464,0.0057838,0.0013699,0.0093105,0.0089189,0.0028906,0.0013024,0.0031783,0.001145,0.0031049,8.7134E-4,1
1520613270980,true,1691.701,0,0.035617,0.013168,0.0050661,9.6521E-4,0.0050184,0.0013586,0.0057815,0.0013666,0.0084411,0.0093259,0.002914,0.0012963,0.0031398,0.0011597,0.0031368,8.4438E-4,1
1520613271037,true,1691.758,0,0.035117,0.013269,0.0051045,9.7907E-4,0.0049934,0.0013651,0.0057911,0.0013702,0.0076278,0.0097397,0.0029349,0.001289,0.0031545,0.0011655,0.0031473,8.3333E-4,1
1520613271107,true,1691.828,0,0.034563,0.01313,0.0051366,9.9018E-4,0.0050137,0.001361,0.0058157,0.0013756,0.0075283,0.0099065,0.0028948,0.0013052,0.0031926,0.0011642,0.0031251,8.43E-4,1
1520613271165,true,1691.886,0,0.03445,0.012874,0.0051202,0.0010037,0.0050627,0.0013645,0.0058071,0.001384,0.0079471,0.009668,0.0028223,0.0013327,0.0032385,0.0011521,0.0031304,8.5045E-4,1
1520613271222,true,1691.943,0,0.034664,0.012753,0.0050494,0.0010044,0.0050937,0.0013744,0.0058055,0.0013818,0.0086522,0.0091699,0.0027911,0.0013493,0.0032283,0.001158,0.0031698,8.5335E-4,1
1520613271280,true,1692.001,0,0.034832,0.012744,0.0049855,9.9057E-4,0.0050972,0.0013819,0.0058364,0.0013794,0.0088972,0.0089373,0.0028158,0.0013468,0.0031444,0.0011915,0.0032061,8.4609E-4,1
1520613271337,true,1692.058,0,0.035041,0.012779,0.0049814,9.7962E-4,0.0050417,0.0013844,0.0058599,0.0013873,0.0086085,0.0090785,0.0028547,0.0013287,0.003084,0.0012162,0.0032289,8.3719E-4,1
1520613271383,true,1692.104,0,0.034915,0.012798,0.0049847,9.8067E-4,0.0049622,0.0013738,0.0058682,0.0013946,0.0086443,0.009222,0.002895,0.0013071,0.0030856,0.0012238,0.0031759,8.5606E-4,1
1520613271441,true,1692.162,0,0.034877,0.012729,0.0050108,9.8118E-4,0.0049344,0.0013562,0.0058354,0.0014051,0.0090108,0.0093302,0.0028779,0.0013118,0.0031181,0.00121,0.0030917,8.863E-4,1
1520613271498,true,1692.219,0,0.035256,0.01273,0.0050016,9.9206E-4,0.0049339,0.001352,0.0057727,0.0014044,0.0095566,0.009165,0.0028557,0.0013211,0.0031613,0.001184,0.0030587,9.0295E-4,1
1520613271556,true,1692.277,0,0.035594,0.012904,0.0049775,9.9623E-4,0.0049391,0.0013539,0.0057371,0.0013935,0.0098542,0.0090023,0.0028822,0.0013247,0.0031595,0.0011777,0.0030742,8.966E-4,1
1520613271613,true,1692.334,0,0.035761,0.013062,0.0050059,9.924E-4,0.0049439,0.001362,0.0057386,0.0013865,0.0091535,0.0093451,0.0029191,0.0013198,0.0031269,0.0011875,0.0031203,8.6735E-4,1
1520613271682,true,1692.403,0,0.035479,0.013219,0.0050583,0.0010018,0.0049254,0.0013672,0.0057458,0.0013877,0.0081522,0.0098754,0.0029408,0.0013121,0.0031347,0.0011909,0.0031396,8.4847E-4,1
1520613271740,true,1692.461,0,0.0349,0.013182,0.0050984,0.0010154,0.0049204,0.0013651,0.0057622,0.0013912,0.0078118,0.010155,0.002907,0.0013221,0.0031722,0.0011894,0.0031083,8.5342E-4,1
1520613271797,true,1692.518,0,0.034631,0.013001,0.0051103,0.0010318,0.0049659,0.0013701,0.0057551,0.0014007,0.0079895,0.010101,0.002818,0.001354,0.0032071,0.0011808,0.0030937,8.6068E-4,1
1520613271855,true,1692.576,0,0.034819,0.012907,0.0050619,0.001044,0.005008,0.0013893,0.0057595,0.0013989,0.0086007,0.0096541,0.0027656,0.0013786,0.0032228,0.0011783,0.0031311,8.6293E-4,1
1520613271912,true,1692.633,0,0.035056,0.012912,0.0050093,0.0010401,0.0050466,0.0013985,0.0057973,0.0013974,0.0089086,0.0093819,0.0027776,0.0013845,0.0031672,0.0012029,0.0031812,8.5377E-4,1
1520613271958,true,1692.679,0,0.035382,0.012959,0.0050038,0.0010323,0.0050236,0.0014121,0.0058462,0.001406,0.0086044,0.0095031,0.0028108,0.0013724,0.0031001,0.001235,0.0032237,8.4251E-4,1
1520613272016,true,1692.737,0,0.035305,0.013058,0.0050264,0.0010293,0.0049611,0.0014116,0.0058787,0.0014173,0.0085661,0.0096178,0.0028588,0.0013506,0.0030894,0.0012503,0.0032017,8.5393E-4,1
1520613272073,true,1692.794,0,0.035252,0.013015,0.0050559,0.00103,0.0049299,0.0013972,0.0058831,0.0014274,0.0089444,0.009715,0.0028486,0.0013533,0.0031099,0.0012438,0.0031244,8.8847E-4,1
1520613272131,true,1692.852,0,0.035664,0.012951,0.0050622,0.0010398,0.0049365,0.0013904,0.0058413,0.0014325,0.0094759,0.0095485,0.0028292,0.001365,0.00315,0.0012219,0.0030909,9.0842E-4,1
1520613272188,true,1692.909,0,0.036135,0.013081,0.0050371,0.0010458,0.0049508,0.0013896,0.0058007,0.0014242,0.010037,0.0092953,0.0028575,0.0013658,0.0031704,0.0012083,0.0031024,9.1062E-4,1
1520613272257,true,1692.978,0,0.036408,0.01325,0.0050551,0.0010401,0.0049658,0.0013914,0.0057946,0.0014163,0.0096253,0.0095071,0.0029059,0.0013587,0.003145,0.0012185,0.0031408,8.8928E-4,1
1520613272315,true,1693.036,0,0.036329,0.013392,0.005123,0.0010408,0.0049469,0.0013957,0.0057968,0.0014173,0.0086659,0.010022,0.0029414,0.0013476,0.0031487,0.0012216,0.003172,8.6627E-4,1
1520613272372,true,1693.093,0,0.03576,0.013396,0.0051708,0.0010532,0.0049396,0.00139,0.0058046,0.0014195,0.008091,0.010381,0.0029369,0.001348,0.0032022,0.0012146,0.0031497,8.6697E-4,1
1520613272430,true,1693.151,0,0.03526,0.0132,0.0051954,0.0010647,0.004988,0.001383,0.0057942,0.0014254,0.0081439,0.010437,0.0028534,0.0013764,0.0032502,0.0011974,0.0031256,8.7436E-4,1
1520613272487,true,1693.208,0,0.035203,0.013024,0.0051437,0.0010754,0.0050318,0.0013918,0.0057729,0.0014247,0.0085542,0.010056,0.0027807,0.0014002,0.0032728,0.0011843,0.00315,8.7196E-4,1
1520613272533,true,1693.254,0,0.035204,0.012994,0.005057,0.0010724,0.0050526,0.0014008,0.005785,0.0014179,0.0089823,0.0096331,0.0027607,0.0014093,0.003214,0.0012024,0.0031959,8.5817E-4,1
1520613272591,true,1693.312,0,0.03528,0.012963,0.0050127,0.0010591,0.0050234,0.0014131,0.0058193,0.0014211,0.0087172,0.009597,0.0027571,0.0014018,0.0031158,0.0012332,0.0032297,8.3953E-4,1
1520613272648,true,1693.369,0,0.035048,0.013019,0.0049983,0.0010571,0.0049444,0.0014184,0.0058418,0.0014293,0.0084747,0.0096423,0.0027743,0.0013825,0.0030655,0.0012534,0.0032063,8.4376E-4,1
1520613272706,true,1693.427,0,0.034777,0.012947,0.0049913,0.00106,0.0048943,0.0014056,0.0058477,0.0014393,0.0087409,0.0096757,0.0027628,0.0013777,0.0030725,0.0012561,0.0031267,8.7365E-4,1
1520613272763,true,1693.484,0,0.03502,0.012827,0.0050011,0.0010605,0.0048884,0.0013956,0.0058089,0.0014473,0.0093435,0.0094775,0.0027279,0.0013874,0.0031052,0.0012347,0.0030762,8.9584E-4,1
1520613272833,true,1693.554,0,0.035525,0.012911,0.0049712,0.001062,0.0048901,0.0013946,0.0057559,0.0014411,0.0099849,0.0091324,0.0027443,0.0013891,0.0031179,0.0012188,0.0030737,9.0604E-4,1
1520613272891,true,1693.612,0,0.035831,0.013052,0.0049545,0.0010531,0.0048969,0.0013944,0.0057418,0.0014286,0.0099328,0.0091339,0.0028009,0.0013801,0.0030863,0.0012248,0.0030995,8.9298E-4,1
1520613272948,true,1693.669,0,0.035881,0.013194,0.0050072,0.0010508,0.0048712,0.0014,0.0057357,0.0014275,0.0090266,0.0096064,0.0028527,0.0013623,0.0030663,0.0012319,0.003138,8.6693E-4,1
1520613273006,true,1693.727,0,0.035387,0.01325,0.0050607,0.0010595,0.0048432,0.0013963,0.0057398,0.0014257,0.0082984,0.0099982,0.0028783,0.0013511,0.0031119,0.0012247,0.0031204,8.6561E-4,1
1520613273063,true,1693.784,0,0.034802,0.013107,0.0050899,0.00107,0.0048725,0.0013905,0.0057351,0.0014282,0.0081364,0.010191,0.0028232,0.0013709,0.0031675,0.0012072,0.0030781,8.7469E-4,1
1520613273133,true,1693.854,0,0.034641,0.01291,0.0050611,0.0010866,0.0049238,0.0014,0.0057034,0.0014294,0.0083276,0.0099675,0.0027499,0.001396,0.00321,0.001186,0.0030844,8.7408E-4,1
1520613273191,true,1693.912,0,0.034638,0.012854,0.0049896,0.0010863,0.0049594,0.0014152,0.0057059,0.0014203,0.0088215,0.0094928,0.0027152,0.0014091,0.0031868,0.0011897,0.0031318,8.6432E-4,1
1520613273248,true,1693.969,0,0.034633,0.012812,0.0049421,0.0010736,0.0049723,0.0014249,0.0057462,0.0014184,0.0086495,0.0093803,0.0027127,0.0014027,0.0031083,0.0012155,0.0031812,8.4076E-4,1
1520613273306,true,1694.027,0,0.034484,0.012823,0.0049343,0.0010639,0.0049102,0.0014307,0.0057788,0.0014257,0.0082276,0.009479,0.0027223,0.0013819,0.0030461,0.0012349,0.0031811,8.3235E-4,1
1520613273363,true,1694.084,0,0.034116,0.012745,0.0049166,0.0010615,0.0048444,0.0014184,0.0057978,0.0014314,0.0083956,0.0094492,0.0027064,0.0013706,0.0030341,0.0012405,0.0031066,8.5416E-4,1
1520613273408,true,1694.129,0,0.034139,0.01255,0.0048998,0.0010581,0.0048179,0.0014055,0.0057654,0.0014397,0.0089617,0.0092601,0.0026471,0.0013795,0.0030274,0.0012266,0.0030256,8.8119E-4,1
1520613273466,true,1694.187,0,0.034596,0.012556,0.0048483,0.0010602,0.0047975,0.001406,0.0056987,0.0014398,0.0095996,0.0088667,0.0026207,0.0013819,0.0030365,0.0012043,0.0029879,8.9812E-4,1
1520613273523,true,1694.244,0,0.035021,0.012728,0.0048107,0.0010549,0.0047897,0.0014071,0.0056725,0.0014284,0.0097719,0.008704,0.0026634,0.0013727,0.002995,0.001206,0.0029835,8.9387E-4,1
1520613273581,true,1694.302,0,0.035319,0.012885,0.0048506,0.0010455,0.0047695,0.0014115,0.005672,0.0014245,0.0090041,0.0090898,0.0027064,0.0013553,0.0029578,0.0012149,0.0029979,8.7329E-4,1
1520613273638,true,1694.359,0,0.035037,0.012995,0.0049164,0.0010493,0.0047303,0.0014074,0.0056731,0.0014201,0.0080831,0.0095851,0.0027464,0.0013359,0.0029812,0.0012105,0.002983,8.6654E-4,1
1520613273683,true,1694.404,0,0.034505,0.012894,0.0049583,0.0010585,0.0047449,0.0013944,0.0056666,0.0014184,0.0077734,0.0098662,0.0027103,0.0013463,0.0030347,0.001195,0.0029401,8.7447E-4,1
1520613273741,true,1694.462,0,0.034303,0.012681,0.0049521,0.0010702,0.0047995,0.0013957,0.0056327,0.0014172,0.0078499,0.0097566,0.0026336,0.0013736,0.0030827,0.0011704,0.0029272,8.7772E-4,1
1520613273798,true,1694.519,0,0.034291,0.012579,0.0048845,0.0010739,0.0048424,0.0014057,0.0056162,0.001408,0.0082169,0.0093549,0.0025967,0.0013893,0.0030842,0.0011658,0.0029754,8.684E-4,1
1520613273856,true,1694.577,0,0.034236,0.012504,0.0048215,0.0010616,0.0048733,0.0014149,0.0056457,0.0013999,0.0081736,0.0091506,0.0025808,0.0013909,0.0030114,0.0011882,0.0030344,8.4392E-4,1
1520613273913,true,1694.634,0,0.034093,0.012446,0.0048025,0.0010475,0.0048378,0.001422,0.0056848,0.0014036,0.0075995,0.0092806,0.002577,0.0013767,0.0029392,0.001213,0.0030612,8.2686E-4,1
1520613273983,true,1694.704,0,0.033647,0.012336,0.0047691,0.0010457,0.0047713,0.0014143,0.0057077,0.0014087,0.0075686,0.0092919,0.0025689,0.001363,0.0029141,0.0012243,0.0030111,8.4107E-4,1
1520613274041,true,1694.762,0,0.033399,0.01213,0.0047405,0.00104,0.004735,0.0013999,0.0056882,0.0014182,0.0080353,0.0091873,0.002511,0.001366,0.0028965,0.0012187,0.0029208,8.7003E-4,1
1520613274098,true,1694.819,0,0.033735,0.012009,0.0046799,0.0010384,0.0047105,0.0013927,0.0056265,0.0014179,0.0087637,0.00878,0.0024592,0.0013718,0.0028937,0.0011989,0.002869,8.8956E-4,1
1520613274156,true,1694.877,0,0.034093,0.012137,0.0046097,0.0010295,0.0046816,0.0013896,0.0055774,0.0014082,0.0092499,0.008432,0.0024663,0.0013659,0.0028421,0.0011979,0.0028493,8.9329E-4,1
1520613274213,true,1694.934,0,0.034358,0.012273,0.0046096,0.0010129,0.0046468,0.0013893,0.00556,0.0013999,0.0086875,0.008683,0.0025062,0.0013492,0.0027763,0.0012095,0.0028558,8.7466E-4,1
1520613274258,true,1694.979,0,0.034125,0.012431,0.0046652,0.0010075,0.0045859,0.0013838,0.0055389,0.001398,0.0077997,0.0091489,0.0025425,0.0013262,0.0027719,0.001207,0.0028435,8.6205E-4,1
1520613274316,true,1695.037,0,0.033595,0.012381,0.0047104,0.0010135,0.0045604,0.0013685,0.0055193,0.0013955,0.007344,0.0095075,0.0025244,0.0013272,0.0028179,0.001193,0.0027873,8.7141E-4,1
1520613274373,true,1695.094,0,0.033242,0.012164,0.0047269,0.0010217,0.0046009,0.0013601,0.0054786,0.0013938,0.0073428,0.009536,0.0024525,0.001353,0.0028755,0.0011662,0.0027577,8.7482E-4,1
1520613274431,true,1695.152,0,0.033169,0.012026,0.0046694,0.001029,0.0046487,0.0013664,0.0054422,0.0013831,0.0075993,0.0092181,0.0023991,0.0013725,0.0029019,0.0011486,0.0027924,8.6658E-4,1
1520613274488,true,1695.209,0,0.032955,0.011978,0.0045954,0.0010195,0.0046831,0.0013747,0.0054526,0.0013697,0.0076467,0.0089652,0.0023885,0.0013817,0.0028442,0.001166,0.0028558,8.4329E-4,1
1520613274558,true,1695.279,0,0.03276,0.011914,0.0045657,0.0010058,0.0046554,0.0013878,0.0054931,0.001369,0.0070767,0.0090742,0.0023873,0.001373,0.0027685,0.0011924,0.0029077,8.1721E-4,1
1520613274616,true,1695.337,0,0.03223,0.011843,0.0045406,0.001,0.0045975,0.0013822,0.0055229,0.0013731,0.0067906,0.0091354,0.0023825,0.0013581,0.0027291,0.0012119,0.0028921,8.1774E-4,1
1520613274673,true,1695.394,0,0.031804,0.011622,0.0045037,9.959E-4,0.0045622,0.0013657,0.0055238,0.0013807,0.0072338,0.0090169,0.0023342,0.0013604,0.0027238,0.0012096,0.0028139,8.4419E-4,1
1520613274731,true,1695.452,0,0.031932,0.011431,0.0044476,9.9362E-4,0.0045426,0.0013575,0.0054784,0.0013834,0.0080005,0.0086197,0.0022727,0.0013708,0.0027211,0.0011924,0.0027568,8.6652E-4,1
1520613274788,true,1695.509,0,0.032371,0.011479,0.0043689,9.8601E-4,0.0045133,0.0013528,0.0054269,0.0013751,0.0087156,0.0081765,0.0022697,0.0013656,0.0026849,0.0011885,0.0027396,8.734E-4,1
1520613274833,true,1695.554,0,0.032681,0.011658,0.0043393,9.7002E-4,0.0044789,0.0013531,0.0054054,0.001369,0.0085935,0.008199,0.0023059,0.001351,0.0026001,0.0012031,0.0027344,8.6145E-4,1
1520613274891,true,1695.612,0,0.032708,0.011866,0.0043879,9.6099E-4,0.0044204,0.0013523,0.0053863,0.0013692,0.0077833,0.0086816,0.0023546,0.0013257,0.0025748,0.0012075,0.0027284,8.4871E-4,1
1520613274948,true,1695.669,0,0.032296,0.011954,0.0044517,9.6598E-4,0.0043801,0.0013402,0.005371,0.0013677,0.0072623,0.0091157,0.0023737,0.0013161,0.0026134,0.0012003,0.002683,8.5628E-4,1
1520613275006,true,1695.727,0,0.031981,0.01184,0.0045049,9.7121E-4,0.0044114,0.0013274,0.0053375,0.0013699,0.0071539,0.0093595,0.0023158,0.0013378,0.0026844,0.0011742,0.0026385,8.6709E-4,1
1520613275063,true,1695.784,0,0.032013,0.011732,0.0044843,9.8473E-4,0.0044657,0.001333,0.0052946,0.0013617,0.0073781,0.009151,0.0022564,0.0013624,0.0027452,0.0011486,0.0026649,8.6375E-4,1
1520613275134,true,1695.855,0,0.031911,0.011774,0.0044316,9.832E-4,0.0045165,0.0013452,0.0052956,0.0013486,0.007571,0.0088989,0.002249,0.001377,0.0027264,0.0011574,0.0027248,8.4559E-4,1
1520613275192,true,1695.913,0,0.031817,0.011773,0.0044147,9.7196E-4,0.0045292,0.0013606,0.005342,0.0013435,0.0070479,0.0090187,0.0022567,0.0013749,0.0026577,0.0011882,0.0027899,8.1817E-4,1
1520613275249,true,1695.97,0,0.031409,0.011768,0.0044227,9.6743E-4,0.0044918,0.0013664,0.0053867,0.001349,0.0065867,0.0091586,0.0022723,0.00136,0.0026281,0.0012086,0.0028052,8.11E-4,1
1520613275307,true,1696.028,0,0.030902,0.011619,0.0044106,9.6466E-4,0.0044693,0.0013561,0.005423,0.0013546,0.0068444,0.0091352,0.0022413,0.0013622,0.0026324,0.0012162,0.0027477,8.3406E-4,1
1520613275364,true,1696.085,0,0.030978,0.011383,0.0043801,9.6246E-4,0.0044705,0.0013485,0.0054033,0.0013617,0.0075935,0.0088036,0.0021794,0.0013751,0.0026352,0.0012058,0.002704,8.5641E-4,1
1520613275407,true,1696.128,0,0.031497,0.011341,0.0043073,9.5682E-4,0.0044537,0.0013492,0.0053625,0.0013585,0.0085021,0.008272,0.0021658,0.0013767,0.0026217,0.0011984,0.0026969,8.6862E-4,1
1520613275465,true,1696.186,0,0.031917,0.011486,0.0042585,9.4122E-4,0.0044301,0.0013467,0.005347,0.0013502,0.0087607,0.0080807,0.0022092,0.0013639,0.0025511,0.0012115,0.0027003,8.643E-4,1
1520613275522,true,1696.243,0,0.032294,0.011635,0.0042876,9.2525E-4,0.004367,0.0013456,0.005335,0.0013512,0.008115,0.0084677,0.0022571,0.0013408,0.0024989,0.0012217,0.0027028,8.5117E-4,1
1520613275580,true,1696.301,0,0.031967,0.011776,0.0043391,9.2806E-4,0.0042927,0.001337,0.005312,0.0013506,0.0075563,0.0089023,0.0022932,0.0013209,0.0025186,0.0012177,0.0026415,8.6062E-4,1
1520613275637,true,1696.358,0,0.031593,0.011727,0.0043962,9.3571E-4,0.0042954,0.0013218,0.005279,0.001354,0.0074452,0.0092332,0.0022639,0.0013315,0.0025806,0.0011966,0.0025831,8.7408E-4,1
1520613275707,true,1696.428,0,0.031642,0.011624,0.004403,9.5119E-4,0.0043481,0.0013232,0.0052285,0.001351,0.0076343,0.0091515,0.0022157,0.0013531,0.0026545,0.0011681,0.002591,8.755E-4,1
1520613275765,true,1696.486,0,0.031724,0.011652,0.0043657,9.5476E-4,0.0044077,0.0013332,0.0052131,0.0013385,0.007846,0.008906,0.0022065,0.0013722,0.0026598,0.0011677,0.0026514,8.6353E-4,1
1520613275822,true,1696.543,0,0.031647,0.011649,0.0043587,9.4272E-4,0.0044492,0.0013484,0.0052455,0.0013316,0.0073858,0.0090041,0.0022226,0.0013764,0.0026181,0.0011933,0.0027321,8.3692E-4,1
1520613275880,true,1696.601,0,0.0313,0.011669,0.0043701,9.4E-4,0.0044265,0.0013605,0.0052935,0.0013362,0.0067244,0.0092712,0.0022446,0.0013653,0.0025977,0.0012151,0.0027924,8.1636E-4,1
1520613275937,true,1696.658,0,0.030749,0.011561,0.0043639,9.4332E-4,0.004396,0.0013552,0.0053389,0.0013448,0.0067707,0.0093094,0.002234,0.0013648,0.0026208,0.0012251,0.0027772,8.312E-4,1
1520613276008,true,1696.729,0,0.030624,0.011324,0.0043515,9.4265E-4,0.0044088,0.0013485,0.0053393,0.0013578,0.0074166,0.0091045,0.0021799,0.0013821,0.0026437,0.001219,0.0027408,8.5767E-4,1
1520613276066,true,1696.787,0,0.030996,0.011228,0.0042904,9.412E-4,0.0044216,0.0013517,0.0053166,0.0013584,0.008354,0.0086261,0.002162,0.0013898,0.0026677,0.0012053,0.002748,8.7328E-4,1
1520613276123,true,1696.844,0,0.031474,0.011334,0.004233,9.2787E-4,0.0044177,0.0013521,0.0053141,0.0013504,0.0089227,0.0082913,0.0022025,0.0013845,0.0026151,0.0012187,0.002768,8.7385E-4,1
1520613276181,true,1696.902,0,0.031902,0.011485,0.0042412,9.118E-4,0.0043679,0.0013539,0.0053204,0.0013494,0.0085673,0.0085256,0.0022643,0.0013599,0.0025554,0.0012358,0.0027885,8.6218E-4,1
1520613276238,true,1696.959,0,0.031811,0.011662,0.0042917,9.0806E-4,0.0042946,0.0013449,0.0053048,0.0013535,0.0080029,0.0089444,0.0023307,0.0013335,0.0025686,0.0012356,0.0027537,8.6857E-4,1
1520613276282,true,1697.003,0,0.03149,0.011626,0.0043426,9.1148E-4,0.0042663,0.0013249,0.0052827,0.0013512,0.0078394,0.0093002,0.0023334,0.0013308,0.0026322,0.0012132,0.0026815,8.89E-4,1
1520613276340,true,1697.061,0,0.031398,0.011499,0.0043584,9.2404E-4,0.0042941,0.001321,0.005215,0.0013529,0.0079347,0.0093326,0.0022826,0.0013544,0.0027011,0.0011803,0.0026551,8.9876E-4,1
1520613276397,true,1697.118,0,0.03148,0.01151,0.004328,9.308E-4,0.0043434,0.001327,0.0051691,0.0013432,0.0081952,0.0091053,0.0022685,0.0013728,0.0027433,0.0011653,0.0027034,8.9155E-4,1
1520613276455,true,1697.176,0,0.031447,0.011528,0.0043072,9.2466E-4,0.004399,0.0013371,0.0051892,0.0013331,0.0079007,0.0091316,0.0022921,0.0013808,0.002715,0.0011813,0.0027837,8.65E-4,1
1520613276512,true,1697.233,0,0.031228,0.011533,0.0043273,9.2003E-4,0.0044024,0.0013505,0.0052303,0.0013358,0.0071513,0.0094099,0.0023184,0.0013742,0.0026909,0.0012036,0.0028642,8.3851E-4,1
1520613276583,true,1697.304,0,0.030627,0.01146,0.0043284,9.2509E-4,0.0043852,0.0013492,0.0052738,0.0013431,0.0068898,0.009541,0.0023302,0.0013676,0.0027178,0.0012162,0.0028662,8.4372E-4,1
1520613276641,true,1697.362,0,0.030269,0.011239,0.0043172,9.2757E-4,0.0044011,0.0013419,0.0052942,0.0013549,0.0073485,0.0094623,0.0022835,0.0013856,0.0027452,0.0012124,0.0028432,8.642E-4,1
1520613276698,true,1697.419,0,0.030507,0.011086,0.0042603,9.3299E-4,0.0044249,0.001347,0.0052807,0.0013609,0.0081729,0.0090044,0.0022445,0.001401,0.0027712,0.0012018,0.002852,8.7947E-4,1
1520613276756,true,1697.477,0,0.03094,0.011193,0.0041908,9.2789E-4,0.0044347,0.0013542,0.0052836,0.0013573,0.0090291,0.0085533,0.002277,0.0014007,0.0027462,0.001209,0.0028937,8.8242E-4,1
1520613276813,true,1697.534,0,0.031512,0.011364,0.0041945,9.1248E-4,0.0044217,0.0013604,0.0053133,0.0013581,0.0089737,0.0086357,0.0023511,0.0013805,0.0026851,0.0012305,0.0029239,8.7373E-4,1
1520613276857,true,1697.578,0,0.031695,0.011621,0.0042653,9.0467E-4,0.0043761,0.001356,0.0053329,0.0013617,0.008462,0.0089969,0.002428,0.0013508,0.0026825,0.001233,0.0029224,8.695E-4,1
1520613276915,true,1697.636,0,0.031505,0.011713,0.0043423,9.051E-4,0.0043514,0.0013393,0.0053292,0.0013653,0.0082966,0.0093612,0.0024632,0.00134,0.0027381,0.0012186,0.0028528,8.9229E-4,1
1520613276972,true,1697.693,0,0.03156,0.011646,0.0044121,9.1271E-4,0.0043917,0.0013287,0.0052864,0.0013697,0.0084025,0.0095152,0.002441,0.001352,0.0028183,0.0011842,0.0028165,9.0562E-4,1
1520613277030,true,1697.751,0,0.031849,0.011678,0.004411,9.2369E-4,0.0044488,0.0013332,0.0052454,0.0013614,0.0087369,0.0093012,0.0024257,0.0013642,0.0028803,0.0011577,0.00285,9.0073E-4,1
1520613277087,true,1697.808,0,0.031977,0.011802,0.0043961,9.2191E-4,0.0045147,0.0013417,0.0052499,0.0013504,0.0086072,0.009224,0.0024512,0.001368,0.0028571,0.0011655,0.0029031,8.7932E-4,1
1520613277133,true,1697.854,0,0.031993,0.011866,0.0044338,9.1634E-4,0.0045349,0.001362,0.0052953,0.0013501,0.0078044,0.0095252,0.0024711,0.0013637,0.0028214,0.0011845,0.002985,8.4488E-4,1
1520613277191,true,1697.912,0,0.031552,0.011901,0.0044689,9.2234E-4,0.0045329,0.0013691,0.0053468,0.0013566,0.0073259,0.0097508,0.0025,0.001352,0.0028365,0.0011975,0.0030093,8.3953E-4,1
1520613277248,true,1697.969,0,0.031158,0.011727,0.0044867,9.263E-4,0.0045626,0.0013627,0.0053894,0.0013667,0.0075977,0.0097614,0.0024619,0.0013645,0.0028752,0.0011935,0.0029855,8.5468E-4,1
1520613277306,true,1698.027,0,0.03131,0.011531,0.0044575,9.3219E-4,0.0046136,0.0013617,0.0053928,0.0013765,0.0083126,0.0093876,0.0024055,0.0013827,0.0029042,0.001181,0.00299,8.6849E-4,1
1520613277363,true,1698.084,0,0.031719,0.011558,0.0043908,9.287E-4,0.0046338,0.0013695,0.0053936,0.0013752,0.0092931,0.0088173,0.0024214,0.001382,0.0028887,0.0011824,0.0030224,8.7419E-4,1
1520613277433,true,1698.154,0,0.032216,0.011677,0.0043723,9.1095E-4,0.0046359,0.0013748,0.0054227,0.0013738,0.0094928,0.0086813,0.0024844,0.0013636,0.0028225,0.0012032,0.003057,8.642E-4,1
1520613277491,true,1698.212,0,0.032552,0.011882,0.0044235,8.9737E-4,0.0045875,0.0013762,0.0054443,0.001379,0.0090671,0.0089904,0.0025616,0.0013318,0.0027913,0.0012133,0.0030698,8.5625E-4,1
1520613277548,true,1698.269,0,0.032461,0.012003,0.004477,8.996E-4,0.0045351,0.0013649,0.0054496,0.0013822,0.0088049,0.0093115,0.0026128,0.0013082,0.0028341,0.0012034,0.003016,8.7114E-4,1
1520613277606,true,1698.327,0,0.032427,0.011963,0.0045537,9.0135E-4,0.004551,0.00135,0.0054199,0.001386,0.0089114,0.0094947,0.0025962,0.001314,0.0028988,0.0011728,0.0029486,8.8897E-4,1
1520613277663,true,1698.384,0,0.032717,0.011957,0.0045686,9.1273E-4,0.0045918,0.0013519,0.0053666,0.0013803,0.009203,0.0093306,0.0025735,0.0013244,0.0029646,0.0011378,0.0029486,8.8898E-4,1
1520613277733,true,1698.454,0,0.03289,0.012058,0.0045529,9.1116E-4,0.0046454,0.001354,0.0053525,0.0013647,0.0092415,0.009185,0.0025836,0.0013304,0.0029619,0.0011302,0.0029925,8.6861E-4,1
1520613277791,true,1698.512,0,0.032891,0.012094,0.0045761,8.9863E-4,0.0046742,0.001365,0.0053811,0.0013573,0.008492,0.0094123,0.002606,0.0013242,0.0029183,0.0011424,0.0030542,8.3258E-4,1
1520613277848,true,1698.569,0,0.032405,0.012148,0.0046063,9.0032E-4,0.0046547,0.0013725,0.0054095,0.0013607,0.0077081,0.009711,0.0026208,0.0013116,0.0029035,0.0011535,0.0030776,8.1582E-4,1
1520613277906,true,1698.627,0,0.03175,0.012053,0.0046193,9.0729E-4,0.0046628,0.0013688,0.0054519,0.0013682,0.0076405,0.0097916,0.0025874,0.0013161,0.0029324,0.0011531,0.0030512,8.233E-4,1
1520613277963,true,1698.684,0,0.031658,0.011818,0.0046063,9.1264E-4,0.004709,0.0013672,0.0054618,0.0013779,0.0081757,0.0094983,0.0025247,0.0013325,0.0029514,0.0011432,0.0030325,8.3655E-4,1
1520613278008,true,1698.729,0,0.032016,0.011737,0.004542,9.1007E-4,0.0047376,0.0013737,0.0054568,0.0013785,0.009069,0.0088963,0.0025022,0.0013393,0.0029486,0.0011382,0.003051,8.4382E-4,1
1520613278066,true,1698.787,0,0.032385,0.0118,0.0044846,8.964E-4,0.0047386,0.0013784,0.0054861,0.0013725,0.009552,0.0085691,0.0025386,0.0013297,0.0028824,0.001156,0.0030816,8.3523E-4,1
1520613278123,true,1698.844,0,0.032817,0.011921,0.0045022,8.7994E-4,0.0046899,0.0013828,0.0055202,0.0013744,0.009176,0.008715,0.0025909,0.0013021,0.0028183,0.0011708,0.0031076,8.1902E-4,1
1520613278181,true,1698.902,0,0.032794,0.01203,0.0045472,8.7578E-4,0.0046242,0.0013702,0.0055319,0.0013778,0.0088938,0.0089716,0.0026466,0.0012711,0.0028223,0.0011715,0.0030636,8.2919E-4,1
1520613278238,true,1698.959,0,0.03268,0.011988,0.0046002,8.7535E-4,0.0046032,0.0013509,0.0055133,0.0013808,0.0089333,0.0092056,0.002636,0.0012689,0.002871,0.0011473,0.0029839,8.4948E-4,1
1520613278308,true,1699.029,0,0.032924,0.011905,0.0046267,8.8051E-4,0.0046327,0.0013383,0.0054531,0.0013758,0.0091828,0.0090919,0.0026024,0.0012786,0.0029332,0.0011119,0.002958,8.5505E-4,1
1520613278366,true,1699.087,0,0.033096,0.01197,0.0046007,8.8205E-4,0.0046585,0.0013374,0.0054135,0.0013595,0.0093612,0.0088624,0.0026037,0.0012822,0.0029487,0.0010935,0.0029752,8.451E-4,1
1520613278423,true,1699.144,0,0.033046,0.012011,0.0046009,8.7125E-4,0.004681,0.0013402,0.0054112,0.0013472,0.0087313,0.0090266,0.002621,0.0012762,0.0029072,0.0011014,0.0030248,8.119E-4,1
1520613278481,true,1699.202,0,0.032645,0.012054,0.0046235,8.6845E-4,0.0046577,0.0013436,0.0054214,0.0013459,0.0077341,0.0093885,0.0026266,0.0012617,0.0028892,0.0011075,0.0030521,7.8172E-4,1
1520613278538,true,1699.259,0,0.0319,0.0119,0.0046193,8.6928E-4,0.0046308,0.0013359,0.0054436,0.0013443,0.0073271,0.0095197,0.0025948,0.0012589,0.0029017,0.0011071,0.0030199,7.8057E-4,1
1520613278584,true,1699.305,0,0.031411,0.011608,0.0045953,8.7078E-4,0.0046399,0.0013293,0.0054386,0.0013491,0.0076098,0.0093414,0.0025032,0.0012805,0.002917,0.001096,0.0029731,7.9262E-4,1
1520613278642,true,1699.363,0,0.031471,0.011397,0.0045076,8.7286E-4,0.0046509,0.0013351,0.005412,0.0013494,0.0082848,0.008788,0.0024408,0.0012953,0.002924,0.0010826,0.0029808,7.977E-4,1
1520613278699,true,1699.42,0,0.031544,0.01137,0.0044151,8.58E-4,0.004646,0.0013364,0.0054205,0.0013409,0.0088803,0.0083054,0.002445,0.0012931,0.0028567,0.0010993,0.0030041,7.9451E-4,1
1520613278757,true,1699.478,0,0.031756,0.011393,0.0043802,8.3903E-4,0.0045911,0.0013387,0.0054416,0.0013392,0.0086645,0.0083243,0.0024854,0.0012677,0.0027699,0.0011247,0.0030312,7.7766E-4,1
1520613278814,true,1699.535,0,0.031629,0.011462,0.0043871,8.3054E-4,0.0044988,0.0013273,0.0054407,0.0013412,0.0083245,0.0084968,0.002529,0.0012398,0.0027471,0.0011307,0.0030049,7.8046E-4,1
1520613278884,true,1699.605,0,0.031318,0.011413,0.0044029,8.2719E-4,0.0044417,0.0013028,0.0054218,0.0013426,0.0083989,0.0086858,0.0025294,0.0012294,0.0027711,0.0011178,0.0029162,8.0474E-4,1
1520613278942,true,1699.663,0,0.03135,0.011305,0.004409,8.3226E-4,0.0044334,0.0012902,0.0053588,0.0013397,0.0086749,0.0086108,0.0024911,0.0012375,0.0028184,0.001088,0.0028641,8.1758E-4,1
1520613278999,true,1699.72,0,0.031579,0.011338,0.0043776,8.3575E-4,0.004443,0.0012853,0.0052965,0.0013259,0.0089611,0.0083977,0.0024865,0.001239,0.0028521,0.0010648,0.0028769,8.1452E-4,1
1520613279057,true,1699.778,0,0.031564,0.011441,0.0043644,8.3036E-4,0.0044659,0.0012854,0.0052825,0.0013123,0.0085744,0.0084518,0.002516,0.0012338,0.0028222,0.0010682,0.0029172,7.909E-4,1
1520613279114,true,1699.835,0,0.031392,0.011509,0.0044012,8.2745E-4,0.00445,0.0012943,0.0052902,0.0013083,0.0075327,0.0088998,0.0025362,0.00122,0.0028,0.0010754,0.0029555,7.5985E-4,1
1520613279158,true,1699.879,0,0.030698,0.011468,0.0044158,8.352E-4,0.0044315,0.0012874,0.0053101,0.0013052,0.006937,0.0091457,0.0025315,0.0012116,0.0028245,0.0010761,0.0029423,7.5461E-4,1
1520613279216,true,1699.937,0,0.030122,0.011236,0.0044164,8.3864E-4,0.0044487,0.0012788,0.0053162,0.0013091,0.0070156,0.0091267,0.0024519,0.0012278,0.0028507,0.0010641,0.0029028,7.6321E-4,1
1520613279273,true,1699.994,0,0.030063,0.011009,0.0043549,8.4421E-4,0.0044774,0.0012819,0.0052967,0.0013098,0.0075302,0.0086732,0.0023627,0.0012479,0.0028645,0.0010484,0.0029043,7.6387E-4,1
1520613279331,true,1700.052,0,0.030108,0.011014,0.0042512,8.4131E-4,0.0044796,0.0012904,0.0052913,0.0013059,0.0081932,0.0081375,0.0023427,0.001251,0.0028048,0.0010596,0.0029275,7.6102E-4,1
1520613279388,true,1700.109,0,0.030356,0.011048,0.0042055,8.2501E-4,0.0044574,0.0012984,0.0053281,0.0013052,0.0081347,0.0080293,0.0023656,0.0012365,0.002708,0.0010871,0.0029458,7.5125E-4,1
1520613279458,true,1700.179,0,0.030415,0.011176,0.0042172,8.1706E-4,0.0043789,0.0012987,0.0053444,0.0013141,0.0077402,0.0082115,0.0024148,0.0012055,0.0026619,0.0011033,0.002932,7.5194E-4,1
1520613279516,true,1700.237,0,0.030254,0.011205,0.0042401,8.1818E-4,0.0043248,0.0012826,0.0053504,0.001319,0.0078252,0.0083634,0.0024357,0.0011866,0.0026803,0.0010969,0.0028582,7.7542E-4,1
1520613279573,true,1700.294,0,0.030376,0.011161,0.0042752,8.2011E-4,0.0043225,0.0012681,0.0053049,0.001326,0.008151,0.0083822,0.002408,0.0011937,0.0027193,0.0010727,0.0027949,7.9677E-4,1
1520613279631,true,1700.352,0,0.030801,0.011223,0.0042664,8.264E-4,0.004337,0.0012671,0.0052486,0.0013197,0.0085583,0.0081629,0.0024074,0.0011936,0.0027685,0.0010425,0.0027833,8.0456E-4,1
1520613279688,true,1700.409,0,0.031018,0.011409,0.0042637,8.2428E-4,0.0043689,0.0012686,0.0052343,0.0013079,0.0084216,0.0081645,0.0024442,0.001189,0.0027564,0.0010393,0.002813,7.8542E-4,1
1520613279734,true,1700.455,0,0.031092,0.011551,0.0043203,8.2035E-4,0.0043811,0.0012774,0.0052509,0.0013015,0.0074773,0.0086031,0.0024765,0.0011757,0.002734,0.0010473,0.0028611,7.5448E-4,1
1520613279792,true,1700.513,0,0.030676,0.01162,0.0043762,8.3003E-4,0.0043719,0.0012792,0.0052697,0.0013029,0.0066529,0.0089902,0.0024918,0.0011646,0.002758,0.001047,0.002868,7.4215E-4,1
1520613279849,true,1700.57,0,0.030141,0.011495,0.0044124,8.3727E-4,0.0044059,0.0012722,0.0052934,0.0013057,0.0065198,0.0091537,0.0024365,0.0011784,0.0028002,0.0010391,0.0028384,7.4862E-4,1
1520613279907,true,1700.628,0,0.030056,0.011297,0.0043865,8.5115E-4,0.0044595,0.0012763,0.0052829,0.0013124,0.0068418,0.0089188,0.0023422,0.0012034,0.0028257,0.0010243,0.0028312,7.5222E-4,1
1520613279964,true,1700.685,0,0.030188,0.011298,0.0043183,8.5377E-4,0.0044964,0.0012876,0.0052829,0.0013121,0.0074957,0.0083926,0.0023009,0.0012156,0.0028,0.0010283,0.0028584,7.4945E-4,1
1520613280033,true,1700.754,0,0.030445,0.01136,0.0042718,8.412E-4,0.004509,0.0012986,0.0053326,0.0013099,0.0075744,0.0082289,0.0022967,0.0012146,0.0027112,0.0010549,0.002891,7.3548E-4,1
1520613280091,true,1700.812,0,0.030725,0.011503,0.0042881,8.3251E-4,0.0044622,0.0013089,0.0053725,0.0013204,0.0072749,0.0083677,0.0023265,0.001191,0.0026439,0.0010754,0.0028959,7.2804E-4,1
1520613280148,true,1700.869,0,0.030702,0.011609,0.0043146,8.3469E-4,0.0044118,0.001301,0.0053964,0.001332,0.0073611,0.0084877,0.0023375,0.0011737,0.0026392,0.0010842,0.0028226,7.5161E-4,1
1520613280206,true,1700.927,0,0.030911,0.011623,0.0043634,8.3689E-4,0.0044153,0.0012884,0.0053803,0.0013456,0.0078053,0.0085331,0.0023147,0.0011779,0.0026702,0.0010656,0.0027461,7.7858E-4,1
1520613280263,true,1700.984,0,0.031533,0.011696,0.0043763,8.4596E-4,0.0044407,0.0012883,0.0053369,0.0013473,0.0082701,0.0083393,0.002302,0.001182,0.0027178,0.0010373,0.0027247,7.9027E-4,1
1520613280309,true,1701.03,0,0.032021,0.011911,0.0043868,8.4473E-4,0.0044758,0.0012896,0.0053224,0.0013375,0.008527,0.0082139,0.0023363,0.00118,0.002712,0.001032,0.0027457,7.8153E-4,1
1520613280367,true,1701.088,0,0.032343,0.012083,0.0044453,8.3712E-4,0.0044937,0.0012985,0.0053372,0.0013316,0.0078211,0.0085833,0.0023818,0.0011681,0.002682,0.0010398,0.0027901,7.5386E-4,1
1520613280424,true,1701.145,0,0.032141,0.012249,0.0045235,8.4322E-4,0.004484,0.0013023,0.0053534,0.0013323,0.0069008,0.0090496,0.0024085,0.0011548,0.0026996,0.0010392,0.0028082,7.3559E-4,1
1520613280482,true,1701.203,0,0.031651,0.012202,0.0045801,8.5229E-4,0.0045049,0.0012972,0.0053766,0.0013349,0.0065557,0.0093326,0.0023731,0.0011638,0.0027502,0.0010296,0.0027775,7.4161E-4,1
1520613280539,true,1701.26,0,0.031499,0.012,0.0045974,8.6218E-4,0.0045663,0.0012988,0.0053736,0.0013401,0.0067657,0.0092309,0.002288,0.0011906,0.0027943,0.0010112,0.0027675,7.4518E-4,1
1520613280608,true,1701.329,0,0.031677,0.01191,0.0045474,8.656E-4,0.0046119,0.0013115,0.0053754,0.0013378,0.0072972,0.0087636,0.0022375,0.0012053,0.0027852,0.0010086,0.002798,7.4265E-4,1
1520613280666,true,1701.387,0,0.031876,0.011941,0.0044863,8.5822E-4,0.0046364,0.001321,0.0054129,0.0013338,0.0075351,0.0084778,0.0022283,0.0012079,0.002706,0.0010356,0.0028397,7.2803E-4,1
1520613280723,true,1701.444,0,0.03216,0.011963,0.0044836,8.4465E-4,0.0045976,0.001333,0.0054586,0.0013404,0.0071674,0.0085587,0.0022347,0.0011912,0.0026252,0.0010598,0.002868,7.1244E-4,1
1520613280781,true,1701.502,0,0.032055,0.012021,0.0044885,8.4286E-4,0.0045317,0.0013259,0.0054853,0.0013477,0.0070981,0.0086321,0.0022479,0.0011678,0.002592,0.0010704,0.0028118,7.2434E-4,1
1520613280838,true,1701.559,0,0.032058,0.011925,0.0044984,8.4062E-4,0.0044955,0.0013084,0.0054716,0.0013568,0.0075026,0.0086354,0.0022084,0.0011693,0.0025881,0.0010614,0.0027063,7.5396E-4,1
1520613280884,true,1701.605,0,0.032518,0.011881,0.0044823,8.469E-4,0.004485,0.0013015,0.0054096,0.0013596,0.0080223,0.0083985,0.0021676,0.0011766,0.0026112,0.0010349,0.0026495,7.7169E-4,1
1520613280942,true,1701.663,0,0.032953,0.01203,0.004448,8.4472E-4,0.0044839,0.0012993,0.0053611,0.0013509,0.008417,0.0081321,0.0021801,0.001178,0.002601,0.0010246,0.0026364,7.7615E-4,1
1520613280999,true,1701.72,0,0.033231,0.012147,0.0044673,8.3196E-4,0.0044839,0.0012988,0.0053479,0.0013422,0.0078583,0.0083693,0.0022226,0.0011686,0.0025551,0.0010346,0.0026567,7.5502E-4,1
1520613281057,true,1701.778,0,0.033081,0.012229,0.0045254,8.2664E-4,0.0044511,0.0012959,0.0053392,0.0013369,0.0068729,0.0088378,0.0022611,0.0011505,0.0025542,0.0010352,0.0026767,7.3171E-4,1
1520613281114,true,1701.835,0,0.032387,0.012145,0.0045485,8.3319E-4,0.0044212,0.0012842,0.0053317,0.0013318,0.0063598,0.0091128,0.0022468,0.0011494,0.002593,0.0010293,0.0026374,7.3472E-4,1
1520613281184,true,1701.905,0,0.031793,0.011887,0.0045488,8.3593E-4,0.0044455,0.0012733,0.0053008,0.0013308,0.0064162,0.0090947,0.0021681,0.0011738,0.0026318,0.0010131,0.0026048,7.4006E-4,1
1520613281242,true,1701.963,0,0.031616,0.011616,0.0044691,8.3915E-4,0.0044658,0.0012752,0.0052583,0.001323,0.0068437,0.0086529,0.0020976,0.0011962,0.0026516,9.9757E-4,0.002633,7.3585E-4,1
1520613281299,true,1702.02,0,0.031338,0.011472,0.0043575,8.2647E-4,0.0044563,0.0012787,0.0052446,0.0013132,0.0071878,0.0081915,0.0020752,0.0012026,0.0025842,0.0010159,0.0026643,7.2275E-4,1
1520613281357,true,1702.078,0,0.031158,0.011326,0.0042796,8.0562E-4,0.0043927,0.0012831,0.0052613,0.0013096,0.0068979,0.0081466,0.0020739,0.0011908,0.0024916,0.0010429,0.0026864,7.0562E-4,1
1520613281414,true,1702.135,0,0.030652,0.011227,0.0042279,7.9255E-4,0.0042862,0.0012708,0.0052529,0.0013121,0.0066229,0.0081754,0.0020843,0.0011699,0.0024441,0.0010583,0.0026455,7.1171E-4,1
1520613281484,true,1702.205,0,0.030135,0.010992,0.0041673,7.8501E-4,0.0041912,0.0012442,0.00522,0.0013131,0.0069317,0.0081348,0.0020443,0.0011662,0.0024288,0.0010528,0.0025331,7.4728E-4,1
1520613281542,true,1702.263,0,0.030108,0.010732,0.0040991,7.7965E-4,0.0041295,0.0012252,0.0051338,0.0013119,0.0074846,0.0078717,0.0019827,0.0011743,0.0024353,0.0010288,0.0024538,7.6996E-4,1
1520613281599,true,1702.32,0,0.030273,0.010679,0.004002,7.7123E-4,0.0040686,0.0012124,0.0050374,0.0012975,0.0080281,0.007483,0.0019765,0.0011706,0.0024129,0.0010137,0.002422,7.7667E-4,1
1520613281657,true,1702.378,0,0.030215,0.010702,0.0039334,7.5375E-4,0.0040079,0.0012013,0.004968,0.0012816,0.0077826,0.0075168,0.0020007,0.0011589,0.0023431,0.0010215,0.0024001,7.6525E-4,1
1520613281714,true,1702.435,0,0.029911,0.01072,0.0039244,7.467E-4,0.0039198,0.0011976,0.0049099,0.0012756,0.0067056,0.0079903,0.002028,0.0011427,0.0023051,0.0010282,0.0024032,7.4346E-4,1
1520613281760,true,1702.481,0,0.029106,0.010662,0.0039221,7.52E-4,0.0038489,0.0011827,0.0048732,0.0012689,0.0060071,0.0083681,0.0020349,0.0011347,0.002337,0.0010233,0.0023536,7.4642E-4,1
1520613281818,true,1702.539,0,0.028326,0.010403,0.0039112,7.57E-4,0.0038454,0.0011661,0.0048296,0.0012658,0.0058314,0.0085199,0.0019639,0.0011568,0.0023861,0.0010042,0.0023057,7.5496E-4,1
1520613281875,true,1702.596,0,0.027928,0.010129,0.0038372,7.6571E-4,0.0038628,0.0011661,0.0047738,0.0012561,0.0060715,0.0082316,0.0018866,0.0011839,0.002416,9.8742E-4,0.0023167,7.5448E-4,1
1520613281933,true,1702.654,0,0.027567,0.0099851,0.003725,7.589E-4,0.0038677,0.0011701,0.0047485,0.0012418,0.0065039,0.0077722,0.0018538,0.0011996,0.0023803,9.9836E-4,0.0023648,7.4372E-4,1
1520613281990,true,1702.711,0,0.027281,0.0098641,0.0036446,7.4159E-4,0.0038305,0.0011775,0.0047615,0.001236,0.0061934,0.0077087,0.0018562,0.0011953,0.0022954,0.0010317,0.0024096,7.2442E-4,1
1520613282034,true,1702.755,0,0.026835,0.0097979,0.0036028,7.2964E-4,0.0037427,0.0011748,0.0047681,0.001241,0.0057539,0.0078068,0.0018782,0.0011747,0.0022536,0.0010553,0.0024119,7.1955E-4,1
1520613282092,true,1702.813,0,0.026271,0.0096295,0.0035563,7.2408E-4,0.0036625,0.0011566,0.0047547,0.0012481,0.0059898,0.0077806,0.0018585,0.0011686,0.0022506,0.0010629,0.0023343,7.4729E-4,1
1520613282149,true,1702.87,0,0.026148,0.0094077,0.0035125,7.2064E-4,0.0036183,0.0011398,0.0046987,0.0012536,0.0065772,0.0076093,0.0018055,0.0011787,0.0022676,0.0010467,0.002252,7.7674E-4,1
1520613282207,true,1702.928,0,0.026477,0.0093639,0.0034342,7.1817E-4,0.0035749,0.0011335,0.0046203,0.0012472,0.0072504,0.0072262,0.0017891,0.0011815,0.0022737,0.0010292,0.0022277,7.9198E-4,1
1520613282264,true,1702.985,0,0.026678,0.0094928,0.0033701,7.0689E-4,0.0035348,0.0011269,0.0045715,0.0012336,0.0074105,0.0071002,0.0018249,0.0011768,0.0022257,0.0010349,0.0022169,7.8851E-4,1
1520613282335,true,1703.056,0,0.026706,0.0096153,0.0033845,6.9545E-4,0.0034764,0.0011259,0.0045367,0.0012279,0.0066044,0.0075193,0.0018661,0.0011604,0.0021804,0.0010442,0.0022271,7.7105E-4,1
1520613282393,true,1703.114,0,0.026255,0.0096785,0.0034159,7.0118E-4,0.0034059,0.0011174,0.0045054,0.0012241,0.005784,0.0079956,0.0018938,0.0011463,0.0022015,0.0010396,0.002193,7.6823E-4,1
1520613282450,true,1703.171,0,0.025606,0.009558,0.0034326,7.1293E-4,0.0033962,0.0011043,0.0044671,0.0012256,0.0055176,0.008298,0.0018443,0.0011644,0.0022536,0.0010253,0.0021372,7.8285E-4,1
1520613282508,true,1703.229,0,0.025373,0.0093723,0.003417,7.274E-4,0.0034395,0.0011089,0.0044155,0.0012252,0.0057166,0.0081538,0.0017751,0.0011939,0.0023062,0.0010037,0.0021416,7.8536E-4,1
1520613282565,true,1703.286,0,0.025309,0.0093272,0.0033438,7.3628E-4,0.0034742,0.0011242,0.0044016,0.0012156,0.0060772,0.0078189,0.0017428,0.0012182,0.0023082,0.0010087,0.0022042,7.7599E-4,1
1520613282611,true,1703.332,0,0.025243,0.0092992,0.003295,7.28E-4,0.0034949,0.0011385,0.004434,0.0012111,0.0059832,0.0077393,0.0017525,0.0012242,0.0022427,0.0010411,0.002278,7.5423E-4,1
1520613282669,true,1703.39,0,0.02508,0.0093272,0.0032875,7.2197E-4,0.0034627,0.0011496,0.0044801,0.0012198,0.0055514,0.0078984,0.0017663,0.0012163,0.0021949,0.0010716,0.002331,7.3895E-4,1
1520613282726,true,1703.447,0,0.024754,0.0092777,0.0032819,7.2428E-4,0.0034113,0.0011472,0.0045171,0.0012302,0.0056908,0.0079321,0.0017798,0.0012073,0.0021964,0.001085,0.0023,7.602E-4,1
1520613282784,true,1703.505,0,0.024743,0.0091458,0.0032878,7.2559E-4,0.0034028,0.0011395,0.0045164,0.0012425,0.0063933,0.0078309,0.0017487,0.0012198,0.0022129,0.0010791,0.002241,7.9342E-4,1
1520613282841,true,1703.562,0,0.025283,0.0091543,0.0032591,7.3353E-4,0.0034085,0.0011409,0.0044798,0.0012478,0.0071928,0.0074866,0.001727,0.0012313,0.0022318,0.0010672,0.0022298,8.1456E-4,1
1520613282909,true,1703.63,0,0.025875,0.0094021,0.0032288,7.3085E-4,0.0034113,0.001145,0.004465,0.0012414,0.0077767,0.0072467,0.0017755,0.0012277,0.0022133,0.0010709,0.0022448,8.1597E-4,1
1520613282967,true,1703.688,0,0.026347,0.0096824,0.0032759,7.2358E-4,0.0034084,0.001151,0.0044681,0.0012423,0.0072599,0.0076188,0.0018401,0.0012133,0.0021784,0.0010854,0.0022672,8.0455E-4,1
1520613283024,true,1703.745,0,0.026418,0.0099408,0.0033686,7.303E-4,0.0033897,0.0011497,0.0044705,0.0012473,0.0064679,0.0081965,0.0018992,0.0011968,0.0022022,0.0010858,0.0022688,7.9709E-4,1
1520613283082,true,1703.803,0,0.026157,0.0099894,0.0034491,7.4376E-4,0.0034054,0.0011415,0.0044769,0.0012503,0.0062176,0.0086022,0.0018939,0.0012046,0.0022606,0.0010753,0.0022195,8.1237E-4,1
1520613283139,true,1703.86,0,0.026166,0.0098906,0.0034976,7.6238E-4,0.003473,0.0011431,0.0044531,0.0012552,0.0063627,0.008635,0.0018322,0.0012352,0.0023288,0.0010518,0.0022055,8.1861E-4,1
1520613283210,true,1703.931,0,0.026399,0.0099089,0.0034759,7.7985E-4,0.0035394,0.0011634,0.0044335,0.0012522,0.0067809,0.0083255,0.0018005,0.0012608,0.0023589,0.0010434,0.0022691,8.1107E-4,1
1520613283268,true,1703.989,0,0.026527,0.010013,0.0034556,7.8053E-4,0.0036081,0.0011837,0.0044824,0.001248,0.0067955,0.0081884,0.001808,0.0012761,0.002318,0.0010694,0.0023508,7.9239E-4,1
1520613283325,true,1704.046,0,0.026686,0.010102,0.0034873,7.7803E-4,0.0036232,0.0012053,0.0045551,0.0012562,0.0062832,0.0083956,0.0018272,0.0012731,0.0022708,0.0011015,0.002429,7.7095E-4,1
1520613283383,true,1704.104,0,0.026556,0.010153,0.0035147,7.8385E-4,0.003608,0.0012123,0.0046287,0.0012669,0.0061919,0.0085359,0.0018542,0.0012624,0.0022692,0.0011236,0.002436,7.8068E-4,1
1520613283440,true,1704.161,0,0.026579,0.010056,0.003536,7.8937E-4,0.0036261,0.0012061,0.0046679,0.0012806,0.0067406,0.0084979,0.0018379,0.0012705,0.0022888,0.001125,0.0023907,8.1251E-4,1
1520613283485,true,1704.206,0,0.027207,0.0099952,0.0035285,8.008E-4,0.0036545,0.0012122,0.004662,0.0012894,0.0076279,0.0081599,0.0018161,0.0012841,0.0023217,0.0011119,0.0023837,8.3424E-4,1
1520613283543,true,1704.264,0,0.027999,0.010191,0.0035047,8.0338E-4,0.0036761,0.0012181,0.0046564,0.0012883,0.0084727,0.0077884,0.0018534,0.0012849,0.0023057,0.0011144,0.002407,8.4505E-4,1
1520613283600,true,1704.321,0,0.028681,0.010465,0.0035431,7.9423E-4,0.0036887,0.0012258,0.0046836,0.001286,0.0083429,0.0079339,0.0019276,0.0012702,0.0022616,0.0011309,0.0024327,8.3721E-4,1
1520613283658,true,1704.379,0,0.028966,0.01078,0.0036421,7.9524E-4,0.0036711,0.0012302,0.0047036,0.00129,0.0076043,0.0084775,0.0020008,0.0012486,0.0022571,0.0011385,0.0024504,8.255E-4,1
1520613283715,true,1704.436,0,0.028826,0.01092,0.0037336,8.0993E-4,0.003666,0.001224,0.0047178,0.0012946,0.0072798,0.0088803,0.0020271,0.0012426,0.0023155,0.0011299,0.0024076,8.4059E-4,1
1520613283786,true,1704.507,0,0.0288,0.010862,0.00382,8.2268E-4,0.0037288,0.001219,0.0047037,0.0013,0.007256,0.0091204,0.0019805,0.0012664,0.0023927,0.0011032,0.0023853,8.4788E-4,1
1520613283844,true,1704.565,0,0.029044,0.010848,0.0038259,8.3831E-4,0.0038074,0.0012312,0.0046813,0.0012966,0.0075971,0.0088935,0.0019395,0.0012905,0.0024535,0.0010819,0.0024211,8.4409E-4,1
1520613283901,true,1704.622,0,0.029196,0.010924,0.0037966,8.4098E-4,0.0038762,0.0012469,0.0047022,0.0012875,0.0077729,0.0086648,0.0019326,0.0013073,0.0024191,0.0010957,0.002478,8.2762E-4,1
1520613283959,true,1704.68,0,0.029269,0.010981,0.0038093,8.3543E-4,0.003904,0.0012681,0.0047649,0.0012893,0.0072167,0.0088452,0.001944,0.0013062,0.0023672,0.0011221,0.0025459,8.0263E-4,1
1520613284016,true,1704.737,0,0.029033,0.01103,0.0038391,8.3823E-4,0.003884,0.0012776,0.0048275,0.0013006,0.0068119,0.0089906,0.0019643,0.001296,0.0023509,0.0011436,0.0025632,8.0292E-4,1
1520613284059,true,1704.78,0,0.028822,0.010902,0.0038512,8.4219E-4,0.003885,0.001271,0.004877,0.0013116,0.0071926,0.0089735,0.0019361,0.0013024,0.0023701,0.0011468,0.0025256,8.2836E-4,1
1520613284117,true,1704.838,0,0.029115,0.010711,0.0038343,8.4818E-4,0.00391,0.0012679,0.0048727,0.0013208,0.0080136,0.0086359,0.0018845,0.0013195,0.0023903,0.0011345,0.0024913,8.5424E-4,1
1520613284174,true,1704.895,0,0.029809,0.010743,0.0037825,8.4856E-4,0.003917,0.0012722,0.0048529,0.0013177,0.008875,0.0081539,0.0018873,0.0013223,0.0023797,0.001131,0.0025052,8.666E-4,1
1520613284232,true,1704.953,0,0.030385,0.010923,0.0037667,8.367E-4,0.0039227,0.0012725,0.0048556,0.0013132,0.0089711,0.0081038,0.0019445,0.0013097,0.002331,0.0011463,0.0025221,8.617E-4,1
1520613284289,true,1705.01,0,0.030748,0.011143,0.0038249,8.2948E-4,0.0038834,0.0012729,0.0048546,0.0013171,0.0082626,0.0085656,0.0020149,0.001284,0.0023064,0.0011553,0.0025392,8.4948E-4,1
1520613284359,true,1705.08,0,0.030594,0.011252,0.0038956,8.3643E-4,0.0038469,0.0012617,0.0048536,0.0013168,0.0078065,0.0089695,0.0020607,0.0012659,0.0023509,0.001147,0.0025,8.5762E-4,1
1520613284417,true,1705.138,0,0.030282,0.011186,0.0039628,8.4523E-4,0.003868,0.0012476,0.0048274,0.0013186,0.0077414,0.0092191,0.0020311,0.0012796,0.0024207,0.0011211,0.0024394,8.733E-4,1
1520613284474,true,1705.195,0,0.03037,0.011069,0.0039577,8.6144E-4,0.0039234,0.0012492,0.0047827,0.0013138,0.0079137,0.009076,0.0019857,0.0012997,0.0024903,0.0010912,0.0024469,8.724E-4,1
1520613284532,true,1705.253,0,0.030372,0.0111,0.0039161,8.6263E-4,0.003972,0.0012587,0.0047694,0.0012995,0.0080645,0.0088136,0.0019685,0.0013138,0.0024793,0.0010901,0.0025027,8.5462E-4,1
1520613284589,true,1705.31,0,0.030273,0.011081,0.0038922,8.5435E-4,0.003995,0.0012726,0.0048036,0.0012911,0.0075236,0.0088876,0.0019628,0.0013149,0.0024059,0.0011163,0.0025621,8.25E-4,1
1520613284635,true,1705.356,0,0.029878,0.011087,0.0038934,8.53E-4,0.0039527,0.001284,0.0048384,0.0012975,0.006829,0.0090785,0.001957,0.0013038,0.0023693,0.0011363,0.0025894,8.0636E-4,1
1520613284693,true,1705.414,0,0.029328,0.010981,0.0038839,8.5617E-4,0.0039204,0.001281,0.0048768,0.0013066,0.0069149,0.009065,0.00192,0.0013066,0.0023685,0.0011443,0.0025455,8.2108E-4,1
1520613284750,true,1705.471,0,0.029258,0.01076,0.0038635,8.6103E-4,0.0039359,0.0012758,0.0048736,0.0013177,0.0075646,0.0087856,0.0018501,0.0013257,0.0023835,0.0011333,0.0024949,8.4605E-4,1
1520613284808,true,1705.529,0,0.029692,0.010704,0.0037995,8.6289E-4,0.0039378,0.0012826,0.0048522,0.0013166,0.008435,0.0082699,0.0018256,0.0013341,0.0023887,0.0011226,0.0024965,8.6106E-4,1
1520613284865,true,1705.586,0,0.030157,0.01084,0.0037449,8.5341E-4,0.0039325,0.0012834,0.0048492,0.0013106,0.0089448,0.007933,0.0018657,0.0013257,0.0023321,0.0011355,0.0025133,8.5847E-4,1
1520613284936,true,1705.657,0,0.030588,0.011009,0.0037706,8.3795E-4,0.0038869,0.0012848,0.0048565,0.0013112,0.0083736,0.0082465,0.001923,0.0013031,0.0022802,0.0011497,0.0025365,8.447E-4,1
1520613284994,true,1705.715,0,0.03051,0.01119,0.003831,8.3957E-4,0.0038302,0.0012786,0.0048545,0.0013135,0.0077157,0.0086664,0.0019782,0.0012786,0.0022997,0.0011475,0.0025027,8.4882E-4,1
1520613285051,true,1705.772,0,0.030248,0.011132,0.0038923,8.4599E-4,0.0038271,0.0012629,0.0048383,0.0013142,0.007546,0.0089974,0.0019681,0.0012829,0.0023628,0.0011264,0.0024393,8.6642E-4,1
1520613285109,true,1705.83,0,0.030234,0.011013,0.0039105,8.623E-4,0.0038834,0.0012543,0.0047849,0.0013138,0.0076388,0.0089576,0.001914,0.0013034,0.0024368,0.0010918,0.0024235,8.7185E-4,1
1520613285166,true,1705.887,0,0.030323,0.011017,0.0038716,8.6992E-4,0.0039375,0.0012633,0.004754,0.0013016,0.0078308,0.0086873,0.0018931,0.0013188,0.0024568,0.0010785,0.0024716,8.5828E-4,1
1520613285210,true,1705.931,0,0.030251,0.011048,0.0038469,8.6421E-4,0.0039802,0.0012757,0.0047774,0.0012921,0.0074511,0.0086758,0.0019038,0.001319,0.0024087,0.0010943,0.0025338,8.2833E-4,1
1520613285268,true,1705.989,0,0.029953,0.011081,0.0038611,8.621E-4,0.0039665,0.001289,0.0048139,0.0012958,0.0066662,0.0089278,0.0019088,0.0013069,0.002377,0.0011109,0.0025817,7.9836E-4,1
1520613285325,true,1706.046,0,0.029349,0.011,0.0038555,8.6815E-4,0.0039352,0.0012876,0.0048527,0.0013043,0.006445,0.0090185,0.0018896,0.0013012,0.0023694,0.0011236,0.0025552,8.0254E-4,1
1520613285383,true,1706.104,0,0.028988,0.010803,0.0038402,8.7082E-4,0.0039376,0.0012847,0.0048556,0.0013205,0.0069173,0.0088453,0.0018169,0.0013158,0.0023666,0.0011231,0.0024953,8.2474E-4,1
1520613285440,true,1706.161,0,0.029302,0.010694,0.0037791,8.773E-4,0.0039527,0.0012919,0.0048393,0.0013259,0.0078025,0.0083027,0.0017727,0.0013264,0.002372,0.0011129,0.0024975,8.3688E-4,1
1520613285486,true,1706.207,0,0.029813,0.010799,0.003713,8.7011E-4,0.0039633,0.0012995,0.0048404,0.001323,0.0085923,0.0078232,0.0017946,0.0013244,0.0023196,0.0011254,0.0025095,8.4122E-4,1
1520613285544,true,1706.265,0,0.030338,0.010972,0.0037216,8.5428E-4,0.0039439,0.0013053,0.0048627,0.0013242,0.0083211,0.007927,0.0018556,0.0013039,0.0022517,0.0011437,0.0025318,8.3082E-4,1
1520613285601,true,1706.322,0,0.030441,0.011214,0.0037803,8.5316E-4,0.0038877,0.0013035,0.0048744,0.0013289,0.0076729,0.0083161,0.0019213,0.0012763,0.0022544,0.0011447,0.0025213,8.2837E-4,1
1520613285659,true,1706.38,0,0.03021,0.011285,0.0038541,8.589E-4,0.0038704,0.0012881,0.0048771,0.0013334,0.007465,0.0086661,0.0019356,0.0012695,0.0023074,0.0011307,0.0024521,8.4907E-4,1
1520613285716,true,1706.437,0,0.030244,0.011204,0.0039126,8.7185E-4,0.0039243,0.0012797,0.0048416,0.0013363,0.0075947,0.0087312,0.0018984,0.0012886,0.0023837,0.0010987,0.0024204,8.5953E-4,1
1520613285785,true,1706.506,0,0.030524,0.011235,0.0039091,8.8475E-4,0.0039853,0.0012891,0.0048092,0.0013276,0.0078634,0.00851,0.0018769,0.0013038,0.0024344,0.0010758,0.00246,8.5252E-4,1
1520613285843,true,1706.564,0,0.030626,0.011336,0.0038973,8.8247E-4,0.0040599,0.0012987,0.0048263,0.001317,0.0076566,0.0084795,0.0018916,0.0013123,0.0024136,0.0010837,0.0025272,8.2611E-4,1
1520613285900,true,1706.621,0,0.030617,0.011389,0.0039295,8.7877E-4,0.004074,0.0013163,0.0048694,0.0013186,0.0067749,0.0088015,0.0019067,0.0013063,0.002378,0.001102,0.0025988,7.9452E-4,1
1520613285958,true,1706.679,0,0.030163,0.011393,0.0039507,8.8733E-4,0.0040638,0.001321,0.004917,0.0013265,0.0063226,0.0089602,0.0019141,0.0012938,0.0023843,0.0011134,0.002601,7.9028E-4,1
1520613286015,true,1706.736,0,0.029782,0.01122,0.0039606,8.9241E-4,0.0040895,0.0013144,0.0049538,0.0013375,0.0065871,0.0089316,0.0018519,0.0013075,0.0024032,0.0011117,0.0025572,8.0832E-4,1
1520613286086,true,1706.807,0,0.030031,0.011037,0.0039258,8.9746E-4,0.0041243,0.0013181,0.0049512,0.0013462,0.0074015,0.0084582,0.0017825,0.0013232,0.0024186,0.0010973,0.0025467,8.2089E-4,1
1520613286144,true,1706.865,0,0.030493,0.011142,0.0038583,8.949E-4,0.0041354,0.0013304,0.0049507,0.0013472,0.0083126,0.007906,0.0017787,0.0013256,0.0023813,0.0011014,0.0025587,8.2633E-4,1
1520613286201,true,1706.922,0,0.031081,0.011328,0.0038528,8.804E-4,0.0041394,0.0013388,0.0049887,0.001347,0.0083661,0.0078688,0.0018231,0.0013125,0.0023045,0.0011243,0.0025768,8.186E-4,1
1520613286259,true,1706.98,0,0.031408,0.011619,0.0039177,8.7337E-4,0.0041023,0.0013403,0.0050179,0.0013577,0.0078839,0.0081805,0.001891,0.0012827,0.0022786,0.0011338,0.0025875,8.1168E-4,1
1520613286316,true,1707.037,0,0.03147,0.011739,0.0039965,8.7777E-4,0.0040766,0.0013279,0.0050403,0.0013628,0.0077013,0.0085384,0.0019278,0.001267,0.0023135,0.0011273,0.0025265,8.3133E-4,1
1520613286360,true,1707.081,0,0.031566,0.011713,0.0040808,8.8507E-4,0.0041179,0.0013133,0.0050191,0.0013699,0.0078126,0.0087354,0.0019104,0.0012766,0.0023864,0.0010991,0.0024615,8.5218E-4,1
1520613286418,true,1707.139,0,0.031956,0.01174,0.0041062,8.9846E-4,0.0041824,0.0013188,0.0049869,0.0013662,0.0080783,0.0085686,0.0018931,0.0012868,0.0024678,0.0010648,0.0024791,8.521E-4,1
1520613286475,true,1707.196,0,0.032156,0.011898,0.0041097,8.9949E-4,0.0042605,0.001326,0.0049966,0.0013543,0.0080863,0.0084475,0.0019079,0.0012964,0.0024694,0.0010641,0.0025282,8.336E-4,1
1520613286533,true,1707.254,0,0.032274,0.01199,0.0041525,8.9312E-4,0.0043071,0.0013414,0.0050438,0.0013515,0.0073882,0.0087176,0.0019375,0.0012896,0.0024456,0.0010768,0.0025996,8.0257E-4,1
1520613286590,true,1707.311,0,0.031965,0.012046,0.0042009,8.981E-4,0.0043137,0.001349,0.0050978,0.0013578,0.0066735,0.0090243,0.0019591,0.0012775,0.0024538,0.001087,0.0026283,7.8795E-4,1
1520613286661,true,1707.382,0,0.031484,0.011927,0.0042292,9.0338E-4,0.0043354,0.0013454,0.0051551,0.0013649,0.0066832,0.0090963,0.0019195,0.0012871,0.0024823,0.0010862,0.0025925,8.0292E-4,1
1520613286719,true,1707.44,0,0.031524,0.011731,0.0042192,9.1108E-4,0.0043923,0.0013454,0.005166,0.0013748,0.0072821,0.0087764,0.0018514,0.0013044,0.0025002,0.0010753,0.0025806,8.1492E-4,1
1520613286776,true,1707.497,0,0.031968,0.011726,0.004156,9.1227E-4,0.0044196,0.0013553,0.0051756,0.0013725,0.0081362,0.0082135,0.001822,0.0013119,0.0024837,0.001075,0.0026032,8.2131E-4,1
1520613286834,true,1707.555,0,0.032495,0.011833,0.0041192,8.9712E-4,0.0044316,0.0013605,0.0052073,0.0013697,0.0084512,0.0079904,0.0018516,0.0013002,0.0024,0.0010949,0.0026208,8.179E-4,1
1520613286891,true,1707.612,0,0.03295,0.012026,0.0041499,8.8739E-4,0.004383,0.0013672,0.0052332,0.0013776,0.007964,0.0082386,0.0018991,0.0012732,0.0023358,0.0011138,0.0026291,8.0705E-4,1
1520613286935,true,1707.656,0,0.032957,0.01221,0.0042096,8.9049E-4,0.0043365,0.0013581,0.0052503,0.0013845,0.0077257,0.0085203,0.0019554,0.0012476,0.0023523,0.0011122,0.0025771,8.2254E-4,1
1520613286993,true,1707.714,0,0.032997,0.012204,0.004286,8.9203E-4,0.004353,0.0013398,0.0052382,0.0013915,0.0078177,0.0087989,0.0019491,0.0012497,0.0024106,0.0010877,0.0025109,8.4534E-4,1
1520613287050,true,1707.771,0,0.033368,0.012186,0.0043183,9.0341E-4,0.0044019,0.0013371,0.0051979,0.0013879,0.008086,0.0087493,0.001923,0.0012639,0.0024894,0.0010539,0.0024985,8.5369E-4,1
1520613287108,true,1707.829,0,0.033625,0.012305,0.0043174,9.0331E-4,0.004458,0.0013405,0.0051783,0.0013739,0.0082478,0.0085912,0.0019375,0.0012713,0.0025096,0.0010436,0.0025368,8.4048E-4,1
1520613287165,true,1707.886,0,0.033748,0.012363,0.0043467,8.9282E-4,0.0045041,0.0013488,0.005203,0.0013646,0.0076408,0.0088076,0.0019637,0.0012684,0.0024828,0.0010575,0.0026049,8.0886E-4,1
1520613287236,true,1707.957,0,0.033338,0.01243,0.0043946,8.9063E-4,0.0045045,0.0013524,0.0052385,0.0013636,0.0066792,0.0091879,0.0019887,0.0012575,0.0024858,0.0010677,0.0026465,7.871E-4,1
1520613287294,true,1708.015,0,0.032656,0.012282,0.0044152,8.9313E-4,0.0044998,0.0013443,0.0052837,0.0013637,0.006487,0.0093332,0.0019725,0.0012571,0.0025266,0.0010653,0.002633,7.9005E-4,1
1520613287351,true,1708.072,0,0.032328,0.011998,0.0044036,8.9498E-4,0.0045336,0.0013388,0.0052898,0.0013693,0.006853,0.0091495,0.0018906,0.0012793,0.0025584,0.0010546,0.002612,7.9947E-4,1
1520613287409,true,1708.13,0,0.032442,0.011841,0.0043269,8.9565E-4,0.0045534,0.0013436,0.0052791,0.0013664,0.0076568,0.0085847,0.0018379,0.0012911,0.0025625,0.0010447,0.0026298,8.041E-4,1
1520613287466,true,1708.187,0,0.032662,0.011847,0.0042452,8.7993E-4,0.0045529,0.0013448,0.0052934,0.0013573,0.0081563,0.0081731,0.0018497,0.001286,0.0024907,0.0010632,0.0026597,7.9758E-4,1
1520613287511,true,1708.232,0,0.032976,0.011886,0.0042218,8.6092E-4,0.0044964,0.0013478,0.0053111,0.0013589,0.0078639,0.008251,0.0018879,0.0012603,0.0024075,0.0010839,0.0026735,7.8281E-4,1
1520613287569,true,1708.29,0,0.032865,0.011981,0.0042348,8.5424E-4,0.0044106,0.0013344,0.0053112,0.0013615,0.0075903,0.008462,0.0019351,0.0012296,0.0023887,0.0010893,0.0026294,7.9085E-4,1
1520613287626,true,1708.347,0,0.032647,0.011907,0.0042544,8.5284E-4,0.0043643,0.0013126,0.0052828,0.0013641,0.0076529,0.0086882,0.0019265,0.0012238,0.0024144,0.0010718,0.0025333,8.1468E-4,1
1520613287684,true,1708.405,0,0.032705,0.011822,0.004265,8.5847E-4,0.0043651,0.001302,0.0052131,0.0013627,0.0078595,0.0086578,0.0018852,0.0012379,0.0024729,0.0010378,0.0024855,8.3005E-4,1
1520613287741,true,1708.462,0,0.032905,0.011882,0.0042333,8.6496E-4,0.0043838,0.0013024,0.0051594,0.0013502,0.0081705,0.0084405,0.0018913,0.0012446,0.0025056,0.0010183,0.0025084,8.2397E-4,1
1520613287811,true,1708.532,0,0.032886,0.011975,0.0042343,8.5921E-4,0.0044204,0.0013057,0.0051581,0.0013358,0.0076937,0.0086011,0.0019252,0.0012438,0.0024837,0.0010261,0.0025619,7.9736E-4,1
1520613287869,true,1708.59,0,0.032622,0.012023,0.0042732,8.5656E-4,0.004413,0.0013132,0.0051739,0.0013339,0.0066763,0.0090362,0.0019613,0.001231,0.0024742,0.0010367,0.0026234,7.677E-4,1
1520613287926,true,1708.647,0,0.031923,0.011943,0.0042913,8.6337E-4,0.0044,0.0013084,0.005204,0.0013317,0.0062156,0.0092443,0.0019595,0.0012295,0.0025126,0.0010395,0.0026209,7.6428E-4,1
1520613287984,true,1708.705,0,0.031363,0.011678,0.0042921,8.6522E-4,0.0044227,0.0013046,0.0052143,0.0013366,0.0063492,0.0092454,0.0018952,0.001251,0.0025592,0.0010294,0.002604,7.7512E-4,1
1520613288041,true,1708.762,0,0.03135,0.01146,0.0042246,8.719E-4,0.0044481,0.0013103,0.0051992,0.0013379,0.0070084,0.0087631,0.001844,0.0012704,0.0025921,0.0010162,0.0026308,7.7925E-4,1
1520613288087,true,1708.808,0,0.031453,0.011445,0.0041343,8.6218E-4,0.0044585,0.0013154,0.0052018,0.0013325,0.0077568,0.0082298,0.0018478,0.0012752,0.0025466,0.00103,0.0026667,7.7506E-4,1
1520613288145,true,1708.866,0,0.031696,0.011469,0.0041006,8.4141E-4,0.0044301,0.0013207,0.0052359,0.0013306,0.0076477,0.0082051,0.0018879,0.0012574,0.0024595,0.0010585,0.0026959,7.6344E-4,1
1520613288202,true,1708.923,0,0.031684,0.011592,0.00411,8.3225E-4,0.004352,0.0013145,0.0052458,0.0013364,0.0073163,0.008384,0.0019342,0.0012321,0.002434,0.0010692,0.0026781,7.6432E-4,1
1520613288260,true,1708.981,0,0.031428,0.011594,0.0041319,8.2895E-4,0.00429,0.0012965,0.0052395,0.0013404,0.0073883,0.0085617,0.0019526,0.0012188,0.0024584,0.0010611,0.0025992,7.8945E-4,1
1520613288317,true,1709.038,0,0.031519,0.011518,0.0041486,8.3315E-4,0.0042883,0.001281,0.005188,0.0013421,0.007741,0.0085462,0.0019231,0.0012281,0.0025068,0.0010303,0.0025361,8.084E-4,1
1520613288386,true,1709.107,0,0.031938,0.011542,0.0041262,8.3854E-4,0.0042972,0.0012775,0.0051246,0.0013324,0.0080952,0.0083437,0.0019214,0.0012346,0.002538,0.0010077,0.002542,8.0937E-4,1
1520613288444,true,1709.165,0,0.032072,0.011665,0.0041099,8.3572E-4,0.0043194,0.0012798,0.0051008,0.0013199,0.0078646,0.0083731,0.0019498,0.0012361,0.0025112,0.0010148,0.002568,7.9257E-4,1
1520613288501,true,1709.222,0,0.031987,0.011766,0.004149,8.3368E-4,0.0043115,0.0012907,0.0051089,0.0013171,0.0069861,0.0088046,0.001989,0.0012259,0.0024908,0.0010281,0.0026208,7.6409E-4,1
1520613288559,true,1709.28,0,0.031418,0.011799,0.0041865,8.436E-4,0.0042944,0.0012936,0.0051336,0.001317,0.0063498,0.009142,0.0020144,0.001218,0.0025242,0.0010331,0.002636,7.5645E-4,1
1520613288616,true,1709.337,0,0.030838,0.01161,0.0042029,8.5053E-4,0.0043243,0.0012875,0.0051555,0.0013225,0.0062775,0.0092735,0.0019662,0.0012368,0.0025779,0.0010248,0.0026189,7.6509E-4,1
1520613288687,true,1709.408,0,0.030753,0.011396,0.0041695,8.6102E-4,0.0043695,0.0012937,0.0051461,0.0013265,0.0067518,0.0089459,0.0019112,0.0012609,0.002625,0.0010121,0.0026459,7.6961E-4,1
1520613288745,true,1709.466,0,0.030851,0.011386,0.0040884,8.6044E-4,0.0043981,0.0013035,0.0051562,0.0013221,0.0075264,0.0084468,0.0019117,0.001272,0.0026103,0.0010194,0.0027024,7.6622E-4,1
1520613288802,true,1709.523,0,0.031058,0.011459,0.0040489,8.4821E-4,0.004405,0.0013141,0.0052038,0.0013235,0.007653,0.0083005,0.0019503,0.0012651,0.0025361,0.0010508,0.0027497,7.5481E-4,1
1520613288860,true,1709.581,0,0.031258,0.011636,0.0040736,8.3948E-4,0.0043581,0.0013185,0.0052418,0.0013346,0.0073771,0.0084624,0.0020089,0.0012386,0.0025034,0.0010688,0.0027755,7.4922E-4,1
1520613288917,true,1709.638,0,0.031216,0.011749,0.0041099,8.4149E-4,0.0043094,0.0013088,0.0052633,0.0013435,0.007508,0.0085976,0.0020517,0.001221,0.0025239,0.0010719,0.0027238,7.7134E-4,1
1520613288961,true,1709.682,0,0.031434,0.011728,0.0041643,8.4326E-4,0.0043147,0.0012971,0.0052472,0.0013509,0.0079672,0.0086279,0.0020422,0.0012263,0.0025691,0.0010519,0.0026608,7.9672E-4,1
1520613289019,true,1709.74,0,0.031983,0.011828,0.004178,8.5083E-4,0.004346,0.0012972,0.0052046,0.0013483,0.0084756,0.008443,0.0020462,0.0012309,0.0026236,0.0010246,0.0026574,8.063E-4,1
1520613289076,true,1709.797,0,0.032391,0.012041,0.0041788,8.5336E-4,0.0043919,0.0012971,0.0051902,0.0013381,0.0086007,0.0083937,0.0020885,0.0012307,0.0026274,0.0010226,0.0026927,7.946E-4,1
1520613289134,true,1709.855,0,0.032684,0.012217,0.0042434,8.4872E-4,0.0044134,0.0013072,0.0052109,0.0013353,0.0078081,0.0088044,0.0021362,0.0012218,0.0026175,0.0010293,0.0027427,7.6689E-4,1
1520613289191,true,1709.912,0,0.032502,0.012356,0.0043186,8.564E-4,0.0044057,0.0013122,0.0052347,0.0013375,0.0069877,0.0092395,0.0021748,0.0012099,0.0026385,0.0010338,0.0027583,7.5384E-4,1
1520613289237,true,1709.958,0,0.03202,0.012291,0.004372,8.6822E-4,0.0044297,0.0013121,0.0052696,0.001342,0.0067827,0.0094781,0.0021436,0.0012247,0.0026834,0.0010307,0.0027317,7.6428E-4,1
1520613289295,true,1710.016,0,0.031987,0.012101,0.0043848,8.8178E-4,0.0045093,0.0013139,0.0052814,0.0013491,0.0071684,0.0093111,0.0020837,0.0012526,0.0027397,0.0010155,0.0027453,7.6912E-4,1
1520613289352,true,1710.073,0,0.032269,0.012071,0.0043416,8.8869E-4,0.0045649,0.0013277,0.0052981,0.0013472,0.0078746,0.0088293,0.0020772,0.0012638,0.002751,0.0010162,0.0027957,7.7275E-4,1
1520613289410,true,1710.131,0,0.032609,0.012124,0.0043053,8.7957E-4,0.0046022,0.0013393,0.0053537,0.0013473,0.0081341,0.0086187,0.0021101,0.0012624,0.0026884,0.0010438,0.0028566,7.632E-4,1
1520613289467,true,1710.188,0,0.032978,0.012242,0.0043276,8.7058E-4,0.0045761,0.0013507,0.0054079,0.0013578,0.0078462,0.0087408,0.0021658,0.0012404,0.002645,0.0010657,0.0029083,7.5E-4,1
1520613289538,true,1710.259,0,0.032976,0.012352,0.0043628,8.735E-4,0.0045332,0.0013425,0.0054485,0.0013668,0.0078527,0.0088882,0.0022202,0.0012207,0.0026537,0.0010748,0.0028771,7.6724E-4,1
1520613289596,true,1710.317,0,0.033072,0.012332,0.004418,8.7393E-4,0.0045313,0.0013279,0.0054466,0.0013795,0.0082444,0.0090237,0.0022243,0.0012201,0.002697,0.0010609,0.0028167,7.9433E-4,1
1520613289653,true,1710.374,0,0.033627,0.012373,0.0044403,8.8449E-4,0.0045646,0.0013243,0.0054098,0.0013823,0.0087768,0.0088941,0.0022245,0.0012252,0.0027603,0.0010346,0.0027954,8.1186E-4,1
1520613289711,true,1710.432,0,0.034194,0.012592,0.0044452,8.8678E-4,0.0045973,0.0013252,0.0053966,0.0013711,0.0092116,0.0086817,0.0022775,0.0012215,0.0027712,0.0010264,0.0028263,8.068E-4,1
1520613289768,true,1710.489,0,0.034609,0.012767,0.0045045,8.766E-4,0.0046309,0.0013311,0.0054185,0.0013632,0.0086926,0.0089819,0.0023321,0.001213,0.0027576,0.0010338,0.0028705,7.8502E-4,1
1520613289837,true,1710.558,0,0.034539,0.012902,0.0045891,8.7915E-4,0.0046243,0.0013349,0.0054378,0.0013631,0.0078205,0.0094491,0.0023813,0.0011951,0.0027773,0.0010375,0.0029025,7.6386E-4,1
1520613289895,true,1710.616,0,0.034017,0.012837,0.0046386,8.8749E-4,0.0046363,0.001326,0.0054594,0.0013621,0.0074848,0.0097419,0.0023671,0.0011989,0.0028342,0.0010303,0.0028776,7.6781E-4,1
1520613289952,true,1710.673,0,0.033692,0.012605,0.0046569,8.9533E-4,0.0046791,0.0013229,0.0054481,0.0013673,0.0076942,0.0096757,0.0022971,0.0012221,0.0028823,0.001013,0.0028666,7.7312E-4,1
1520613290010,true,1710.731,0,0.033758,0.012426,0.004591,9.0213E-4,0.0047187,0.0013305,0.0054303,0.0013636,0.0081971,0.0092427,0.0022434,0.0012399,0.0029041,0.0010003,0.0029037,7.6935E-4,1
1520613290067,true,1710.788,0,0.033785,0.012403,0.0045065,8.9704E-4,0.0047284,0.00134,0.0054465,0.0013589,0.0085347,0.0088689,0.0022447,0.0012447,0.0028428,0.0010204,0.0029403,7.6006E-4,1
1520613290111,true,1710.832,0,0.033956,0.012376,0.0044829,8.8272E-4,0.0046941,0.0013491,0.005486,0.0013617,0.0082484,0.008916,0.0022751,0.0012318,0.0027741,0.0010469,0.0029886,7.4248E-4,1
1520613290169,true,1710.89,0,0.033753,0.012406,0.0044883,8.7517E-4,0.0046233,0.0013405,0.0055104,0.0013666,0.0080412,0.0090615,0.0023266,0.0012073,0.0027571,0.0010591,0.0029698,7.4962E-4,1
1520613290226,true,1710.947,0,0.033505,0.012293,0.0044928,8.7029E-4,0.0045799,0.0013188,0.005507,0.0013713,0.0083753,0.0091515,0.0023261,0.0012042,0.0027738,0.0010518,0.002891,7.8203E-4,1
1520613290284,true,1711.005,0,0.0337,0.012158,0.0044742,8.74E-4,0.0045681,0.0013049,0.0054459,0.001372,0.008936,0.0089802,0.0023007,0.0012115,0.0028244,0.0010226,0.0028471,8.0192E-4,1
1520613290341,true,1711.062,0,0.034034,0.012222,0.0044291,8.7277E-4,0.0045568,0.0013005,0.0053904,0.0013594,0.0094717,0.0086619,0.002328,0.0012099,0.0028437,0.001007,0.0028492,8.0735E-4,1
1520613290387,true,1711.108,0,0.034147,0.01233,0.0044203,8.6353E-4,0.0045557,0.001296,0.005374,0.0013448,0.0091804,0.008778,0.0023758,0.0012023,0.0028078,0.0010138,0.0028771,7.8709E-4,1
1520613290445,true,1711.166,0,0.033998,0.012407,0.0044599,8.5917E-4,0.0045208,0.0012934,0.0053611,0.0013404,0.0081058,0.0093026,0.0024245,0.0011842,0.0028025,0.0010179,0.0029035,7.6411E-4,1
1520613290502,true,1711.223,0,0.033293,0.012379,0.0044888,8.6718E-4,0.0044912,0.0012836,0.0053562,0.0013364,0.007509,0.0096381,0.0024312,0.0011802,0.0028484,0.0010114,0.0028815,7.6189E-4,1
1520613290560,true,1711.281,0,0.032662,0.012146,0.0045,8.7147E-4,0.0045145,0.001276,0.0053372,0.0013369,0.0075127,0.0096916,0.0023639,0.0012032,0.0028902,9.9639E-4,0.0028501,7.6876E-4,1
1520613290617,true,1711.338,0,0.032479,0.01192,0.0044439,8.806E-4,0.0045444,0.0012833,0.0053004,0.0013337,0.0079062,0.0093181,0.0022982,0.0012228,0.0029226,9.803E-4,0.0028751,7.658E-4,1
1520613290686,true,1711.407,0,0.032389,0.011849,0.0043494,8.7516E-4,0.0045494,0.0012919,0.005297,0.0013259,0.0083504,0.008848,0.002284,0.0012292,0.0028682,9.943E-4,0.0029183,7.5459E-4,1
1520613290744,true,1711.465,0,0.032361,0.011789,0.0042989,8.5731E-4,0.0045236,0.0013003,0.0053258,0.0013234,0.0080679,0.0088028,0.0022876,0.0012196,0.0027671,0.0010261,0.0029465,7.36E-4,1
1520613290801,true,1711.522,0,0.032125,0.011798,0.0042832,8.4617E-4,0.0044406,0.0012983,0.0053369,0.0013299,0.0076953,0.008886,0.0022984,0.0011995,0.0027084,0.0010444,0.0029331,7.3116E-4,1
1520613290859,true,1711.58,0,0.031708,0.011714,0.0042668,8.4487E-4,0.0043669,0.0012838,0.0053309,0.0013368,0.0078706,0.0089156,0.0022832,0.0011895,0.0026953,0.0010467,0.0028485,7.5825E-4,1
1520613290916,true,1711.637,0,0.031824,0.01155,0.0042503,8.4442E-4,0.0043495,0.00127,0.0052821,0.0013421,0.0084488,0.008735,0.0022412,0.0012001,0.0027161,0.0010273,0.0027763,7.8346E-4,1
1520613290962,true,1711.683,0,0.032285,0.011545,0.0042082,8.4238E-4,0.0043376,0.0012645,0.0052227,0.0013331,0.0089839,0.008407,0.0022413,0.0012017,0.0027373,0.0010068,0.0027547,7.9616E-4,1
1520613291020,true,1711.741,0,0.032507,0.011661,0.004182,8.3154E-4,0.0043347,0.0012583,0.0051975,0.0013174,0.0089583,0.0083834,0.0022919,0.0011925,0.0027018,0.0010099,0.0027627,7.876E-4,1
1520613291077,true,1711.798,0,0.03253,0.011741,0.0042129,8.2328E-4,0.004293,0.0012597,0.0051836,0.0013121,0.0080429,0.0088316,0.0023368,0.0011756,0.0026683,0.0010183,0.0027953,7.635E-4,1
1520613291135,true,1711.856,0,0.03192,0.011788,0.0042465,8.2923E-4,0.0042495,0.0012527,0.0051661,0.0013081,0.0072712,0.0092316,0.0023659,0.0011625,0.0026968,0.001016,0.0027738,7.6127E-4,1
1520613291192,true,1711.913,0,0.031197,0.011621,0.0042654,8.3653E-4,0.0042648,0.0012403,0.0051479,0.0013088,0.0070142,0.0094736,0.0023119,0.0011803,0.0027411,0.0010024,0.0027322,7.6996E-4,1
1520613291262,true,1711.983,0,0.030936,0.011402,0.0042303,8.461E-4,0.0043045,0.0012442,0.0051087,0.0013069,0.0072293,0.0092543,0.0022319,0.0012038,0.0027791,9.8278E-4,0.0027398,7.6711E-4,1
1520613291320,true,1712.041,0,0.030852,0.011319,0.0041411,8.4711E-4,0.0043229,0.001256,0.005096,0.0012978,0.0076235,0.008806,0.0021931,0.0012187,0.0027499,9.9063E-4,0.0027845,7.5643E-4,1
1520613291377,true,1712.098,0,0.030799,0.011278,0.0040797,8.3292E-4,0.0043253,0.001265,0.0051284,0.0012937,0.0074555,0.0086629,0.0021887,0.0012167,0.0026586,0.0010201,0.0028223,7.378E-4,1
1520613291435,true,1712.156,0,0.030636,0.011316,0.0040664,8.218E-4,0.0042674,0.0012706,0.0051552,0.0013024,0.0070137,0.0087592,0.0021928,0.0011985,0.0025921,0.0010434,0.0028298,7.2823E-4,1
1520613291492,true,1712.213,0,0.030257,0.011276,0.0040486,8.2122E-4,0.0042003,0.0012589,0.005172,0.0013093,0.007121,0.0087508,0.0021802,0.0011837,0.0025719,0.0010506,0.0027547,7.5097E-4,1
1520613291562,true,1712.283,0,0.03031,0.011115,0.0040432,8.1854E-4,0.0041775,0.0012443,0.0051387,0.0013202,0.0076395,0.0086291,0.0021255,0.0011908,0.0025685,0.0010389,0.0026617,7.7952E-4,1
1520613291620,true,1712.341,0,0.030762,0.011135,0.003999,8.2294E-4,0.0041545,0.0012444,0.0050772,0.001321,0.0083004,0.0082591,0.0020911,0.0011949,0.0025682,0.0010189,0.0026263,7.9371E-4,1
1520613291677,true,1712.398,0,0.031159,0.01134,0.0039661,8.1644E-4,0.0041505,0.0012444,0.0050471,0.0013109,0.0085322,0.0080735,0.0021116,0.0011917,0.0025219,0.0010225,0.0026211,7.9118E-4,1
1520613291735,true,1712.456,0,0.031469,0.011533,0.0040093,8.0829E-4,0.0041331,0.0012497,0.0050482,0.001307,0.0077556,0.0084618,0.0021478,0.0011795,0.0024684,0.0010345,0.0026378,7.7264E-4,1
1520613291792,true,1712.513,0,0.031282,0.011719,0.0040825,8.1421E-4,0.0041032,0.0012473,0.0050488,0.0013081,0.0068844,0.0089711,0.0021829,0.0011651,0.0024839,0.0010347,0.0026288,7.6685E-4,1
1520613291838,true,1712.559,0,0.030879,0.011714,0.0041417,8.2748E-4,0.004119,0.0012396,0.0050525,0.0013115,0.0065874,0.0092681,0.0021549,0.0011745,0.002539,0.0010227,0.0025829,7.7975E-4,1
1520613291896,true,1712.617,0,0.030814,0.011578,0.0041687,8.4265E-4,0.0041871,0.0012433,0.0050335,0.0013157,0.0066172,0.0092486,0.0020784,0.0012033,0.0025977,0.001002,0.0025782,7.8493E-4,1
1520613291953,true,1712.674,0,0.030997,0.011565,0.0041272,8.5351E-4,0.0042437,0.0012592,0.0050382,0.0013095,0.0070711,0.0088428,0.002039,0.0012229,0.0026048,9.9819E-4,0.0026251,7.7958E-4,1
1520613292011,true,1712.732,0,0.031145,0.01159,0.0040845,8.4832E-4,0.0042871,0.0012748,0.005085,0.0013048,0.0070429,0.0086888,0.0020412,0.001226,0.0025351,0.0010267,0.0026735,7.6296E-4,1
1520613292068,true,1712.789,0,0.031266,0.011664,0.0040902,8.4167E-4,0.0042718,0.0012884,0.0051396,0.0013147,0.0066237,0.0088125,0.0020441,0.0012155,0.0024587,0.001057,0.0027075,7.4497E-4,1
1520613292137,true,1712.858,0,0.03109,0.011724,0.0041047,8.4425E-4,0.0042285,0.0012886,0.005189,0.0013264,0.0066117,0.0088566,0.0020476,0.0012004,0.0024277,0.0010733,0.0026681,7.5748E-4,1
