1520613142224,true,1562.945,0,0.030738,0.010876,0.0045567,7.4884E-4,0.0046828,0.0011097,0.0055624,0.0011692,0.0081452,0.0085696,0.0031013,0.0011668,0.003329,9.9314E-4,0.0030603,7.5983E-4,0
1520613142281,true,1563.002,0,0.0306,0.010833,0.0045162,7.3807E-4,0.0046937,0.0011234,0.0055803,0.0011586,0.0076258,0.0085861,0.0030948,0.001165,0.0032513,0.0010175,0.0031125,7.3204E-4,0
1520613142351,true,1563.072,0,0.030212,0.010792,0.0045079,7.3381E-4,0.0046541,0.0011302,0.0056042,0.0011607,0.0069139,0.0087782,0.0030916,0.0011529,0.003209,0.0010354,0.0031398,7.1424E-4,0
1520613142409,true,1563.13,0,0.029597,0.010624,0.0044815,7.334E-4,0.0046098,0.0011214,0.0056233,0.0011667,0.0068139,0.0087776,0.0030543,0.0011506,0.0032013,0.0010455,0.0030957,7.2806E-4,0
1520613142466,true,1563.187,0,0.029315,0.010346,0.00444,7.3145E-4,0.0045951,0.0011114,0.0056057,0.0011739,0.0073815,0.0085221,0.0029752,0.0011659,0.0031969,0.001038,0.0030301,7.5116E-4,0
1520613142524,true,1563.245,0,0.029596,0.010193,0.0043467,7.3162E-4,0.0045831,0.0011087,0.0055592,0.0011697,0.0081992,0.0079755,0.0029261,0.0011735,0.003185,0.0010261,0.0030105,7.6732E-4,0
1520613142581,true,1563.302,0,0.029876,0.010257,0.0042637,7.1849E-4,0.0045532,0.0011058,0.005536,0.0011585,0.0086989,0.0076006,0.0029489,0.0011643,0.003107,0.0010394,0.0030057,7.6859E-4,0
1520613142602,true,1563.323,0,0.030173,0.010376,0.0042557,7.0124E-4,0.0044904,0.0011052,0.005529,0.0011524,0.0081766,0.0078134,0.0029878,0.001141,0.0030213,0.001058,0.0030029,7.5325E-4,0
1520613142660,true,1563.381,0,0.029925,0.010517,0.0042895,6.9676E-4,0.0044114,0.0010948,0.0055019,0.0011527,0.0074689,0.0082204,0.0030234,0.0011157,0.0030127,0.0010575,0.0029532,7.5379E-4,0
1520613142717,true,1563.438,0,0.02946,0.010452,0.0043248,7.0273E-4,0.0043841,0.0010726,0.005469,0.0011497,0.0071912,0.0085252,0.0029916,0.0011191,0.0030457,0.0010416,0.0028667,7.7275E-4,0
1520613142775,true,1563.496,0,0.029335,0.010261,0.0043256,7.1395E-4,0.0044041,0.0010629,0.0054004,0.0011441,0.0072583,0.0084495,0.0029196,0.0011369,0.0030956,0.0010126,0.0028196,7.8156E-4,0
1520613142832,true,1563.553,0,0.029293,0.010189,0.0042507,7.1706E-4,0.0044264,0.0010663,0.0053387,0.0011277,0.0075345,0.0080709,0.0028754,0.0011523,0.0030902,0.0010018,0.0028409,7.7208E-4,0
1520613142901,true,1563.622,0,0.029085,0.010136,0.0041855,7.0714E-4,0.0044438,0.001072,0.0053265,0.001116,0.0072073,0.0079722,0.0028488,0.0011602,0.0030034,0.0010228,0.0028741,7.4869E-4,0
1520613142959,true,1563.68,0,0.028687,0.01008,0.0041656,6.9557E-4,0.0043891,0.0010836,0.0053356,0.001115,0.0063783,0.008176,0.0028346,0.0011503,0.0029239,0.0010491,0.0028987,7.2362E-4,0
1520613143016,true,1563.737,0,0.027965,0.0099864,0.0041359,6.9765E-4,0.0043201,0.0010818,0.0053484,0.0011213,0.0061166,0.0082364,0.0028023,0.0011432,0.0028993,0.0010677,0.0028458,7.3536E-4,0
1520613143074,true,1563.795,0,0.027489,0.0097582,0.0041033,6.9728E-4,0.0043001,0.0010724,0.0053394,0.0011314,0.0065485,0.0081272,0.00272,0.0011608,0.0028945,0.001066,0.0027727,7.6287E-4,0
1520613143131,true,1563.852,0,0.027682,0.0095936,0.004034,6.9986E-4,0.0042894,0.0010749,0.0052921,0.001135,0.0073858,0.0076358,0.0026587,0.0011762,0.0029022,0.0010521,0.0027436,7.8273E-4,0
1520613143202,true,1563.923,0,0.02805,0.0096639,0.0039502,6.888E-4,0.0042713,0.0010765,0.0052638,0.0011255,0.0081292,0.0071674,0.0026655,0.0011747,0.0028567,0.0010588,0.0027423,7.8906E-4,0
1520613143260,true,1563.981,0,0.028421,0.009776,0.0039315,6.7015E-4,0.0042372,0.0010777,0.0052643,0.0011207,0.007839,0.0072562,0.002713,0.0011561,0.0027812,0.0010787,0.0027531,7.7598E-4,0
1520613143317,true,1564.038,0,0.028324,0.0099786,0.0039759,6.6315E-4,0.0041637,0.0010739,0.0052463,0.0011243,0.0071409,0.0076736,0.0027664,0.001131,0.0027702,0.0010845,0.0027367,7.7083E-4,0
1520613143375,true,1564.096,0,0.027889,0.01002,0.004026,6.6946E-4,0.0041202,0.0010599,0.0052272,0.001126,0.0068081,0.0080247,0.0027661,0.0011271,0.0028226,0.0010733,0.0026648,7.8851E-4,0
1520613143432,true,1564.153,0,0.02771,0.0099133,0.004067,6.7926E-4,0.0041523,0.0010493,0.0051766,0.0011287,0.0068971,0.0081163,0.0026993,0.0011505,0.0028834,0.0010473,0.0026068,8.0542E-4,0
1520613143477,true,1564.198,0,0.027821,0.0098956,0.0040382,6.8977E-4,0.0042021,0.0010561,0.0051272,0.001122,0.0071113,0.0078587,0.0026558,0.0011693,0.0029258,0.0010259,0.002627,8.0321E-4,0
1520613143535,true,1564.256,0,0.027851,0.009955,0.0040044,6.8419E-4,0.0042456,0.0010695,0.0051312,0.0011102,0.0070372,0.0077189,0.0026449,0.0011817,0.0028795,0.001042,0.0026813,7.8221E-4,0
1520613143592,true,1564.313,0,0.027793,0.0099743,0.0040065,6.7621E-4,0.0042391,0.0010891,0.0051653,0.0011126,0.0062886,0.0079795,0.0026409,0.0011777,0.0028151,0.0010682,0.0027399,7.5353E-4,0
1520613143650,true,1564.371,0,0.027303,0.0099818,0.0040146,6.7986E-4,0.0041967,0.0010932,0.0052036,0.0011197,0.0058842,0.0081258,0.0026276,0.0011698,0.0027895,0.0010889,0.0027201,7.5395E-4,0
1520613143707,true,1564.428,0,0.026956,0.0097815,0.0040116,6.7994E-4,0.0041928,0.0010816,0.0052219,0.0011296,0.0062016,0.0080941,0.0025574,0.0011819,0.0027845,0.0010916,0.0026591,7.7809E-4,0
1520613143777,true,1564.498,0,0.027117,0.0096022,0.0039616,6.8462E-4,0.0041953,0.0010829,0.0051913,0.0011353,0.0069457,0.0076893,0.0024754,0.0011999,0.002781,0.0010802,0.0026051,8.031E-4,0
1520613143835,true,1564.556,0,0.027565,0.0096488,0.0038832,6.8246E-4,0.0041883,0.0010888,0.0051551,0.0011346,0.0077432,0.0072229,0.0024569,0.0012063,0.0027496,0.0010816,0.0026047,8.1537E-4,0
1520613143892,true,1564.613,0,0.028039,0.0097956,0.0038552,6.6981E-4,0.0041676,0.0010937,0.0051543,0.0011323,0.0077392,0.0072056,0.0025059,0.0011942,0.0026694,0.0011043,0.0026117,8.1025E-4,0
1520613143950,true,1564.671,0,0.028242,0.010001,0.0039062,6.6029E-4,0.0041087,0.001095,0.0051546,0.0011371,0.0070528,0.0076124,0.0025696,0.0011695,0.0026461,0.0011131,0.0026143,8.0305E-4,0
1520613144007,true,1564.728,0,0.027913,0.010084,0.0039718,6.6294E-4,0.004062,0.0010814,0.0051423,0.0011418,0.0066762,0.0080139,0.0026005,0.0011562,0.0026948,0.0011069,0.0025527,8.1967E-4,0
1520613144052,true,1564.773,0,0.027674,0.0099716,0.0040274,6.706E-4,0.0040828,0.0010701,0.0051006,0.0011474,0.0066782,0.0082547,0.0025558,0.0011751,0.0027685,0.0010816,0.0024975,8.3618E-4,0
1520613144110,true,1564.831,0,0.027741,0.0099188,0.0040176,6.823E-4,0.0041335,0.0010756,0.0050498,0.0011431,0.0069035,0.0080815,0.002515,0.0011953,0.0028468,0.0010523,0.002515,8.3841E-4,0
1520613144167,true,1564.888,0,0.027701,0.0099956,0.0039681,6.841E-4,0.0041938,0.0010868,0.0050366,0.0011338,0.007037,0.0078462,0.0025175,0.0012073,0.0028398,0.0010544,0.002576,8.2049E-4,0
1520613144225,true,1564.946,0,0.027634,0.010026,0.0039729,6.7429E-4,0.0042113,0.0011053,0.0050802,0.0011313,0.006373,0.0080646,0.0025353,0.0012037,0.0027803,0.0010815,0.0026535,7.888E-4,0
1520613144282,true,1565.003,0,0.027263,0.010066,0.0039967,6.7577E-4,0.0041837,0.0011145,0.0051303,0.001138,0.0057207,0.0083293,0.0025527,0.0011919,0.0027651,0.0011018,0.0026713,7.7797E-4,0
1520613144352,true,1565.073,0,0.026791,0.0099516,0.0040023,6.7797E-4,0.0041708,0.0011092,0.0051743,0.0011482,0.0058523,0.0083836,0.0025127,0.0011997,0.0027742,0.0011079,0.002624,7.9847E-4,0
1520613144410,true,1565.131,0,0.026866,0.0097531,0.0039885,6.8128E-4,0.0041912,0.001108,0.0051624,0.001162,0.0065781,0.0080841,0.0024433,0.001218,0.0027912,0.0010962,0.0025859,8.2241E-4,0
1520613144467,true,1565.188,0,0.027462,0.0097423,0.0039229,6.8327E-4,0.0041998,0.0011149,0.005131,0.0011649,0.0074797,0.0075658,0.0024266,0.0012223,0.0027802,0.001088,0.0025847,8.3713E-4,0
1520613144525,true,1565.246,0,0.028023,0.0099016,0.0038792,6.7263E-4,0.0041973,0.0011197,0.0051399,0.0011598,0.007744,0.0073794,0.0024655,0.0012121,0.0027111,0.0011054,0.0025997,8.3393E-4,0
1520613144582,true,1565.303,0,0.028485,0.01013,0.0039227,6.6292E-4,0.0041509,0.0011262,0.005146,0.0011661,0.0071397,0.0077599,0.0025183,0.001189,0.0026573,0.0011205,0.0025965,8.2512E-4,0
1520613144627,true,1565.348,0,0.028365,0.010284,0.0039943,6.6876E-4,0.0041061,0.0011165,0.0051421,0.0011733,0.006647,0.0081809,0.0025692,0.0011688,0.0026811,0.0011187,0.0025452,8.3515E-4,0
1520613144685,true,1565.406,0,0.028119,0.01025,0.0040673,6.7953E-4,0.0041191,0.001103,0.0051272,0.0011794,0.0065853,0.008503,0.0025451,0.0011817,0.0027516,0.0010964,0.0024805,8.5709E-4,0
1520613144742,true,1565.463,0,0.02829,0.010141,0.0040832,6.9696E-4,0.0041851,0.0011005,0.0050809,0.0011783,0.0068279,0.008393,0.0025084,0.0012037,0.0028322,0.0010664,0.0024814,8.6311E-4,0
1520613144800,true,1565.521,0,0.028424,0.010143,0.0040471,6.9752E-4,0.0042498,0.0011075,0.0050601,0.0011652,0.0070487,0.0081343,0.0025063,0.0012181,0.002842,0.0010638,0.0025423,8.5176E-4,0
1520613144857,true,1565.578,0,0.028297,0.010141,0.0040226,6.8815E-4,0.0042864,0.0011213,0.0050911,0.0011559,0.0066092,0.0082132,0.0025238,0.0012197,0.0028004,0.0010864,0.0026233,8.2335E-4,0
1520613144926,true,1565.647,0,0.027906,0.01013,0.0040346,6.8229E-4,0.0042562,0.0011304,0.0051308,0.0011592,0.0058136,0.0084996,0.0025463,0.0012068,0.0027866,0.0011036,0.0026788,8.0288E-4,0
1520613144984,true,1565.705,0,0.027241,0.0099882,0.0040249,6.829E-4,0.0042223,0.0011232,0.0051662,0.0011653,0.0057365,0.0085706,0.0025331,0.0012069,0.0028007,0.0011152,0.0026536,8.1787E-4,0
1520613145041,true,1565.762,0,0.027019,0.0097069,0.0039963,6.8214E-4,0.0042343,0.0011101,0.0051593,0.0011766,0.0063193,0.0083634,0.0024693,0.0012243,0.0028217,0.0011056,0.0026109,8.4123E-4,0
1520613145099,true,1565.82,0,0.027298,0.0095624,0.0039106,6.8247E-4,0.0042311,0.0011112,0.0051232,0.0011756,0.0072307,0.0078299,0.0024404,0.0012341,0.0028377,0.0010917,0.0026133,8.5475E-4,0
1520613145156,true,1565.877,0,0.027616,0.0096147,0.0038266,6.6984E-4,0.0042086,0.0011084,0.0051106,0.0011652,0.007782,0.0074676,0.0024776,0.001228,0.0027792,0.0011056,0.0026256,8.559E-4,0
1520613145202,true,1565.923,0,0.027904,0.0096951,0.0038182,6.5138E-4,0.0041468,0.0011074,0.005109,0.0011594,0.007349,0.0077213,0.0025357,0.0012042,0.0027157,0.0011231,0.0026425,8.4023E-4,0
1520613145260,true,1565.981,0,0.027657,0.0098129,0.0038563,6.4668E-4,0.0040573,0.0010965,0.0050881,0.0011575,0.0066335,0.0081401,0.0025921,0.0011792,0.0027333,0.0011179,0.002602,8.4268E-4,0
1520613145317,true,1566.038,0,0.027184,0.0097267,0.0038913,6.4765E-4,0.0040094,0.001076,0.005048,0.0011579,0.0064932,0.0084554,0.0025723,0.0011821,0.002777,0.0011004,0.0025209,8.6221E-4,0
1520613145375,true,1566.096,0,0.027017,0.0095302,0.0038883,6.5949E-4,0.0040294,0.001067,0.0049791,0.0011545,0.006634,0.0084253,0.0025219,0.0012035,0.0028461,0.0010687,0.0024962,8.6949E-4,0
1520613145432,true,1566.153,0,0.026943,0.0094646,0.0038311,6.6514E-4,0.0040677,0.0010688,0.0049236,0.0011403,0.0069932,0.0081015,0.0025061,0.00122,0.0028775,0.0010559,0.002543,8.604E-4,0
1520613145502,true,1566.223,0,0.026671,0.0094247,0.0037794,6.5687E-4,0.0040964,0.0010756,0.0049266,0.0011277,0.0066596,0.0080915,0.0025198,0.0012285,0.0028418,0.0010721,0.0026079,8.3447E-4,0
1520613145560,true,1566.281,0,0.0263,0.0093612,0.0037629,6.5081E-4,0.0040648,0.0010863,0.004952,0.001128,0.0059287,0.008339,0.0025393,0.0012195,0.0028001,0.0010962,0.002678,8.0782E-4,0
1520613145617,true,1566.338,0,0.025566,0.0092349,0.0037422,6.5249E-4,0.0040178,0.0010804,0.0049827,0.0011312,0.0056966,0.0084367,0.0025448,0.0012117,0.0028117,0.0011094,0.0026739,8.1253E-4,0
1520613145675,true,1566.396,0,0.025059,0.0089672,0.0037127,6.5027E-4,0.004003,0.0010703,0.0049811,0.0011418,0.0061873,0.0082866,0.0024894,0.0012265,0.0028377,0.0011041,0.0026188,8.3855E-4,0
1520613145732,true,1566.453,0,0.02512,0.0087691,0.0036428,6.5005E-4,0.0040028,0.001069,0.0049411,0.001144,0.0069707,0.0078184,0.0024514,0.0012378,0.002861,0.0010903,0.0026118,8.5314E-4,0
1520613145802,true,1566.523,0,0.025378,0.0088087,0.0035472,6.3954E-4,0.003986,0.0010685,0.0049178,0.0011354,0.0078039,0.0073251,0.0024679,0.0012382,0.0028212,0.0010974,0.002632,8.5255E-4,0
1520613145860,true,1566.581,0,0.025702,0.0089109,0.0035311,6.171E-4,0.0039432,0.0010686,0.0049254,0.0011295,0.0075377,0.0074335,0.0025209,0.0012187,0.0027556,0.0011161,0.0026546,8.3868E-4,0
1520613145917,true,1566.638,0,0.025633,0.0091031,0.0035751,6.0687E-4,0.0038627,0.0010604,0.0049223,0.0011287,0.0068589,0.0078451,0.0025818,0.0011906,0.0027364,0.001124,0.0026354,8.331E-4,0
1520613145975,true,1566.696,0,0.025227,0.0090999,0.0036149,6.1065E-4,0.0038092,0.0010392,0.0049038,0.0011259,0.006588,0.0081881,0.0025921,0.001185,0.0027856,0.001112,0.002566,8.4871E-4,0
1520613146032,true,1566.753,0,0.025072,0.0089287,0.0036472,6.1836E-4,0.0038226,0.0010244,0.0048426,0.0011242,0.0066342,0.0082795,0.0025284,0.0012065,0.0028451,0.0010806,0.0025133,8.611E-4,0
1520613146077,true,1566.798,0,0.025138,0.0088759,0.0036101,6.2777E-4,0.0038466,0.0010294,0.0047755,0.0011155,0.0068609,0.0080228,0.0024929,0.0012254,0.0028923,0.0010549,0.002531,8.5818E-4,0
1520613146135,true,1566.856,0,0.025015,0.0089443,0.0035638,6.2496E-4,0.0038818,0.0010416,0.0047665,0.0011038,0.0067194,0.007916,0.0024969,0.001238,0.0028664,0.0010648,0.0025873,8.3679E-4,0
1520613146192,true,1566.913,0,0.024841,0.0089807,0.0035729,6.2023E-4,0.0038832,0.0010589,0.0048034,0.0011014,0.0059801,0.0081669,0.0025138,0.0012345,0.0028244,0.0010875,0.0026664,8.0379E-4,0
1520613146250,true,1566.971,0,0.024288,0.0089931,0.0035875,6.26E-4,0.003858,0.0010617,0.0048469,0.0011067,0.005498,0.008366,0.0025265,0.0012253,0.0028322,0.0011006,0.0026738,7.9924E-4,0
1520613146307,true,1567.028,0,0.023843,0.0088005,0.0035826,6.2973E-4,0.0038652,0.0010522,0.0048785,0.0011161,0.0058225,0.0083174,0.0024871,0.0012366,0.002855,0.0011025,0.002627,8.2115E-4,0
1520613146352,true,1567.073,0,0.023963,0.0085846,0.003543,6.3452E-4,0.0038975,0.00105,0.0048662,0.0011221,0.0066333,0.0079182,0.0024285,0.0012557,0.0028775,0.001092,0.0026145,8.3918E-4,0
1520613146410,true,1567.131,0,0.024454,0.0085864,0.0034641,6.325E-4,0.0039065,0.0010536,0.004853,0.0011181,0.0075875,0.0073606,0.0024361,0.0012581,0.0028585,0.0010935,0.0026352,8.4841E-4,0
1520613146467,true,1567.188,0,0.02489,0.0087315,0.0034376,6.1414E-4,0.0038944,0.0010554,0.0048662,0.001115,0.0077257,0.0072718,0.0024917,0.0012444,0.0027841,0.0011153,0.0026615,8.374E-4,0
1520613146525,true,1567.246,0,0.025173,0.0089203,0.0034841,6.0239E-4,0.0038367,0.0010526,0.0048788,0.001117,0.0071152,0.0076483,0.0025604,0.0012166,0.002752,0.0011241,0.0026724,8.2599E-4,0
1520613146582,true,1567.303,0,0.024938,0.0090352,0.0035406,6.0594E-4,0.0037844,0.0010371,0.0048733,0.0011182,0.0067469,0.0080044,0.0025927,0.0011996,0.0027904,0.0011148,0.0026137,8.3753E-4,0
1520613146652,true,1567.373,0,0.024847,0.0089338,0.0036017,6.1169E-4,0.003799,0.0010216,0.0048383,0.0011196,0.0068324,0.0081968,0.0025605,0.0012103,0.0028526,0.0010861,0.0025415,8.5741E-4,0
1520613146710,true,1567.431,0,0.025053,0.0088732,0.0035981,6.2448E-4,0.0038435,0.001023,0.0047838,0.001113,0.0070667,0.0080082,0.0025209,0.0012257,0.0029181,0.0010535,0.0025318,8.5862E-4,0
1520613146767,true,1567.488,0,0.025079,0.0089748,0.0035634,6.2433E-4,0.0038892,0.00103,0.00477,0.0010983,0.0071895,0.0077677,0.0025143,0.00124,0.0028997,0.0010545,0.0025796,8.3622E-4,0
1520613146825,true,1567.546,0,0.025071,0.0090063,0.0035613,6.1863E-4,0.0039032,0.0010469,0.0047978,0.0010946,0.0064854,0.0079569,0.0025205,0.0012382,0.0028365,0.0010762,0.0026355,8.0488E-4,0
1520613146882,true,1567.603,0,0.024705,0.0090422,0.0035823,6.2233E-4,0.0038773,0.0010571,0.004836,0.0011011,0.0058137,0.0081938,0.002526,0.0012278,0.0028204,0.0010935,0.0026604,7.8866E-4,0
1520613146953,true,1567.674,0,0.024228,0.008919,0.0035884,6.2848E-4,0.0038757,0.001052,0.0048821,0.001108,0.0058745,0.0082406,0.0024893,0.0012352,0.0028378,0.0010977,0.0026257,8.0467E-4,0
1520613147011,true,1567.732,0,0.024235,0.0086999,0.0035712,6.3505E-4,0.0039096,0.0010507,0.0048842,0.0011163,0.0065011,0.0079446,0.0024162,0.0012574,0.0028592,0.0010848,0.0026057,8.2044E-4,0
1520613147068,true,1567.789,0,0.024699,0.0086793,0.0035044,6.3557E-4,0.0039274,0.001059,0.0048714,0.0011176,0.0074775,0.0073673,0.0023979,0.0012653,0.0028626,0.0010772,0.0026255,8.2971E-4,0
1520613147126,true,1567.847,0,0.025219,0.0088025,0.003456,6.2402E-4,0.0039348,0.0010621,0.0048908,0.0011125,0.0078278,0.0071259,0.0024435,0.0012571,0.0027998,0.001096,0.0026476,8.2545E-4,0
1520613147183,true,1567.904,0,0.025682,0.0090079,0.0034961,6.1192E-4,0.0038908,0.0010675,0.0049133,0.0011157,0.0073129,0.0074294,0.0025079,0.0012312,0.0027492,0.0011098,0.0026753,8.1027E-4,0
1520613147227,true,1567.948,0,0.025629,0.0091824,0.003564,6.1468E-4,0.0038383,0.0010599,0.0049225,0.00112,0.0068776,0.0078239,0.0025728,0.001203,0.0027599,0.0011115,0.0026336,8.2087E-4,0
1520613147285,true,1568.006,0,0.025493,0.0091713,0.0036358,6.2021E-4,0.0038475,0.0010429,0.0049075,0.001125,0.0068398,0.0081237,0.0025653,0.0012042,0.0028203,0.0010896,0.0025633,8.4069E-4,0
1520613147342,true,1568.063,0,0.025743,0.0091247,0.0036623,6.3693E-4,0.0039059,0.0010405,0.0048605,0.0011236,0.0070546,0.0080644,0.0025246,0.0012215,0.0028967,0.0010546,0.0025543,8.4534E-4,0
1520613147400,true,1568.121,0,0.026043,0.0092119,0.003645,6.4245E-4,0.0039707,0.0010481,0.0048402,0.0011105,0.0073074,0.0078394,0.0025229,0.0012317,0.0029051,0.0010445,0.0026077,8.2914E-4,0
1520613147457,true,1568.178,0,0.02614,0.0092794,0.0036491,6.3525E-4,0.0040223,0.0010597,0.004871,0.0011023,0.0067734,0.0079641,0.0025354,0.0012298,0.0028578,0.0010586,0.0026699,7.9725E-4,0
1520613147503,true,1568.224,0,0.025926,0.0093471,0.0036827,6.3525E-4,0.0040099,0.001072,0.0049091,0.0011081,0.0059827,0.0082635,0.0025404,0.001217,0.0028277,0.0010753,0.0027061,7.7456E-4,0
1520613147561,true,1568.282,0,0.025398,0.0092762,0.003693,6.4347E-4,0.0039871,0.0010708,0.0049522,0.001115,0.0058939,0.008319,0.002504,0.001218,0.0028265,0.0010847,0.0026642,7.8315E-4,0
1520613147618,true,1568.339,0,0.025197,0.0090813,0.0036918,6.4852E-4,0.0040161,0.0010685,0.0049648,0.0011288,0.0063965,0.0081478,0.002419,0.0012409,0.0028339,0.0010803,0.0026216,8.0065E-4,0
1520613147676,true,1568.397,0,0.025631,0.0089794,0.0036366,6.5416E-4,0.004048,0.0010763,0.0049554,0.0011327,0.0072663,0.0076325,0.0023788,0.0012525,0.0028472,0.0010679,0.0026342,8.1009E-4,0
1520613147733,true,1568.454,0,0.026142,0.0090872,0.0035767,6.465E-4,0.0040599,0.0010814,0.0049718,0.001126,0.007885,0.0072661,0.0024062,0.0012471,0.0027872,0.0010817,0.0026666,8.0652E-4,0
1520613147803,true,1568.524,0,0.026709,0.0092266,0.0035923,6.2941E-4,0.0040339,0.0010875,0.0050029,0.0011264,0.0075516,0.0074505,0.0024656,0.0012221,0.0027187,0.0011017,0.002689,7.9459E-4,0
1520613147861,true,1568.582,0,0.026744,0.0094136,0.0036441,6.2904E-4,0.0039711,0.0010818,0.00501,0.0011322,0.0070047,0.0078229,0.0025361,0.0011923,0.0027149,0.0011054,0.0026703,7.9244E-4,0
1520613147918,true,1568.639,0,0.026517,0.009425,0.0037103,6.3261E-4,0.0039572,0.0010625,0.0050039,0.001135,0.0068736,0.008148,0.0025392,0.00119,0.0027689,0.0010882,0.0026064,8.1117E-4,0
1520613147976,true,1568.697,0,0.026621,0.0093102,0.00375,6.4446E-4,0.0039952,0.0010565,0.0049548,0.0011363,0.0070625,0.0081484,0.0025019,0.0012056,0.0028457,0.0010534,0.0025763,8.2019E-4,0
1520613148033,true,1568.754,0,0.026861,0.0093533,0.0037275,6.546E-4,0.0040486,0.0010623,0.0049118,0.0011282,0.0073411,0.0079153,0.0024961,0.0012169,0.0028843,0.0010345,0.0026139,8.1134E-4,0
1520613148078,true,1568.799,0,0.026865,0.0094568,0.0037129,6.5115E-4,0.0041062,0.0010708,0.0049236,0.0011179,0.0069925,0.0079374,0.0025061,0.0012218,0.0028393,0.0010486,0.0026744,7.8312E-4,0
1520613148136,true,1568.857,0,0.026764,0.0095017,0.003741,6.4742E-4,0.0041032,0.001086,0.0049649,0.0011192,0.006061,0.0082999,0.0025168,0.0012131,0.0027984,0.0010672,0.0027411,7.4865E-4,0
1520613148193,true,1568.914,0,0.026239,0.009447,0.0037535,6.5397E-4,0.0040751,0.001088,0.0050062,0.001126,0.0056491,0.0084728,0.0025089,0.0012072,0.0028017,0.0010754,0.0027308,7.4636E-4,0
1520613148251,true,1568.972,0,0.025835,0.0092303,0.00376,6.5429E-4,0.0040912,0.0010803,0.0050227,0.0011381,0.0059736,0.008413,0.0024381,0.0012206,0.0028099,0.0010733,0.0026767,7.6308E-4,0
1520613148308,true,1569.029,0,0.026002,0.0090931,0.0037012,6.6149E-4,0.0041088,0.0010869,0.0049949,0.001146,0.006763,0.0079376,0.0023678,0.0012361,0.0028166,0.0010595,0.0026533,7.7733E-4,0
1520613148378,true,1569.099,0,0.02639,0.0091913,0.0036304,6.5557E-4,0.0041161,0.0010953,0.0049885,0.001144,0.0076458,0.0073971,0.0023718,0.001237,0.002764,0.0010675,0.0026642,7.8452E-4,0
1520613148436,true,1569.157,0,0.026831,0.0093563,0.0036245,6.4097E-4,0.0041031,0.0011024,0.0050151,0.0011451,0.0075157,0.0074415,0.0024191,0.0012208,0.0026885,0.0010894,0.002684,7.724E-4,0
1520613148493,true,1569.214,0,0.027011,0.0095964,0.00368,6.362E-4,0.0040435,0.0011007,0.0050318,0.0011507,0.0069311,0.0077893,0.0024853,0.0011921,0.0026722,0.0010958,0.0026724,7.7027E-4,0
1520613148551,true,1569.272,0,0.026804,0.0096891,0.0037409,6.4057E-4,0.0040074,0.0010882,0.0050373,0.0011543,0.0067711,0.0081044,0.0025003,0.0011849,0.0027125,0.0010857,0.0026047,7.8916E-4,0
1520613148608,true,1569.329,0,0.026864,0.0095976,0.0037979,6.5083E-4,0.0040422,0.0010754,0.0049985,0.0011583,0.0068673,0.0082489,0.0024557,0.0012031,0.0027796,0.0010557,0.0025548,8.034E-4,0
1520613148677,true,1569.398,0,0.027114,0.0096052,0.0037908,6.6254E-4,0.0040959,0.0010773,0.0049513,0.0011505,0.0071376,0.0080262,0.0024358,0.0012171,0.0028351,0.0010289,0.0025607,8.0449E-4,0
1520613148735,true,1569.456,0,0.0272,0.0096818,0.0037694,6.5873E-4,0.0041521,0.0010836,0.0049513,0.0011373,0.0070515,0.0079351,0.0024511,0.0012265,0.0028119,0.001036,0.0026208,7.7992E-4,0
1520613148792,true,1569.513,0,0.027148,0.0097011,0.0037874,6.5326E-4,0.0041636,0.0010983,0.0049831,0.0011347,0.0062101,0.0082549,0.0024723,0.0012188,0.0027684,0.0010512,0.0026896,7.4569E-4,0
1520613148850,true,1569.571,0,0.02657,0.0097083,0.0038053,6.569E-4,0.0041331,0.0011037,0.0050145,0.0011405,0.0056158,0.0084888,0.0024822,0.0012081,0.0027713,0.0010632,0.0026958,7.3821E-4,0
1520613148907,true,1569.628,0,0.026038,0.0095034,0.003799,6.6224E-4,0.0041316,0.0010945,0.0050382,0.0011498,0.0057286,0.0085051,0.0024251,0.0012191,0.0027819,0.001062,0.0026449,7.5538E-4,0
1520613148953,true,1569.674,0,0.02608,0.0092702,0.003753,6.673E-4,0.0041588,0.0010922,0.0050168,0.0011597,0.0063834,0.0080903,0.0023474,0.0012396,0.0027995,0.0010458,0.0026265,7.6873E-4,0
1520613149011,true,1569.732,0,0.026453,0.0092564,0.0036667,6.6568E-4,0.0041559,0.0010978,0.0049963,0.0011557,0.0073133,0.0074804,0.0023265,0.0012445,0.002762,0.0010467,0.0026296,7.7568E-4,0
1520613149068,true,1569.789,0,0.026904,0.0093376,0.0036213,6.4796E-4,0.0041301,0.0011019,0.0050113,0.0011503,0.0074069,0.0073507,0.0023461,0.0012338,0.0026663,0.0010702,0.0026346,7.6648E-4,0
1520613149126,true,1569.847,0,0.027099,0.0095235,0.0036458,6.3846E-4,0.0040524,0.0011045,0.0050078,0.0011591,0.006819,0.0076525,0.002395,0.001207,0.0026108,0.001086,0.0026181,7.6019E-4,0
1520613149183,true,1569.904,0,0.02689,0.0096286,0.0036932,6.428E-4,0.0039867,0.0010924,0.004999,0.001165,0.0064823,0.0079955,0.0024229,0.0011904,0.0026304,0.0010848,0.0025491,7.7705E-4,0
1520613149253,true,1569.974,0,0.02681,0.0095627,0.003754,6.5026E-4,0.0039962,0.0010767,0.0049582,0.0011716,0.0065574,0.0082031,0.0023928,0.0012018,0.0026808,0.0010639,0.002476,7.9826E-4,0
1520613149311,true,1570.032,0,0.027033,0.0095372,0.0037623,6.6216E-4,0.0040403,0.0010775,0.0049011,0.0011673,0.0068177,0.0080562,0.00236,0.0012205,0.0027537,0.0010323,0.0024773,8.0292E-4,0
1520613149368,true,1570.089,0,0.027125,0.0096403,0.0037326,6.6591E-4,0.0040952,0.0010839,0.0048876,0.0011537,0.0069315,0.0078716,0.0023696,0.0012333,0.0027509,0.0010339,0.0025305,7.8422E-4,0
1520613149426,true,1570.147,0,0.027073,0.0096861,0.0037455,6.5845E-4,0.0041199,0.0010991,0.0049198,0.0011475,0.0061868,0.0081233,0.0023886,0.0012326,0.0027149,0.0010508,0.0026006,7.5369E-4,0
1520613149483,true,1570.204,0,0.026633,0.0097386,0.0037781,6.5978E-4,0.0040942,0.0011073,0.0049552,0.0011532,0.0054443,0.0084067,0.0024077,0.0012246,0.0027163,0.0010667,0.0026345,7.3795E-4,0
1520613149529,true,1570.25,0,0.026051,0.0095881,0.003784,6.662E-4,0.004087,0.0011027,0.0049984,0.0011607,0.0054688,0.0084914,0.0023666,0.001237,0.0027373,0.0010717,0.002597,7.5247E-4,0
1520613149587,true,1570.308,0,0.025923,0.0093331,0.0037612,6.7394E-4,0.0041163,0.0011004,0.0049992,0.0011693,0.0060593,0.0081927,0.0022948,0.0012603,0.0027602,0.0010641,0.0025681,7.7173E-4,0
1520613149644,true,1570.365,0,0.026251,0.0092709,0.0036819,6.7866E-4,0.0041307,0.0011068,0.0049795,0.0011714,0.0069242,0.007634,0.0022717,0.0012709,0.0027463,0.0010639,0.0025754,7.8514E-4,0
1520613149702,true,1570.423,0,0.026659,0.0093459,0.003619,6.676E-4,0.0041307,0.0011104,0.0049934,0.0011686,0.0073461,0.0073566,0.0023086,0.0012627,0.0026659,0.0010872,0.0025968,7.8139E-4,0
1520613149759,true,1570.48,0,0.027103,0.0094835,0.0036405,6.5391E-4,0.0040755,0.0011147,0.0050115,0.0011731,0.0068732,0.0075816,0.0023632,0.0012399,0.0025919,0.0011078,0.0026098,7.6922E-4,0
1520613149804,true,1570.525,0,0.027002,0.0096559,0.0036832,6.584E-4,0.0040097,0.001104,0.0050092,0.0011793,0.0065083,0.0079202,0.0024125,0.0012159,0.0025942,0.0011101,0.0025552,7.8151E-4,0
1520613149862,true,1570.583,0,0.026858,0.0096329,0.0037388,6.6545E-4,0.0039946,0.0010865,0.0049896,0.0011842,0.006533,0.0081988,0.0023867,0.0012221,0.0026415,0.0010894,0.0024604,8.0927E-4,0
1520613149919,true,1570.64,0,0.027068,0.0095864,0.0037567,6.8045E-4,0.0040191,0.0010873,0.0049262,0.0011865,0.0067796,0.0081255,0.0023396,0.0012442,0.0027103,0.0010589,0.0024285,8.2194E-4,0
1520613149977,true,1570.698,0,0.027319,0.0096768,0.0037364,6.9129E-4,0.0040734,0.0010938,0.0048912,0.001179,0.0070619,0.0079042,0.0023443,0.0012578,0.0027238,0.0010538,0.0024632,8.1572E-4,0
1520613150034,true,1570.755,0,0.027377,0.0097801,0.0037537,6.8816E-4,0.0041307,0.0011041,0.0049181,0.001172,0.006555,0.0080739,0.0023664,0.0012631,0.0026866,0.0010745,0.002527,7.9173E-4,0
1520613150103,true,1570.824,0,0.027164,0.0098629,0.0037965,6.9519E-4,0.0041338,0.0011174,0.0049617,0.0011756,0.0057181,0.0084532,0.0023991,0.0012571,0.002681,0.0010921,0.0025829,7.7064E-4,0
1520613150161,true,1570.882,0,0.026596,0.009784,0.0038271,7.0398E-4,0.0041324,0.0011166,0.0050157,0.0011823,0.0054856,0.0086307,0.0023909,0.0012623,0.0027263,0.0010997,0.0025678,7.8269E-4,0
1520613150218,true,1570.939,0,0.026382,0.0095571,0.0038283,7.1179E-4,0.0041739,0.0011137,0.0050297,0.0011972,0.0059056,0.0085077,0.0023279,0.0012875,0.0027589,0.0010976,0.0025466,8.0258E-4,0
1520613150276,true,1570.997,0,0.026695,0.0094322,0.0037726,7.1989E-4,0.0042083,0.0011252,0.0050262,0.0012021,0.0068321,0.0079889,0.0022884,0.0013091,0.0027789,0.0010941,0.0025741,8.1478E-4,0
1520613150333,true,1571.054,0,0.027121,0.0095104,0.003707,7.1397E-4,0.0042189,0.0011359,0.0050482,0.0011981,0.0075477,0.0075508,0.0023226,0.0013096,0.0027288,0.0011157,0.0026132,8.1598E-4,0
1520613150403,true,1571.124,0,0.02763,0.0096473,0.0037068,7.0491E-4,0.0041915,0.0011477,0.0050895,0.0012026,0.0072794,0.0076889,0.0023833,0.0012922,0.0026615,0.0011422,0.0026449,8.0562E-4,0
1520613150461,true,1571.182,0,0.027727,0.0098585,0.0037653,7.0349E-4,0.0041231,0.0011461,0.0051068,0.0012115,0.0069132,0.0080089,0.0024535,0.0012678,0.0026539,0.001154,0.0026238,8.1145E-4,0
1520613150518,true,1571.239,0,0.027671,0.0098689,0.0038288,7.105E-4,0.0041029,0.001131,0.0051098,0.0012194,0.0068841,0.0083273,0.0024655,0.0012656,0.0026998,0.0011433,0.0025454,8.394E-4,0
1520613150576,true,1571.297,0,0.027913,0.0097954,0.0038773,7.2393E-4,0.0041444,0.0011245,0.0050687,0.0012221,0.0072144,0.0083313,0.0024366,0.0012832,0.0027669,0.0011156,0.0025082,8.5496E-4,0
1520613150633,true,1571.354,0,0.028253,0.0098671,0.0038614,7.3777E-4,0.0041828,0.0011313,0.0050307,0.001214,0.0075871,0.0080985,0.0024435,0.0012966,0.0028019,0.0011022,0.0025363,8.5379E-4,0
1520613150704,true,1571.425,0,0.028392,0.0099804,0.0038581,7.3812E-4,0.0042352,0.0011418,0.0050397,0.001205,0.0072958,0.0081611,0.0024665,0.0013038,0.0027709,0.0011159,0.002584,8.3136E-4,0
1520613150762,true,1571.483,0,0.028346,0.010054,0.0038978,7.3908E-4,0.0042336,0.0011586,0.0050719,0.0012074,0.0063566,0.0085711,0.0024884,0.0012998,0.0027345,0.0011344,0.0026423,8.0182E-4,0
1520613150819,true,1571.54,0,0.027778,0.010066,0.0039222,7.5193E-4,0.0042193,0.0011614,0.0051103,0.0012148,0.0058819,0.0088451,0.0024912,0.0012986,0.0027467,0.0011483,0.0026258,8.0647E-4,0
1520613150877,true,1571.598,0,0.027352,0.0098877,0.0039351,7.6337E-4,0.0042477,0.0011615,0.005135,0.0012288,0.0061929,0.0088432,0.0024277,0.0013239,0.0027794,0.0011492,0.0025942,8.2412E-4,0
1520613150934,true,1571.655,0,0.027519,0.0097421,0.0038912,7.7759E-4,0.0042952,0.0011711,0.0051329,0.0012379,0.0069955,0.0083992,0.0023742,0.001348,0.0028109,0.0011419,0.0026076,8.3876E-4,0
1520613150978,true,1571.699,0,0.02794,0.0097851,0.0038255,7.7802E-4,0.0043244,0.0011826,0.0051517,0.0012362,0.0078783,0.0078912,0.0023909,0.0013567,0.0027745,0.001159,0.0026451,8.4369E-4,0
1520613151036,true,1571.757,0,0.028436,0.0098987,0.0038176,7.6507E-4,0.0043178,0.0011946,0.005203,0.0012378,0.0079622,0.0078429,0.0024475,0.0013477,0.0026993,0.0011927,0.0026872,8.3453E-4,0
1520613151093,true,1571.814,0,0.02864,0.010131,0.0038609,7.6413E-4,0.0042561,0.0011994,0.0052297,0.0012507,0.0075385,0.0081485,0.0025233,0.0013224,0.0026807,0.0012069,0.0026951,8.3484E-4,0
1520613151151,true,1571.872,0,0.028578,0.010231,0.0039221,7.7199E-4,0.0042178,0.0011884,0.0052485,0.0012581,0.0074862,0.0084556,0.002551,0.0013184,0.0027216,0.0012047,0.0026259,8.603E-4,0
1520613151208,true,1571.929,0,0.028766,0.010186,0.0039826,7.8416E-4,0.0042447,0.0011804,0.0052238,0.0012663,0.0077946,0.0085534,0.0025363,0.0013322,0.0027903,0.0011807,0.0025768,8.8263E-4,0
1520613151254,true,1571.975,0,0.029191,0.010241,0.0039859,8.0088E-4,0.0042907,0.0011877,0.0051848,0.0012628,0.0082131,0.0083619,0.0025357,0.0013488,0.0028566,0.001155,0.0025965,8.863E-4,0
1520613151312,true,1572.033,0,0.029461,0.010384,0.0039855,8.0436E-4,0.0043483,0.0011945,0.0051962,0.0012509,0.0081858,0.0083155,0.0025762,0.0013542,0.0028494,0.0011619,0.0026569,8.6622E-4,0
1520613151369,true,1572.09,0,0.029527,0.010487,0.0040296,8.0328E-4,0.004371,0.0012101,0.0052357,0.0012486,0.0073408,0.0086909,0.0026142,0.0013481,0.0028201,0.0011803,0.0027201,8.363E-4,0
1520613151427,true,1572.148,0,0.029109,0.010511,0.0040687,8.1362E-4,0.0043594,0.0012153,0.0052757,0.0012516,0.00666,0.0090178,0.0026308,0.0013423,0.0028294,0.0011947,0.0027338,8.2997E-4,0
1520613151484,true,1572.205,0,0.028615,0.010321,0.0040805,8.2334E-4,0.0043765,0.0012098,0.0053099,0.0012609,0.0067,0.0091223,0.0025761,0.0013597,0.0028599,0.0011946,0.0026896,8.4721E-4,0
1520613151554,true,1572.275,0,0.028605,0.01009,0.0040501,8.3347E-4,0.0044136,0.0012145,0.0053048,0.0012695,0.0073019,0.0087923,0.0024945,0.0013878,0.0028876,0.0011854,0.002677,8.6043E-4,0
1520613151612,true,1572.333,0,0.02891,0.010031,0.003957,8.3552E-4,0.0044254,0.0012229,0.0053013,0.0012656,0.0081504,0.0082188,0.0024614,0.0014022,0.0028523,0.0011937,0.0026962,8.6685E-4,0
1520613151669,true,1572.39,0,0.029195,0.010076,0.0039013,8.2002E-4,0.0044094,0.0012288,0.0053255,0.0012624,0.0082859,0.0080254,0.002477,0.0013945,0.002748,0.0012248,0.0027166,8.5726E-4,0
1520613151727,true,1572.448,0,0.029446,0.010186,0.0039042,8.1315E-4,0.0043358,0.0012314,0.0053424,0.0012687,0.0078749,0.0082255,0.0025186,0.0013733,0.0026849,0.0012495,0.0027105,8.5436E-4,0
1520613151784,true,1572.505,0,0.029275,0.010248,0.0039301,8.1701E-4,0.0042633,0.0012172,0.0053483,0.001271,0.0077393,0.0084679,0.002563,0.0013537,0.0026968,0.0012549,0.0026491,8.7588E-4,0
1520613151829,true,1572.55,0,0.029197,0.010149,0.0039717,8.1989E-4,0.0042506,0.0011995,0.0053149,0.0012761,0.0079741,0.008608,0.0025356,0.001366,0.0027439,0.0012359,0.0025671,9.0343E-4,0
1520613151887,true,1572.608,0,0.029458,0.010071,0.0039596,8.3214E-4,0.0042684,0.0011953,0.0052517,0.0012689,0.0083454,0.0084239,0.0025091,0.0013821,0.0028102,0.0012057,0.0025628,9.107E-4,0
1520613151944,true,1572.665,0,0.029502,0.010149,0.0039248,8.3084E-4,0.0042933,0.0011937,0.0052132,0.0012537,0.0084666,0.0082532,0.0025353,0.0013886,0.0028042,0.0012044,0.0026002,8.9699E-4,0
1520613152002,true,1572.723,0,0.029414,0.01015,0.003929,8.2193E-4,0.0042979,0.0011982,0.0052146,0.0012437,0.0076711,0.0085457,0.0025648,0.001387,0.0027624,0.0012231,0.0026563,8.6769E-4,0
1520613152059,true,1572.78,0,0.028786,0.010154,0.0039444,8.2274E-4,0.0042598,0.0012015,0.0052273,0.0012413,0.0068084,0.0088827,0.0025914,0.0013776,0.0027635,0.001237,0.0026809,8.5341E-4,0
1520613152129,true,1572.85,0,0.027942,0.0099526,0.0039343,8.2815E-4,0.0042434,0.0011915,0.005245,0.0012402,0.0065845,0.0089872,0.0025497,0.0013896,0.0027904,0.0012386,0.0026452,8.6498E-4,0
1520613152187,true,1572.908,0,0.027496,0.009622,0.0038879,8.3303E-4,0.0042575,0.0011846,0.0052267,0.0012423,0.006978,0.0087285,0.0024621,0.001416,0.0028083,0.0012313,0.0026237,8.767E-4,0
1520613152244,true,1572.965,0,0.027468,0.0094279,0.0037812,8.3028E-4,0.0042588,0.0011854,0.0051963,0.0012378,0.007781,0.00813,0.0024155,0.0014317,0.002798,0.0012279,0.0026489,8.8311E-4,0
1520613152302,true,1573.023,0,0.027516,0.0093522,0.0036735,8.1398E-4,0.0042382,0.0011814,0.0051937,0.0012282,0.0081611,0.0077598,0.002419,0.0014318,0.0027078,0.0012534,0.0026631,8.7897E-4,0
1520613152359,true,1573.08,0,0.027551,0.0093405,0.0036316,7.9595E-4,0.0041519,0.0011795,0.0051942,0.0012267,0.0077627,0.0078461,0.002446,0.0014125,0.002625,0.0012766,0.0026661,8.7184E-4,0
1520613152429,true,1573.15,0,0.027172,0.0093447,0.0036104,7.8984E-4,0.0040342,0.0011638,0.0051733,0.0012264,0.0074987,0.0080217,0.0024685,0.0013908,0.002606,0.0012851,0.0026069,8.8308E-4,0
1520613152487,true,1573.208,0,0.02678,0.0091938,0.0036,7.8674E-4,0.0039584,0.0011387,0.0051161,0.0012259,0.0076508,0.0081422,0.0024338,0.0013942,0.0026217,0.0012707,0.0025008,9.121E-4,0
1520613152544,true,1573.265,0,0.026705,0.0090609,0.0035626,7.9534E-4,0.0039292,0.0011267,0.0050169,0.0012203,0.0079568,0.0079903,0.0023872,0.0014097,0.0026603,0.0012416,0.0024517,9.2678E-4,0
1520613152602,true,1573.323,0,0.026707,0.0090445,0.0035102,7.9425E-4,0.0039189,0.0011208,0.0049419,0.0012031,0.0081881,0.0077361,0.0023907,0.0014179,0.0026704,0.001231,0.0024666,9.2205E-4,0
1520613152659,true,1573.38,0,0.026539,0.0090385,0.0034918,7.8219E-4,0.0039147,0.0011191,0.0049143,0.0011871,0.0075777,0.007914,0.0024168,0.0014171,0.0026262,0.0012477,0.0025092,8.9657E-4,0
1520613152704,true,1573.425,0,0.025936,0.0090385,0.0035051,7.7652E-4,0.0038689,0.0011205,0.0049088,0.0011801,0.0065899,0.0082731,0.0024457,0.0014055,0.002622,0.0012553,0.0025422,8.7302E-4,0
1520613152762,true,1573.483,0,0.024958,0.0088853,0.0034898,7.8237E-4,0.003831,0.0011091,0.0049114,0.0011747,0.0061626,0.0084494,0.0024196,0.0014101,0.0026487,0.0012596,0.002521,8.7665E-4,0
1520613152819,true,1573.54,0,0.024237,0.0085613,0.0034555,7.8536E-4,0.0038314,0.0011019,0.004887,0.0011761,0.0063763,0.008319,0.0023366,0.0014348,0.0026769,0.0012491,0.0024925,8.8787E-4,0
1520613152877,true,1573.598,0,0.024034,0.008326,0.0033533,7.9018E-4,0.0038299,0.0011075,0.0048485,0.0011742,0.0069889,0.0078056,0.0022776,0.0014554,0.0026825,0.0012414,0.0025085,8.9635E-4,0
1520613152934,true,1573.655,0,0.023963,0.0082752,0.0032372,7.7976E-4,0.0038223,0.0011098,0.0048489,0.001165,0.0074719,0.0073327,0.0022694,0.0014621,0.0026066,0.0012653,0.0025354,8.9124E-4,0
1520613153004,true,1573.725,0,0.024035,0.0082639,0.0031887,7.6124E-4,0.0037661,0.0011135,0.0048661,0.0011646,0.0071979,0.0073642,0.0022915,0.0014478,0.002521,0.0012927,0.0025621,8.7955E-4,0
1520613153062,true,1573.783,0,0.023823,0.0083311,0.0031778,7.5372E-4,0.0036733,0.0011038,0.0048676,0.0011662,0.0069148,0.0074996,0.0023274,0.0014225,0.0024841,0.0013076,0.0025317,8.8546E-4,0
1520613153119,true,1573.84,0,0.023501,0.0082588,0.0031791,7.5208E-4,0.0036113,0.0010788,0.0048431,0.0011685,0.0070512,0.0076315,0.0023214,0.0014151,0.0024925,0.001302,0.0024387,9.1443E-4,0
1520613153177,true,1573.898,0,0.023559,0.0081278,0.0031739,7.5492E-4,0.0035933,0.0010611,0.004767,0.0011671,0.0073726,0.0075442,0.0022807,0.0014255,0.0025276,0.0012784,0.0023761,9.3281E-4,0
1520613153234,true,1573.955,0,0.023835,0.0081238,0.0031289,7.5722E-4,0.0035795,0.001057,0.0046867,0.0011533,0.00775,0.0072635,0.0022715,0.001434,0.0025464,0.0012569,0.0023669,9.3689E-4,0
1520613153278,true,1573.999,0,0.023793,0.0081983,0.0030976,7.5095E-4,0.003575,0.0010559,0.0046466,0.0011385,0.0073975,0.0073174,0.0022941,0.0014337,0.0024933,0.001268,0.0023794,9.202E-4,0
1520613153336,true,1574.057,0,0.023559,0.0082451,0.0031206,7.4949E-4,0.0035411,0.0010645,0.004633,0.0011357,0.0063669,0.0077878,0.0023148,0.0014264,0.0024716,0.0012805,0.0024209,8.9104E-4,0
1520613153393,true,1574.114,0,0.022854,0.0081969,0.0031404,7.5754E-4,0.0035132,0.001059,0.0046349,0.0011349,0.0057105,0.0081062,0.0023142,0.0014248,0.0025071,0.001286,0.0024177,8.8754E-4,0
1520613153451,true,1574.172,0,0.022178,0.0079733,0.0031339,7.6599E-4,0.0035291,0.0010527,0.0046316,0.0011385,0.005746,0.0081814,0.0022524,0.0014473,0.0025479,0.0012799,0.0023877,9.0219E-4,0
1520613153508,true,1574.229,0,0.022015,0.0077428,0.0030667,7.7792E-4,0.003569,0.0010569,0.0046119,0.0011383,0.0062788,0.0077785,0.002182,0.0014744,0.002579,0.0012687,0.0024122,9.0644E-4,0
1520613153553,true,1574.274,0,0.022047,0.0076959,0.0029672,7.7462E-4,0.0035854,0.0010638,0.0046145,0.0011313,0.0069874,0.0072451,0.0021773,0.0014863,0.002538,0.0012851,0.0024576,9.0467E-4,0
1520613153611,true,1574.332,0,0.022177,0.0077258,0.0029216,7.5678E-4,0.0035661,0.0010727,0.0046477,0.0011323,0.0069374,0.0071515,0.0022042,0.0014782,0.0024494,0.001318,0.0024967,8.9302E-4,0
1520613153668,true,1574.389,0,0.022181,0.0078424,0.0029311,7.4873E-4,0.0034977,0.0010743,0.0046718,0.0011399,0.0065396,0.0073482,0.0022587,0.0014524,0.0024114,0.0013376,0.0024974,8.9247E-4,0
1520613153726,true,1574.447,0,0.022018,0.0078758,0.0029485,7.503E-4,0.0034418,0.0010598,0.0046812,0.0011472,0.0066462,0.0074878,0.0022802,0.00144,0.0024298,0.0013385,0.0024209,9.2168E-4,0
1520613153783,true,1574.504,0,0.022176,0.0078067,0.0029859,7.5397E-4,0.0034457,0.001046,0.0046448,0.0011541,0.007016,0.0075093,0.0022608,0.0014487,0.002477,0.0013135,0.0023496,9.482E-4,0
1520613153854,true,1574.575,0,0.022675,0.0078723,0.0029747,7.6352E-4,0.0034635,0.0010463,0.0045899,0.0011483,0.0075145,0.0072759,0.0022589,0.0014571,0.0025236,0.0012873,0.0023416,9.5873E-4,0
1520613153912,true,1574.633,0,0.022929,0.0080435,0.0029664,7.635E-4,0.0034958,0.0010471,0.0045694,0.0011346,0.0074981,0.0072275,0.0022974,0.0014563,0.002505,0.0012911,0.0023736,9.4459E-4,0
1520613153969,true,1574.69,0,0.023033,0.0081689,0.0030109,7.6249E-4,0.0034976,0.0010579,0.0045806,0.0011291,0.0065528,0.0076564,0.0023268,0.001449,0.0024743,0.0013037,0.0024164,9.1871E-4,0
1520613154027,true,1574.748,0,0.022643,0.0082365,0.003062,7.7229E-4,0.0034795,0.0010584,0.004596,0.0011279,0.005705,0.0080781,0.002344,0.0014402,0.0024975,0.0013064,0.0024244,9.0671E-4,0
1520613154084,true,1574.805,0,0.022108,0.0080985,0.0030862,7.8394E-4,0.0035021,0.0010539,0.0046118,0.0011319,0.0055552,0.0082483,0.0022957,0.0014559,0.0025313,0.0013011,0.0023935,9.1889E-4,0
1520613154153,true,1574.874,0,0.022013,0.0078909,0.0030669,7.9924E-4,0.0035585,0.0010614,0.0046077,0.0011364,0.0059689,0.0080072,0.0022216,0.0014841,0.0025691,0.0012886,0.0024002,9.2602E-4,0
1520613154211,true,1574.932,0,0.022215,0.0078566,0.0029973,8.0439E-4,0.0036013,0.0010755,0.0046156,0.0011358,0.0066945,0.0075091,0.0022061,0.001498,0.0025611,0.0012964,0.0024491,9.2666E-4,0
1520613154268,true,1574.989,0,0.022497,0.0079107,0.0029591,7.9392E-4,0.0036259,0.001089,0.004661,0.001137,0.0068345,0.0073614,0.0022417,0.0014956,0.0024937,0.0013261,0.0025045,9.1518E-4,0
1520613154326,true,1575.047,0,0.022732,0.0080477,0.0029799,7.8612E-4,0.0035907,0.0010981,0.004708,0.0011476,0.0064568,0.007587,0.0023066,0.0014708,0.002453,0.0013497,0.0025369,9.0767E-4,0
1520613154383,true,1575.104,0,0.022708,0.0081268,0.0030181,7.8598E-4,0.0035431,0.0010915,0.0047392,0.0011573,0.0065085,0.0077303,0.0023495,0.001452,0.0024709,0.0013597,0.0024906,9.2915E-4,0
1520613154429,true,1575.15,0,0.022854,0.0080941,0.0030709,7.8916E-4,0.0035465,0.0010788,0.004728,0.0011685,0.0069086,0.0077991,0.0023473,0.0014564,0.0025204,0.0013435,0.0024208,9.6019E-4,0
1520613154487,true,1575.208,0,0.023449,0.0081312,0.0030778,8.0283E-4,0.0035826,0.0010787,0.0046878,0.0011682,0.007456,0.0076143,0.0023505,0.0014652,0.0025916,0.0013139,0.0024125,9.7453E-4,0
1520613154544,true,1575.265,0,0.023945,0.0083335,0.003081,8.0445E-4,0.0036294,0.0010795,0.0046756,0.0011561,0.0077395,0.0074812,0.0023979,0.001467,0.0026005,0.0013103,0.0024496,9.7004E-4,0
1520613154602,true,1575.323,0,0.024236,0.0085013,0.0031392,7.9833E-4,0.0036576,0.0010878,0.0047005,0.0011489,0.0070202,0.0078667,0.0024541,0.0014556,0.002592,0.0013192,0.0025096,9.4188E-4,0
1520613154659,true,1575.38,0,0.024044,0.008636,0.0032153,8.0421E-4,0.0036515,0.001092,0.0047223,0.0011485,0.0061763,0.0083119,0.0025045,0.0014393,0.0026236,0.0013204,0.0025339,9.252E-4,0
1520613154703,true,1575.424,0,0.023536,0.0085619,0.0032641,8.1577E-4,0.0036661,0.0010872,0.0047489,0.0011502,0.0058968,0.0085596,0.0024914,0.0014456,0.0026826,0.0013125,0.0025076,9.3162E-4,0
1520613154761,true,1575.482,0,0.023302,0.0083744,0.0032786,8.2664E-4,0.0037295,0.0010883,0.0047455,0.0011562,0.0061832,0.0084248,0.0024148,0.0014751,0.002727,0.0012963,0.0025031,9.378E-4,0
1520613154818,true,1575.539,0,0.023476,0.0082671,0.0032198,8.3275E-4,0.0037669,0.0011032,0.0047411,0.0011546,0.0067989,0.0079393,0.0023798,0.0014914,0.0027372,0.0012895,0.0025445,9.3743E-4,0
1520613154876,true,1575.597,0,0.023675,0.0082747,0.0031601,8.2217E-4,0.003792,0.0011137,0.0047788,0.0011475,0.0070649,0.007638,0.0023915,0.0014919,0.0026627,0.0013146,0.0025899,9.231E-4,0
1520613154933,true,1575.654,0,0.02391,0.0083309,0.0031547,8.0972E-4,0.0037485,0.0011276,0.0048174,0.0011535,0.0067406,0.0077447,0.0024225,0.0014732,0.0025813,0.0013413,0.0026206,9.0855E-4,0
1520613155004,true,1575.725,0,0.023791,0.0084178,0.003169,8.1361E-4,0.0036793,0.0011246,0.0048402,0.0011646,0.0066686,0.0078572,0.0024632,0.001451,0.002567,0.001353,0.0025755,9.2563E-4,0
1520613155062,true,1575.783,0,0.023786,0.0083876,0.0031969,8.1914E-4,0.0036595,0.0011125,0.0048389,0.0011773,0.0070394,0.0079393,0.0024469,0.0014537,0.0026052,0.0013426,0.0025023,9.5583E-4,0
1520613155119,true,1575.84,0,0.024264,0.0083961,0.0032173,8.2851E-4,0.0036826,0.0011095,0.0048001,0.0011815,0.0075617,0.0077698,0.0024372,0.0014604,0.0026675,0.0013141,0.0024791,9.7363E-4,0
1520613155177,true,1575.898,0,0.024816,0.0085745,0.003219,8.2995E-4,0.0037107,0.0011146,0.0047677,0.0011741,0.0080288,0.0075443,0.0024784,0.0014611,0.0026926,0.0013005,0.0025042,9.7371E-4,0
1520613155234,true,1575.955,0,0.025147,0.0087701,0.0032661,8.2217E-4,0.0037486,0.0011195,0.004781,0.0011663,0.007547,0.0077926,0.0025467,0.0014492,0.0026759,0.0013095,0.002552,9.5306E-4,0
1520613155304,true,1576.025,0,0.025086,0.0089525,0.0033487,8.256E-4,0.0037482,0.0011267,0.0048012,0.0011678,0.0066084,0.0083312,0.0026042,0.0014324,0.0026982,0.001314,0.0026002,9.297E-4,0
1520613155362,true,1576.083,0,0.02462,0.0089801,0.0034097,8.3968E-4,0.0037604,0.001123,0.0048352,0.0011693,0.0061425,0.0086764,0.002615,0.0014321,0.0027663,0.0013079,0.0025967,9.3091E-4,0
1520613155419,true,1576.14,0,0.024363,0.0088218,0.0034547,8.5079E-4,0.0038281,0.001123,0.0048359,0.0011791,0.0062767,0.0087191,0.0025688,0.0014535,0.0028305,0.0012926,0.0025873,9.3759E-4,0
1520613155477,true,1576.198,0,0.024548,0.0087062,0.0034238,8.635E-4,0.0039018,0.0011352,0.0048417,0.001178,0.0068218,0.0082972,0.0025175,0.0014747,0.002876,0.0012768,0.0026298,9.3584E-4,0
1520613155534,true,1576.255,0,0.024736,0.0087465,0.0033704,8.5897E-4,0.0039511,0.0011462,0.0048781,0.0011726,0.0072366,0.0079273,0.0025262,0.0014792,0.0028288,0.0012975,0.0026959,9.2235E-4,0
1520613155579,true,1576.3,0,0.025028,0.008786,0.0033634,8.4329E-4,0.0039438,0.0011622,0.0049406,0.0011769,0.0070112,0.007954,0.0025554,0.0014641,0.0027523,0.0013239,0.0027429,9.0587E-4,0
1520613155637,true,1576.358,0,0.025008,0.008887,0.0033871,8.3796E-4,0.0038893,0.0011624,0.0049816,0.0011846,0.0067565,0.0080895,0.0025941,0.001439,0.0027249,0.0013413,0.0027297,9.119E-4,0
1520613155694,true,1576.415,0,0.024937,0.0088787,0.0034074,8.3767E-4,0.0038548,0.001149,0.0049992,0.0011936,0.0070351,0.0081761,0.0025817,0.0014336,0.0027365,0.001338,0.002645,9.4107E-4,0
1520613155752,true,1576.473,0,0.025367,0.0088061,0.0034288,8.402E-4,0.0038626,0.0011406,0.0049658,0.0011983,0.0075856,0.0080151,0.0025472,0.0014409,0.0027712,0.0013119,0.0025893,9.6389E-4,0
1520613155809,true,1576.53,0,0.025951,0.0089523,0.0034099,8.4375E-4,0.0038699,0.0011439,0.004919,0.0011922,0.0081578,0.0077148,0.0025595,0.0014401,0.002786,0.0012953,0.0025918,9.6919E-4,0
1520613155880,true,1576.601,0,0.026355,0.0091563,0.0034309,8.3681E-4,0.0038987,0.0011459,0.0049157,0.0011835,0.0079293,0.0078051,0.0026171,0.0014328,0.0027534,0.0013039,0.0026246,9.5118E-4,0
1520613155938,true,1576.659,0,0.026565,0.0093404,0.0035115,8.344E-4,0.0038963,0.0011543,0.0049299,0.0011832,0.0070102,0.0083015,0.0026801,0.0014134,0.002754,0.0013069,0.0026712,9.2517E-4,0
1520613155995,true,1576.716,0,0.026169,0.0094202,0.0035854,8.4604E-4,0.0039013,0.00115,0.0049516,0.0011848,0.0063941,0.0086773,0.0027095,0.0014037,0.0028138,0.0013015,0.0026708,9.2013E-4,0
1520613156053,true,1576.774,0,0.025719,0.0093048,0.0036387,8.5557E-4,0.0039618,0.0011428,0.0049645,0.0011906,0.0063512,0.0088462,0.0026594,0.0014228,0.0028775,0.0012872,0.002648,9.2923E-4,0
1520613156110,true,1576.831,0,0.025777,0.0091392,0.0036264,8.6968E-4,0.0040347,0.0011522,0.0049556,0.0011916,0.006677,0.0085695,0.0025975,0.0014461,0.0029339,0.0012664,0.0026782,9.274E-4,0
1520613156154,true,1576.875,0,0.025901,0.0091335,0.0035692,8.6681E-4,0.0040934,0.0011617,0.0049782,0.0011855,0.0072022,0.0081152,0.0025891,0.0014575,0.0029188,0.0012733,0.0027373,9.1414E-4,0
1520613156212,true,1576.933,0,0.026103,0.0091253,0.0035442,8.4921E-4,0.0041054,0.0011752,0.0050376,0.0011844,0.0070184,0.0080509,0.0026151,0.0014483,0.0028369,0.0013061,0.0027922,8.941E-4,0
1520613156269,true,1576.99,0,0.026041,0.0091966,0.0035519,8.3906E-4,0.0040532,0.0011793,0.0050827,0.0011937,0.0066233,0.0081861,0.0026562,0.0014227,0.0027965,0.0013234,0.0028057,8.8625E-4,0
1520613156327,true,1577.048,0,0.025838,0.0091603,0.0035567,8.359E-4,0.0040062,0.001166,0.0051075,0.0012025,0.0068407,0.0082026,0.0026645,0.0014085,0.002803,0.0013253,0.0027424,9.0828E-4,0
1520613156384,true,1577.105,0,0.02602,0.0090309,0.0035631,8.3427E-4,0.004004,0.0011525,0.005083,0.0012089,0.0073893,0.0080884,0.002636,0.0014102,0.0028339,0.0013033,0.00267,9.3475E-4,0
1520613156455,true,1577.176,0,0.026559,0.0090538,0.0035325,8.3331E-4,0.0040062,0.0011477,0.0050322,0.0012027,0.0080292,0.0077313,0.0026344,0.0014088,0.0028647,0.0012774,0.0026583,9.4341E-4,0
1520613156513,true,1577.234,0,0.026903,0.0092063,0.0035127,8.2203E-4,0.004014,0.0011431,0.0050076,0.0011873,0.0080784,0.0076297,0.0026793,0.0013994,0.0028325,0.0012773,0.0026638,9.3504E-4,0
1520613156570,true,1577.291,0,0.027025,0.0093535,0.0035543,8.15E-4,0.0039859,0.0011498,0.0049984,0.0011832,0.007161,0.0080871,0.0027332,0.0013802,0.0027955,0.0012838,0.0026859,9.1113E-4,0
1520613156628,true,1577.349,0,0.02661,0.0094521,0.0036182,8.2118E-4,0.0039571,0.001146,0.0049972,0.001182,0.0062704,0.008544,0.0027801,0.0013597,0.0028312,0.0012804,0.0026811,9.0201E-4,0
1520613156685,true,1577.406,0,0.026106,0.0093162,0.0036638,8.2658E-4,0.0039877,0.0011336,0.0049986,0.0011823,0.0060204,0.0088145,0.0027532,0.0013704,0.0029034,0.0012626,0.0026414,9.1158E-4,0
1520613156729,true,1577.45,0,0.025925,0.0090902,0.0036634,8.3407E-4,0.0040603,0.0011329,0.0049784,0.0011811,0.0062737,0.0086116,0.002688,0.0013953,0.0029693,0.0012378,0.002654,9.0912E-4,0
1520613156787,true,1577.508,0,0.025924,0.0089642,0.0035939,8.3424E-4,0.0041041,0.0011426,0.0049724,0.0011721,0.0067732,0.0081319,0.0026599,0.0014116,0.0029787,0.0012331,0.0027181,8.9784E-4,0
1520613156844,true,1577.565,0,0.025857,0.0089151,0.0035378,8.1645E-4,0.0041244,0.0011518,0.0050136,0.0011683,0.0067128,0.0079589,0.0026735,0.0014092,0.0029087,0.0012598,0.0027846,8.7626E-4,0
1520613156902,true,1577.623,0,0.025747,0.0089148,0.0035279,8.0222E-4,0.0040832,0.0011582,0.0050584,0.0011759,0.0062309,0.0081005,0.0027098,0.0013862,0.0028563,0.0012826,0.0028228,8.5876E-4,0
1520613156959,true,1577.68,0,0.025364,0.0088698,0.0035189,7.967E-4,0.0040237,0.0011468,0.0050912,0.0011818,0.0063294,0.0081012,0.0027351,0.0013658,0.0028591,0.0012887,0.0027751,8.7537E-4,0
1520613157028,true,1577.749,0,0.025274,0.008716,0.0035216,7.9154E-4,0.0040118,0.0011294,0.0050778,0.001191,0.0069254,0.0079819,0.0026972,0.0013699,0.0028854,0.0012719,0.0027055,9.03E-4,0
1520613157086,true,1577.807,0,0.025723,0.0086565,0.0034841,7.9257E-4,0.0040063,0.001123,0.0050244,0.0011914,0.0075492,0.0076232,0.0026782,0.0013728,0.0029281,0.0012433,0.0026787,9.1468E-4,0
1520613157143,true,1577.864,0,0.026079,0.0088446,0.0034505,7.8045E-4,0.0040027,0.0011192,0.0049907,0.0011798,0.0079699,0.0073498,0.0027232,0.0013618,0.0029049,0.0012375,0.0026843,9.1108E-4,0
1520613157201,true,1577.922,0,0.026305,0.0090006,0.0034753,7.6681E-4,0.0039806,0.0011226,0.0049881,0.0011716,0.007284,0.0077047,0.0027768,0.0013416,0.0028656,0.0012424,0.0027016,8.8977E-4,0
1520613157258,true,1577.979,0,0.026029,0.0091548,0.0035459,7.6562E-4,0.0039359,0.0011187,0.0049754,0.0011723,0.0063169,0.0082003,0.00282,0.0013184,0.0028818,0.0012361,0.0026948,8.746E-4,0
1520613157304,true,1578.025,0,0.025455,0.0091169,0.0035931,7.7421E-4,0.0039296,0.0011075,0.0049678,0.0011722,0.005926,0.0085272,0.0028017,0.001321,0.002945,0.00122,0.0026446,8.8296E-4,0
1520613157362,true,1578.083,0,0.025153,0.008916,0.0036147,7.8297E-4,0.003987,0.0011069,0.0049413,0.0011746,0.0060265,0.0085058,0.0027347,0.0013478,0.0030193,0.0011925,0.0026287,8.852E-4,0
1520613157419,true,1578.14,0,0.025124,0.0088109,0.0035626,7.8873E-4,0.0040423,0.001118,0.0049222,0.0011693,0.0064681,0.008088,0.0027069,0.0013639,0.0030664,0.0011767,0.0026815,8.7788E-4,0
1520613157477,true,1578.198,0,0.025105,0.008765,0.0035015,7.7759E-4,0.0040848,0.0011266,0.0049598,0.0011602,0.006554,0.0078206,0.0027231,0.0013654,0.0030224,0.0011967,0.0027552,8.5434E-4,0
1520613157534,true,1578.255,0,0.025061,0.008717,0.0034827,7.6433E-4,0.0040626,0.0011365,0.0050159,0.0011614,0.0060929,0.0078824,0.0027472,0.0013503,0.0029692,0.001219,0.0028065,8.3194E-4,0
1520613157605,true,1578.326,0,0.024649,0.0086858,0.0034703,7.6026E-4,0.0040071,0.0011295,0.0050532,0.0011681,0.0059362,0.0079473,0.0027792,0.0013281,0.002969,0.0012309,0.0027917,8.4066E-4,0
1520613157663,true,1578.384,0,0.024397,0.0085207,0.0034641,7.5599E-4,0.0039812,0.0011114,0.0050597,0.0011773,0.0064139,0.0078948,0.0027539,0.0013281,0.0029965,0.0012212,0.002726,8.6965E-4,0
1520613157720,true,1578.441,0,0.024699,0.0083978,0.0034265,7.5804E-4,0.0039755,0.0011052,0.0050206,0.0011807,0.0071408,0.0075568,0.0027254,0.0013332,0.0030367,0.0011947,0.0026963,8.8601E-4,0
1520613157778,true,1578.499,0,0.025166,0.0085234,0.0033773,7.5092E-4,0.0039701,0.001102,0.0049752,0.0011761,0.007816,0.0071877,0.0027683,0.0013251,0.0030405,0.0011826,0.0027048,8.9065E-4,0
1520613157835,true,1578.556,0,0.025471,0.0087215,0.0033919,7.3362E-4,0.0039637,0.0011011,0.0049705,0.0011677,0.0075292,0.0073286,0.0028308,0.0013068,0.0030076,0.0011881,0.0027324,8.7319E-4,0
1520613157879,true,1578.6,0,0.025451,0.0089282,0.0034641,7.2727E-4,0.003925,0.0011008,0.004965,0.0011679,0.0065662,0.0078776,0.0028942,0.0012765,0.0030145,0.0011862,0.0027473,8.5379E-4,0
1520613157937,true,1578.658,0,0.024976,0.0089815,0.0035256,7.3423E-4,0.0039037,0.0010899,0.0049712,0.0011647,0.0060638,0.0082507,0.0029118,0.0012647,0.0030784,0.0011704,0.0027076,8.5831E-4,0
1520613157994,true,1578.715,0,0.024662,0.0088464,0.0035731,7.442E-4,0.0039591,0.0010791,0.004952,0.0011667,0.0060373,0.0083482,0.0028421,0.0012872,0.0031496,0.0011417,0.0026763,8.6282E-4,0
1520613158052,true,1578.773,0,0.024664,0.0087509,0.0035534,7.5042E-4,0.004026,0.0010863,0.004928,0.0011609,0.0063421,0.0080219,0.0027917,0.0013048,0.0031991,0.0011186,0.0027098,8.5498E-4,0
1520613158109,true,1578.83,0,0.024672,0.0087725,0.0034965,7.4728E-4,0.0040703,0.0011016,0.0049496,0.0011508,0.0066169,0.0076893,0.0027899,0.0013111,0.0031679,0.0011272,0.0027766,8.3378E-4,0
1520613158155,true,1578.876,0,0.024756,0.0087718,0.003488,7.3643E-4,0.0040852,0.0011196,0.0050118,0.0011545,0.0061442,0.0077804,0.0028157,0.0013006,0.0031099,0.0011548,0.0028463,8.0417E-4,0
1520613158213,true,1578.934,0,0.024553,0.008804,0.0035134,7.3291E-4,0.00405,0.0011259,0.0050722,0.0011638,0.00586,0.0078832,0.0028499,0.0012816,0.0031027,0.0011694,0.0028652,7.9718E-4,0
1520613158270,true,1578.991,0,0.024315,0.008726,0.0035259,7.3456E-4,0.0040368,0.0011138,0.0051133,0.0011736,0.0062348,0.0078576,0.0028428,0.0012795,0.0031323,0.001166,0.0028203,8.205E-4,0
1520613158328,true,1579.049,0,0.024634,0.0085838,0.00353,7.3682E-4,0.0040591,0.0011066,0.0051053,0.001183,0.0070333,0.007563,0.0028225,0.0012863,0.0031711,0.0011472,0.0027883,8.4436E-4,0
1520613158385,true,1579.106,0,0.025301,0.0086822,0.0034974,7.3725E-4,0.0040808,0.0011057,0.005087,0.0011801,0.007863,0.0071293,0.0028545,0.0012816,0.0032044,0.0011289,0.0028061,8.5182E-4,0
1520613158454,true,1579.175,0,0.025778,0.008912,0.0035006,7.2603E-4,0.0041002,0.0011063,0.0051025,0.0011722,0.0078838,0.0071304,0.0029414,0.0012643,0.0031767,0.0011355,0.0028424,8.3899E-4,0
1520613158512,true,1579.233,0,0.026056,0.009158,0.0035827,7.1839E-4,0.0040787,0.0011105,0.0051237,0.0011736,0.0070642,0.0076471,0.0030339,0.0012359,0.0031795,0.0011361,0.0028817,8.1659E-4,0
1520613158569,true,1579.29,0,0.025822,0.0092897,0.0036672,7.2998E-4,0.0040668,0.0011023,0.0051404,0.0011742,0.0064696,0.0081085,0.0030976,0.0012156,0.0032514,0.0011222,0.0028615,8.186E-4,0
1520613158627,true,1579.348,0,0.025539,0.0092178,0.0037486,7.3867E-4,0.0041253,0.0010887,0.0051392,0.0011788,0.0063493,0.0083877,0.0030741,0.0012292,0.003339,0.0010948,0.0028303,8.3017E-4,0
1520613158684,true,1579.405,0,0.025618,0.0091156,0.0037609,7.5269E-4,0.0042098,0.0010957,0.0051214,0.0011772,0.0066188,0.0082208,0.0030344,0.0012492,0.0034264,0.0010639,0.0028665,8.2538E-4,0
1520613158755,true,1579.476,0,0.025715,0.0091467,0.0037244,7.5334E-4,0.0042876,0.0011103,0.0051371,0.0011694,0.0069973,0.0078796,0.0030387,0.0012583,0.0034301,0.0010642,0.002947,8.0503E-4,0
1520613158813,true,1579.534,0,0.025755,0.0091686,0.0037211,7.41E-4,0.004326,0.0011271,0.0052035,0.0011648,0.0066515,0.007907,0.0030646,0.0012503,0.003369,0.0010908,0.0030253,7.7612E-4,0
1520613158870,true,1579.591,0,0.025588,0.0092235,0.0037453,7.3582E-4,0.0043026,0.0011369,0.0052725,0.0011722,0.0061195,0.0081065,0.003098,0.0012297,0.0033386,0.001111,0.0030666,7.5756E-4,0
1520613158928,true,1579.649,0,0.02526,0.0091681,0.0037633,7.3375E-4,0.004279,0.001127,0.0053222,0.0011811,0.006328,0.0081045,0.0030957,0.0012201,0.0033446,0.0011157,0.0030218,7.7578E-4,0
1520613158985,true,1579.706,0,0.025332,0.0090236,0.0037645,7.349E-4,0.0042816,0.0011224,0.005318,0.0011943,0.0070598,0.0078693,0.0030549,0.0012309,0.0033622,0.001102,0.0029704,7.9854E-4,0
1520613159029,true,1579.75,0,0.025957,0.0090636,0.0037318,7.3959E-4,0.0042931,0.0011294,0.0052973,0.001195,0.0079144,0.0074261,0.0030609,0.0012345,0.0033833,0.0010871,0.0029812,8.1019E-4,0
1520613159087,true,1579.808,0,0.02654,0.0092921,0.0037215,7.3121E-4,0.0043107,0.0011321,0.0053087,0.0011884,0.0083192,0.0072258,0.003144,0.0012217,0.0033622,0.0010945,0.0030134,8.0386E-4,0
1520613159144,true,1579.865,0,0.027045,0.0095152,0.0037934,7.1892E-4,0.0043047,0.0011366,0.0053374,0.001187,0.0076797,0.0076558,0.0032467,0.0011956,0.0033547,0.0011021,0.0030648,7.8531E-4,0
1520613159202,true,1579.923,0,0.026954,0.0096932,0.0038993,7.209E-4,0.0042799,0.001131,0.0053533,0.0011897,0.007017,0.0081708,0.003334,0.00117,0.0034095,0.001095,0.0030737,7.7935E-4,0
1520613159259,true,1579.98,0,0.026579,0.0096717,0.0039797,7.3404E-4,0.0043138,0.0011159,0.0053584,0.0011919,0.006842,0.0085479,0.0033429,0.0011749,0.0035108,0.0010722,0.003039,7.9332E-4,0
1520613159330,true,1580.051,0,0.026572,0.0095545,0.0040118,7.5157E-4,0.0043993,0.0011143,0.0053403,0.001193,0.00704,0.0085044,0.003311,0.001198,0.0036028,0.0010413,0.0030656,7.9257E-4,0
1520613159388,true,1580.109,0,0.026711,0.0095686,0.0039907,7.5943E-4,0.0044865,0.0011259,0.0053418,0.0011852,0.0074481,0.0082055,0.0033188,0.001213,0.0036434,0.0010314,0.0031556,7.7812E-4,0
1520613159445,true,1580.166,0,0.026755,0.0096084,0.0039736,7.531E-4,0.004546,0.0011412,0.0054037,0.0011773,0.0072075,0.0082105,0.0033537,0.0012146,0.0036061,0.001053,0.0032517,7.4769E-4,0
1520613159503,true,1580.224,0,0.026694,0.0096464,0.0039998,7.4792E-4,0.0045437,0.0011549,0.0054793,0.0011832,0.006628,0.0084391,0.0033938,0.0012002,0.0035834,0.0010725,0.0033305,7.2305E-4,0
1520613159560,true,1580.281,0,0.026387,0.0096122,0.0040195,7.5036E-4,0.0045205,0.0011518,0.0055429,0.0011931,0.0066102,0.0085228,0.003417,0.0011894,0.0036075,0.0010824,0.0033215,7.3522E-4,0
1520613159606,true,1580.327,0,0.026302,0.0094725,0.0040349,7.5094E-4,0.0045281,0.0011455,0.0055686,0.0012069,0.0073117,0.008378,0.003374,0.0012032,0.0036417,0.0010715,0.0032841,7.5993E-4,0
1520613159664,true,1580.385,0,0.026857,0.0093969,0.0040049,7.5331E-4,0.0045579,0.0011426,0.0055557,0.0012099,0.0082667,0.0079589,0.0033569,0.0012098,0.0036773,0.0010511,0.0032912,7.719E-4,0
1520613159721,true,1580.442,0,0.027461,0.0095635,0.003964,7.4569E-4,0.0045678,0.0011426,0.0055579,0.0012022,0.0089682,0.007606,0.0034087,0.0012008,0.0036526,0.0010527,0.0033195,7.6945E-4,0
1520613159779,true,1580.5,0,0.027948,0.0097814,0.0039959,7.3212E-4,0.0045473,0.0011478,0.0055789,0.0011967,0.0085897,0.0078429,0.0034858,0.0011776,0.0036047,0.0010639,0.0033517,7.5188E-4,0
1520613159836,true,1580.557,0,0.027976,0.01003,0.0040813,7.3131E-4,0.0045036,0.0011429,0.0055839,0.0011978,0.0078225,0.0083712,0.0035589,0.0011511,0.0036185,0.0010603,0.0033504,7.4086E-4,0
1520613159905,true,1580.626,0,0.027654,0.010042,0.0041553,7.3891E-4,0.0044926,0.001126,0.0055872,0.0011957,0.007543,0.0087588,0.0035706,0.001144,0.0036775,0.0010436,0.0032939,7.5416E-4,0
1520613159963,true,1580.684,0,0.027587,0.0099069,0.0041965,7.5249E-4,0.0045356,0.0011202,0.0055449,0.001198,0.0076253,0.0088251,0.0035176,0.0011665,0.0037529,0.0010121,0.0032596,7.6303E-4,0
1520613160020,true,1580.741,0,0.027693,0.0098856,0.00417,7.6503E-4,0.0046043,0.0011287,0.0055165,0.0011884,0.0079613,0.0085539,0.003499,0.0011845,0.0038147,9.9008E-4,0.0033148,7.5147E-4,0
1520613160078,true,1580.799,0,0.027702,0.0099283,0.0041389,7.6073E-4,0.0046696,0.0011393,0.0055505,0.0011758,0.007888,0.0084352,0.0035218,0.0011923,0.0037889,0.0010041,0.003402,7.2516E-4,0
1520613160135,true,1580.856,0,0.027642,0.009914,0.0041592,7.5061E-4,0.0046851,0.0011522,0.0056135,0.0011748,0.0071969,0.0086859,0.0035525,0.0011838,0.0037447,0.0010318,0.0034888,6.9369E-4,0
1520613160181,true,1580.902,0,0.027268,0.0098573,0.0041659,7.5345E-4,0.0046587,0.0011483,0.0056686,0.0011815,0.0069776,0.0087971,0.0035803,0.0011685,0.0037517,0.0010466,0.0034997,6.9232E-4,0
1520613160239,true,1580.96,0,0.026952,0.0096501,0.0041634,7.5276E-4,0.0046605,0.0011324,0.0056934,0.0011936,0.0075065,0.0087106,0.003542,0.0011784,0.0037719,0.0010482,0.003464,7.127E-4,0
1520613160296,true,1581.017,0,0.027193,0.0094855,0.0041245,7.566E-4,0.0046726,0.0011282,0.0056719,0.001202,0.008352,0.008334,0.0034982,0.0011922,0.0038,0.0010317,0.003454,7.3132E-4,0
1520613160354,true,1581.075,0,0.027754,0.0095732,0.0040578,7.548E-4,0.0046706,0.0011306,0.0056529,0.0011992,0.009271,0.0078756,0.0035269,0.0011905,0.0037874,0.0010293,0.0034844,7.3637E-4,0
1520613160411,true,1581.132,0,0.028261,0.0097624,0.0040593,7.4162E-4,0.0046624,0.0011311,0.0056679,0.0011958,0.0092669,0.007924,0.0036067,0.0011704,0.0037375,0.0010425,0.0035127,7.2418E-4,0
1520613160480,true,1581.201,0,0.028474,0.010012,0.0041285,7.3693E-4,0.004619,0.0011286,0.0056806,0.0011969,0.0085517,0.0084153,0.0036923,0.0011389,0.0037316,0.0010473,0.0035289,7.0982E-4,0
1520613160538,true,1581.259,0,0.028261,0.01008,0.0042099,7.4152E-4,0.0045908,0.0011104,0.0056878,0.0011958,0.0081371,0.0088714,0.0037292,0.0011266,0.0037844,0.001038,0.0034821,7.2011E-4,0
1520613160595,true,1581.316,0,0.028083,0.0099694,0.0042791,7.481E-4,0.004623,0.0010957,0.0056568,0.0011974,0.008202,0.0090407,0.0036969,0.0011415,0.0038705,0.0010041,0.0034431,7.2827E-4,0
1520613160653,true,1581.374,0,0.028236,0.0098838,0.00427,7.6047E-4,0.0046802,0.0010973,0.0056143,0.0011879,0.0084237,0.0088196,0.0036599,0.0011613,0.0039417,9.7558E-4,0.0034667,7.2314E-4,0
1520613160710,true,1581.431,0,0.028167,0.0099093,0.004223,7.5821E-4,0.0047311,0.0011041,0.005611,0.0011732,0.0085236,0.0085848,0.0036651,0.0011733,0.003922,9.7834E-4,0.0035285,6.9876E-4,0
1520613160781,true,1581.502,0,0.028055,0.0098876,0.0042143,7.4756E-4,0.004735,0.001116,0.0056475,0.0011678,0.0079141,0.0087567,0.0036779,0.0011676,0.0038658,0.0010003,0.0035889,6.6789E-4,0
1520613160839,true,1581.56,0,0.02755,0.0098521,0.0042168,7.4467E-4,0.0046892,0.0011154,0.0056826,0.0011703,0.0073826,0.0089131,0.0036868,0.0011528,0.0038415,0.0010175,0.0035998,6.5648E-4,0
1520613160896,true,1581.617,0,0.027011,0.0096312,0.0041908,7.4456E-4,0.004659,0.0011021,0.0057043,0.0011757,0.0075659,0.0088943,0.0036312,0.0011595,0.0038409,0.001022,0.0035422,6.7445E-4,0
1520613160954,true,1581.675,0,0.026925,0.0093771,0.0041322,7.4823E-4,0.0046457,0.0010956,0.0056724,0.0011839,0.0082722,0.0085352,0.0035543,0.00118,0.0038402,0.0010109,0.0034916,6.9519E-4,0
1520613161011,true,1581.732,0,0.027297,0.009345,0.0040418,7.4716E-4,0.0046279,0.001098,0.0056344,0.0011792,0.0092192,0.0080028,0.0035399,0.0011869,0.0038176,0.0010051,0.0034882,7.0884E-4,0
1520613161055,true,1581.776,0,0.02774,0.0094627,0.003995,7.3079E-4,0.0046062,0.0010983,0.0056317,0.0011723,0.0093975,0.0078719,0.0035933,0.001176,0.0037409,0.0010237,0.0035016,7.0357E-4,0
1520613161113,true,1581.834,0,0.028084,0.0096345,0.0040312,7.1867E-4,0.0045472,0.0010939,0.0056354,0.0011738,0.008736,0.008251,0.0036617,0.0011505,0.0036993,0.0010351,0.0035101,6.8984E-4,0
1520613161170,true,1581.891,0,0.027856,0.0097403,0.0040925,7.2035E-4,0.0044842,0.0010801,0.0056245,0.0011748,0.0082336,0.0086552,0.003714,0.0011275,0.0037263,0.0010325,0.0034595,6.9763E-4,0
1520613161228,true,1581.949,0,0.027555,0.0096669,0.0041483,7.2672E-4,0.0044867,0.0010623,0.0055885,0.0011782,0.0082019,0.0089428,0.0036885,0.0011403,0.0037928,0.0010082,0.003402,7.1436E-4,0
1520613161285,true,1582.006,0,0.027621,0.0095718,0.0041594,7.4101E-4,0.0045359,0.0010588,0.0055351,0.0011726,0.0084081,0.0088167,0.0036431,0.0011656,0.0038669,9.7639E-4,0.0034063,7.1514E-4,0
1520613161356,true,1582.077,0,0.0277,0.0096017,0.0041242,7.4474E-4,0.0045861,0.0010668,0.0055103,0.0011596,0.0086045,0.0085707,0.0036424,0.0011812,0.0038697,9.7379E-4,0.0034593,7.0129E-4,0
1520613161414,true,1582.135,0,0.027606,0.0096043,0.0041175,7.3542E-4,0.0046131,0.0010802,0.0055474,0.0011481,0.0080635,0.0086983,0.0036512,0.0011839,0.0038128,9.994E-4,0.0035282,6.6994E-4,0
1520613161471,true,1582.192,0,0.027186,0.0096235,0.0041343,7.3295E-4,0.0045823,0.0010864,0.0055822,0.0011507,0.0073568,0.0089439,0.0036592,0.0011754,0.0037879,0.0010187,0.0035715,6.4852E-4,0
1520613161529,true,1582.25,0,0.026564,0.0094882,0.0041284,7.3433E-4,0.004552,0.0010788,0.0056217,0.0011542,0.0073453,0.0089788,0.003621,0.0011802,0.003793,0.0010288,0.0035348,6.6049E-4,0
1520613161586,true,1582.307,0,0.026318,0.0092449,0.0041037,7.3623E-4,0.0045515,0.0010733,0.0056154,0.0011618,0.0079508,0.008735,0.0035347,0.0012047,0.0038003,0.0010217,0.0034822,6.8404E-4,0
1520613161632,true,1582.353,0,0.026671,0.0091249,0.0040299,7.3573E-4,0.0045474,0.0010744,0.0055796,0.001162,0.0088131,0.0081922,0.0034998,0.0012116,0.0037987,0.0010126,0.0034757,6.9831E-4,0
1520613161690,true,1582.411,0,0.02706,0.0092182,0.0039538,7.2407E-4,0.0045191,0.0010765,0.0055693,0.0011543,0.0093023,0.0078457,0.0035237,0.0012071,0.0037246,0.0010261,0.0034772,6.9694E-4,0
1520613161747,true,1582.468,0,0.02751,0.0093594,0.0039572,7.0948E-4,0.0044525,0.0010784,0.0055684,0.0011522,0.0087987,0.0080824,0.0035704,0.001184,0.0036355,0.0010468,0.0034717,6.8756E-4,0
1520613161805,true,1582.526,0,0.027404,0.0095049,0.0039975,7.0833E-4,0.0043649,0.0010646,0.0055525,0.0011512,0.0082292,0.008481,0.0036142,0.0011593,0.0036198,0.001049,0.0034183,6.9223E-4,0
1520613161862,true,1582.583,0,0.027047,0.0094774,0.0040421,7.1584E-4,0.0043221,0.0010468,0.005516,0.0011524,0.0080263,0.0088321,0.0035891,0.0011635,0.0036506,0.0010329,0.0033137,7.1939E-4,0
1520613161906,true,1582.627,0,0.027106,0.0093593,0.0040566,7.3275E-4,0.004351,0.001038,0.0054483,0.0011515,0.0081736,0.0087767,0.0035257,0.0011883,0.003708,0.001004,0.0032731,7.3246E-4,0
1520613161964,true,1582.685,0,0.027255,0.0094095,0.0040176,7.46E-4,0.004396,0.0010435,0.0053952,0.0011418,0.0084226,0.008535,0.003508,0.0012052,0.0037358,9.9023E-4,0.0033119,7.2426E-4,0
1520613162021,true,1582.742,0,0.02726,0.0094521,0.0040004,7.4222E-4,0.0044476,0.001052,0.0054047,0.0011313,0.0080391,0.0085553,0.0035149,0.0012133,0.0036807,0.0010117,0.0033701,6.9979E-4,0
1520613162079,true,1582.8,0,0.027033,0.0094968,0.0040175,7.4471E-4,0.0044379,0.0010663,0.0054375,0.0011328,0.0071433,0.008887,0.0035286,0.0012059,0.0036434,0.0010357,0.0034346,6.7099E-4,0
1520613162136,true,1582.857,0,0.026454,0.0094186,0.004021,7.5304E-4,0.0044086,0.0010645,0.0054782,0.0011387,0.0068732,0.0090271,0.003508,0.0012083,0.0036589,0.0010488,0.0034159,6.7954E-4,0
1520613162207,true,1582.928,0,0.026053,0.0092141,0.0040062,7.5834E-4,0.0044201,0.0010583,0.0054947,0.00115,0.0073164,0.0089117,0.0034307,0.0012305,0.0036778,0.0010461,0.0033668,7.018E-4,0
1520613162265,true,1582.986,0,0.026343,0.0090688,0.0039495,7.652E-4,0.0044315,0.0010671,0.0054764,0.0011532,0.0081524,0.0084291,0.0033776,0.0012489,0.0036922,0.0010356,0.0033557,7.1972E-4,0
1520613162322,true,1583.043,0,0.026793,0.0091732,0.0038736,7.6119E-4,0.004429,0.001072,0.0054768,0.0011476,0.0089973,0.0079324,0.0033888,0.0012497,0.003637,0.0010503,0.003373,7.2458E-4,0
1520613162380,true,1583.101,0,0.027381,0.0093149,0.0038667,7.4745E-4,0.0043989,0.0010766,0.0054938,0.0011468,0.0088496,0.0080054,0.0034358,0.0012318,0.0035475,0.0010779,0.0033753,7.1746E-4,0
1520613162437,true,1583.158,0,0.027494,0.0095628,0.0039171,7.4498E-4,0.0043301,0.0010723,0.0054988,0.0011514,0.0083347,0.0083441,0.0034885,0.001206,0.003527,0.0010875,0.0033415,7.209E-4,0
1520613162506,true,1583.227,0,0.027319,0.0096284,0.0039784,7.517E-4,0.0042872,0.0010551,0.005487,0.0011545,0.0081489,0.0086809,0.0034945,0.0012009,0.0035641,0.0010794,0.0032483,7.4531E-4,0
1520613162564,true,1583.285,0,0.027391,0.0095433,0.0040222,7.6676E-4,0.0043084,0.0010446,0.0054266,0.0011589,0.0082686,0.0087847,0.0034341,0.0012226,0.0036204,0.0010503,0.003186,7.6204E-4,0
1520613162621,true,1583.342,0,0.027677,0.0095797,0.0040068,7.8104E-4,0.0043409,0.0010494,0.0053674,0.0011499,0.0085274,0.0085435,0.0033971,0.0012407,0.0036549,0.0010293,0.0031975,7.6287E-4,0
1520613162679,true,1583.4,0,0.02775,0.0096781,0.0039823,7.8232E-4,0.0043845,0.0010582,0.0053613,0.0011376,0.0083892,0.0084735,0.0033924,0.001252,0.0036099,0.0010426,0.0032334,7.4394E-4,0
1520613162736,true,1583.457,0,0.027695,0.0097356,0.0039983,7.8247E-4,0.0043801,0.0010769,0.005386,0.0011374,0.0075227,0.008784,0.0033884,0.0012469,0.0035474,0.0010668,0.0032795,7.1554E-4,0
1520613162780,true,1583.501,0,0.027215,0.0097418,0.0040173,7.9526E-4,0.0043531,0.001083,0.0054158,0.0011457,0.006971,0.0090316,0.0033784,0.0012425,0.0035391,0.0010836,0.0032718,7.1409E-4,0
1520613162838,true,1583.559,0,0.026779,0.0095768,0.0040227,8.0672E-4,0.0043636,0.0010801,0.0054438,0.0011591,0.0072167,0.0090204,0.0033017,0.0012666,0.0035481,0.0010881,0.0032277,7.3378E-4,0
1520613162895,true,1583.616,0,0.026988,0.0093973,0.0039807,8.1903E-4,0.0044015,0.0010828,0.0054313,0.0011684,0.007983,0.0086149,0.0032255,0.0012897,0.0035632,0.0010816,0.0032173,7.5061E-4,0
1520613162953,true,1583.674,0,0.027456,0.0094345,0.0039015,8.2027E-4,0.0044139,0.0010921,0.0054269,0.0011667,0.0088736,0.0080536,0.003217,0.0012981,0.0035322,0.0010902,0.0032333,7.6077E-4,0
1520613163010,true,1583.731,0,0.027956,0.0095571,0.0038729,8.0615E-4,0.0043966,0.0011009,0.0054491,0.0011642,0.008951,0.0079538,0.0032487,0.0012887,0.0034439,0.0011211,0.0032492,7.5406E-4,0
1520613163056,true,1583.777,0,0.028222,0.0097946,0.0039158,7.9922E-4,0.0043259,0.0011041,0.0054625,0.0011702,0.0084663,0.0082369,0.0033094,0.0012641,0.0034018,0.0011374,0.0032378,7.5206E-4,0
1520613163114,true,1583.835,0,0.0281,0.0099195,0.0039679,8.0787E-4,0.0042694,0.0010913,0.0054583,0.0011763,0.0082546,0.0085562,0.0033379,0.0012502,0.003428,0.0011363,0.0031606,7.7372E-4,0
1520613163171,true,1583.892,0,0.02807,0.0098818,0.0040333,8.1677E-4,0.0042802,0.0010781,0.0054161,0.0011821,0.0084169,0.0087232,0.0032996,0.0012656,0.0034941,0.0011101,0.0030833,7.9535E-4,0
1520613163229,true,1583.95,0,0.028401,0.0098865,0.0040392,8.3244E-4,0.0043163,0.001083,0.0053512,0.0011795,0.0087477,0.0085283,0.0032629,0.0012863,0.0035528,0.0010833,0.0030709,8.0326E-4,0
1520613163286,true,1584.007,0,0.028552,0.010028,0.0040176,8.3767E-4,0.0043657,0.00109,0.0053328,0.0011666,0.008834,0.0083598,0.0032607,0.0012987,0.0035475,0.0010852,0.003112,7.8749E-4,0
1520613163357,true,1584.078,0,0.028556,0.010111,0.0040376,8.3337E-4,0.0043834,0.0011064,0.0053574,0.0011627,0.0080593,0.0086246,0.0032699,0.0012985,0.0034928,0.0011071,0.0031724,7.5682E-4,0
1520613163415,true,1584.136,0,0.028104,0.010169,0.0040687,8.3895E-4,0.0043587,0.0011143,0.0053902,0.0011658,0.0073189,0.008904,0.0032651,0.0012944,0.0034841,0.0011227,0.003187,7.4289E-4,0
1520613163472,true,1584.193,0,0.027577,0.010014,0.0040767,8.4688E-4,0.0043524,0.0011089,0.0054167,0.0011724,0.007303,0.0089647,0.0031981,0.0013089,0.0034928,0.0011253,0.0031284,7.6097E-4,0
1520613163530,true,1584.251,0,0.027515,0.0097543,0.004048,8.555E-4,0.0043694,0.001111,0.0054126,0.0011779,0.0078475,0.0086532,0.0030969,0.0013375,0.0034879,0.0011199,0.0030883,7.7808E-4,0
1520613163587,true,1584.308,0,0.027908,0.0096364,0.0039624,8.5556E-4,0.0043677,0.0011209,0.0053862,0.0011774,0.0086587,0.008065,0.0030385,0.0013531,0.0034502,0.0011205,0.003087,7.8851E-4,0
1520613163631,true,1584.352,0,0.028224,0.0097119,0.003886,8.4742E-4,0.0043477,0.0011303,0.0053936,0.0011733,0.0090147,0.0077586,0.0030398,0.0013532,0.0033425,0.0011507,0.0030864,7.8645E-4,0
1520613163689,true,1584.41,0,0.028604,0.0098521,0.0038981,8.3579E-4,0.0042842,0.0011355,0.0054006,0.0011802,0.0085304,0.0079743,0.0030789,0.0013326,0.0032626,0.0011748,0.0030922,7.7785E-4,0
1520613163746,true,1584.467,0,0.028498,0.01001,0.0039353,8.4082E-4,0.0042021,0.0011293,0.0053985,0.0011846,0.0082362,0.0082406,0.003115,0.0013142,0.0032605,0.0011815,0.0030301,7.9706E-4,0
1520613163804,true,1584.525,0,0.028368,0.0099625,0.0039885,8.4465E-4,0.0041863,0.0011124,0.005365,0.0011888,0.0083263,0.0084933,0.003087,0.001322,0.0033033,0.001161,0.0029457,8.2533E-4,0
1520613163861,true,1584.582,0,0.028609,0.0098882,0.004003,8.5631E-4,0.0042098,0.0011077,0.0052961,0.0011845,0.0085672,0.0083816,0.0030365,0.0013423,0.0033609,0.0011314,0.0029248,8.3479E-4,0
1520613163931,true,1584.652,0,0.02876,0.0099663,0.0039703,8.6108E-4,0.0042402,0.0011133,0.0052509,0.0011698,0.0087421,0.0081819,0.0030319,0.0013559,0.0033584,0.0011258,0.0029454,8.275E-4,0
1520613163989,true,1584.71,0,0.028741,0.010025,0.0039738,8.5442E-4,0.0042633,0.0011241,0.0052533,0.0011592,0.0080448,0.0084045,0.00304,0.0013607,0.003317,0.0011415,0.0030019,8.001E-4,0
1520613164046,true,1584.767,0,0.028311,0.010094,0.0040039,8.5689E-4,0.004239,0.0011343,0.0052652,0.0011607,0.0070436,0.0087596,0.0030449,0.0013535,0.0033061,0.0011562,0.0030361,7.7913E-4,0
1520613164104,true,1584.825,0,0.0276,0.0099668,0.0040119,8.6399E-4,0.0042205,0.001131,0.0052886,0.0011639,0.0067809,0.0089009,0.0029989,0.0013633,0.0033215,0.0011637,0.0030046,7.8714E-4,0
1520613164161,true,1584.882,0,0.027281,0.0096949,0.0039901,8.7128E-4,0.0042416,0.0011272,0.0052818,0.0011714,0.0071777,0.008703,0.0029027,0.0013903,0.003333,0.0011586,0.0029623,8.0503E-4,0
1520613164231,true,1584.952,0,0.027452,0.0095201,0.0039042,8.7526E-4,0.0042456,0.0011373,0.0052522,0.0011728,0.0079682,0.0081168,0.0028272,0.0014104,0.0033277,0.0011505,0.0029688,8.1576E-4,0
1520613164289,true,1585.01,0,0.027689,0.0095475,0.0038133,8.628E-4,0.0042293,0.0011439,0.0052464,0.0011677,0.0085218,0.0076697,0.0028214,0.001412,0.003243,0.0011719,0.0029811,8.1431E-4,0
1520613164346,true,1585.067,0,0.028061,0.0095969,0.003793,8.4454E-4,0.0041639,0.0011505,0.0052595,0.0011686,0.008215,0.007753,0.0028376,0.0013963,0.0031443,0.0011988,0.002986,8.0336E-4,0
1520613164404,true,1585.125,0,0.028024,0.009713,0.0038136,8.4013E-4,0.0040651,0.0011438,0.0052534,0.0011719,0.0078235,0.0079648,0.0028675,0.0013731,0.0031089,0.0012066,0.0029344,8.1236E-4,0
1520613164461,true,1585.182,0,0.027808,0.0096999,0.0038361,8.4286E-4,0.00401,0.001127,0.0052116,0.0011792,0.0077846,0.008196,0.002842,0.0013708,0.0031245,0.0011936,0.0028252,8.4173E-4,0
1520613164507,true,1585.228,0,0.027961,0.0096002,0.0038418,8.5456E-4,0.0040165,0.0011209,0.0051414,0.0011804,0.0080198,0.0081566,0.0027846,0.0013901,0.003172,0.0011666,0.0027703,8.6025E-4,0
1520613164565,true,1585.286,0,0.028194,0.0096604,0.003815,8.6031E-4,0.0040396,0.0011225,0.0050794,0.0011676,0.0082965,0.0079234,0.0027815,0.0013997,0.0031845,0.0011549,0.0027854,8.5867E-4,0
1520613164622,true,1585.343,0,0.028279,0.0097206,0.0037989,8.5708E-4,0.0040729,0.0011286,0.0050688,0.0011553,0.0079008,0.0080124,0.0027973,0.0014052,0.0031431,0.0011699,0.0028247,8.3465E-4,0
1520613164680,true,1585.401,0,0.028062,0.0097709,0.0038224,8.5797E-4,0.0040561,0.0011405,0.0050759,0.0011541,0.006858,0.0084346,0.0028155,0.0014004,0.0031263,0.0011823,0.0028754,8.08E-4,0
1520613164737,true,1585.458,0,0.027374,0.0096832,0.0038367,8.6492E-4,0.0040299,0.0011395,0.0050959,0.0011543,0.0063456,0.0086659,0.002808,0.0014001,0.0031488,0.0011925,0.0028588,8.1091E-4,0
1520613164807,true,1585.528,0,0.026781,0.0094411,0.0038225,8.7147E-4,0.0040478,0.0011361,0.0050917,0.0011625,0.0065036,0.008629,0.0027251,0.0014239,0.0031796,0.001188,0.0028295,8.2392E-4,0
1520613164865,true,1585.586,0,0.026766,0.009234,0.0037562,8.7834E-4,0.0040673,0.0011453,0.0050682,0.0011642,0.0070984,0.0081739,0.0026441,0.0014497,0.0031957,0.0011817,0.0028414,8.3158E-4,0
1520613164922,true,1585.643,0,0.026947,0.0092183,0.003655,8.7083E-4,0.0040749,0.0011534,0.0050703,0.0011575,0.0078743,0.0076029,0.0026347,0.0014569,0.0031366,0.0011991,0.0028719,8.3188E-4,0
1520613164980,true,1585.701,0,0.027245,0.0092421,0.0036096,8.5246E-4,0.0040488,0.0011584,0.0050917,0.001158,0.0077325,0.0075622,0.0026604,0.0014437,0.0030376,0.0012303,0.0028874,8.2336E-4,0
1520613165037,true,1585.758,0,0.027241,0.0093475,0.00362,8.425E-4,0.0039634,0.0011549,0.0050931,0.0011645,0.0073064,0.0077579,0.0027017,0.0014181,0.0029965,0.0012458,0.002859,8.271E-4,0
1520613165082,true,1585.803,0,0.026978,0.0093419,0.0036301,8.4247E-4,0.0038956,0.0011348,0.0050772,0.001168,0.0072549,0.0079808,0.0027004,0.0014083,0.0030037,0.0012423,0.0027674,8.5578E-4,0
1520613165140,true,1585.861,0,0.02703,0.0092288,0.0036389,8.4919E-4,0.0038809,0.0011191,0.005007,0.0011717,0.0075075,0.0079854,0.0026541,0.00142,0.0030429,0.0012157,0.0027005,8.7502E-4,0
1520613165197,true,1585.918,0,0.027302,0.0092428,0.0036084,8.5471E-4,0.0038807,0.001118,0.0049319,0.0011617,0.0078641,0.0077551,0.0026252,0.001433,0.003069,0.0011937,0.0026959,8.799E-4,0
1520613165255,true,1585.976,0,0.027326,0.0093543,0.0035764,8.5063E-4,0.0038921,0.0011212,0.0049003,0.0011471,0.0076773,0.0077275,0.0026364,0.0014386,0.0030307,0.0012015,0.0027167,8.6273E-4,0
1520613165312,true,1586.033,0,0.027213,0.0094037,0.0035989,8.458E-4,0.0038768,0.0011337,0.0048969,0.0011434,0.006694,0.0081515,0.0026482,0.001434,0.0029957,0.0012171,0.0027622,8.3607E-4,0
1520613165381,true,1586.102,0,0.026588,0.0093984,0.0036182,8.5468E-4,0.003851,0.0011355,0.0049157,0.0011425,0.0059971,0.0084602,0.002659,0.0014297,0.0030118,0.0012269,0.0027597,8.3165E-4,0
1520613165439,true,1586.16,0,0.025915,0.0091857,0.0036184,8.6197E-4,0.0038703,0.0011296,0.0049267,0.0011485,0.0059517,0.0085753,0.0026003,0.0014492,0.0030501,0.001225,0.0027284,8.4571E-4,0
1520613165496,true,1586.217,0,0.025721,0.0089488,0.0035674,8.7075E-4,0.0039125,0.001133,0.0049085,0.0011526,0.006472,0.0082319,0.0025258,0.0014767,0.0030894,0.0012121,0.0027352,8.5361E-4,0
1520613165554,true,1586.275,0,0.0258,0.008874,0.0034761,8.6565E-4,0.0039352,0.0011416,0.0049044,0.0011488,0.0072557,0.0076664,0.0025056,0.0014901,0.003064,0.0012203,0.0027777,8.5739E-4,0
1520613165611,true,1586.332,0,0.02597,0.0088942,0.0034215,8.472E-4,0.0039285,0.0011508,0.0049322,0.0011481,0.0073859,0.0074907,0.0025327,0.0014836,0.0029831,0.0012507,0.0028145,8.4924E-4,0
1520613165657,true,1586.378,0,0.026065,0.008992,0.0034222,8.3619E-4,0.0038549,0.0011556,0.0049545,0.001156,0.0070243,0.0076529,0.0025923,0.001459,0.00294,0.0012709,0.0028275,8.424E-4,0
1520613165715,true,1586.436,0,0.025873,0.00905,0.0034425,8.3584E-4,0.0037862,0.0011436,0.0049633,0.0011624,0.0070039,0.0078379,0.0026278,0.0014412,0.0029597,0.0012732,0.0027613,8.6488E-4,0
1520613165772,true,1586.493,0,0.02585,0.0089993,0.0034765,8.3965E-4,0.003774,0.0011283,0.0049311,0.001171,0.0073651,0.0079086,0.0026015,0.0014498,0.0030049,0.0012544,0.0026845,8.925E-4,0
1520613165830,true,1586.551,0,0.026245,0.0090233,0.0034762,8.4811E-4,0.003793,0.0011261,0.0048748,0.0011668,0.0077987,0.0077278,0.0025902,0.0014587,0.0030626,0.0012247,0.0026753,9.0223E-4,0
1520613165887,true,1586.608,0,0.02647,0.009176,0.0034666,8.4652E-4,0.0038243,0.0011272,0.0048486,0.0011548,0.007906,0.0076152,0.0026214,0.0014627,0.0030563,0.0012228,0.0026987,8.9054E-4,0
1520613165958,true,1586.679,0,0.026552,0.0092788,0.0035,8.4145E-4,0.0038345,0.0011384,0.0048536,0.0011499,0.0070801,0.0079966,0.0026571,0.0014563,0.0030277,0.0012337,0.0027476,8.6133E-4,0
1520613166016,true,1586.737,0,0.026096,0.0093876,0.0035485,8.4584E-4,0.0038087,0.0011437,0.0048676,0.0011521,0.0062008,0.0083971,0.0026717,0.0014493,0.0030459,0.0012369,0.0027604,8.462E-4,0
1520613166073,true,1586.794,0,0.025448,0.0092749,0.003575,8.5401E-4,0.0038161,0.0011376,0.0048889,0.0011556,0.0059841,0.0085889,0.0026217,0.0014619,0.0030846,0.0012329,0.0027269,8.5581E-4,0
1520613166131,true,1586.852,0,0.025199,0.0090478,0.0035571,8.6678E-4,0.0038544,0.0011444,0.0048761,0.0011658,0.0062782,0.0083928,0.0025473,0.0014871,0.0031219,0.001221,0.0027159,8.6622E-4,0
1520613166188,true,1586.909,0,0.025382,0.0089412,0.0034825,8.7145E-4,0.0038952,0.0011586,0.0048766,0.0011649,0.0070269,0.0078959,0.0025213,0.0015012,0.0031267,0.0012201,0.0027508,8.7233E-4,0
1520613166257,true,1586.978,0,0.025576,0.0089669,0.0034285,8.5748E-4,0.0039182,0.0011694,0.0049182,0.0011622,0.0073428,0.0076275,0.0025477,0.0015017,0.0030553,0.00125,0.0028036,8.5998E-4,0
1520613166315,true,1587.036,0,0.025847,0.0090196,0.0034367,8.4237E-4,0.003877,0.0011779,0.0049573,0.0011709,0.0070358,0.0077914,0.0026037,0.0014819,0.0029989,0.0012758,0.0028491,8.4714E-4,0
1520613166372,true,1587.093,0,0.025759,0.0090781,0.0034623,8.395E-4,0.0038259,0.0011667,0.0049795,0.0011793,0.0069093,0.0079892,0.00266,0.0014577,0.0030171,0.0012815,0.0028142,8.6476E-4,0
1520613166430,true,1587.151,0,0.025712,0.0090295,0.0035021,8.3835E-4,0.0038102,0.00115,0.0049696,0.0011891,0.0072613,0.0081184,0.0026654,0.0014581,0.0030637,0.0012658,0.0027438,8.9403E-4,0
1520613166487,true,1587.208,0,0.026081,0.0090134,0.0035077,8.4943E-4,0.0038263,0.0011463,0.004916,0.0011911,0.0078224,0.0079722,0.0026562,0.0014671,0.0031279,0.0012365,0.0027281,9.1007E-4,0
1520613166533,true,1587.254,0,0.026464,0.0091563,0.0034965,8.4954E-4,0.0038537,0.0011473,0.0048836,0.0011805,0.0081809,0.0077757,0.0026978,0.0014687,0.003152,0.0012239,0.0027539,9.0673E-4,0
1520613166591,true,1587.312,0,0.026615,0.0092883,0.0035293,8.4058E-4,0.0038768,0.0011552,0.0048914,0.0011733,0.0076303,0.0080449,0.0027475,0.00146,0.0031293,0.001234,0.0028073,8.8107E-4,0
1520613166648,true,1587.369,0,0.026371,0.0093901,0.0035919,8.4128E-4,0.0038626,0.0011612,0.0049061,0.0011735,0.0067648,0.0084711,0.0027951,0.0014447,0.0031483,0.0012366,0.002847,8.5729E-4,0
1520613166706,true,1587.427,0,0.025738,0.0093169,0.0036235,8.5014E-4,0.0038577,0.0011573,0.0049249,0.0011767,0.0064081,0.0087484,0.0027923,0.0014439,0.0032053,0.0012304,0.0028293,8.6052E-4,0
1520613166763,true,1587.484,0,0.025319,0.0090698,0.0036288,8.5753E-4,0.0039016,0.0011551,0.0049195,0.0011836,0.006565,0.0086923,0.0027213,0.0014681,0.0032496,0.0012169,0.0028201,8.6657E-4,0
1520613166807,true,1587.528,0,0.025324,0.0089011,0.0035678,8.6114E-4,0.0039334,0.0011655,0.0049,0.0011851,0.0071751,0.0082227,0.002674,0.0014868,0.0032776,0.001204,0.0028543,8.671E-4,0
1520613166865,true,1587.586,0,0.025393,0.0088623,0.003484,8.5171E-4,0.0039443,0.0011737,0.0049137,0.001182,0.0076224,0.0078162,0.0026807,0.0014904,0.0032157,0.0012227,0.0029026,8.5531E-4,0
1520613166922,true,1587.643,0,0.025552,0.0088699,0.0034534,8.3703E-4,0.0038968,0.0011888,0.0049501,0.0011879,0.0073334,0.0078788,0.0027174,0.0014725,0.0031301,0.0012515,0.0029436,8.3982E-4,0
1520613166980,true,1587.701,0,0.025385,0.0089568,0.0034615,8.3413E-4,0.0038225,0.0011882,0.0049747,0.0011972,0.0071773,0.0080255,0.0027762,0.0014461,0.0031173,0.001264,0.0029259,8.4935E-4,0
1520613167037,true,1587.758,0,0.025291,0.0089012,0.0034872,8.3597E-4,0.0037961,0.0011703,0.0049797,0.001206,0.0075097,0.008135,0.002791,0.0014399,0.0031659,0.0012527,0.0028511,8.807E-4,0
1520613167108,true,1587.829,0,0.02567,0.0088124,0.0034989,8.4448E-4,0.0038102,0.0011614,0.0049432,0.0012096,0.0080754,0.0080026,0.0027863,0.0014481,0.0032246,0.0012258,0.0028231,8.9799E-4,0
1520613167166,true,1587.887,0,0.026082,0.0089299,0.003487,8.4552E-4,0.0038306,0.0011604,0.0049031,0.0012007,0.0085919,0.0077562,0.002825,0.0014457,0.0032737,0.0012056,0.0028425,9.0366E-4,0
1520613167223,true,1587.944,0,0.026335,0.0090743,0.0034997,8.4041E-4,0.0038609,0.0011645,0.0048992,0.0011916,0.008248,0.0079376,0.0028873,0.00144,0.0032603,0.0012113,0.0028938,8.8277E-4,0
1520613167281,true,1588.002,0,0.026345,0.0092063,0.0035687,8.3843E-4,0.0038588,0.0011715,0.0049118,0.0011916,0.0073279,0.0084543,0.0029466,0.0014238,0.0032688,0.0012164,0.0029515,8.5847E-4,0
1520613167338,true,1588.059,0,0.025797,0.009229,0.0036169,8.513E-4,0.0038619,0.0011686,0.0049353,0.0011939,0.0068018,0.0088203,0.0029682,0.0014197,0.0033338,0.0012136,0.0029493,8.6033E-4,0
1520613167382,true,1588.103,0,0.025326,0.0090612,0.003654,8.6041E-4,0.0039159,0.0011648,0.0049476,0.0012011,0.0069363,0.0088925,0.0029253,0.0014387,0.0034042,0.0011963,0.0029349,8.6966E-4,0
1520613167440,true,1588.161,0,0.025342,0.0088829,0.0036186,8.7316E-4,0.0039814,0.0011752,0.0049411,0.0012024,0.0074521,0.0085205,0.0028734,0.0014597,0.0034522,0.0011795,0.0029721,8.6679E-4,0
1520613167497,true,1588.218,0,0.025456,0.0088671,0.0035446,8.7181E-4,0.004023,0.0011854,0.0049671,0.0011963,0.0080603,0.0080466,0.0028722,0.0014651,0.0034218,0.0011904,0.0030264,8.5908E-4,0
1520613167555,true,1588.276,0,0.02562,0.0088814,0.0035166,8.5668E-4,0.0040152,0.0012004,0.0050176,0.001199,0.0079221,0.0080089,0.0028999,0.001453,0.0033416,0.0012219,0.0030827,8.3869E-4,0
1520613167612,true,1588.333,0,0.025616,0.0089728,0.0035288,8.4864E-4,0.003959,0.0012011,0.005052,0.0012091,0.0076608,0.0081483,0.0029375,0.0014273,0.003307,0.0012385,0.0030827,8.3649E-4,0
1520613167682,true,1588.403,0,0.025437,0.0089589,0.0035442,8.461E-4,0.0039146,0.0011844,0.0050708,0.0012172,0.0078563,0.0082536,0.0029445,0.0014157,0.0033184,0.0012368,0.0030067,8.6399E-4,0
1520613167740,true,1588.461,0,0.025658,0.0088804,0.0035584,8.5155E-4,0.0039092,0.0011747,0.0050336,0.0012274,0.00837,0.0081956,0.0029097,0.0014264,0.0033517,0.0012152,0.0029455,8.8833E-4,0
1520613167797,true,1588.518,0,0.026161,0.0089834,0.0035417,8.579E-4,0.0039297,0.0011733,0.0049893,0.0012234,0.0089823,0.0078856,0.0029336,0.0014262,0.0034031,0.0011888,0.0029498,8.9993E-4,0
1520613167855,true,1588.576,0,0.026519,0.0091729,0.00355,8.5235E-4,0.0039661,0.001174,0.0049805,0.0012125,0.0089925,0.0078919,0.0030062,0.0014198,0.0033947,0.0011902,0.0029822,8.8788E-4,0
1520613167912,true,1588.633,0,0.026696,0.00932,0.0036193,8.4909E-4,0.003975,0.001181,0.0050008,0.0012096,0.0080895,0.0083841,0.0030681,0.0014061,0.0033983,0.0011964,0.0030419,8.6016E-4,0
1520613167957,true,1588.678,0,0.026349,0.0093991,0.0036919,8.5779E-4,0.0039789,0.0011791,0.0050276,0.0012091,0.007318,0.0088314,0.0031154,0.0013943,0.0034562,0.0011932,0.0030588,8.5036E-4,0
1520613168015,true,1588.736,0,0.025859,0.0092871,0.0037529,8.6485E-4,0.0040314,0.0011723,0.0050455,0.0012144,0.0072106,0.0090545,0.0030917,0.0014085,0.0035361,0.0011785,0.0030442,8.5952E-4,0
1520613168072,true,1588.793,0,0.025758,0.0091309,0.00375,8.796E-4,0.0041128,0.0011799,0.0050436,0.0012183,0.0075262,0.0088507,0.0030422,0.0014322,0.0036084,0.001157,0.0030813,8.6075E-4,0
1520613168130,true,1588.851,0,0.02585,0.0091322,0.0036915,8.8473E-4,0.0041766,0.0011938,0.0050631,0.0012157,0.0081256,0.008424,0.0030368,0.0014434,0.0036195,0.0011576,0.0031518,8.5474E-4,0
1520613168187,true,1588.908,0,0.026084,0.0091947,0.0036702,8.7336E-4,0.0042225,0.0012066,0.0051305,0.0012174,0.0081599,0.0082847,0.0030712,0.0014364,0.0035585,0.0011856,0.0032159,8.3659E-4,0
1520613168258,true,1588.979,0,0.026257,0.0093394,0.0037015,8.6573E-4,0.0042017,0.0012164,0.0051987,0.0012284,0.0078057,0.0084449,0.0031139,0.0014143,0.0035228,0.001207,0.0032501,8.277E-4,0
1520613168316,true,1589.037,0,0.026214,0.0094149,0.0037412,8.6612E-4,0.0041689,0.00121,0.0052518,0.0012385,0.0079842,0.0085288,0.0031429,0.0013967,0.0035408,0.0012117,0.003216,8.4413E-4,0
1520613168373,true,1589.094,0,0.026463,0.0093768,0.0037936,8.6749E-4,0.0041875,0.0011972,0.0052583,0.0012506,0.0085222,0.0085215,0.0031271,0.0014013,0.0035794,0.0011921,0.0031576,8.7115E-4,0
1520613168431,true,1589.152,0,0.027171,0.0094437,0.0038017,8.7374E-4,0.0042231,0.0011968,0.0052265,0.0012539,0.0091386,0.0082419,0.0031259,0.0014037,0.0036296,0.0011634,0.003145,8.8258E-4,0
1520613168488,true,1589.209,0,0.027733,0.0096754,0.0038106,8.6849E-4,0.0042661,0.0011955,0.0052223,0.0012417,0.0094408,0.0080995,0.0031849,0.0013959,0.0036205,0.0011583,0.0031641,8.7456E-4,0
1520613168532,true,1589.253,0,0.028087,0.0098873,0.0038833,8.6174E-4,0.0042775,0.0012072,0.005244,0.0012368,0.0087006,0.0085113,0.0032425,0.00138,0.0035921,0.001167,0.0032046,8.498E-4,0
1520613168590,true,1589.311,0,0.027956,0.010084,0.0039786,8.6818E-4,0.0042799,0.0012102,0.0052713,0.0012392,0.0077897,0.0090129,0.0032974,0.0013654,0.0036386,0.0011632,0.0032319,8.3518E-4,0
1520613168647,true,1589.368,0,0.027543,0.010069,0.0040627,8.7762E-4,0.0043251,0.0012031,0.0053109,0.001242,0.0075035,0.0093272,0.0032959,0.001373,0.0037133,0.0011517,0.0032123,8.4298E-4,0
1520613168705,true,1589.426,0,0.027508,0.0098973,0.0041032,8.9111E-4,0.0044219,0.0012052,0.0053223,0.0012459,0.0077392,0.0092406,0.0032477,0.0013987,0.0038009,0.0011285,0.0032311,8.4483E-4,0
1520613168762,true,1589.483,0,0.027699,0.0098521,0.0040728,8.9735E-4,0.0045021,0.0012192,0.005343,0.0012407,0.0082908,0.0088157,0.0032376,0.0014143,0.0038378,0.001121,0.0033025,8.3791E-4,0
1520613168833,true,1589.554,0,0.027851,0.0098914,0.0040441,8.8694E-4,0.00456,0.0012316,0.0054091,0.0012372,0.008513,0.0085724,0.0032717,0.0014142,0.0037949,0.0011434,0.0033853,8.1974E-4,0
1520613168891,true,1589.612,0,0.028065,0.0099495,0.0040678,8.7624E-4,0.0045613,0.0012419,0.0054867,0.0012449,0.0081724,0.0087233,0.0033315,0.0013935,0.0037573,0.001165,0.003451,8.0176E-4,0
1520613168948,true,1589.669,0,0.027928,0.010022,0.0041079,8.7337E-4,0.0045305,0.0012375,0.0055502,0.0012536,0.0081751,0.0088063,0.0033886,0.0013691,0.0037757,0.0011721,0.0034383,8.1038E-4,0
1520613169006,true,1589.727,0,0.027977,0.0099545,0.0041468,8.7306E-4,0.0045376,0.0012244,0.0055731,0.0012643,0.0086845,0.0088432,0.0033896,0.0013675,0.0038166,0.0011589,0.0033849,8.375E-4,0
1520613169063,true,1589.784,0,0.028548,0.0099476,0.0041588,8.7806E-4,0.0045736,0.0012178,0.0055489,0.0012672,0.0094341,0.0085669,0.0033945,0.0013684,0.0038659,0.0011315,0.0033672,8.5407E-4,0
1520613169133,true,1589.854,0,0.029145,0.010143,0.0041547,8.7403E-4,0.0046037,0.0012166,0.0055331,0.0012585,0.0099801,0.0082954,0.0034447,0.0013614,0.0038762,0.0011181,0.0033889,8.52E-4,0
1520613169191,true,1589.912,0,0.029554,0.010326,0.0042077,8.6139E-4,0.0046223,0.0012186,0.0055504,0.0012491,0.0094648,0.0085826,0.0035238,0.0013406,0.0038437,0.0011228,0.0034303,8.2762E-4,0
1520613169248,true,1589.969,0,0.029494,0.010523,0.0043052,8.5796E-4,0.0046084,0.0012167,0.0055634,0.001251,0.0085613,0.0090845,0.003579,0.00132,0.0038647,0.0011191,0.0034497,8.0752E-4,0
1520613169306,true,1590.027,0,0.029039,0.010514,0.0043755,8.661E-4,0.0046139,0.0012061,0.0055891,0.0012468,0.0081314,0.0094274,0.0035892,0.001317,0.0039316,0.0011029,0.0034206,8.0938E-4,0
1520613169363,true,1590.084,0,0.028751,0.010307,0.0044187,8.7114E-4,0.0046747,0.0011989,0.0055818,0.0012486,0.0081497,0.0094602,0.0035312,0.001337,0.0039962,0.001078,0.0034121,8.0774E-4,0
1520613169408,true,1590.129,0,0.028761,0.01017,0.0043803,8.7734E-4,0.0047321,0.0012118,0.0055657,0.0012435,0.0085137,0.0090923,0.0034882,0.0013567,0.0040458,0.0010586,0.0034574,8.0132E-4,0
1520613169466,true,1590.187,0,0.028765,0.01015,0.0043279,8.6643E-4,0.004779,0.0012226,0.0056004,0.001234,0.0088067,0.0087512,0.0035054,0.0013599,0.0040056,0.0010748,0.003529,7.8205E-4,0
1520613169523,true,1590.244,0,0.028877,0.01011,0.004319,8.5056E-4,0.004777,0.0012344,0.0056612,0.0012358,0.0085066,0.0087709,0.00354,0.001348,0.0039504,0.0010994,0.0036002,7.5773E-4,0
1520613169581,true,1590.302,0,0.028651,0.010101,0.0043271,8.4307E-4,0.0047332,0.0012289,0.0057108,0.001241,0.0082858,0.0088557,0.0035845,0.0013242,0.0039478,0.0011103,0.003603,7.6028E-4,0
1520613169638,true,1590.359,0,0.028379,0.00994,0.0043333,8.3477E-4,0.004708,0.001208,0.0057323,0.0012466,0.0086615,0.0088391,0.003585,0.0013179,0.0039712,0.0011043,0.0035334,7.8713E-4,0
1520613169709,true,1590.43,0,0.028626,0.0097457,0.00431,8.345E-4,0.0047098,0.0011916,0.0056975,0.0012479,0.0093194,0.0085779,0.0035661,0.0013221,0.004017,0.0010784,0.0035041,8.0402E-4,0
1520613169767,true,1590.488,0,0.029002,0.009773,0.0042545,8.2588E-4,0.0046986,0.0011847,0.0056509,0.0012357,0.0099825,0.0081712,0.0036011,0.0013148,0.0040332,0.0010624,0.0035094,8.1006E-4,0
1520613169824,true,1590.545,0,0.029212,0.0098804,0.004233,8.1298E-4,0.0046922,0.0011773,0.0056388,0.0012209,0.0097518,0.0082587,0.0036736,0.0012982,0.0040043,0.001065,0.0035331,7.929E-4,0
1520613169882,true,1590.603,0,0.029131,0.010003,0.0042855,8.0423E-4,0.0046517,0.0011742,0.0056343,0.0012149,0.0087736,0.0087558,0.0037422,0.0012721,0.0039972,0.0010652,0.0035645,7.6963E-4,0
1520613169939,true,1590.66,0,0.028542,0.01001,0.0043339,8.0856E-4,0.00462,0.0011591,0.0056265,0.0012099,0.0081373,0.0091497,0.0037717,0.0012577,0.0040509,0.0010549,0.0035444,7.6542E-4,0
1520613169983,true,1590.704,0,0.027916,0.0098249,0.0043627,8.1284E-4,0.0046499,0.0011431,0.0056,0.0012105,0.0079748,0.0093307,0.0037179,0.001274,0.0041202,0.0010288,0.0035056,7.7094E-4,0
1520613170041,true,1590.762,0,0.027696,0.0096163,0.0043164,8.2148E-4,0.0046982,0.001145,0.0055575,0.0012045,0.0081801,0.0090531,0.0036535,0.0012944,0.004166,0.0010066,0.0035357,7.61E-4,0
1520613170098,true,1590.819,0,0.027494,0.0095397,0.0042303,8.1361E-4,0.0047274,0.0011509,0.0055528,0.0011909,0.0085511,0.0086248,0.0036351,0.0013034,0.0041393,0.0010118,0.0035932,7.4333E-4,0
1520613170156,true,1590.877,0,0.027344,0.0094426,0.004187,7.9181E-4,0.004708,0.0011592,0.0055893,0.0011842,0.0082426,0.0085509,0.0036518,0.0012913,0.0040598,0.0010375,0.0036441,7.1632E-4,0
1520613170213,true,1590.934,0,0.026935,0.009399,0.0041629,7.7825E-4,0.0046309,0.0011577,0.005611,0.0011882,0.0078612,0.008612,0.0036594,0.0012715,0.0040094,0.0010548,0.0036459,7.0738E-4,0
1520613170259,true,1590.98,0,0.026392,0.0092723,0.0041369,7.7298E-4,0.004562,0.0011447,0.0056219,0.0011943,0.0080704,0.0085809,0.0036417,0.001264,0.0040031,0.0010598,0.0035755,7.2966E-4,0
1520613170317,true,1591.038,0,0.026386,0.0090608,0.0041175,7.6795E-4,0.0045473,0.0011315,0.0055857,0.0012007,0.0086911,0.0083619,0.0036034,0.0012712,0.0040273,0.0010419,0.0035225,7.5097E-4,0
1520613170374,true,1591.095,0,0.026825,0.0090317,0.0040597,7.6639E-4,0.0045378,0.0011258,0.0055316,0.0011963,0.0094173,0.0079394,0.0036147,0.0012696,0.0040562,0.0010216,0.0035186,7.6175E-4,0
1520613170432,true,1591.153,0,0.027135,0.0091595,0.004026,7.5356E-4,0.0045359,0.0011177,0.0055133,0.0011822,0.0095093,0.0078364,0.0036714,0.0012587,0.0040209,0.0010272,0.0035381,7.516E-4,0
1520613170489,true,1591.21,0,0.027278,0.0092602,0.004067,7.3927E-4,0.0044984,0.0011173,0.0055077,0.0011757,0.0086264,0.0083083,0.0037451,0.0012335,0.0040051,0.0010317,0.0035752,7.2634E-4,0
1520613170557,true,1591.278,0,0.026792,0.0093439,0.0041221,7.4187E-4,0.0044599,0.0011042,0.0055001,0.0011719,0.0078339,0.0087595,0.0037966,0.0012144,0.0040496,0.0010253,0.0035588,7.234E-4,0
1520613170615,true,1591.336,0,0.026158,0.0092392,0.0041624,7.4839E-4,0.0044779,0.0010861,0.0054873,0.0011688,0.0075609,0.009043,0.0037708,0.0012247,0.0041305,0.0010006,0.0035213,7.3074E-4,0
1520613170672,true,1591.393,0,0.025921,0.0090641,0.0041518,7.5953E-4,0.0045489,0.0010809,0.0054475,0.0011666,0.0076717,0.0089134,0.0037089,0.0012503,0.0042112,9.7137E-4,0.0035435,7.2478E-4,0
1520613170730,true,1591.451,0,0.025807,0.0089977,0.0040817,7.6035E-4,0.004605,0.0010876,0.0054404,0.0011546,0.0080093,0.0085374,0.0036933,0.0012629,0.0042188,9.6615E-4,0.0036171,7.0744E-4,0
1520613170787,true,1591.508,0,0.025707,0.0089511,0.004038,7.4658E-4,0.0046345,0.0010955,0.0054852,0.0011453,0.007833,0.0084137,0.0036996,0.0012618,0.0041556,9.9006E-4,0.0036856,6.7918E-4,0
1520613170857,true,1591.578,0,0.025496,0.0089334,0.0040288,7.362E-4,0.0045965,0.0010992,0.0055314,0.0011493,0.0073316,0.0085504,0.0037173,0.0012436,0.0041054,0.0010129,0.0037199,6.6314E-4,0
1520613170915,true,1591.636,0,0.025029,0.0088586,0.0040121,7.3456E-4,0.0045412,0.0010892,0.0055613,0.0011556,0.0073809,0.0085508,0.0037146,0.0012299,0.0041032,0.0010214,0.0036743,6.7826E-4,0
1520613170972,true,1591.693,0,0.024913,0.0086853,0.0040037,7.3146E-4,0.004529,0.0010748,0.0055515,0.0011661,0.0080225,0.0083738,0.0036644,0.0012373,0.0041197,0.0010056,0.0036036,7.0398E-4,0
1520613171030,true,1591.751,0,0.025385,0.0086206,0.0039562,7.312E-4,0.0045236,0.001069,0.0055075,0.001164,0.0089107,0.0079047,0.003642,0.001238,0.0041414,9.8183E-4,0.0035835,7.1594E-4,0
1520613171087,true,1591.808,0,0.025778,0.0088116,0.0039066,7.2306E-4,0.0045106,0.0010693,0.0054762,0.001155,0.009381,0.0075997,0.0036817,0.0012294,0.0041005,9.8312E-4,0.0035837,7.1629E-4,0
1520613171133,true,1591.854,0,0.026119,0.0089927,0.0039455,7.0913E-4,0.004487,0.0010749,0.0054779,0.0011519,0.0087704,0.0079255,0.0037507,0.0012088,0.0040605,9.9434E-4,0.0036037,6.9784E-4,0
1520613171191,true,1591.912,0,0.025956,0.0091843,0.0040295,7.1121E-4,0.0044581,0.0010678,0.0054815,0.0011521,0.0079208,0.0084619,0.0038171,0.0011836,0.0040919,9.8886E-4,0.0036026,6.9219E-4,0
1520613171248,true,1591.969,0,0.025537,0.0091638,0.0041013,7.201E-4,0.0044732,0.0010538,0.0054828,0.0011525,0.0076162,0.0088159,0.003822,0.0011881,0.0041681,9.7156E-4,0.0035611,7.023E-4,0
1520613171306,true,1592.027,0,0.025451,0.0090018,0.0041346,7.3366E-4,0.0045474,0.0010505,0.0054602,0.001152,0.0077541,0.008795,0.003775,0.0012101,0.004259,9.4226E-4,0.0035627,7.0662E-4,0
1520613171363,true,1592.084,0,0.025512,0.0089683,0.0040981,7.4231E-4,0.0046252,0.0010589,0.0054502,0.0011443,0.008151,0.0084411,0.0037541,0.0012289,0.0043135,9.2524E-4,0.0036277,6.963E-4,0
1520613171432,true,1592.153,0,0.025481,0.0090097,0.0040621,7.3629E-4,0.0046857,0.001071,0.005496,0.0011355,0.008105,0.0083021,0.0037663,0.0012354,0.0042706,9.4755E-4,0.0037142,6.73E-4,0
1520613171490,true,1592.211,0,0.025467,0.0090286,0.0040757,7.2807E-4,0.0046876,0.0010856,0.0055686,0.0011399,0.0075818,0.0084734,0.0037932,0.0012244,0.0042183,9.731E-4,0.0037941,6.4658E-4,0
1520613171547,true,1592.268,0,0.02514,0.0090212,0.0040983,7.2513E-4,0.0046599,0.0010833,0.0056305,0.0011468,0.0074634,0.0085499,0.0038229,0.0012059,0.0042184,9.8424E-4,0.0037799,6.5382E-4,0
1520613171605,true,1592.326,0,0.024973,0.0088784,0.0041042,7.2468E-4,0.0046688,0.0010678,0.0056619,0.0011557,0.0080082,0.0084592,0.003794,0.0012088,0.0042422,9.7378E-4,0.0037272,6.794E-4,0
1520613171662,true,1592.383,0,0.025425,0.0087705,0.0040744,7.2698E-4,0.0046869,0.0010641,0.0056377,0.0011598,0.008822,0.0080702,0.0037597,0.0012147,0.0042702,9.5349E-4,0.0037005,6.9721E-4,0
1520613171733,true,1592.454,0,0.025998,0.0089158,0.0040354,7.174E-4,0.0046918,0.001062,0.0056197,0.0011539,0.0095373,0.0076577,0.0037919,0.0012049,0.0042473,9.5079E-4,0.003704,7.0037E-4,0
1520613171791,true,1592.512,0,0.026469,0.0091239,0.0040499,7.028E-4,0.0046839,0.001062,0.0056291,0.001148,0.009288,0.0078061,0.0038632,0.0011803,0.0041816,9.6388E-4,0.0037163,6.8616E-4,0
1520613171848,true,1592.569,0,0.026538,0.0093434,0.0041329,6.9555E-4,0.0046423,0.0010575,0.0056332,0.0011476,0.0084166,0.0083019,0.0039256,0.0011508,0.0041791,9.602E-4,0.0037169,6.7272E-4,0
1520613171906,true,1592.627,0,0.026156,0.0093916,0.0042031,7.0292E-4,0.0046188,0.001043,0.0056318,0.0011468,0.0079605,0.0087172,0.003939,0.0011395,0.0042445,9.3932E-4,0.003659,6.8294E-4,0
1520613171963,true,1592.684,0,0.025914,0.0092748,0.0042571,7.148E-4,0.0046661,0.0010374,0.0056014,0.001151,0.0079157,0.0088163,0.0038736,0.0011597,0.0043102,9.0954E-4,0.0036213,6.8922E-4,0
1520613172009,true,1592.73,0,0.026005,0.0092352,0.0042433,7.2697E-4,0.0047373,0.0010494,0.0055729,0.0011472,0.0081461,0.0085522,0.0038272,0.0011827,0.0043657,8.8537E-4,0.0036713,6.8095E-4,0
1520613172067,true,1592.788,0,0.02605,0.0092912,0.0042127,7.2389E-4,0.0048122,0.0010636,0.0056057,0.0011354,0.0082714,0.0083046,0.0038416,0.0011908,0.0043374,8.9596E-4,0.003743,6.5958E-4,0
1520613172124,true,1592.845,0,0.026157,0.0092858,0.0042252,7.1486E-4,0.0048439,0.001078,0.0056769,0.001135,0.0076816,0.0084864,0.0038606,0.0011806,0.0042819,9.2178E-4,0.003818,6.3107E-4,0
