1521128098440,true,1579.452,0,0.01386,0.004823,0.009064,1.302E-5,0.007845,9.235E-4,0.007221,7.438E-5,0.04652,0.01069,0.01178,-1.868E-4,0.01204,-1.898E-4,0.009488,2.318E-4,0
1521128098475,true,1579.51,0,0.01346,0.004766,0.009052,6.429E-6,0.007833,9.181E-4,0.007201,7.392E-5,0.04634,0.01099,0.01178,-1.886E-4,0.01202,-1.881E-4,0.009478,2.287E-4,0
1521128098510,true,1579.567,0,0.01297,0.00462,0.009042,6.682E-7,0.007807,9.15E-4,0.007173,7.035E-5,0.0463,0.01111,0.01176,-1.881E-4,0.01201,-1.925E-4,0.00946,2.29E-4,0
1521128098545,true,1579.625,0,0.01332,0.004447,0.009019,-3.769E-6,0.007778,9.16E-4,0.007121,7.311E-5,0.04655,0.01082,0.01174,-1.895E-4,0.01199,-1.983E-4,0.009437,2.27E-4,0
1521128098580,true,1579.682,0,0.01299,0.004842,0.008966,2.927E-6,0.007747,9.217E-4,0.007066,7.82E-5,0.04699,0.01037,0.01172,-1.88E-4,0.01196,-1.957E-4,0.00941,2.269E-4,0
1521128098715,true,1579.728,0,0.01286,0.005421,0.008961,5.457E-6,0.007729,9.231E-4,0.007047,7.639E-5,0.04697,0.01036,0.01171,-1.877E-4,0.01194,-1.893E-4,0.009417,2.217E-4,0
1521128098750,true,1579.786,0,0.01273,0.005674,0.008978,1.17E-5,0.007732,9.226E-4,0.00705,7.987E-5,0.04659,0.01076,0.01174,-1.918E-4,0.01195,-1.905E-4,0.009432,2.175E-4,0
1521128098785,true,1579.843,0,0.012,0.005451,0.009027,2.955E-6,0.007754,9.124E-4,0.007061,7.759E-5,0.04659,0.01099,0.01175,-1.919E-4,0.01197,-1.904E-4,0.009447,2.203E-4,0
1521128098820,true,1579.901,0,0.01203,0.004849,0.009043,8.047E-6,0.007771,9.127E-4,0.007068,8.026E-5,0.0467,0.0111,0.01176,-1.918E-4,0.01199,-1.939E-4,0.00947,2.203E-4,0
1521128098855,true,1579.958,0,0.01249,0.004787,0.009054,8.963E-6,0.007792,9.119E-4,0.007089,7.721E-5,0.0475,0.01036,0.01176,-1.898E-4,0.01201,-1.926E-4,0.009492,2.183E-4,0
1521128099015,true,1580.027,0,0.01289,0.004795,0.009077,5.123E-6,0.007803,9.12E-4,0.007115,7.124E-5,0.04779,0.01005,0.01178,-1.902E-4,0.01203,-1.899E-4,0.009518,2.173E-4,0
1521128099050,true,1580.085,0,0.01285,0.005199,0.009097,5.695E-6,0.007817,9.098E-4,0.007118,7.479E-5,0.04775,0.01006,0.01179,-1.907E-4,0.01205,-1.869E-4,0.009545,2.182E-4,0
1521128099085,true,1580.142,0,0.01238,0.005319,0.009102,1.092E-5,0.007826,9.094E-4,0.007134,7.312E-5,0.04744,0.01044,0.0118,-1.92E-4,0.01206,-1.854E-4,0.009572,2.157E-4,0
1521128099120,true,1580.2,0,0.01212,0.005125,0.009112,1.267E-5,0.007843,9.039E-4,0.007141,7.42E-5,0.04728,0.01094,0.01182,-1.9E-4,0.01209,-1.863E-4,0.009582,2.199E-4,0
1521128099155,true,1580.257,0,0.01214,0.004914,0.009118,9.243E-6,0.007848,9.042E-4,0.00714,7.332E-5,0.04733,0.01103,0.01182,-1.884E-4,0.01211,-1.884E-4,0.009592,2.217E-4,0
1521128099315,true,1580.328,0,0.01218,0.005163,0.009116,8.753E-6,0.007839,9.047E-4,0.007138,7.115E-5,0.04774,0.01066,0.01182,-1.84E-4,0.01212,-1.874E-4,0.009608,2.209E-4,0
1521128099350,true,1580.386,0,0.01239,0.005484,0.009106,8.761E-6,0.00783,9.068E-4,0.007141,6.74E-5,0.04777,0.01062,0.01182,-1.83E-4,0.01211,-1.837E-4,0.009608,2.243E-4,0
1521128099385,true,1580.443,0,0.01208,0.005841,0.009099,-1.757E-7,0.007809,9.089E-4,0.007123,6.874E-5,0.04734,0.01108,0.01182,-1.849E-4,0.01211,-1.836E-4,0.009622,2.183E-4,0
1521128099420,true,1580.501,0,0.01148,0.005547,0.009108,-8.557E-6,0.007792,9.059E-4,0.007117,6.299E-5,0.04705,0.01142,0.01182,-1.907E-4,0.01211,-1.867E-4,0.00961,2.171E-4,0
1521128099455,true,1580.558,0,0.01129,0.004941,0.009094,-1.371E-5,0.007773,9.034E-4,0.007091,6.55E-5,0.04701,0.01148,0.01181,-1.932E-4,0.0121,-1.883E-4,0.009597,2.172E-4,0
1521128099590,true,1580.602,0,0.0117,0.004623,0.009065,-1.539E-5,0.007752,9.013E-4,0.007056,6.536E-5,0.04756,0.01088,0.01179,-1.883E-4,0.0121,-1.932E-4,0.009592,2.146E-4,0
1521128099626,true,1580.66,0,0.01151,0.005076,0.009035,-2.142E-5,0.007723,8.999E-4,0.007012,6.467E-5,0.04816,0.01022,0.01175,-1.835E-4,0.01207,-1.928E-4,0.009574,2.152E-4,0
1521128099660,true,1580.717,0,0.01149,0.005431,0.008988,-2.273E-5,0.007682,9.022E-4,0.006979,5.944E-5,0.0483,0.009991,0.01172,-1.845E-4,0.01204,-1.893E-4,0.009539,2.159E-4,0
1521128099695,true,1580.775,0,0.011,0.005835,0.008948,-1.562E-5,0.007634,9.071E-4,0.006938,6.331E-5,0.04808,0.01013,0.0117,-1.877E-4,0.01201,-1.874E-4,0.009508,2.184E-4,0
1521128099730,true,1580.832,0,0.01028,0.005665,0.008934,-9.306E-6,0.007617,9.08E-4,0.006947,5.561E-5,0.0478,0.01046,0.01169,-1.92E-4,0.01201,-1.859E-4,0.009489,2.246E-4,0
1521128099866,true,1580.878,0,0.01051,0.005245,0.008943,-1.065E-5,0.007626,9.089E-4,0.006954,5.594E-5,0.04797,0.01037,0.01168,-1.88E-4,0.01203,-1.903E-4,0.009495,2.286E-4,0
1521128099900,true,1580.936,0,0.0108,0.005347,0.008953,-1.329E-5,0.007647,9.058E-4,0.006962,5.439E-5,0.04847,0.009847,0.01168,-1.885E-4,0.01205,-1.915E-4,0.009517,2.274E-4,0
1521128099935,true,1580.993,0,0.01079,0.005827,0.008971,-1.715E-5,0.007656,9.044E-4,0.006968,5.183E-5,0.04855,0.009641,0.0117,-1.956E-4,0.01205,-1.883E-4,0.009534,2.287E-4,0
1521128099971,true,1581.051,0,0.01065,0.006194,0.00899,-1.542E-5,0.007653,9.093E-4,0.006969,5.376E-5,0.04805,0.01014,0.01171,-2.013E-4,0.01207,-1.901E-4,0.009555,2.271E-4,0
1521128100005,true,1581.108,0,0.009745,0.006438,0.009011,-1.682E-5,0.007667,9.033E-4,0.006988,5.187E-5,0.04765,0.01061,0.01173,-2.083E-4,0.01208,-1.934E-4,0.009579,2.269E-4,0
1521128100165,true,1581.179,0,0.009064,0.006025,0.009036,-1.711E-5,0.007665,9.035E-4,0.006993,5.295E-5,0.04737,0.01096,0.01173,-2.089E-4,0.01212,-2.01E-4,0.009593,2.291E-4,0
1521128100201,true,1581.237,0,0.009457,0.005412,0.009056,-1.578E-5,0.007673,8.984E-4,0.007004,4.627E-5,0.0476,0.01067,0.01172,-2.106E-4,0.01213,-2.001E-4,0.009599,2.318E-4,0
1521128100236,true,1581.294,0,0.009847,0.00531,0.009066,-1.712E-5,0.007678,8.973E-4,0.007002,4.287E-5,0.0481,0.0101,0.01172,-2.087E-4,0.01214,-2.029E-4,0.009619,2.295E-4,0
1521128100271,true,1581.352,0,0.01004,0.005586,0.00906,-1.861E-5,0.007676,8.957E-4,0.007005,3.838E-5,0.04834,0.009847,0.01171,-2.1E-4,0.01213,-2.001E-4,0.009629,2.285E-4,0
1521128100305,true,1581.409,0,0.009946,0.005804,0.009044,-1.665E-5,0.007661,8.906E-4,0.006997,3.797E-5,0.04804,0.01012,0.01172,-2.143E-4,0.01213,-2.013E-4,0.009627,2.311E-4,0
1521128100465,true,1581.478,0,0.009662,0.005666,0.009044,-1.764E-5,0.007642,8.897E-4,0.006979,4.081E-5,0.04754,0.01056,0.01172,-2.178E-4,0.01213,-2.023E-4,0.009614,2.34E-4,0
1521128100500,true,1581.536,0,0.009906,0.005136,0.009018,-1.813E-5,0.007619,8.898E-4,0.006954,4.018E-5,0.04735,0.01084,0.0117,-2.205E-4,0.01212,-2.051E-4,0.009599,2.35E-4,0
1521128100535,true,1581.593,0,0.0103,0.005092,0.008984,-1.735E-5,0.007597,8.884E-4,0.006926,3.876E-5,0.04773,0.01045,0.01167,-2.182E-4,0.0121,-2.095E-4,0.009577,2.353E-4,0
1521128100570,true,1581.651,0,0.01045,0.005441,0.008963,-2.351E-5,0.007563,8.902E-4,0.006887,3.87E-5,0.04818,0.009959,0.01165,-2.205E-4,0.01208,-2.109E-4,0.00956,2.328E-4,0
1521128100605,true,1581.708,0,0.01054,0.005731,0.008922,-2.712E-5,0.007519,8.902E-4,0.00685,4.021E-5,0.04765,0.01022,0.01162,-2.245E-4,0.01205,-2.102E-4,0.009539,2.276E-4,0
1521128100741,true,1581.753,0,0.009993,0.005872,0.008873,-3.075E-5,0.007465,8.9E-4,0.006803,3.68E-5,0.04716,0.01064,0.0116,-2.31E-4,0.01201,-2.1E-4,0.009501,2.278E-4,0
1521128100775,true,1581.811,0,0.009322,0.005535,0.008829,-2.458E-5,0.007411,8.866E-4,0.006758,4.523E-5,0.04682,0.01095,0.01156,-2.322E-4,0.01198,-2.05E-4,0.009455,2.342E-4,0
1521128100811,true,1581.868,0,0.009346,0.005095,0.008817,-1.87E-5,0.007396,8.865E-4,0.006737,4.785E-5,0.047,0.0108,0.01154,-2.26E-4,0.01198,-2.099E-4,0.00944,2.347E-4,0
1521128100869,true,1581.926,0,0.009965,0.005058,0.008834,-2.077E-5,0.007399,8.819E-4,0.006748,3.831E-5,0.04755,0.01005,0.01153,-2.278E-4,0.01197,-2.058E-4,0.009447,2.344E-4,0
1521128100904,true,1581.983,0,0.01057,0.005042,0.008847,-2.475E-5,0.007413,8.796E-4,0.006753,3.948E-5,0.04805,0.009619,0.01152,-2.302E-4,0.01198,-2.057E-4,0.009466,2.282E-4,0
1521128101016,true,1582.028,0,0.01055,0.005193,0.008855,-2.417E-5,0.007432,8.731E-4,0.006754,4.388E-5,0.04793,0.009692,0.01153,-2.335E-4,0.01198,-2.062E-4,0.009479,2.253E-4,0
1521128101051,true,1582.086,0,0.01033,0.005182,0.008858,-2.435E-5,0.007435,8.734E-4,0.006754,4.486E-5,0.04761,0.009943,0.01153,-2.386E-4,0.012,-2.058E-4,0.009482,2.236E-4,0
1521128101086,true,1582.143,0,0.01044,0.004763,0.008846,-1.788E-5,0.00744,8.681E-4,0.006742,5.372E-5,0.04765,0.009968,0.01153,-2.41E-4,0.01202,-2.079E-4,0.009493,2.233E-4,0
1521128101121,true,1582.201,0,0.01083,0.004491,0.008851,-1.63E-5,0.007446,8.703E-4,0.00674,5.375E-5,0.04798,0.009586,0.01153,-2.376E-4,0.01204,-2.15E-4,0.009499,2.244E-4,0
1521128101156,true,1582.258,0,0.01161,0.004471,0.008848,-1.557E-5,0.007456,8.687E-4,0.00675,4.743E-5,0.04847,0.009056,0.01153,-2.379E-4,0.01205,-2.141E-4,0.009502,2.264E-4,0
1521128101315,true,1582.329,0,0.01191,0.004693,0.008836,-1.458E-5,0.00746,8.682E-4,0.006755,4.375E-5,0.04822,0.009197,0.01153,-2.377E-4,0.01205,-2.155E-4,0.009518,2.221E-4,0
1521128101350,true,1582.387,0,0.01148,0.005025,0.008839,-1.67E-5,0.007458,8.694E-4,0.006748,4.863E-5,0.04773,0.00956,0.01153,-2.409E-4,0.01206,-2.194E-4,0.00952,2.214E-4,0
1521128101385,true,1582.444,0,0.01124,0.004733,0.008827,-1.28E-5,0.007435,8.711E-4,0.006741,4.893E-5,0.04739,0.01003,0.01152,-2.387E-4,0.01207,-2.22E-4,0.009519,2.224E-4,0
1521128101430,true,1582.502,0,0.01121,0.004109,0.008801,-7.357E-6,0.007412,8.731E-4,0.006725,5.166E-5,0.04755,0.009943,0.0115,-2.376E-4,0.01207,-2.253E-4,0.009496,2.251E-4,0
1521128101465,true,1582.559,0,0.01165,0.003867,0.008752,-1.381E-6,0.007398,8.74E-4,0.006697,5.301E-5,0.04808,0.009377,0.01148,-2.349E-4,0.01206,-2.282E-4,0.009474,2.265E-4,0
1521128101616,true,1582.629,0,0.0115,0.004224,0.00873,-4.659E-6,0.007368,8.775E-4,0.006666,5.492E-5,0.04819,0.009102,0.01145,-2.336E-4,0.01204,-2.29E-4,0.00945,2.309E-4,0
1521128101651,true,1582.687,0,0.01192,0.004174,0.008699,-8.677E-6,0.007337,8.78E-4,0.006641,5.589E-5,0.04786,0.00938,0.01143,-2.353E-4,0.01201,-2.277E-4,0.009438,2.257E-4,0
1521128101686,true,1582.744,0,0.0116,0.004286,0.008661,-1.114E-5,0.007294,8.791E-4,0.006612,5.308E-5,0.04747,0.009821,0.0114,-2.365E-4,0.01199,-2.324E-4,0.009404,2.274E-4,0
1521128101721,true,1582.802,0,0.01126,0.003897,0.00861,-1.176E-6,0.007272,8.743E-4,0.006562,5.831E-5,0.04738,0.009931,0.01136,-2.332E-4,0.01195,-2.277E-4,0.009364,2.324E-4,0
1521128101756,true,1582.859,0,0.01169,0.003416,0.008592,9.651E-6,0.007246,8.792E-4,0.006533,6.163E-5,0.04752,0.009813,0.01134,-2.286E-4,0.01193,-2.233E-4,0.009338,2.43E-4,0
1521128101891,true,1582.904,0,0.01222,0.003475,0.008593,1.313E-5,0.007249,8.823E-4,0.006534,5.823E-5,0.04786,0.009454,0.01134,-2.275E-4,0.01193,-2.239E-4,0.009334,2.481E-4,0
1521128101926,true,1582.962,0,0.0127,0.003674,0.008608,1.389E-5,0.007257,8.85E-4,0.00654,5.885E-5,0.04774,0.009477,0.01134,-2.293E-4,0.01194,-2.275E-4,0.009348,2.417E-4,0
1521128101960,true,1583.019,0,0.01224,0.004195,0.00862,1.486E-5,0.007267,8.838E-4,0.006552,5.636E-5,0.04723,0.009827,0.01134,-2.284E-4,0.01194,-2.234E-4,0.009352,2.421E-4,0
1521128101995,true,1583.077,0,0.01139,0.004289,0.008632,1.46E-5,0.007254,8.9E-4,0.006562,5.482E-5,0.04686,0.01023,0.01134,-2.314E-4,0.01195,-2.261E-4,0.009358,2.422E-4,0
1521128102030,true,1583.134,0,0.01126,0.00371,0.00865,1.677E-5,0.007261,8.929E-4,0.00656,6.357E-5,0.04685,0.01034,0.01134,-2.285E-4,0.01197,-2.246E-4,0.009373,2.421E-4,0
1521128102190,true,1583.203,0,0.01151,0.003406,0.008656,1.829E-5,0.007267,9.031E-4,0.006563,6.51E-5,0.04741,0.009732,0.01135,-2.261E-4,0.01198,-2.272E-4,0.009383,2.456E-4,0
1521128102225,true,1583.261,0,0.01175,0.003542,0.008669,1.869E-5,0.00728,9.071E-4,0.006575,5.689E-5,0.04816,0.009016,0.01135,-2.243E-4,0.01199,-2.302E-4,0.009403,2.455E-4,0
1521128102261,true,1583.318,0,0.01187,0.003811,0.008672,1.653E-5,0.007291,9.076E-4,0.00658,5.533E-5,0.04807,0.00904,0.01135,-2.263E-4,0.01197,-2.251E-4,0.00942,2.383E-4,0
1521128102295,true,1583.376,0,0.01155,0.004061,0.00868,1.57E-5,0.007279,9.1E-4,0.006579,5.819E-5,0.04765,0.009353,0.01135,-2.317E-4,0.01197,-2.251E-4,0.009423,2.411E-4,0
1521128102330,true,1583.433,0,0.01115,0.003864,0.008683,1.642E-5,0.007272,9.117E-4,0.006573,6.119E-5,0.04739,0.009766,0.01134,-2.279E-4,0.01198,-2.307E-4,0.009406,2.451E-4,0
1521128102465,true,1583.479,0,0.01129,0.003561,0.008683,1.553E-5,0.00726,9.12E-4,0.006567,6.269E-5,0.04755,0.00967,0.01132,-2.25E-4,0.01198,-2.326E-4,0.009407,2.418E-4,0
1521128102500,true,1583.537,0,0.0116,0.003579,0.008668,1.74E-5,0.00726,9.104E-4,0.006544,6.155E-5,0.04799,0.009088,0.01131,-2.266E-4,0.01198,-2.365E-4,0.009393,2.408E-4,0
1521128102535,true,1583.594,0,0.01161,0.003861,0.008657,1.714E-5,0.007242,9.147E-4,0.006519,6.471E-5,0.04806,0.008957,0.0113,-2.269E-4,0.01196,-2.35E-4,0.009375,2.406E-4,0
1521128102570,true,1583.652,0,0.0115,0.004229,0.008632,1.154E-5,0.00722,9.138E-4,0.006502,6.635E-5,0.04733,0.009678,0.01128,-2.269E-4,0.01193,-2.345E-4,0.009356,2.376E-4,0
1521128102605,true,1583.709,0,0.0104,0.00449,0.008604,1.088E-5,0.007199,9.08E-4,0.006484,6.54E-5,0.04712,0.009896,0.01125,-2.278E-4,0.01191,-2.4E-4,0.009329,2.368E-4,0
1521128102766,true,1583.778,0,0.0104,0.004036,0.00856,1.917E-5,0.007164,9.105E-4,0.006444,6.977E-5,0.04699,0.01006,0.01121,-2.271E-4,0.01188,-2.396E-4,0.009283,2.436E-4,0
1521128102800,true,1583.836,0,0.01009,0.003874,0.008556,2.22E-5,0.00714,9.189E-4,0.006417,7.626E-5,0.04732,0.009639,0.01119,-2.258E-4,0.01186,-2.363E-4,0.009262,2.476E-4,0
1521128102835,true,1583.893,0,0.01017,0.004041,0.008583,2.028E-5,0.007139,9.243E-4,0.006418,7.767E-5,0.04796,0.008991,0.01118,-2.198E-4,0.01185,-2.308E-4,0.009273,2.441E-4,0
1521128102870,true,1583.951,0,0.009822,0.004381,0.008614,1.544E-5,0.007141,9.262E-4,0.006437,7.576E-5,0.04794,0.008839,0.01118,-2.213E-4,0.01185,-2.295E-4,0.009282,2.433E-4,0
1521128102905,true,1584.008,0,0.009618,0.004517,0.008633,2.111E-5,0.007143,9.352E-4,0.006458,7.535E-5,0.04762,0.009057,0.0112,-2.239E-4,0.01186,-2.27E-4,0.009304,2.347E-4,0
1521128103040,true,1584.054,0,0.009017,0.004785,0.008655,2.179E-5,0.007154,9.292E-4,0.006489,7.369E-5,0.04728,0.009471,0.0112,-2.226E-4,0.01187,-2.281E-4,0.00931,2.371E-4,0
1521128103075,true,1584.112,0,0.008919,0.004437,0.008683,2.253E-5,0.007174,9.261E-4,0.0065,7.053E-5,0.04701,0.009789,0.01119,-2.201E-4,0.01188,-2.3E-4,0.009323,2.34E-4,0
1521128103110,true,1584.169,0,0.009251,0.004315,0.008705,2.644E-5,0.007179,9.281E-4,0.00652,6.999E-5,0.04732,0.009396,0.01119,-2.166E-4,0.01189,-2.318E-4,0.009338,2.331E-4,0
1521128103145,true,1584.227,0,0.009342,0.004772,0.008734,2.163E-5,0.007203,9.258E-4,0.00653,7.377E-5,0.04753,0.009088,0.0112,-2.171E-4,0.0119,-2.309E-4,0.009357,2.273E-4,0
1521128103180,true,1584.284,0,0.009555,0.005039,0.008749,2.099E-5,0.007219,9.245E-4,0.006544,7.527E-5,0.04699,0.009491,0.0112,-2.19E-4,0.0119,-2.294E-4,0.009358,2.284E-4,0
1521128103316,true,1584.329,0,0.008971,0.0053,0.008766,1.438E-5,0.007226,9.233E-4,0.00656,7.505E-5,0.04685,0.009638,0.01121,-2.215E-4,0.0119,-2.248E-4,0.009367,2.273E-4,0
1521128103351,true,1584.387,0,0.008345,0.005069,0.008771,1.709E-5,0.007224,9.215E-4,0.006573,7.193E-5,0.04633,0.01021,0.0112,-2.156E-4,0.01191,-2.293E-4,0.009364,2.304E-4,0
1521128103385,true,1584.444,0,0.008806,0.004466,0.008766,1.52E-5,0.007245,9.123E-4,0.006577,7.14E-5,0.04666,0.009829,0.01119,-2.145E-4,0.0119,-2.283E-4,0.009364,2.306E-4,0
1521128103421,true,1584.502,0,0.009407,0.004294,0.008761,1.078E-5,0.007238,9.124E-4,0.006573,6.776E-5,0.04723,0.009243,0.01117,-2.106E-4,0.0119,-2.295E-4,0.009364,2.286E-4,0
1521128103456,true,1584.559,0,0.009419,0.004671,0.008734,1.44E-5,0.007214,9.155E-4,0.006569,6.61E-5,0.04735,0.008962,0.01117,-2.15E-4,0.01187,-2.244E-4,0.009353,2.293E-4,0
1521128103616,true,1584.629,0,0.009331,0.005163,0.008711,1.401E-5,0.007199,9.133E-4,0.006556,6.824E-5,0.04694,0.009151,0.01115,-2.123E-4,0.01185,-2.287E-4,0.009341,2.284E-4,0
1521128103651,true,1584.687,0,0.009089,0.005144,0.008681,1.774E-5,0.007174,9.116E-4,0.006532,7.165E-5,0.04679,0.009264,0.01112,-2.081E-4,0.01183,-2.315E-4,0.009314,2.271E-4,0
1521128103686,true,1584.744,0,0.008984,0.004805,0.008659,1.234E-5,0.00715,9.048E-4,0.006512,6.726E-5,0.04647,0.009626,0.0111,-2.142E-4,0.01181,-2.34E-4,0.009277,2.265E-4,0
1521128103721,true,1584.802,0,0.009025,0.004727,0.008605,2.319E-5,0.007101,9.089E-4,0.006482,6.636E-5,0.04655,0.009453,0.01106,-2.099E-4,0.01177,-2.343E-4,0.009234,2.292E-4,0
1521128103756,true,1584.859,0,0.008948,0.00511,0.008586,3.029E-5,0.007072,9.19E-4,0.006453,6.796E-5,0.0468,0.009202,0.01103,-1.993E-4,0.01176,-2.362E-4,0.009224,2.28E-4,0
1521128103916,true,1584.928,0,0.009225,0.005442,0.008607,2.96E-5,0.007086,9.18E-4,0.006464,6.87E-5,0.04629,0.009542,0.01102,-2.0E-4,0.01174,-2.313E-4,0.009219,2.302E-4,0
1521128103950,true,1584.986,0,0.008726,0.005745,0.008631,3.101E-5,0.00709,9.154E-4,0.00649,6.329E-5,0.04568,0.01007,0.01102,-2.009E-4,0.01174,-2.319E-4,0.009235,2.262E-4,0
1521128103985,true,1585.043,0,0.008375,0.005677,0.008663,3.071E-5,0.007101,9.142E-4,0.006508,6.292E-5,0.04544,0.01039,0.01103,-2.002E-4,0.01174,-2.269E-4,0.00924,2.279E-4,0
1521128104020,true,1585.101,0,0.008537,0.005214,0.008679,2.871E-5,0.007121,9.164E-4,0.006523,6.347E-5,0.04526,0.0106,0.01101,-1.931E-4,0.01174,-2.261E-4,0.009255,2.287E-4,0
1521128104055,true,1585.158,0,0.008941,0.005089,0.008691,3.005E-5,0.007139,9.213E-4,0.006529,6.856E-5,0.04584,0.01001,0.011,-1.882E-4,0.01174,-2.297E-4,0.009284,2.275E-4,0
1521128104216,true,1585.229,0,0.009107,0.005184,0.008709,2.33E-5,0.007145,9.253E-4,0.006539,6.968E-5,0.04626,0.009588,0.01101,-1.899E-4,0.01175,-2.337E-4,0.009293,2.286E-4,0
1521128104251,true,1585.287,0,0.009004,0.005615,0.008717,2.102E-5,0.007149,9.276E-4,0.006553,7.125E-5,0.0461,0.009656,0.01101,-1.885E-4,0.01176,-2.332E-4,0.009307,2.297E-4,0
1521128104286,false,1585.344,0,0.008417,0.005892,0.008732,1.738E-5,0.007145,9.294E-4,0.006567,6.684E-5,0.0,0.0,0.0,0.0,0.0,0.0,0.0,0.0,0
1521128104321,true,1585.402,0,0.008147,0.005661,0.008726,2.519E-5,0.007157,9.235E-4,0.006573,6.884E-5,0.04569,0.01017,0.011,-1.891E-4,0.01175,-2.366E-4,0.009312,2.387E-4,0
1521128104355,true,1585.459,0,0.008652,0.005322,0.008722,2.357E-5,0.007157,9.199E-4,0.006564,6.655E-5,0.04601,0.009852,0.01098,-1.824E-4,0.01174,-2.39E-4,0.009316,2.386E-4,0
1521128104491,true,1585.505,0,0.008739,0.005438,0.008706,2.486E-5,0.007152,9.194E-4,0.006547,6.942E-5,0.04643,0.009412,0.01096,-1.784E-4,0.01172,-2.384E-4,0.00931,2.419E-4,0
1521128104526,true,1585.563,0,0.008542,0.005929,0.008692,2.151E-5,0.007143,9.193E-4,0.00654,6.684E-5,0.04669,0.009211,0.01094,-1.76E-4,0.0117,-2.375E-4,0.009305,2.361E-4,0
1521128104560,true,1585.62,0,0.0087,0.00609,0.008685,2.265E-5,0.00713,9.205E-4,0.006521,6.601E-5,0.04614,0.009754,0.01092,-1.732E-4,0.01167,-2.401E-4,0.0093,2.324E-4,0
1521128104595,true,1585.678,0,0.00782,0.006159,0.008658,2.388E-5,0.007106,9.216E-4,0.006502,7.11E-5,0.04597,0.009922,0.0109,-1.746E-4,0.01165,-2.395E-4,0.009277,2.275E-4,0
1521128104630,true,1585.735,0,0.007652,0.005608,0.008623,2.772E-5,0.007072,9.184E-4,0.006471,7.058E-5,0.04595,0.01007,0.01086,-1.704E-4,0.01162,-2.4E-4,0.009249,2.24E-4,0
1521128104766,true,1585.779,0,0.007681,0.005307,0.008598,2.139E-5,0.007047,9.168E-4,0.006425,7.527E-5,0.04649,0.009483,0.01084,-1.725E-4,0.01158,-2.424E-4,0.00922,2.242E-4,0
1521128104801,true,1585.837,0,0.007852,0.005493,0.00855,1.983E-5,0.006997,9.195E-4,0.006383,6.936E-5,0.04711,0.00867,0.0108,-1.723E-4,0.01154,-2.43E-4,0.009181,2.259E-4,0
1521128104836,true,1585.894,0,0.008224,0.005589,0.00851,2.132E-5,0.006946,9.281E-4,0.006349,7.383E-5,0.04712,0.008515,0.01077,-1.709E-4,0.01149,-2.377E-4,0.009137,2.292E-4,0
1521128104871,true,1585.952,0,0.007714,0.005688,0.008498,2.597E-5,0.006916,9.339E-4,0.006325,8.56E-5,0.04696,0.008427,0.01075,-1.699E-4,0.01147,-2.357E-4,0.009119,2.313E-4,0
1521128104905,true,1586.009,0,0.0074,0.005564,0.008506,2.62E-5,0.006903,9.336E-4,0.00633,8.524E-5,0.04678,0.008713,0.01073,-1.683E-4,0.01147,-2.367E-4,0.009121,2.285E-4,0
1521128105066,true,1586.08,0,0.007795,0.004989,0.008515,2.405E-5,0.006894,9.372E-4,0.006342,7.746E-5,0.04699,0.008567,0.01072,-1.659E-4,0.01148,-2.419E-4,0.009126,2.273E-4,0
1521128105100,true,1586.138,0,0.008484,0.004797,0.008512,2.206E-5,0.006896,9.377E-4,0.006334,7.696E-5,0.04745,0.008208,0.0107,-1.62E-4,0.01148,-2.447E-4,0.009126,2.285E-4,0
1521128105136,true,1586.195,0,0.008342,0.005107,0.008514,1.991E-5,0.006892,9.43E-4,0.006346,7.251E-5,0.04742,0.008219,0.0107,-1.598E-4,0.01147,-2.463E-4,0.009134,2.221E-4,0
1521128105170,true,1586.253,0,0.008798,0.005088,0.008529,1.989E-5,0.006905,9.431E-4,0.006364,6.839E-5,0.04702,0.008459,0.01069,-1.575E-4,0.01146,-2.459E-4,0.009131,2.259E-4,0
1521128105205,true,1586.31,0,0.008144,0.00503,0.008538,2.279E-5,0.006915,9.38E-4,0.006379,6.48E-5,0.04679,0.008642,0.01069,-1.58E-4,0.01145,-2.392E-4,0.009144,2.226E-4,0
1521128105342,true,1586.356,0,0.007603,0.004492,0.008547,1.922E-5,0.006896,9.452E-4,0.006389,6.304E-5,0.0466,0.008925,0.01067,-1.537E-4,0.01144,-2.394E-4,0.009144,2.211E-4,0
1521128105377,true,1586.414,0,0.007675,0.004081,0.008548,1.759E-5,0.006894,9.432E-4,0.006385,6.528E-5,0.04695,0.008568,0.01067,-1.565E-4,0.01144,-2.399E-4,0.009143,2.207E-4,0
1521128105412,true,1586.471,0,0.007991,0.004277,0.008534,1.863E-5,0.006889,9.442E-4,0.006378,6.801E-5,0.04738,0.007951,0.01065,-1.54E-4,0.01144,-2.475E-4,0.009138,2.19E-4,0
1521128105447,true,1586.529,0,0.007924,0.004582,0.008535,1.087E-5,0.00688,9.437E-4,0.006371,6.548E-5,0.04751,0.007755,0.01064,-1.554E-4,0.01142,-2.441E-4,0.009147,2.088E-4,0
1521128105481,true,1586.586,0,0.008184,0.004599,0.008525,6.51E-6,0.006855,9.413E-4,0.006369,6.257E-5,0.04731,0.00799,0.01063,-1.54E-4,0.0114,-2.444E-4,0.009137,2.047E-4,0
1521128105641,true,1586.655,0,0.008226,0.004381,0.008512,3.055E-6,0.006822,9.435E-4,0.006346,6.496E-5,0.04738,0.008154,0.01061,-1.535E-4,0.01138,-2.442E-4,0.00911,2.069E-4,0
1521128105676,true,1586.713,0,0.008041,0.00421,0.008476,1.787E-6,0.006803,9.429E-4,0.006328,6.183E-5,0.04726,0.008376,0.01058,-1.475E-4,0.01136,-2.458E-4,0.009088,2.086E-4,0
1521128105711,true,1586.77,0,0.008369,0.004189,0.00844,8.899E-7,0.006788,9.401E-4,0.006293,5.795E-5,0.04766,0.007878,0.01056,-1.501E-4,0.01134,-2.461E-4,0.009063,2.084E-4,0
1521128105746,true,1586.828,0,0.00852,0.004631,0.008409,-6.074E-6,0.006763,9.435E-4,0.00626,5.534E-5,0.04789,0.00758,0.01054,-1.51E-4,0.01131,-2.447E-4,0.009031,2.05E-4,0
1521128105781,true,1586.885,0,0.008837,0.00486,0.008372,-3.417E-6,0.006723,9.455E-4,0.006221,5.621E-5,0.04758,0.007782,0.01051,-1.53E-4,0.01127,-2.439E-4,0.008983,2.098E-4,0
1521128105916,true,1586.931,0,0.008605,0.004848,0.008352,4.448E-6,0.006686,9.541E-4,0.006204,6.081E-5,0.04705,0.008082,0.01049,-1.532E-4,0.01124,-2.42E-4,0.00896,2.106E-4,0
1521128105951,true,1586.989,0,0.00819,0.004585,0.008371,9.08E-6,0.006692,9.544E-4,0.006212,5.855E-5,0.04681,0.008402,0.01048,-1.539E-4,0.01126,-2.454E-4,0.008959,2.146E-4,0
1521128105986,true,1587.046,0,0.008289,0.004213,0.00839,1.211E-5,0.006695,9.567E-4,0.006228,5.707E-5,0.04701,0.00808,0.01047,-1.516E-4,0.01126,-2.436E-4,0.008963,2.131E-4,0
1521128106021,true,1587.104,0,0.008479,0.004189,0.008405,1.382E-5,0.006723,9.52E-4,0.006235,5.369E-5,0.04756,0.007559,0.01047,-1.497E-4,0.01127,-2.443E-4,0.008971,2.138E-4,0
1521128106056,true,1587.161,0,0.00853,0.004456,0.008418,1.183E-5,0.006733,9.551E-4,0.00624,5.564E-5,0.04784,0.007178,0.01048,-1.47E-4,0.01127,-2.373E-4,0.008996,2.084E-4,0
1521128106216,true,1587.23,0,0.008807,0.004656,0.008449,9.08E-6,0.006756,9.531E-4,0.006263,5.74E-5,0.04741,0.007637,0.0105,-1.507E-4,0.01127,-2.348E-4,0.009009,2.073E-4,0
1521128106251,true,1587.288,0,0.00862,0.004542,0.008479,7.968E-6,0.00677,9.514E-4,0.006289,5.597E-5,0.04698,0.008059,0.01052,-1.508E-4,0.01128,-2.324E-4,0.009022,2.057E-4,0
1521128106286,true,1587.345,0,0.008407,0.004254,0.008518,3.927E-6,0.006793,9.516E-4,0.006312,5.673E-5,0.04676,0.00838,0.01053,-1.552E-4,0.01129,-2.329E-4,0.009029,2.081E-4,0
1521128106320,true,1587.403,0,0.008737,0.004142,0.008534,5.516E-6,0.006814,9.528E-4,0.006331,5.534E-5,0.04712,0.008069,0.01055,-1.544E-4,0.01132,-2.342E-4,0.009039,2.101E-4,0
1521128106356,true,1587.46,0,0.008949,0.004525,0.008551,6.858E-7,0.006838,9.51E-4,0.006345,5.51E-5,0.04758,0.007686,0.01056,-1.518E-4,0.01133,-2.345E-4,0.009058,2.074E-4,0
1521128106491,true,1587.505,0,0.009214,0.004949,0.008564,-3.359E-6,0.00685,9.513E-4,0.006349,5.245E-5,0.0473,0.007942,0.01056,-1.471E-4,0.01133,-2.333E-4,0.00907,2.024E-4,0
1521128106526,true,1587.563,0,0.009196,0.005196,0.008573,-3.764E-6,0.006852,9.532E-4,0.006344,5.377E-5,0.04647,0.008718,0.01056,-1.454E-4,0.01133,-2.338E-4,0.009074,2.001E-4,0
1521128106561,true,1587.62,0,0.008956,0.004876,0.008564,-3.856E-6,0.006847,9.553E-4,0.006351,4.894E-5,0.04608,0.009146,0.01056,-1.478E-4,0.01131,-2.324E-4,0.009062,2.028E-4,0
1521128106595,true,1587.678,0,0.008744,0.004453,0.008559,-3.936E-6,0.006849,9.6E-4,0.006336,4.976E-5,0.04617,0.009097,0.01056,-1.408E-4,0.01132,-2.377E-4,0.009055,2.025E-4,0
1521128106631,true,1587.735,0,0.009013,0.004367,0.008543,-3.565E-6,0.006844,9.607E-4,0.006321,4.599E-5,0.04655,0.008667,0.01055,-1.38E-4,0.01131,-2.401E-4,0.009038,2.027E-4,0
1521128106791,true,1587.805,0,0.009318,0.004678,0.008524,-6.526E-6,0.006833,9.57E-4,0.006299,4.531E-5,0.04693,0.008184,0.01055,-1.386E-4,0.01128,-2.373E-4,0.009018,1.99E-4,0
1521128106826,true,1587.863,0,0.009017,0.005092,0.008507,-4.908E-6,0.006817,9.561E-4,0.006272,4.594E-5,0.04647,0.008518,0.01053,-1.405E-4,0.01125,-2.352E-4,0.009005,1.899E-4,0
1521128106861,false,1587.92,0,0.008968,0.005012,0.008463,0.0,0.006796,9.536E-4,0.006263,3.766E-5,0.04639,0.008596,0.01051,-1.404E-4,0.01123,-2.343E-4,0.008964,1.914E-4,0
1521128106896,true,1587.978,0,0.008645,0.004714,0.008432,1.505E-5,0.006773,9.591E-4,0.006236,4.053E-5,0.04603,0.009032,0.0105,-1.338E-4,0.0112,-2.306E-4,0.008939,1.941E-4,0
1521128106930,true,1588.035,0,0.008809,0.004519,0.008438,2.133E-5,0.006791,9.587E-4,0.006238,4.842E-5,0.04612,0.009006,0.0105,-1.355E-4,0.01122,-2.342E-4,0.008926,1.981E-4,0
1521128107066,true,1588.08,0,0.009297,0.004691,0.008448,3.171E-5,0.0068,9.656E-4,0.006252,4.709E-5,0.04675,0.008584,0.01052,-1.333E-4,0.01123,-2.333E-4,0.008933,2.01E-4,0
1521128107100,true,1588.138,0,0.009014,0.005119,0.008469,3.33E-5,0.006832,9.627E-4,0.006283,4.583E-5,0.04661,0.008742,0.01055,-1.38E-4,0.01125,-2.3E-4,0.008964,1.932E-4,0
1521128107136,true,1588.195,0,0.008787,0.005344,0.008501,2.985E-5,0.006868,9.583E-4,0.006304,4.806E-5,0.04613,0.009163,0.01057,-1.372E-4,0.01127,-2.312E-4,0.008978,1.952E-4,0
1521128107171,true,1588.253,0,0.008616,0.00523,0.008532,2.934E-5,0.006902,9.539E-4,0.006325,5.274E-5,0.04593,0.009537,0.01059,-1.33E-4,0.01129,-2.327E-4,0.008998,1.966E-4,0
1521128107205,true,1588.31,0,0.009054,0.004544,0.008558,2.88E-5,0.006918,9.544E-4,0.006352,5.447E-5,0.0459,0.009698,0.01062,-1.315E-4,0.01132,-2.342E-4,0.009026,1.954E-4,0
1521128107365,true,1588.38,0,0.009613,0.004259,0.008581,3.045E-5,0.006941,9.578E-4,0.006374,5.475E-5,0.04643,0.009198,0.01064,-1.281E-4,0.01134,-2.378E-4,0.009048,1.943E-4,0
1521128107401,true,1588.438,0,0.01038,0.004278,0.008588,3.051E-5,0.006968,9.582E-4,0.006396,5.197E-5,0.04695,0.008695,0.01067,-1.253E-4,0.01136,-2.372E-4,0.009066,1.946E-4,0
1521128107435,true,1588.495,0,0.01069,0.004608,0.008607,2.621E-5,0.006996,9.554E-4,0.006412,5.187E-5,0.04672,0.008993,0.01069,-1.272E-4,0.01137,-2.342E-4,0.009087,1.913E-4,0
1521128107471,true,1588.553,0,0.01062,0.004826,0.008622,2.655E-5,0.007004,9.544E-4,0.006424,5.385E-5,0.04633,0.009459,0.01072,-1.282E-4,0.01137,-2.328E-4,0.009101,1.878E-4,0
1521128107505,true,1588.61,0,0.00992,0.004717,0.008649,2.103E-5,0.007003,9.55E-4,0.00645,4.553E-5,0.04605,0.009855,0.01073,-1.305E-4,0.01137,-2.301E-4,0.00911,1.852E-4,0
1521128107666,true,1588.681,0,0.01001,0.004225,0.008643,2.434E-5,0.007018,9.531E-4,0.006456,4.603E-5,0.04608,0.009993,0.01075,-1.303E-4,0.01138,-2.323E-4,0.009106,1.903E-4,0
1521128107701,true,1588.739,0,0.01049,0.004171,0.008631,2.352E-5,0.007021,9.519E-4,0.006459,4.407E-5,0.04656,0.00953,0.01075,-1.262E-4,0.01136,-2.28E-4,0.009107,1.902E-4,0
1521128107736,true,1588.796,0,0.0103,0.004647,0.00861,2.317E-5,0.007003,9.522E-4,0.00645,4.165E-5,0.04661,0.009464,0.01075,-1.219E-4,0.01135,-2.263E-4,0.009098,1.911E-4,0
1521128107771,true,1588.854,0,0.00982,0.004972,0.008598,1.911E-5,0.007,9.504E-4,0.006439,4.019E-5,0.04606,0.009911,0.01074,-1.172E-4,0.01135,-2.284E-4,0.009085,1.858E-4,0
1521128107806,true,1588.911,0,0.00923,0.005097,0.008587,1.642E-5,0.006983,9.458E-4,0.006441,3.526E-5,0.04562,0.01033,0.01074,-1.188E-4,0.01134,-2.334E-4,0.009071,1.827E-4,0
1521128107941,true,1588.955,0,0.009178,0.004528,0.008554,1.616E-5,0.006975,9.361E-4,0.006417,3.533E-5,0.04544,0.0106,0.01071,-1.153E-4,0.01132,-2.362E-4,0.009036,1.816E-4,0
1521128107976,true,1589.013,0,0.009597,0.004026,0.008522,9.308E-6,0.006959,9.3E-4,0.006389,3.032E-5,0.04588,0.01027,0.01069,-1.183E-4,0.01129,-2.382E-4,0.008995,1.84E-4,0
1521128108011,true,1589.07,0,0.009721,0.004183,0.008467,1.624E-5,0.006918,9.331E-4,0.006342,2.931E-5,0.0466,0.009409,0.01066,-1.117E-4,0.01126,-2.388E-4,0.008962,1.856E-4,0
1521128108046,true,1589.128,0,0.009686,0.004403,0.008457,2.142E-5,0.006915,9.299E-4,0.006325,3.469E-5,0.04661,0.009311,0.01066,-1.096E-4,0.01123,-2.333E-4,0.008953,1.869E-4,0
1521128108081,true,1589.185,0,0.009995,0.004762,0.008485,1.942E-5,0.006922,9.313E-4,0.006345,3.331E-5,0.04628,0.009558,0.01067,-1.127E-4,0.01124,-2.36E-4,0.008954,1.872E-4,0
1521128108216,true,1589.231,0,0.00956,0.004803,0.008508,2.283E-5,0.006938,9.277E-4,0.006361,3.207E-5,0.04595,0.009898,0.01068,-1.143E-4,0.01126,-2.383E-4,0.008965,1.862E-4,0
1521128108251,true,1589.289,0,0.009431,0.004576,0.008553,1.231E-5,0.006956,9.254E-4,0.006387,3.037E-5,0.04585,0.01009,0.01069,-1.149E-4,0.01128,-2.44E-4,0.008983,1.81E-4,0
1521128108286,true,1589.346,0,0.01004,0.004385,0.008575,8.175E-6,0.006979,9.232E-4,0.00639,3.432E-5,0.04621,0.009661,0.01071,-1.134E-4,0.01129,-2.462E-4,0.00899,1.842E-4,0
1521128108321,true,1589.404,0,0.009837,0.004856,0.008579,1.404E-5,0.00701,9.169E-4,0.006425,2.379E-5,0.0464,0.009382,0.01073,-1.164E-4,0.0113,-2.44E-4,0.009013,1.794E-4,0
1521128108356,true,1589.461,0,0.009918,0.005142,0.008613,9.44E-6,0.007037,9.189E-4,0.006442,2.528E-5,0.04632,0.009499,0.01075,-1.214E-4,0.0113,-2.424E-4,0.00904,1.702E-4,0
1521128108516,true,1589.53,0,0.009704,0.005215,0.008632,6.497E-6,0.007055,9.141E-4,0.006455,2.693E-5,0.04584,0.009882,0.01077,-1.233E-4,0.01132,-2.373E-4,0.009054,1.665E-4,0
1521128108551,true,1589.588,0,0.009395,0.004838,0.008665,1.503E-6,0.007072,9.121E-4,0.006469,2.818E-5,0.04555,0.01026,0.01077,-1.223E-4,0.01133,-2.425E-4,0.009067,1.66E-4,0
1521128108586,true,1589.645,0,0.009603,0.004391,0.00866,4.683E-6,0.007097,9.063E-4,0.006472,2.881E-5,0.04601,0.009783,0.01078,-1.212E-4,0.01133,-2.455E-4,0.009083,1.607E-4,0
1521128108620,true,1589.703,0,0.009728,0.004383,0.008643,7.362E-6,0.007109,9.041E-4,0.006469,2.604E-5,0.04673,0.009074,0.01077,-1.181E-4,0.01134,-2.501E-4,0.00909,1.615E-4,0
1521128108655,true,1589.76,0,0.01014,0.004667,0.00863,4.625E-6,0.007122,9.025E-4,0.006473,2.249E-5,0.04702,0.008758,0.01077,-1.149E-4,0.01134,-2.515E-4,0.0091,1.559E-4,0
1521128108816,true,1589.831,0,0.01045,0.005066,0.008614,-5.004E-6,0.007124,9.0E-4,0.006473,2.205E-5,0.04666,0.009046,0.01077,-1.198E-4,0.01133,-2.507E-4,0.009087,1.564E-4,0
1521128108851,true,1589.889,0,0.01032,0.005085,0.008594,-1.233E-6,0.007114,8.969E-4,0.006464,2.211E-5,0.04644,0.009141,0.01079,-1.251E-4,0.01132,-2.508E-4,0.009069,1.57E-4,0
1521128108886,true,1589.946,0,0.009989,0.004784,0.008586,-2.555E-6,0.007104,8.921E-4,0.006453,2.284E-5,0.04636,0.009269,0.01076,-1.256E-4,0.01131,-2.513E-4,0.009055,1.524E-4,0
1521128108921,true,1590.004,0,0.01053,0.0046,0.008555,1.355E-6,0.007104,8.831E-4,0.006419,2.092E-5,0.04655,0.009114,0.01075,-1.298E-4,0.01129,-2.579E-4,0.009034,1.453E-4,0
1521128108955,true,1590.061,0,0.01078,0.005106,0.008528,-1.971E-6,0.007084,8.755E-4,0.00639,2.031E-5,0.04679,0.008783,0.01072,-1.244E-4,0.01127,-2.623E-4,0.009011,1.421E-4,0
1521128109091,true,1590.105,0,0.01105,0.005361,0.008495,9.373E-7,0.007065,8.717E-4,0.00636,2.24E-5,0.04663,0.008838,0.01071,-1.312E-4,0.01122,-2.606E-4,0.008998,1.319E-4,0
1521128109126,true,1590.163,0,0.01074,0.005666,0.008476,1.136E-5,0.007043,8.763E-4,0.006336,3.069E-5,0.04621,0.009188,0.01071,-1.345E-4,0.01121,-2.634E-4,0.008976,1.326E-4,0
1521128109161,true,1590.22,0,0.01013,0.005357,0.008503,1.597E-5,0.007059,8.721E-4,0.006345,3.488E-5,0.0459,0.009524,0.0107,-1.343E-4,0.01121,-2.623E-4,0.008986,1.295E-4,0
1521128109196,true,1590.278,0,0.009444,0.00506,0.008547,1.195E-5,0.007077,8.723E-4,0.006366,3.698E-5,0.04593,0.009443,0.0107,-1.342E-4,0.01122,-2.654E-4,0.009008,1.254E-4,0
1521128109231,true,1590.335,0,0.009749,0.004931,0.008565,1.542E-5,0.007109,8.716E-4,0.006387,3.561E-5,0.04644,0.008856,0.01072,-1.405E-4,0.01124,-2.686E-4,0.009017,1.275E-4,0
1521128109391,true,1590.406,0,0.009968,0.005055,0.008575,1.918E-5,0.007129,8.732E-4,0.006412,3.674E-5,0.0467,0.00857,0.01073,-1.398E-4,0.01124,-2.649E-4,0.009029,1.256E-4,0
1521128109425,true,1590.464,0,0.01062,0.005153,0.0086,1.57E-5,0.007169,8.712E-4,0.006426,3.857E-5,0.04652,0.008737,0.01076,-1.493E-4,0.01125,-2.658E-4,0.009051,1.209E-4,0
1521128109461,true,1590.521,0,0.01005,0.00547,0.008636,1.596E-5,0.007195,8.677E-4,0.006453,3.765E-5,0.04611,0.00911,0.01077,-1.522E-4,0.01127,-2.626E-4,0.009073,1.212E-4,0
1521128109496,true,1590.579,0,0.01001,0.00514,0.008644,1.91E-5,0.007223,8.632E-4,0.006472,3.747E-5,0.04605,0.009342,0.01079,-1.523E-4,0.0113,-2.673E-4,0.009088,1.2E-4,0
1521128109531,true,1590.636,0,0.01069,0.004597,0.008652,2.313E-5,0.007245,8.634E-4,0.006472,3.909E-5,0.04647,0.009075,0.01079,-1.541E-4,0.01132,-2.764E-4,0.009101,1.183E-4,0
1521128109666,true,1590.68,0,0.01105,0.004683,0.008658,1.951E-5,0.007267,8.615E-4,0.00648,3.677E-5,0.04681,0.008798,0.01081,-1.608E-4,0.01133,-2.768E-4,0.009119,1.153E-4,0
1521128109701,true,1590.738,0,0.01117,0.00501,0.008662,1.799E-5,0.007278,8.626E-4,0.006481,3.861E-5,0.04659,0.008986,0.01083,-1.676E-4,0.01133,-2.729E-4,0.009134,1.049E-4,0
1521128109736,true,1590.795,0,0.01133,0.005251,0.008665,1.261E-5,0.007291,8.613E-4,0.006491,3.526E-5,0.04615,0.009499,0.01084,-1.689E-4,0.01133,-2.732E-4,0.009141,1.012E-4,0
1521128109771,true,1590.853,0,0.01109,0.005155,0.008661,7.09E-6,0.007302,8.584E-4,0.006491,3.548E-5,0.04578,0.00993,0.01085,-1.759E-4,0.01135,-2.748E-4,0.009135,9.953E-5,0
1521128109806,true,1590.91,0,0.01069,0.004523,0.008654,2.516E-6,0.007291,8.569E-4,0.006473,3.641E-5,0.04565,0.01012,0.01085,-1.791E-4,0.01135,-2.813E-4,0.009121,9.954E-5,0
1521128109966,true,1590.981,0,0.0108,0.004268,0.008632,1.483E-6,0.007278,8.536E-4,0.006454,3.292E-5,0.04612,0.00971,0.01084,-1.809E-4,0.01134,-2.838E-4,0.009109,9.68E-5,0
1521128110001,true,1591.039,0,0.01094,0.004436,0.008606,-3.901E-6,0.007271,8.543E-4,0.006448,2.696E-5,0.04649,0.009259,0.01082,-1.828E-4,0.01133,-2.877E-4,0.00908,9.406E-5,0
1521128110036,true,1591.096,0,0.01099,0.004687,0.008552,-3.69E-6,0.007251,8.53E-4,0.006444,1.805E-5,0.04635,0.009227,0.01081,-1.885E-4,0.0113,-2.868E-4,0.009055,8.93E-5,0
1521128110071,true,1591.154,0,0.0108,0.004954,0.008514,-1.414E-5,0.007214,8.531E-4,0.006408,1.646E-5,0.04599,0.009519,0.01079,-1.949E-4,0.01127,-2.884E-4,0.009011,8.897E-5,0
1521128110106,true,1591.211,0,0.009866,0.004891,0.008461,-7.338E-6,0.007151,8.589E-4,0.00637,1.807E-5,0.04581,0.009745,0.01076,-1.931E-4,0.01123,-2.874E-4,0.008963,9.029E-5,0
1521128110241,true,1591.255,0,0.009936,0.00462,0.008452,-3.42E-6,0.007126,8.649E-4,0.006333,2.718E-5,0.04574,0.009842,0.01075,-1.932E-4,0.01121,-2.86E-4,0.008931,9.646E-5,0
1521128110276,false,1591.313,0,0.0104,0.004569,0.008463,-2.675E-6,0.007135,8.645E-4,0.006332,3.208E-5,0.04627,0.0,0.0,0.0,0.0,0.0,0.0,0.0,0
1521128110311,true,1591.37,0,0.01031,0.005181,0.008479,-8.719E-6,0.007151,8.667E-4,0.006357,2.556E-5,0.04633,0.009088,0.01075,-1.938E-4,0.01123,-2.949E-4,0.008948,8.851E-5,0
1521128110345,true,1591.428,0,0.01064,0.005232,0.008506,-1.498E-5,0.007161,8.691E-4,0.006386,1.96E-5,0.04586,0.00949,0.01077,-1.989E-4,0.01124,-2.961E-4,0.008967,8.629E-5,0
1521128110380,true,1591.485,0,0.009951,0.005388,0.008532,-1.763E-5,0.007173,8.702E-4,0.0064,1.999E-5,0.04564,0.00973,0.01078,-2.041E-4,0.01126,-2.984E-4,0.008974,8.7E-5,0
1521128110539,true,1591.555,0,0.009362,0.005024,0.008559,-2.073E-5,0.007191,8.717E-4,0.006429,1.678E-5,0.0456,0.009816,0.01078,-2.032E-4,0.01128,-2.988E-4,0.008989,8.549E-5,0
1521128110574,true,1591.613,0,0.009803,0.004455,0.008588,-2.204E-5,0.00722,8.741E-4,0.006441,1.6E-5,0.04602,0.009516,0.01078,-2.034E-4,0.0113,-3.02E-4,0.009,8.552E-5,0
1521128110609,true,1591.67,0,0.01053,0.004477,0.008608,-2.625E-5,0.007243,8.748E-4,0.006459,1.681E-5,0.04644,0.00909,0.01079,-2.052E-4,0.01132,-3.066E-4,0.009017,8.823E-5,0
1521128110644,true,1591.728,0,0.01058,0.00466,0.008611,-2.684E-5,0.007259,8.751E-4,0.006478,1.479E-5,0.04661,0.008937,0.01079,-2.086E-4,0.01132,-3.044E-4,0.009034,8.799E-5,0
1521128110679,true,1591.785,0,0.01021,0.004982,0.008642,-3.514E-5,0.007263,8.738E-4,0.006487,1.666E-5,0.04622,0.009195,0.01081,-2.133E-4,0.01132,-3.04E-4,0.009035,9.062E-5,0
1521128110815,true,1591.831,0,0.01012,0.004848,0.008664,-4.035E-5,0.007275,8.717E-4,0.006487,1.813E-5,0.04601,0.009437,0.01081,-2.185E-4,0.01133,-3.046E-4,0.009047,9.056E-5,0
1521128110850,true,1591.889,0,0.01009,0.004442,0.008666,-4.663E-5,0.007266,8.754E-4,0.006487,1.615E-5,0.04613,0.009367,0.01081,-2.175E-4,0.01134,-3.092E-4,0.009047,9.261E-5,0
1521128110885,true,1591.946,0,0.01088,0.004252,0.008663,-5.251E-5,0.00727,8.747E-4,0.00648,1.242E-5,0.04653,0.008868,0.01082,-2.249E-4,0.01134,-3.105E-4,0.009036,9.511E-5,0
1521128110920,true,1592.004,0,0.01092,0.004426,0.008641,-5.713E-5,0.007264,8.73E-4,0.006467,9.278E-6,0.04668,0.008483,0.01082,-2.276E-4,0.01133,-3.118E-4,0.009033,9.279E-5,0
1521128110955,true,1592.061,0,0.01086,0.004773,0.008625,-5.906E-5,0.007244,8.735E-4,0.006459,3.038E-6,0.04643,0.008627,0.01081,-2.294E-4,0.01132,-3.098E-4,0.009018,9.5E-5,0
1521128111116,true,1592.13,0,0.01045,0.004987,0.008613,-6.353E-5,0.007217,8.686E-4,0.006454,-1.52E-6,0.04591,0.008959,0.0108,-2.311E-4,0.0113,-3.098E-4,0.008992,9.608E-5,0
1521128111152,true,1592.188,0,0.01033,0.004468,0.008592,-6.935E-5,0.007183,8.654E-4,0.00643,-5.433E-6,0.04581,0.009091,0.01078,-2.32E-4,0.0113,-3.16E-4,0.00897,9.219E-5,0
1521128111188,true,1592.245,0,0.01068,0.003824,0.008539,-6.298E-5,0.007161,8.577E-4,0.006401,-7.609E-6,0.04612,0.008809,0.01076,-2.352E-4,0.01127,-3.18E-4,0.00893,9.59E-5,0
1521128111224,true,1592.303,0,0.01112,0.003623,0.00849,-5.927E-5,0.007118,8.631E-4,0.006369,-1.119E-5,0.04695,0.007929,0.01073,-2.371E-4,0.01124,-3.154E-4,0.008882,1.015E-4,0
1521128111260,true,1592.36,0,0.01104,0.003933,0.008477,-5.505E-5,0.007087,8.697E-4,0.006348,-4.839E-6,0.04709,0.007701,0.01072,-2.343E-4,0.01121,-3.131E-4,0.008877,1.01E-4,0
1521128111416,true,1592.43,0,0.01077,0.004341,0.008508,-5.754E-5,0.007092,8.72E-4,0.006353,-2.003E-6,0.04679,0.007966,0.01072,-2.379E-4,0.01121,-3.098E-4,0.008894,9.874E-5,0
1521128111452,true,1592.488,0,0.009883,0.004714,0.008548,-6.329E-5,0.007113,8.669E-4,0.006385,-2.246E-6,0.04665,0.00807,0.01073,-2.445E-4,0.01123,-3.102E-4,0.008921,9.725E-5,0
1521128111488,true,1592.545,0,0.009406,0.004426,0.008571,-6.56E-5,0.007131,8.675E-4,0.006407,-5.714E-7,0.04647,0.008341,0.01073,-2.451E-4,0.01125,-3.133E-4,0.008934,1.016E-4,0
1521128111524,true,1592.603,0,0.009516,0.00442,0.008598,-6.349E-5,0.00715,8.725E-4,0.006413,4.616E-6,0.0468,0.008019,0.01074,-2.469E-4,0.01127,-3.162E-4,0.008952,1.007E-4,0
1521128111559,true,1592.66,0,0.009465,0.00478,0.008608,-6.392E-5,0.007182,8.684E-4,0.006443,4.075E-7,0.04736,0.007404,0.01075,-2.47E-4,0.01128,-3.148E-4,0.008971,9.901E-5,0
1521128111665,true,1592.68,0,0.00979,0.004808,0.008627,-6.84E-5,0.007207,8.648E-4,0.006466,1.571E-6,0.04739,0.007262,0.01077,-2.535E-4,0.0113,-3.124E-4,0.009005,9.336E-5,0
1521128111700,true,1592.738,0,0.009385,0.005007,0.008652,-7.121E-5,0.007225,8.682E-4,0.006495,1.442E-6,0.04698,0.007493,0.0108,-2.635E-4,0.01131,-3.124E-4,0.009026,8.8E-5,0
1521128111735,true,1592.795,0,0.009074,0.004642,0.008666,-7.084E-5,0.007239,8.656E-4,0.006505,3.589E-6,0.04682,0.007684,0.01081,-2.691E-4,0.01132,-3.119E-4,0.009038,8.851E-5,0
1521128111770,true,1592.853,0,0.009204,0.003994,0.008651,-5.941E-5,0.007261,8.622E-4,0.006505,5.38E-6,0.04708,0.007478,0.0108,-2.654E-4,0.01133,-3.115E-4,0.009053,8.896E-5,0
1521128111805,true,1592.91,0,0.009269,0.003907,0.008637,-5.89E-5,0.007263,8.61E-4,0.006512,2.185E-7,0.0478,0.006845,0.01079,-2.604E-4,0.01133,-3.113E-4,0.009057,9.085E-5,0
1521128111965,true,1592.981,0,0.008996,0.004363,0.008608,-5.783E-5,0.007273,8.567E-4,0.006508,-2.68E-6,0.0483,0.006401,0.01079,-2.626E-4,0.01133,-3.129E-4,0.009069,8.795E-5,0
1521128112002,true,1593.039,0,0.008922,0.00467,0.008595,-5.934E-5,0.007284,8.507E-4,0.006509,-4.911E-6,0.04831,0.006295,0.01078,-2.623E-4,0.01133,-3.12E-4,0.009067,8.519E-5,0
1521128112038,true,1593.096,0,0.008444,0.004902,0.008584,-6.026E-5,0.007284,8.411E-4,0.006503,-4.741E-6,0.04817,0.006449,0.01078,-2.696E-4,0.01133,-3.147E-4,0.009059,8.353E-5,0
1521128112074,true,1593.154,0,0.008197,0.004458,0.008556,-5.966E-5,0.007274,8.377E-4,0.006489,-7.595E-6,0.04785,0.006793,0.01078,-2.757E-4,0.01133,-3.228E-4,0.009039,8.221E-5,0
1521128112110,true,1593.211,0,0.008122,0.004206,0.008529,-6.373E-5,0.007252,8.356E-4,0.006472,-1.25E-5,0.04811,0.006474,0.01075,-2.756E-4,0.01132,-3.303E-4,0.009011,8.493E-5,0
1521128112266,true,1593.28,0,0.00842,0.00435,0.008496,-5.69E-5,0.007227,8.442E-4,0.006441,-9.71E-6,0.04865,0.005912,0.01074,-2.725E-4,0.0113,-3.287E-4,0.008987,9.217E-5,0
1521128112302,true,1593.338,0,0.008694,0.004801,0.00852,-5.355E-5,0.007221,8.555E-4,0.006437,-4.25E-6,0.0487,0.005896,0.01074,-2.713E-4,0.01129,-3.236E-4,0.009,8.815E-5,0
1521128112338,true,1593.395,0,0.008085,0.005393,0.008553,-5.136E-5,0.00724,8.659E-4,0.006465,-2.648E-6,0.04843,0.006266,0.01075,-2.727E-4,0.01129,-3.16E-4,0.009028,7.93E-5,0
1521128112374,true,1593.453,0,0.007863,0.005441,0.008593,-4.938E-5,0.007285,8.707E-4,0.006501,-2.789E-6,0.04812,0.006562,0.01076,-2.726E-4,0.01131,-3.167E-4,0.009056,7.571E-5,0
1521128112410,true,1593.51,0,0.007796,0.005054,0.008623,-5.142E-5,0.00733,8.737E-4,0.006531,-5.681E-6,0.04819,0.006664,0.01076,-2.675E-4,0.01134,-3.203E-4,0.009078,7.338E-5,0
1521128112540,true,1593.555,0,0.008317,0.004792,0.008638,-4.953E-5,0.007358,8.818E-4,0.006552,-5.088E-6,0.04859,0.006294,0.01076,-2.651E-4,0.01136,-3.207E-4,0.009095,7.259E-5,0
1521128112576,true,1593.613,0,0.009003,0.004937,0.008654,-5.048E-5,0.007398,8.818E-4,0.006572,-2.256E-6,0.04915,0.005717,0.01077,-2.613E-4,0.01138,-3.206E-4,0.009116,6.978E-5,0
1521128112612,true,1593.67,0,0.00959,0.005155,0.008655,-4.438E-5,0.007433,8.859E-4,0.006606,-8.81E-6,0.0493,0.005783,0.01079,-2.642E-4,0.01138,-3.16E-4,0.009136,6.565E-5,0
1521128112648,true,1593.728,0,0.009331,0.005567,0.008658,-4.238E-5,0.007447,8.899E-4,0.006623,-3.126E-6,0.04897,0.006212,0.01081,-2.675E-4,0.01139,-3.195E-4,0.009156,6.151E-5,0
1521128112684,true,1593.785,0,0.009308,0.005472,0.008653,-4.123E-5,0.007468,8.856E-4,0.006642,-4.668E-6,0.04868,0.006608,0.01082,-2.732E-4,0.0114,-3.186E-4,0.009159,5.979E-5,0
1521128112842,true,1593.856,0,0.009555,0.005171,0.008651,-4.171E-5,0.007478,8.874E-4,0.006662,-8.638E-6,0.04873,0.006666,0.01082,-2.741E-4,0.01141,-3.259E-4,0.00915,6.199E-5,0
1521128112877,true,1593.914,0,0.01021,0.005048,0.008628,-3.856E-5,0.007493,8.86E-4,0.006667,-1.248E-5,0.04911,0.006325,0.01082,-2.757E-4,0.01141,-3.292E-4,0.009157,5.498E-5,0
1521128112913,true,1593.971,0,0.01035,0.005462,0.008623,-4.526E-5,0.007488,8.879E-4,0.006655,-1.134E-5,0.0491,0.006229,0.01083,-2.827E-4,0.0114,-3.249E-4,0.009166,4.553E-5,0
1521128112949,true,1594.029,0,0.01065,0.005589,0.008608,-4.85E-5,0.007484,8.875E-4,0.006649,-1.103E-5,0.04861,0.006572,0.01082,-2.875E-4,0.01138,-3.241E-4,0.009172,3.597E-5,0
1521128112985,true,1594.086,0,0.009772,0.005754,0.008568,-4.466E-5,0.007471,8.854E-4,0.006633,-7.62E-6,0.04808,0.006958,0.01081,-2.91E-4,0.01138,-3.298E-4,0.009143,3.499E-5,0
1521128113115,true,1594.131,0,0.009462,0.005298,0.008543,-3.888E-5,0.007465,8.871E-4,0.006606,-1.864E-6,0.04802,0.007096,0.0108,-2.91E-4,0.01136,-3.272E-4,0.009114,3.952E-5,0
1521128113152,false,-1.0,-1,0.0,0.0,0.0,0.0,0.0,0.0,0.0,0.0,0.0,0.0,0.0,0.0,0.0,0.0,0.0,0.0,0
1521128113187,true,1594.246,0,0.01047,0.004779,0.008579,-4.005E-5,0.007491,8.968E-4,0.006621,4.629E-6,0.04897,0.006147,0.0108,-2.832E-4,0.01137,-3.25E-4,0.00913,3.889E-5,0
1521128113221,true,1594.304,0,0.01065,0.005121,0.008615,-4.489E-5,0.007527,8.949E-4,0.00667,-5.634E-6,0.04897,0.006238,0.01082,-2.88E-4,0.01139,-3.255E-4,0.009155,3.445E-5,0
1521128113257,true,1594.361,0,0.01108,0.005198,0.008636,-4.629E-5,0.007545,8.962E-4,0.006705,-8.664E-6,0.04838,0.006766,0.01083,-2.915E-4,0.01141,-3.264E-4,0.009174,3.068E-5,0
1521128113416,true,1594.431,0,0.01083,0.005084,0.008649,-4.184E-5,0.00757,8.873E-4,0.006714,-4.365E-6,0.04829,0.006966,0.01085,-2.934E-4,0.01143,-3.319E-4,0.009187,2.97E-5,0
1521128113452,true,1594.489,0,0.01078,0.004713,0.008672,-4.481E-5,0.007579,8.9E-4,0.006734,-4.361E-6,0.04816,0.007233,0.01086,-2.945E-4,0.01145,-3.35E-4,0.009185,3.547E-5,0
1521128113488,true,1594.546,0,0.01143,0.004413,0.008691,-4.55E-5,0.007607,8.909E-4,0.006733,-3.247E-6,0.04843,0.006964,0.01087,-2.944E-4,0.01147,-3.369E-4,0.009197,3.863E-5,0
1521128113524,true,1594.604,0,0.01146,0.004802,0.008691,-4.326E-5,0.007639,8.833E-4,0.006749,-8.467E-6,0.04865,0.00668,0.01088,-2.925E-4,0.01149,-3.423E-4,0.009216,3.626E-5,0
1521128113560,true,1594.661,0,0.01215,0.004814,0.008706,-4.633E-5,0.007645,8.825E-4,0.006773,-1.627E-5,0.04824,0.006901,0.01089,-2.988E-4,0.0115,-3.475E-4,0.009232,3.117E-5,0
1521128113691,true,1594.706,0,0.01222,0.004797,0.008707,-4.476E-5,0.007649,8.798E-4,0.006792,-1.761E-5,0.04771,0.00729,0.0109,-3.026E-4,0.01151,-3.52E-4,0.00924,2.918E-5,0
1521128113726,true,1594.764,0,0.01137,0.004502,0.008711,-5.159E-5,0.007643,8.763E-4,0.0068,-2.238E-5,0.04747,0.007599,0.01089,-3.074E-4,0.01151,-3.55E-4,0.009232,3.072E-5,0
1521128113763,true,1594.821,0,0.01155,0.003994,0.008688,-5.057E-5,0.00764,8.746E-4,0.006786,-2.124E-5,0.04766,0.007354,0.01088,-3.043E-4,0.0115,-3.568E-4,0.009223,3.279E-5,0
1521128113799,true,1594.879,0,0.01182,0.004085,0.008673,-5.245E-5,0.007628,8.742E-4,0.006772,-2.213E-5,0.04807,0.006819,0.01088,-3.106E-4,0.01151,-3.613E-4,0.009218,3.04E-5,0
1521128113835,true,1594.936,0,0.01186,0.004405,0.008643,-5.17E-5,0.007596,8.775E-4,0.006748,-2.323E-5,0.04831,0.006539,0.01087,-3.108E-4,0.01148,-3.575E-4,0.009206,3.031E-5,0
1521128113990,true,1595.005,0,0.01163,0.004779,0.008637,-4.508E-5,0.007558,8.858E-4,0.006731,-1.064E-5,0.04793,0.006879,0.01087,-3.087E-4,0.01146,-3.539E-4,0.009196,3.27E-5,0
1521128114026,true,1595.063,0,0.01112,0.004919,0.008662,-3.896E-5,0.007572,8.82E-4,0.006753,-8.706E-6,0.04751,0.007425,0.01088,-3.095E-4,0.01148,-3.521E-4,0.009213,3.525E-5,0
1521128114062,true,1595.12,0,0.01038,0.004675,0.008704,-3.483E-5,0.007604,8.802E-4,0.006779,-5.923E-6,0.04734,0.007689,0.01089,-3.125E-4,0.0115,-3.537E-4,0.009221,4.138E-5,0
1521128114098,true,1595.178,0,0.01062,0.004515,0.008744,-3.807E-5,0.007645,8.729E-4,0.006802,-7.004E-6,0.04755,0.007452,0.01092,-3.173E-4,0.01154,-3.64E-4,0.009259,3.971E-5,0
1521128114134,true,1595.235,0,0.01053,0.00482,0.00878,-4.281E-5,0.007659,8.74E-4,0.006829,-1.452E-5,0.04789,0.00706,0.01094,-3.226E-4,0.01156,-3.657E-4,0.009297,3.594E-5,0
1521128114291,true,1595.306,0,0.01064,0.005037,0.008799,-4.111E-5,0.007681,8.687E-4,0.006847,-1.462E-5,0.0477,0.007207,0.01095,-3.253E-4,0.01158,-3.688E-4,0.009324,3.381E-5,0
1521128114327,true,1595.364,0,0.01064,0.005181,0.008819,-4.207E-5,0.007699,8.644E-4,0.006877,-1.659E-5,0.04748,0.00742,0.01097,-3.322E-4,0.01159,-3.705E-4,0.009334,3.872E-5,0
1521128114363,true,1595.421,0,0.009874,0.004965,0.008841,-4.301E-5,0.007698,8.634E-4,0.006886,-1.371E-5,0.04725,0.007606,0.01098,-3.351E-4,0.01161,-3.68E-4,0.00934,4.335E-5,0
1521128114399,true,1595.479,0,0.009638,0.004539,0.008851,-4.383E-5,0.007706,8.604E-4,0.006889,-1.385E-5,0.04743,0.007561,0.01098,-3.317E-4,0.01164,-3.794E-4,0.00935,4.591E-5,0
1521128114435,true,1595.536,0,0.009944,0.004359,0.008851,-4.2E-5,0.007711,8.573E-4,0.006896,-1.592E-5,0.04811,0.006937,0.01099,-3.321E-4,0.01165,-3.815E-4,0.009354,4.936E-5,0
1521128114566,true,1595.582,0,0.01033,0.00456,0.008839,-4.392E-5,0.007701,8.551E-4,0.006886,-1.856E-5,0.04846,0.006527,0.01099,-3.31E-4,0.01165,-3.831E-4,0.009361,4.611E-5,0
1521128114602,true,1595.64,0,0.0105,0.004773,0.008831,-4.818E-5,0.007682,8.559E-4,0.006871,-2.029E-5,0.0483,0.006622,0.01099,-3.359E-4,0.01165,-3.823E-4,0.009354,4.56E-5,0
1521128114638,true,1595.697,0,0.01007,0.004936,0.008819,-5.302E-5,0.007668,8.493E-4,0.006855,-2.235E-5,0.04767,0.007053,0.011,-3.439E-4,0.01164,-3.818E-4,0.009336,4.85E-5,0
1521128114674,true,1595.755,0,0.009942,0.004495,0.008791,-5.305E-5,0.007643,8.461E-4,0.006836,-2.266E-5,0.04724,0.007627,0.01098,-3.451E-4,0.01162,-3.795E-4,0.00931,5.171E-5,0
1521128114710,true,1595.812,0,0.01027,0.004056,0.008761,-5.204E-5,0.007611,8.468E-4,0.006807,-2.861E-5,0.04749,0.007516,0.01096,-3.45E-4,0.01162,-3.87E-4,0.009286,5.121E-5,0
1521128114866,true,1595.881,0,0.01052,0.004261,0.008711,-3.631E-5,0.007573,8.537E-4,0.006767,-2.026E-5,0.04787,0.007082,0.01095,-3.432E-4,0.0116,-3.847E-4,0.009273,5.151E-5,0
1521128114902,true,1595.939,0,0.01073,0.004468,0.008713,-2.741E-5,0.007561,8.642E-4,0.006769,-2.082E-5,0.04783,0.006958,0.01095,-3.441E-4,0.0116,-3.85E-4,0.009279,5.279E-5,0
1521128114938,true,1595.996,0,0.01053,0.004816,0.008745,-2.742E-5,0.007564,8.634E-4,0.006784,-1.993E-5,0.04736,0.00745,0.01096,-3.478E-4,0.01161,-3.838E-4,0.009292,5.049E-5,0
1521128114974,true,1596.054,0,0.009962,0.004572,0.008764,-2.677E-5,0.007581,8.595E-4,0.006808,-2.213E-5,0.04721,0.007617,0.01096,-3.496E-4,0.01163,-3.816E-4,0.009296,5.791E-5,0
1521128115010,true,1596.111,0,0.009899,0.003996,0.008767,-2.189E-5,0.007582,8.629E-4,0.006819,-2.324E-5,0.04711,0.007633,0.01097,-3.476E-4,0.01164,-3.849E-4,0.00929,6.449E-5,0
1521128115141,true,1596.157,0,0.01043,0.003633,0.008757,-2.167E-5,0.007596,8.604E-4,0.006826,-2.972E-5,0.04755,0.007149,0.01096,-3.442E-4,0.01166,-3.886E-4,0.00929,6.786E-5,0
1521128115177,true,1596.215,0,0.01058,0.004,0.008743,-1.436E-5,0.0076,8.59E-4,0.006817,-3.189E-5,0.04815,0.006461,0.01097,-3.485E-4,0.01167,-3.86E-4,0.009286,6.919E-5,0
1521128115213,true,1596.272,0,0.01041,0.004605,0.008747,-1.915E-5,0.007579,8.644E-4,0.006804,-3.072E-5,0.04808,0.006448,0.01097,-3.489E-4,0.01166,-3.848E-4,0.009294,6.686E-5,0
1521128115249,true,1596.33,0,0.01031,0.004931,0.008737,-1.846E-5,0.007568,8.644E-4,0.006788,-2.911E-5,0.04756,0.007067,0.01098,-3.536E-4,0.01165,-3.794E-4,0.009277,6.838E-5,0
1521128115285,true,1596.387,0,0.009903,0.004812,0.008728,-2.049E-5,0.007541,8.679E-4,0.006778,-2.93E-5,0.04715,0.00752,0.01098,-3.594E-4,0.01166,-3.812E-4,0.009266,6.848E-5,0
1521128115416,true,1596.431,0,0.0101,0.004332,0.008699,-1.729E-5,0.007529,8.638E-4,0.006762,-3.282E-5,0.04727,0.007467,0.01096,-3.58E-4,0.01166,-3.862E-4,0.009251,6.776E-5,0
1521128115452,true,1596.489,0,0.01042,0.004338,0.008669,-2.06E-5,0.007502,8.626E-4,0.006729,-3.524E-5,0.04752,0.007136,0.01095,-3.56E-4,0.01165,-3.917E-4,0.009228,6.634E-5,0
1521128115488,true,1596.546,0,0.01079,0.004471,0.008622,-1.989E-5,0.007476,8.6E-4,0.006702,-3.742E-5,0.04747,0.00697,0.01094,-3.584E-4,0.01163,-3.936E-4,0.009207,6.174E-5,0
1521128115524,true,1596.604,0,0.01062,0.004866,0.008584,-2.28E-5,0.007451,8.553E-4,0.006667,-3.839E-5,0.0469,0.00749,0.01092,-3.622E-4,0.0116,-3.889E-4,0.009167,6.148E-5,0
1521128115560,true,1596.661,0,0.009776,0.005148,0.00854,-2.616E-5,0.007415,8.508E-4,0.006614,-3.593E-5,0.04659,0.007677,0.0109,-3.689E-4,0.01157,-3.917E-4,0.009136,5.62E-5,0
1521128115716,true,1596.732,0,0.009617,0.004526,0.008486,-1.9E-5,0.007363,8.514E-4,0.006558,-3.305E-5,0.04647,0.007712,0.01086,-3.651E-4,0.01155,-3.933E-4,0.009086,5.946E-5,0
1521128115752,true,1596.79,0,0.009684,0.004049,0.008459,-1.348E-5,0.007331,8.551E-4,0.006523,-2.693E-5,0.04688,0.007188,0.01084,-3.625E-4,0.01152,-3.953E-4,0.009067,6.049E-5,0
1521128115788,true,1596.847,0,0.009997,0.004306,0.008456,-8.8E-6,0.007324,8.553E-4,0.006521,-3.156E-5,0.04751,0.006541,0.01084,-3.636E-4,0.01154,-3.98E-4,0.009059,6.191E-5,0
1521128115824,true,1596.905,0,0.01015,0.004401,0.008454,-1.143E-5,0.007329,8.556E-4,0.006522,-3.617E-5,0.04747,0.006474,0.01083,-3.61E-4,0.01153,-3.914E-4,0.009053,6.449E-5,0
1521128115860,false,1596.962,0,0.009906,0.004832,0.008457,0.0,0.007331,8.569E-4,0.006539,-3.75E-5,0.04708,0.006801,0.01084,-3.65E-4,0.01153,-3.942E-4,0.009048,6.185E-5,0
1521128116016,true,1597.032,0,0.009619,0.004632,0.008467,-2.015E-5,0.007331,8.494E-4,0.006514,-3.299E-5,0.0468,0.007153,0.01084,-3.632E-4,0.01153,-3.912E-4,0.009034,6.291E-5,0
1521128116052,true,1597.09,0,0.009269,0.004382,0.00848,-2.574E-5,0.007318,8.473E-4,0.006502,-3.355E-5,0.04665,0.007456,0.01082,-3.588E-4,0.01152,-3.907E-4,0.009018,6.352E-5,0
1521128116088,true,1597.147,0,0.009152,0.004566,0.008475,-2.655E-5,0.007308,8.426E-4,0.006487,-3.492E-5,0.04695,0.007134,0.01081,-3.548E-4,0.01151,-3.931E-4,0.00901,6.421E-5,0
1521128116124,true,1597.205,0,0.009034,0.005033,0.008462,-2.645E-5,0.007288,8.427E-4,0.006456,-3.013E-5,0.04733,0.006836,0.0108,-3.524E-4,0.0115,-3.922E-4,0.008996,6.29E-5,0
1521128116160,true,1597.262,0,0.00883,0.005335,0.00845,-2.846E-5,0.007278,8.366E-4,0.006439,-3.393E-5,0.04699,0.007029,0.01079,-3.493E-4,0.0115,-3.98E-4,0.008995,5.558E-5,0
1521128116290,false,-1.0,-1,0.0,0.0,0.0,0.0,0.0,0.0,0.0,0.0,0.0,0.0,0.0,0.0,0.0,0.0,0.0,0.0,0
1521128116326,true,1597.365,0,0.008034,0.00508,0.008407,-3.75E-5,0.007222,8.343E-4,0.006387,-3.102E-5,0.04641,0.007443,0.01075,-3.466E-4,0.01147,-3.971E-4,0.008964,4.598E-5,0
1521128116362,true,1597.422,0,0.008088,0.004541,0.008381,-3.744E-5,0.007199,8.318E-4,0.006357,-3.53E-5,0.04662,0.007337,0.01071,-3.421E-4,0.01144,-3.962E-4,0.008937,4.168E-5,0
1521128116398,true,1597.48,0,0.008405,0.004489,0.008331,-4.112E-5,0.007172,8.274E-4,0.006316,-3.559E-5,0.04721,0.006679,0.0107,-3.422E-4,0.01142,-3.998E-4,0.008898,3.823E-5,0
1521128116434,true,1597.537,0,0.008573,0.004799,0.008288,-4.807E-5,0.00713,8.217E-4,0.006281,-3.937E-5,0.04743,0.006324,0.01066,-3.381E-4,0.01137,-3.974E-4,0.008861,3.442E-5,0
1521128116566,true,1597.583,0,0.008246,0.005339,0.008243,-5.108E-5,0.007073,8.204E-4,0.006243,-4.429E-5,0.04689,0.006778,0.01063,-3.418E-4,0.01132,-3.951E-4,0.008822,3.15E-5,0
1521128116602,true,1597.641,0,0.007838,0.005382,0.008209,-4.556E-5,0.007027,8.234E-4,0.006202,-4.163E-5,0.04637,0.007285,0.01059,-3.361E-4,0.01129,-3.931E-4,0.008781,3.612E-5,0
1521128116638,true,1597.698,0,0.007469,0.004974,0.00823,-4.667E-5,0.007022,8.217E-4,0.006185,-3.943E-5,0.04586,0.007878,0.01056,-3.259E-4,0.01129,-3.952E-4,0.008763,3.694E-5,0
1521128116675,true,1597.756,0,0.007804,0.00456,0.008252,-4.943E-5,0.007025,8.171E-4,0.006182,-3.592E-5,0.04597,0.007683,0.01056,-3.268E-4,0.01129,-3.966E-4,0.008758,3.885E-5,0
1521128116710,true,1597.813,0,0.007756,0.004641,0.00826,-5.29E-5,0.007018,8.215E-4,0.006187,-3.961E-5,0.04645,0.007155,0.01057,-3.3E-4,0.01128,-3.923E-4,0.008759,3.626E-5,0
1521128116866,true,1597.882,0,0.007883,0.004791,0.008268,-5.172E-5,0.007004,8.209E-4,0.006185,-3.232E-5,0.04654,0.007094,0.01057,-3.291E-4,0.01127,-3.91E-4,0.008756,3.442E-5,0
1521128116902,true,1597.94,0,0.007459,0.005005,0.008279,-5.432E-5,0.006999,8.184E-4,0.006176,-3.147E-5,0.04605,0.007512,0.01056,-3.306E-4,0.01126,-3.883E-4,0.008755,3.25E-5,0
1521128116938,true,1597.997,0,0.006689,0.00464,0.008287,-5.497E-5,0.00698,8.183E-4,0.00617,-2.683E-5,0.04588,0.007746,0.01056,-3.307E-4,0.01126,-3.854E-4,0.008751,3.462E-5,0
1521128116974,true,1598.055,0,0.006553,0.004186,0.008283,-5.476E-5,0.006969,8.189E-4,0.006156,-2.563E-5,0.04608,0.0077,0.01054,-3.285E-4,0.01125,-3.842E-4,0.008742,3.603E-5,0
1521128117010,true,1598.112,0,0.006669,0.004073,0.008279,-6.169E-5,0.006954,8.229E-4,0.006144,-2.365E-5,0.04663,0.007217,0.01053,-3.232E-4,0.01125,-3.884E-4,0.008743,3.412E-5,0
1521128117141,true,1598.156,0,0.006911,0.004207,0.008277,-6.969E-5,0.00693,8.26E-4,0.006122,-2.067E-5,0.047,0.006793,0.0105,-3.179E-4,0.01125,-3.929E-4,0.008733,3.348E-5,0
1521128117177,true,1598.214,0,0.006986,0.00438,0.008245,-6.922E-5,0.006899,8.262E-4,0.006118,-2.228E-5,0.0468,0.006858,0.01049,-3.209E-4,0.01123,-3.941E-4,0.008731,2.912E-5,0
1521128117213,true,1598.271,0,0.006527,0.004572,0.00824,-7.548E-5,0.006871,8.23E-4,0.006098,-2.538E-5,0.04646,0.007257,0.01048,-3.201E-4,0.0112,-3.91E-4,0.008692,3.031E-5,0
1521128117249,true,1598.329,0,0.006209,0.004207,0.008209,-7.711E-5,0.006843,8.184E-4,0.006071,-2.637E-5,0.04606,0.007793,0.01045,-3.206E-4,0.01118,-3.911E-4,0.008656,3.412E-5,0
1521128117285,true,1598.386,0,0.006719,0.003722,0.008175,-8.353E-5,0.006799,8.194E-4,0.006032,-2.906E-5,0.04614,0.007623,0.01042,-3.186E-4,0.01116,-3.927E-4,0.008618,3.592E-5,0
1521128117440,true,1598.457,0,0.00704,0.003809,0.008124,-8.455E-5,0.00676,8.17E-4,0.005989,-3.431E-5,0.0465,0.007084,0.01039,-3.168E-4,0.01113,-3.928E-4,0.008591,3.226E-5,0
1521128117476,true,1598.515,0,0.006952,0.004056,0.008066,-8.343E-5,0.00671,8.162E-4,0.005946,-3.568E-5,0.04641,0.006981,0.01036,-3.156E-4,0.01109,-3.856E-4,0.008558,2.815E-5,0
1521128117512,true,1598.572,0,0.006811,0.004242,0.007999,-6.761E-5,0.006649,8.198E-4,0.005903,-2.915E-5,0.04601,0.00724,0.01035,-3.165E-4,0.01104,-3.794E-4,0.008521,3.056E-5,0
1521128117549,true,1598.63,0,0.006597,0.004021,0.008,-6.085E-5,0.00663,8.224E-4,0.005886,-2.17E-5,0.04554,0.007565,0.01034,-3.162E-4,0.01101,-3.72E-4,0.008496,3.528E-5,0
1521128117585,true,1598.687,0,0.006373,0.003453,0.008011,-5.461E-5,0.006636,8.231E-4,0.00589,-1.457E-5,0.04541,0.007732,0.01032,-3.087E-4,0.01101,-3.718E-4,0.00849,3.678E-5,0
1521128117741,true,1598.757,0,0.00735,0.002838,0.00802,-5.356E-5,0.006623,8.271E-4,0.005895,-6.759E-6,0.04585,0.007251,0.01032,-3.097E-4,0.01102,-3.751E-4,0.008494,3.897E-5,0
1521128117777,true,1598.815,0,0.007402,0.003173,0.008017,-5.038E-5,0.006617,8.321E-4,0.005904,-1.112E-5,0.04645,0.006597,0.01032,-3.114E-4,0.01101,-3.704E-4,0.008496,3.88E-5,0
1521128117813,true,1598.872,0,0.007928,0.003337,0.008014,-5.004E-5,0.006605,8.349E-4,0.005887,-4.248E-6,0.04615,0.006809,0.01033,-3.142E-4,0.01101,-3.681E-4,0.008495,4.045E-5,0
1521128117849,true,1598.93,0,0.007871,0.003502,0.008017,-5.05E-5,0.006588,8.332E-4,0.005885,-3.746E-6,0.04578,0.007266,0.01033,-3.168E-4,0.01102,-3.665E-4,0.008489,3.778E-5,0
1521128117885,true,1598.987,0,0.007461,0.003371,0.008029,-5.03E-5,0.006583,8.315E-4,0.005874,4.944E-6,0.04536,0.00772,0.01032,-3.146E-4,0.01102,-3.735E-4,0.008489,3.767E-5,0
1521128118016,true,1599.032,0,0.007659,0.002835,0.008032,-4.981E-5,0.006588,8.267E-4,0.00587,4.35E-6,0.04558,0.007612,0.01031,-3.15E-4,0.01104,-3.788E-4,0.008474,4.133E-5,0
1521128118051,true,1599.09,0,0.008173,0.002771,0.008023,-5.033E-5,0.006585,8.287E-4,0.00587,1.967E-6,0.04591,0.007318,0.0103,-3.086E-4,0.01104,-3.815E-4,0.008469,3.946E-5,0
1521128118085,true,1599.147,0,0.00814,0.002993,0.00801,-5.365E-5,0.00657,8.294E-4,0.005855,1.931E-6,0.04594,0.007269,0.01029,-3.049E-4,0.01103,-3.791E-4,0.008451,4.041E-5,0
1521128118120,true,1599.205,0,0.008616,0.00314,0.007998,-6.176E-5,0.006552,8.329E-4,0.005831,6.307E-6,0.04562,0.007508,0.01028,-3.043E-4,0.01102,-3.8E-4,0.008429,3.792E-5,0
1521128118156,true,1599.262,0,0.00789,0.003196,0.00799,-6.724E-5,0.006541,8.32E-4,0.005812,5.24E-6,0.0455,0.007683,0.01027,-3.068E-4,0.011,-3.777E-4,0.008393,4.265E-5,0
1521128118316,true,1599.332,0,0.007867,0.002702,0.007944,-6.309E-5,0.006515,8.301E-4,0.005787,7.81E-6,0.04557,0.007728,0.01025,-3.003E-4,0.01098,-3.782E-4,0.008343,4.584E-5,0
1521128118351,true,1599.39,0,0.007979,0.002317,0.00791,-6.496E-5,0.006497,8.285E-4,0.005767,1.913E-6,0.04607,0.007121,0.01023,-2.999E-4,0.01095,-3.766E-4,0.008306,4.809E-5,0
1521128118385,true,1599.447,0,0.008759,0.00241,0.007852,-6.408E-5,0.006462,8.298E-4,0.005719,2.076E-7,0.04668,0.006449,0.0102,-3.007E-4,0.01091,-3.755E-4,0.008278,4.656E-5,0
1521128118420,true,1599.505,0,0.009064,0.002718,0.007798,-5.563E-5,0.00641,8.398E-4,0.005684,5.225E-6,0.04681,0.006198,0.01017,-2.944E-4,0.01088,-3.743E-4,0.00823,4.924E-5,0
1521128118455,true,1599.562,0,0.009282,0.003041,0.007795,-4.986E-5,0.006392,8.415E-4,0.005664,1.206E-5,0.04634,0.006529,0.01016,-2.979E-4,0.01086,-3.707E-4,0.008202,5.479E-5,0
1521128118590,true,1599.607,0,0.008788,0.003015,0.007814,-4.649E-5,0.006395,8.396E-4,0.005662,1.823E-5,0.04587,0.006997,0.01016,-2.964E-4,0.01087,-3.686E-4,0.008194,5.993E-5,0
1521128118626,true,1599.665,0,0.009175,0.002476,0.007845,-4.674E-5,0.0064,8.416E-4,0.005677,2.206E-5,0.04587,0.007091,0.01016,-2.957E-4,0.01088,-3.706E-4,0.008198,6.174E-5,0
1521128118660,true,1599.722,0,0.009832,0.002316,0.007845,-4.217E-5,0.006411,8.407E-4,0.005686,2.191E-5,0.04636,0.006556,0.01016,-2.909E-4,0.01089,-3.725E-4,0.008189,6.245E-5,0
1521128118695,true,1599.78,0,0.01031,0.002316,0.007833,-3.782E-5,0.006431,8.364E-4,0.005688,1.868E-5,0.04687,0.006103,0.01017,-2.881E-4,0.0109,-3.72E-4,0.008185,6.53E-5,0
1521128118730,true,1599.837,0,0.01075,0.00257,0.007835,-3.566E-5,0.006429,8.404E-4,0.005698,1.966E-5,0.04657,0.006416,0.01017,-2.871E-4,0.01089,-3.68E-4,0.008188,6.348E-5,0
1521128118890,true,1599.908,0,0.01012,0.003044,0.007846,-3.322E-5,0.006421,8.473E-4,0.005708,2.037E-5,0.04616,0.006651,0.01018,-2.906E-4,0.01088,-3.66E-4,0.008183,6.4E-5,0
1521128118925,true,1599.966,0,0.009726,0.002782,0.00786,-3.857E-5,0.006433,8.422E-4,0.00571,2.254E-5,0.04616,0.006643,0.01019,-2.929E-4,0.01088,-3.618E-4,0.00818,6.26E-5,0
1521128118960,true,1600.023,0,0.01005,0.002323,0.00786,-3.725E-5,0.006423,8.461E-4,0.005707,2.48E-5,0.04654,0.006351,0.01018,-2.88E-4,0.01088,-3.679E-4,0.00817,6.483E-5,0
1521128118995,true,1600.081,0,0.01044,0.002325,0.007856,-3.844E-5,0.006433,8.485E-4,0.005702,2.268E-5,0.04726,0.005667,0.01019,-2.905E-4,0.01087,-3.674E-4,0.008149,7.135E-5,0
1521128119030,true,1600.138,0,0.009832,0.002949,0.00785,-4.583E-5,0.006416,8.537E-4,0.005697,1.7E-5,0.0475,0.00532,0.0102,-2.931E-4,0.01085,-3.643E-4,0.008126,7.132E-5,0
1521128119165,true,1600.182,0,0.009925,0.003219,0.007824,-4.169E-5,0.006396,8.546E-4,0.005677,1.846E-5,0.04706,0.005748,0.01019,-2.983E-4,0.01083,-3.608E-4,0.008111,6.952E-5,0
1521128119201,true,1600.24,0,0.009473,0.003355,0.007803,-4.57E-5,0.006368,8.586E-4,0.005657,2.134E-5,0.04678,0.00611,0.01018,-3.005E-4,0.01081,-3.622E-4,0.008082,7.124E-5,0
1521128119236,true,1600.297,0,0.009117,0.003084,0.007769,-4.34E-5,0.006337,8.625E-4,0.005628,2.202E-5,0.04643,0.00667,0.01016,-3.009E-4,0.01079,-3.664E-4,0.008053,7.096E-5,0
1521128119270,true,1600.355,0,0.009065,0.003047,0.007739,-4.219E-5,0.00631,8.613E-4,0.005573,3.087E-5,0.04667,0.006417,0.01014,-3.012E-4,0.01076,-3.671E-4,0.008009,7.651E-5,0
1521128119305,true,1600.412,0,0.009336,0.003455,0.007707,-2.996E-5,0.006278,8.682E-4,0.005539,3.405E-5,0.04701,0.006053,0.01012,-2.982E-4,0.01072,-3.601E-4,0.007984,7.905E-5,0
1521128119466,true,1600.483,0,0.008994,0.003963,0.007722,-2.21E-5,0.006289,8.773E-4,0.005546,3.655E-5,0.04715,0.00586,0.01014,-2.961E-4,0.01071,-3.505E-4,0.007979,8.316E-5,0
1521128119501,true,1600.541,0,0.008406,0.004188,0.007761,-1.44E-5,0.006306,8.819E-4,0.005581,3.877E-5,0.04676,0.006253,0.01016,-2.994E-4,0.01071,-3.456E-4,0.007987,8.406E-5,0
1521128119536,true,1600.598,0,0.007744,0.003961,0.007819,-1.5E-5,0.006332,8.823E-4,0.005614,4.159E-5,0.04648,0.006523,0.01018,-3.028E-4,0.01072,-3.434E-4,0.007999,8.234E-5,0
1521128119571,true,1600.656,0,0.007712,0.003529,0.007859,-1.375E-5,0.006356,8.851E-4,0.005638,4.19E-5,0.04673,0.006432,0.01019,-3.011E-4,0.01073,-3.408E-4,0.008009,8.149E-5,0
1521128119605,true,1600.713,0,0.008129,0.00345,0.00788,-5.743E-6,0.006371,8.869E-4,0.005649,4.544E-5,0.04717,0.005985,0.01021,-3.049E-4,0.01075,-3.449E-4,0.008019,8.394E-5,0
1521128119766,true,1600.783,0,0.008671,0.003802,0.007889,3.62E-6,0.006394,8.891E-4,0.005675,4.192E-5,0.04764,0.005515,0.01023,-3.061E-4,0.01076,-3.423E-4,0.00803,8.715E-5,0
1521128119801,true,1600.841,0,0.00901,0.004075,0.007917,7.21E-6,0.006421,8.885E-4,0.00569,4.47E-5,0.04743,0.005751,0.01025,-3.048E-4,0.01076,-3.402E-4,0.008052,8.627E-5,0
1521128119836,true,1600.898,0,0.008799,0.004394,0.007951,7.231E-6,0.006445,8.853E-4,0.005707,4.888E-5,0.04696,0.006297,0.01027,-3.041E-4,0.01077,-3.402E-4,0.008061,8.411E-5,0
1521128119871,true,1600.956,0,0.008789,0.004029,0.007961,1.291E-5,0.006467,8.81E-4,0.005726,4.519E-5,0.04657,0.006929,0.01028,-2.999E-4,0.01078,-3.405E-4,0.00806,8.515E-5,0
1521128119905,true,1601.013,0,0.008922,0.003798,0.007957,2.186E-5,0.006473,8.82E-4,0.005743,4.268E-5,0.04676,0.006764,0.01028,-2.959E-4,0.01079,-3.414E-4,0.008051,8.961E-5,0
1521128120041,true,1601.058,0,0.009029,0.004003,0.007964,1.622E-5,0.006475,8.839E-4,0.005741,4.164E-5,0.04707,0.006421,0.01029,-2.936E-4,0.01081,-3.489E-4,0.00806,8.405E-5,0
1521128120076,true,1601.116,0,0.008831,0.00446,0.007959,1.385E-5,0.006459,8.918E-4,0.005739,3.791E-5,0.04707,0.006405,0.01028,-2.91E-4,0.01082,-3.506E-4,0.008059,7.678E-5,0
1521128120111,true,1601.173,0,0.008819,0.004679,0.007959,1.312E-5,0.006445,8.999E-4,0.005718,3.858E-5,0.04681,0.006633,0.01028,-2.926E-4,0.01081,-3.503E-4,0.008058,6.809E-5,0
1521128120146,true,1601.231,0,0.008202,0.004499,0.00795,1.413E-5,0.006426,9.01E-4,0.00571,3.69E-5,0.04675,0.006752,0.01028,-2.922E-4,0.0108,-3.49E-4,0.008036,7.068E-5,0
1521128120181,true,1601.288,0,0.008369,0.003869,0.007925,1.517E-5,0.006393,9.053E-4,0.005694,3.791E-5,0.04642,0.007065,0.01025,-2.851E-4,0.01077,-3.472E-4,0.007995,7.944E-5,0
1521128120316,true,1601.333,0,0.008589,0.003732,0.0079,2.229E-5,0.006365,9.121E-4,0.005663,4.221E-5,0.04688,0.006588,0.01024,-2.798E-4,0.01075,-3.469E-4,0.007963,8.373E-5,0
1521128120351,true,1601.391,0,0.009178,0.003861,0.007898,3.218E-5,0.006351,9.226E-4,0.005649,5.027E-5,0.04709,0.006346,0.01024,-2.761E-4,0.01073,-3.405E-4,0.00796,8.826E-5,0
1521128120386,true,1601.448,0,0.009377,0.004053,0.007932,3.584E-5,0.006367,9.309E-4,0.005685,4.942E-5,0.04667,0.006718,0.01024,-2.691E-4,0.01074,-3.339E-4,0.007974,8.857E-5,0
1521128120421,true,1601.506,0,0.009086,0.004464,0.007985,4.057E-5,0.006401,9.356E-4,0.005727,4.924E-5,0.04637,0.007084,0.01027,-2.71E-4,0.01076,-3.332E-4,0.007989,8.882E-5,0
1521128120456,true,1601.563,0,0.00871,0.004365,0.008036,4.665E-5,0.006438,9.391E-4,0.005784,4.224E-5,0.0463,0.007366,0.01028,-2.685E-4,0.01079,-3.346E-4,0.008001,9.347E-5,0
1521128120616,true,1601.633,0,0.008901,0.004133,0.008071,5.066E-5,0.006462,9.44E-4,0.005821,4.297E-5,0.0462,0.007584,0.01029,-2.628E-4,0.01081,-3.341E-4,0.008011,9.826E-5,0
1521128120651,true,1601.691,0,0.009076,0.004099,0.008107,5.517E-5,0.006495,9.462E-4,0.00586,3.676E-5,0.04643,0.007298,0.01031,-2.568E-4,0.01083,-3.315E-4,0.008037,9.599E-5,0
1521128120686,true,1601.748,0,0.009271,0.004433,0.008148,5.758E-5,0.006532,9.524E-4,0.005887,3.843E-5,0.0468,0.006886,0.01032,-2.475E-4,0.01084,-3.264E-4,0.008064,9.827E-5,0
1521128120721,true,1601.806,0,0.009274,0.004715,0.008183,6.178E-5,0.006551,9.593E-4,0.005917,3.877E-5,0.04647,0.007214,0.01034,-2.476E-4,0.01086,-3.212E-4,0.008086,9.837E-5,0
1521128120755,true,1601.863,0,0.008877,0.004713,0.008211,6.671E-5,0.006572,9.606E-4,0.005936,4.192E-5,0.04606,0.007567,0.01034,-2.402E-4,0.01088,-3.169E-4,0.008104,9.882E-5,0
1521128120891,true,1601.907,0,0.009109,0.004031,0.00823,7.184E-5,0.006587,9.652E-4,0.005954,4.404E-5,0.04594,0.007772,0.01035,-2.395E-4,0.0109,-3.181E-4,0.008106,1.035E-4,0
1521128120926,true,1601.965,0,0.009601,0.00354,0.008245,7.371E-5,0.006606,9.673E-4,0.005958,4.931E-5,0.04633,0.00757,0.01036,-2.364E-4,0.01092,-3.22E-4,0.008115,1.053E-4,0
1521128120960,true,1602.022,0,0.009643,0.00374,0.008242,7.455E-5,0.006602,9.727E-4,0.005956,5.228E-5,0.04697,0.006897,0.01036,-2.338E-4,0.01092,-3.212E-4,0.00811,1.12E-4,0
1521128120995,true,1602.08,0,0.009775,0.004221,0.008224,8.355E-5,0.006608,9.774E-4,0.00595,5.556E-5,0.04701,0.006772,0.01036,-2.277E-4,0.01091,-3.154E-4,0.008099,1.162E-4,0
1521128121030,true,1602.137,0,0.009832,0.004435,0.008224,8.428E-5,0.006593,9.811E-4,0.005944,5.766E-5,0.04632,0.007324,0.01036,-2.241E-4,0.0109,-3.093E-4,0.008091,1.157E-4,0
1521128121191,true,1602.208,0,0.009523,0.004266,0.008209,8.573E-5,0.006571,9.853E-4,0.005931,6.345E-5,0.04596,0.007749,0.01036,-2.247E-4,0.01089,-3.082E-4,0.008053,1.22E-4,0
1521128121225,true,1602.266,0,0.009493,0.003795,0.008194,8.047E-5,0.006551,9.84E-4,0.005903,6.868E-5,0.04594,0.007879,0.01033,-2.202E-4,0.01087,-3.083E-4,0.008016,1.3E-4,0
1521128121260,true,1602.323,0,0.01019,0.00342,0.008155,9.107E-5,0.006513,9.922E-4,0.005864,7.342E-5,0.04627,0.007549,0.0103,-2.136E-4,0.01084,-3.036E-4,0.007987,1.361E-4,0
1521128121295,true,1602.381,0,0.01013,0.003675,0.00813,1.073E-4,0.006501,0.001005,0.005848,8.47E-5,0.04656,0.007279,0.01029,-2.048E-4,0.01083,-2.976E-4,0.007972,1.432E-4,0
1521128121330,true,1602.438,0,0.009869,0.003939,0.008173,1.133E-4,0.00652,0.001015,0.005877,8.759E-5,0.04628,0.007419,0.01031,-2.018E-4,0.01084,-2.934E-4,0.007988,1.444E-4,0
1521128121466,true,1602.484,0,0.009641,0.004039,0.00821,1.239E-4,0.006551,0.00102,0.005916,8.77E-5,0.046,0.007699,0.01032,-1.973E-4,0.01086,-2.888E-4,0.008005,1.489E-4,0
1521128121501,true,1602.542,0,0.009211,0.003689,0.008233,1.303E-4,0.006573,0.001029,0.005947,9.564E-5,0.04592,0.007984,0.01033,-1.927E-4,0.01088,-2.81E-4,0.00802,1.508E-4,0
1521128121536,true,1602.599,0,0.009097,0.003334,0.008263,1.377E-4,0.006602,0.001033,0.005966,1.055E-4,0.04601,0.008022,0.01035,-1.909E-4,0.0109,-2.775E-4,0.008032,1.599E-4,0
1521128121571,true,1602.657,0,0.009706,0.003176,0.008285,1.443E-4,0.006631,0.001041,0.005985,1.095E-4,0.04666,0.007419,0.01037,-1.879E-4,0.01091,-2.692E-4,0.008057,1.634E-4,0
1521128121606,true,1602.714,0,0.01015,0.003265,0.008323,1.49E-4,0.006656,0.00105,0.006024,1.088E-4,0.04676,0.007331,0.01041,-1.864E-4,0.01092,-2.625E-4,0.008093,1.638E-4,0
1521128121766,true,1602.783,0,0.01019,0.003799,0.008356,1.487E-4,0.006685,0.001053,0.006052,1.134E-4,0.04652,0.007626,0.01043,-1.88E-4,0.01094,-2.568E-4,0.008115,1.656E-4,0
1521128121801,true,1602.841,0,0.00973,0.004008,0.00839,1.496E-4,0.006716,0.001055,0.006069,1.25E-4,0.04621,0.008051,0.01046,-1.848E-4,0.01096,-2.518E-4,0.008141,1.652E-4,0
1521128121837,false,-1.0,-1,0.0,0.0,0.0,0.0,0.0,0.0,0.0,0.0,0.0,0.0,0.0,0.0,0.0,0.0,0.0,0.0,0
1521128121871,true,1602.956,0,0.009281,0.003694,0.008417,1.553E-4,0.006763,0.00106,0.006078,1.36E-4,0.04616,0.008223,0.01048,-1.704E-4,0.01099,-2.535E-4,0.00815,1.747E-4,0
1521128121906,true,1603.013,0,0.01006,0.003611,0.008406,1.628E-4,0.006781,0.00106,0.006076,1.391E-4,0.04662,0.007785,0.01048,-1.659E-4,0.01099,-2.528E-4,0.008155,1.766E-4,0
1521128122041,true,1603.059,0,0.01004,0.003761,0.008401,1.65E-4,0.00679,0.001061,0.006082,1.419E-4,0.04654,0.007795,0.01049,-1.619E-4,0.01099,-2.473E-4,0.008154,1.75E-4,0
1521128122076,true,1603.117,0,0.009989,0.003779,0.008376,1.706E-4,0.006777,0.001066,0.006078,1.46E-4,0.0462,0.008078,0.01049,-1.624E-4,0.01099,-2.482E-4,0.008156,1.745E-4,0
1521128122111,true,1603.174,0,0.009421,0.0034,0.008361,1.68E-4,0.006769,0.001068,0.006065,1.487E-4,0.04598,0.00835,0.01048,-1.625E-4,0.01097,-2.454E-4,0.008131,1.808E-4,0
1521128122146,true,1603.232,0,0.009715,0.002749,0.008344,1.625E-4,0.006775,0.00106,0.006043,1.493E-4,0.0462,0.008271,0.01048,-1.603E-4,0.01096,-2.461E-4,0.008091,1.877E-4,0
1521128122180,true,1603.289,0,0.00988,0.002586,0.008283,1.661E-4,0.006759,0.001059,0.006002,1.548E-4,0.04675,0.007712,0.01047,-1.597E-4,0.01092,-2.403E-4,0.00806,1.905E-4,0
1521128122340,true,1603.358,0,0.009977,0.002778,0.008219,1.784E-4,0.006741,0.001055,0.00596,1.643E-4,0.04731,0.00716,0.01045,-1.557E-4,0.01089,-2.326E-4,0.008031,1.945E-4,0
1521128122375,false,-1.0,-1,0.0,0.0,0.0,0.0,0.0,0.0,0.0,0.0,0.0,0.0,0.0,0.0,0.0,0.0,0.0,0.0,0
1521128122410,true,1603.473,0,0.009482,0.003645,0.008279,1.866E-4,0.006753,0.001067,0.00599,1.768E-4,0.04678,0.007755,0.01047,-1.508E-4,0.01089,-2.211E-4,0.008042,1.973E-4,0
1521128122445,true,1603.531,0,0.009497,0.003082,0.008312,1.951E-4,0.00678,0.001072,0.006023,1.795E-4,0.04631,0.008277,0.01049,-1.484E-4,0.01092,-2.195E-4,0.00805,2.053E-4,0
1521128122480,true,1603.588,0,0.009851,0.002684,0.008339,2.008E-4,0.00682,0.001073,0.00605,1.793E-4,0.04645,0.008071,0.01051,-1.435E-4,0.01095,-2.244E-4,0.008068,2.067E-4,0
1521128122641,true,1603.659,0,0.01027,0.002683,0.008348,2.046E-4,0.006847,0.001078,0.006054,1.866E-4,0.04704,0.007381,0.01053,-1.421E-4,0.01098,-2.273E-4,0.008086,2.126E-4,0
1521128122676,true,1603.717,0,0.01055,0.002846,0.008376,2.025E-4,0.006884,0.001083,0.006086,1.897E-4,0.04704,0.007256,0.01056,-1.447E-4,0.011,-2.215E-4,0.008102,2.151E-4,0
1521128122711,true,1603.774,0,0.01025,0.00321,0.008406,2.033E-4,0.006906,0.00109,0.006112,1.944E-4,0.04677,0.00747,0.01058,-1.399E-4,0.01102,-2.159E-4,0.008122,2.161E-4,0
1521128122746,true,1603.832,0,0.009943,0.002955,0.008417,2.062E-4,0.006934,0.00109,0.006134,2.007E-4,0.0466,0.007662,0.01061,-1.367E-4,0.01104,-2.107E-4,0.008143,2.153E-4,0
1521128122780,true,1603.889,0,0.009629,0.002643,0.008438,2.048E-4,0.00695,0.001092,0.006161,1.96E-4,0.04666,0.007781,0.01063,-1.348E-4,0.01106,-2.117E-4,0.008142,2.199E-4,0
1521128122916,true,1603.933,0,0.009764,0.002414,0.008451,2.021E-4,0.006963,0.001094,0.006156,1.987E-4,0.04717,0.007258,0.01063,-1.301E-4,0.01107,-2.126E-4,0.008151,2.222E-4,0
1521128122951,true,1603.991,0,0.009941,0.002664,0.008435,2.002E-4,0.006978,0.00109,0.006145,2.025E-4,0.04756,0.006767,0.01065,-1.261E-4,0.01107,-2.114E-4,0.008146,2.23E-4,0
1521128122986,true,1604.048,0,0.01048,0.003061,0.008431,1.983E-4,0.006978,0.001088,0.006138,2.073E-4,0.04754,0.006699,0.01066,-1.251E-4,0.01107,-2.053E-4,0.008139,2.233E-4,0
1521128123021,true,1604.106,0,0.01023,0.003416,0.008415,1.97E-4,0.006974,0.001086,0.006128,2.098E-4,0.04705,0.007255,0.01067,-1.285E-4,0.01106,-2.018E-4,0.008126,2.232E-4,0
1521128123056,true,1604.163,0,0.009616,0.00322,0.00839,2.015E-4,0.006962,0.001085,0.006119,2.109E-4,0.0466,0.007821,0.01068,-1.301E-4,0.01105,-2.005E-4,0.008092,2.298E-4,0
1521128123216,true,1604.234,0,0.009634,0.002624,0.008364,1.986E-4,0.006955,0.001084,0.006091,2.075E-4,0.04654,0.007797,0.01067,-1.269E-4,0.01104,-2.051E-4,0.008077,2.267E-4,0
1521128123251,true,1604.292,0,0.01022,0.002475,0.008303,1.989E-4,0.006929,0.001083,0.006057,2.043E-4,0.0469,0.00731,0.01066,-1.234E-4,0.01102,-2.063E-4,0.008051,2.259E-4,0
1521128123285,true,1604.349,0,0.01047,0.002815,0.00824,2.06E-4,0.006893,0.001088,0.006011,2.096E-4,0.04718,0.006877,0.01063,-1.152E-4,0.01099,-2.042E-4,0.008013,2.274E-4,0
1521128123321,true,1604.407,0,0.01001,0.003297,0.008223,2.169E-4,0.00687,0.001097,0.005984,2.177E-4,0.04688,0.007073,0.01062,-1.145E-4,0.01096,-1.972E-4,0.007985,2.335E-4,0
1521128123356,true,1604.464,0,0.009466,0.003363,0.008244,2.199E-4,0.006881,0.001097,0.005981,2.261E-4,0.04656,0.007372,0.01064,-1.153E-4,0.01096,-1.89E-4,0.007982,2.377E-4,0
1521128123491,true,1604.509,0,0.009223,0.00307,0.008271,2.211E-4,0.006886,0.001099,0.005999,2.284E-4,0.04647,0.007533,0.01064,-1.103E-4,0.01097,-1.933E-4,0.00798,2.41E-4,0
1521128123526,true,1604.567,0,0.009223,0.002772,0.008265,2.268E-4,0.006903,0.001104,0.006007,2.265E-4,0.04666,0.007305,0.01064,-1.04E-4,0.01099,-1.962E-4,0.007978,2.444E-4,0
1521128123561,true,1604.624,0,0.009571,0.002987,0.00826,2.275E-4,0.006904,0.001107,0.006004,2.325E-4,0.04713,0.006777,0.01063,-9.786E-5,0.01099,-1.957E-4,0.007984,2.433E-4,0
1521128123596,true,1604.682,0,0.009757,0.003487,0.008262,2.281E-4,0.006904,0.001124,0.006018,2.337E-4,0.047,0.006829,0.01065,-9.632E-5,0.01099,-1.9E-4,0.007986,2.402E-4,0
1521128123631,true,1604.739,0,0.00956,0.004151,0.008263,2.274E-4,0.006913,0.00114,0.006038,2.452E-4,0.04659,0.007129,0.01066,-9.477E-5,0.01099,-1.872E-4,0.00799,2.366E-4,0
1521128123766,true,1604.784,0,0.009468,0.004307,0.008262,2.285E-4,0.006924,0.001155,0.006047,2.597E-4,0.04619,0.007627,0.01067,-9.512E-5,0.01099,-1.897E-4,0.007981,2.391E-4,0
1521128123801,true,1604.842,0,0.009289,0.004102,0.008243,2.296E-4,0.006946,0.001156,0.006052,2.714E-4,0.04589,0.007969,0.01067,-9.197E-5,0.01098,-1.912E-4,0.007967,2.412E-4,0
1521128123836,true,1604.899,0,0.009965,0.003834,0.008217,2.305E-4,0.006956,0.001165,0.00604,2.79E-4,0.04624,0.007689,0.01067,-9.036E-5,0.01099,-1.952E-4,0.007952,2.433E-4,0
1521128123871,true,1604.957,0,0.01028,0.004271,0.008192,2.281E-4,0.006952,0.001172,0.006044,2.757E-4,0.04644,0.007402,0.01065,-8.8E-5,0.01097,-1.949E-4,0.007927,2.456E-4,0
1521128123906,true,1605.014,0,0.01055,0.004641,0.008172,2.229E-4,0.006936,0.001183,0.006009,2.856E-4,0.04629,0.00751,0.01065,-8.811E-5,0.01093,-1.892E-4,0.007917,2.401E-4,0
1521128124066,true,1605.084,0,0.01009,0.004883,0.008138,2.226E-4,0.006934,0.001185,0.005991,2.903E-4,0.04605,0.007678,0.01064,-9.235E-5,0.01091,-1.884E-4,0.007889,2.38E-4,0
1521128124101,true,1605.142,0,0.009526,0.00492,0.008091,2.232E-4,0.006908,0.001184,0.005971,2.948E-4,0.04602,0.007765,0.01062,-9.155E-5,0.01087,-1.814E-4,0.007855,2.409E-4,0
1521128124136,true,1605.199,0,0.00949,0.004643,0.008052,2.283E-4,0.006868,0.001193,0.005928,3.047E-4,0.04588,0.007791,0.01059,-8.626E-5,0.01084,-1.802E-4,0.007816,2.476E-4,0
1521128124171,true,1605.257,0,0.009988,0.004692,0.008042,2.357E-4,0.006862,0.001204,0.00591,3.131E-4,0.04642,0.007145,0.01058,-7.979E-5,0.01083,-1.783E-4,0.007798,2.518E-4,0
1521128124206,true,1605.314,0,0.01007,0.005236,0.008067,2.37E-4,0.006873,0.001209,0.00593,3.12E-4,0.04654,0.006984,0.0106,-8.495E-5,0.01083,-1.724E-4,0.007798,2.507E-4,0
1521128124366,true,1605.384,0,0.009651,0.005965,0.008082,2.336E-4,0.006894,0.001212,0.005941,3.16E-4,0.04605,0.007597,0.01062,-9.126E-5,0.01082,-1.713E-4,0.007811,2.449E-4,0
1521128124401,true,1605.442,0,0.009401,0.006063,0.008096,2.294E-4,0.006898,0.001215,0.005954,3.216E-4,0.04552,0.008197,0.01065,-9.722E-5,0.01082,-1.685E-4,0.0078,2.442E-4,0
1521128124436,true,1605.499,0,0.009102,0.005878,0.008084,2.369E-4,0.006909,0.001214,0.005936,3.33E-4,0.04527,0.008659,0.01064,-9.196E-5,0.01082,-1.694E-4,0.00779,2.448E-4,0
1521128124471,true,1605.557,0,0.009492,0.005544,0.00808,2.43E-4,0.006906,0.001221,0.005942,3.339E-4,0.04529,0.008593,0.01064,-9.182E-5,0.01082,-1.687E-4,0.007794,2.441E-4,0
1521128124506,true,1605.614,0,0.009386,0.005959,0.008084,2.407E-4,0.006921,0.001222,0.005958,3.283E-4,0.04556,0.008316,0.01065,-8.969E-5,0.01083,-1.729E-4,0.007801,2.438E-4,0
1521128124641,true,1605.658,0,0.009769,0.006185,0.008094,2.369E-4,0.00693,0.001227,0.005962,3.29E-4,0.04558,0.008268,0.01066,-9.194E-5,0.01083,-1.708E-4,0.007804,2.384E-4,0
1521128124676,true,1605.716,0,0.009297,0.006344,0.008102,2.309E-4,0.006928,0.001227,0.005969,3.261E-4,0.0455,0.00842,0.01066,-9.358E-5,0.01081,-1.705E-4,0.007805,2.314E-4,0
1521128124711,true,1605.773,0,0.009132,0.006038,0.008106,2.257E-4,0.006925,0.001219,0.005968,3.258E-4,0.04533,0.008688,0.01067,-9.674E-5,0.0108,-1.696E-4,0.00779,2.313E-4,0
1521128124746,true,1605.831,0,0.009344,0.005332,0.00809,2.253E-4,0.006912,0.001219,0.005945,3.292E-4,0.0454,0.008641,0.01066,-9.518E-5,0.01079,-1.707E-4,0.007767,2.349E-4,0
1521128124780,true,1605.888,0,0.009826,0.005062,0.008081,2.185E-4,0.006887,0.001224,0.005917,3.225E-4,0.04616,0.007851,0.01064,-9.414E-5,0.01076,-1.677E-4,0.007731,2.364E-4,0
1521128124941,true,1605.959,0,0.01023,0.005443,0.008056,2.146E-4,0.00686,0.001224,0.005894,3.163E-4,0.04665,0.007244,0.01064,-1.002E-4,0.01074,-1.675E-4,0.007708,2.357E-4,0
1521128124976,true,1606.017,0,0.01043,0.005823,0.00801,2.145E-4,0.006822,0.001222,0.005852,3.153E-4,0.0463,0.007543,0.01062,-1.006E-4,0.01071,-1.697E-4,0.007672,2.345E-4,0
1521128125011,true,1606.074,0,0.009911,0.006038,0.007973,2.227E-4,0.006779,0.001223,0.005813,3.202E-4,0.04582,0.007973,0.01061,-1.022E-4,0.01068,-1.657E-4,0.007617,2.411E-4,0
1521128125046,true,1606.132,0,0.009342,0.005858,0.007953,2.385E-4,0.006779,0.001218,0.00579,3.333E-4,0.04552,0.008254,0.01059,-9.537E-5,0.01067,-1.605E-4,0.007598,2.472E-4,0
1521128125081,true,1606.189,0,0.009389,0.005567,0.008009,2.395E-4,0.006797,0.001219,0.005813,3.33E-4,0.04576,0.008063,0.01059,-9.038E-5,0.01068,-1.599E-4,0.007608,2.507E-4,0
1521128125216,true,1606.235,0,0.009718,0.005579,0.00806,2.424E-4,0.00683,0.001214,0.005843,3.332E-4,0.04631,0.007488,0.01062,-8.638E-5,0.01071,-1.581E-4,0.007631,2.53E-4,0
1521128125251,true,1606.293,0,0.009932,0.00558,0.008121,2.372E-4,0.00686,0.001213,0.005866,3.324E-4,0.0464,0.007457,0.01065,-8.838E-5,0.01075,-1.55E-4,0.007666,2.476E-4,0
1521128125286,true,1606.35,0,0.009533,0.005902,0.008164,2.389E-4,0.00689,0.001209,0.005891,3.31E-4,0.04612,0.007847,0.01068,-9.21E-5,0.01076,-1.494E-4,0.007683,2.509E-4,0
1521128125321,true,1606.408,0,0.009015,0.005635,0.008211,2.422E-4,0.006904,0.00121,0.005913,3.309E-4,0.04592,0.007942,0.01071,-9.634E-5,0.01078,-1.467E-4,0.007708,2.519E-4,0
1521128125355,true,1606.465,0,0.008646,0.005039,0.008251,2.44E-4,0.006939,0.001204,0.005933,3.322E-4,0.04602,0.007943,0.01072,-9.173E-5,0.01081,-1.457E-4,0.007737,2.521E-4,0
1521128125516,true,1606.534,0,0.008891,0.004663,0.008285,2.469E-4,0.006955,0.001206,0.005953,3.261E-4,0.04649,0.007536,0.01074,-8.846E-5,0.01084,-1.469E-4,0.007756,2.547E-4,0
1521128125551,true,1606.592,0,0.009463,0.004872,0.008319,2.461E-4,0.006984,0.001197,0.005961,3.231E-4,0.04718,0.006985,0.01075,-8.85E-5,0.01087,-1.496E-4,0.007764,2.628E-4,0
1521128125586,true,1606.649,0,0.009805,0.004965,0.008329,2.477E-4,0.007002,0.001192,0.005985,3.16E-4,0.04708,0.007178,0.01077,-8.837E-5,0.01088,-1.485E-4,0.007782,2.607E-4,0
1521128125621,true,1606.707,0,0.009609,0.005053,0.008352,2.462E-4,0.007003,0.001187,0.005983,3.203E-4,0.04662,0.007603,0.01079,-8.698E-5,0.01089,-1.471E-4,0.00779,2.621E-4,0
1521128125656,true,1606.764,0,0.008825,0.004929,0.008377,2.47E-4,0.007006,0.001186,0.005983,3.19E-4,0.04614,0.008128,0.01079,-8.442E-5,0.01089,-1.401E-4,0.00779,2.631E-4,0
1521128125791,true,1606.808,0,0.008817,0.004452,0.008397,2.433E-4,0.007001,0.001186,0.005966,3.201E-4,0.04615,0.008318,0.01078,-7.796E-5,0.01091,-1.427E-4,0.007778,2.687E-4,0
1521128125825,true,1606.866,0,0.009424,0.004207,0.008393,2.422E-4,0.006996,0.001187,0.00594,3.228E-4,0.04649,0.007869,0.01077,-6.962E-5,0.01091,-1.427E-4,0.007773,2.683E-4,0
1521128125860,true,1606.923,0,0.009027,0.004467,0.008386,2.42E-4,0.006986,0.00119,0.005916,3.194E-4,0.04666,0.007501,0.01076,-6.54E-5,0.01089,-1.381E-4,0.007767,2.665E-4,0
1521128125895,true,1606.981,0,0.009108,0.004611,0.008368,2.515E-4,0.006969,0.001199,0.00589,3.289E-4,0.0464,0.007763,0.01076,-6.004E-5,0.01087,-1.275E-4,0.007771,2.685E-4,0
1521128125930,true,1607.038,0,0.008668,0.004469,0.008408,2.586E-4,0.006972,0.001209,0.005893,3.409E-4,0.04643,0.007678,0.01077,-5.48E-5,0.01089,-1.234E-4,0.007776,2.772E-4,0
1521128126091,true,1607.109,0,0.008097,0.004151,0.008479,2.644E-4,0.007015,0.001214,0.005944,3.406E-4,0.04628,0.00805,0.01078,-4.684E-5,0.01093,-1.198E-4,0.007816,2.804E-4,0
1521128126126,true,1607.167,0,0.008362,0.003742,0.008556,2.656E-4,0.007055,0.001222,0.005976,3.465E-4,0.04667,0.007721,0.0108,-4.299E-5,0.01097,-1.184E-4,0.007871,2.866E-4,0
1521128126161,true,1607.224,0,0.008627,0.004049,0.008623,2.649E-4,0.007094,0.001227,0.006024,3.458E-4,0.0474,0.007086,0.01084,-4.371E-5,0.011,-1.106E-4,0.00793,2.884E-4,0
1521128126195,true,1607.282,0,0.009281,0.004271,0.008681,2.639E-4,0.007122,0.001233,0.006066,3.471E-4,0.04746,0.007117,0.01088,-4.322E-5,0.01104,-1.067E-4,0.007978,2.925E-4,0
1521128126230,true,1607.339,0,0.009119,0.004731,0.008737,2.601E-4,0.007166,0.001232,0.00609,3.535E-4,0.04685,0.007775,0.01092,-4.792E-5,0.01108,-9.872E-5,0.00803,2.936E-4,0
1521128126367,true,1607.385,0,0.008874,0.004668,0.008787,2.668E-4,0.0072,0.001237,0.006132,3.569E-4,0.04647,0.008275,0.01096,-4.749E-5,0.01113,-9.539E-5,0.008074,2.953E-4,0
1521128126402,true,1607.443,0,0.0086,0.004161,0.008844,2.624E-4,0.007224,0.00124,0.006172,3.551E-4,0.0463,0.008694,0.01099,-4.213E-5,0.01117,-9.287E-5,0.008116,2.983E-4,0
1521128126437,true,1607.5,0,0.009024,0.004058,0.008867,2.683E-4,0.007255,0.001242,0.006199,3.548E-4,0.04669,0.008299,0.01101,-3.624E-5,0.01119,-8.964E-5,0.008159,3.022E-4,0
1521128126472,true,1607.558,0,0.008921,0.004327,0.008895,2.688E-4,0.007288,0.001243,0.006211,3.614E-4,0.04712,0.007931,0.01102,-2.705E-5,0.01122,-8.26E-5,0.008189,3.037E-4,0
1521128126507,true,1607.615,0,0.009015,0.004598,0.008908,2.718E-4,0.007303,0.001254,0.006217,3.716E-4,0.04681,0.008204,0.01104,-2.514E-5,0.01124,-7.785E-5,0.008219,3.108E-4,0
1521128126666,true,1607.685,0,0.008627,0.004636,0.008932,2.713E-4,0.00732,0.001258,0.00623,3.741E-4,0.0467,0.008314,0.01106,-2.502E-5,0.01125,-7.367E-5,0.008241,3.186E-4,0
1521128126701,true,1607.743,0,0.008143,0.004291,0.008933,2.689E-4,0.007321,0.001263,0.006231,3.813E-4,0.04674,0.008333,0.01105,-1.63E-5,0.01127,-6.968E-5,0.008258,3.219E-4,0
1521128126736,true,1607.8,0,0.008565,0.003648,0.008915,2.759E-4,0.007327,0.001261,0.006231,3.795E-4,0.04684,0.008147,0.01105,-1.365E-5,0.01127,-6.525E-5,0.008258,3.272E-4,0
1521128126771,true,1607.858,0,0.009115,0.003686,0.008881,2.812E-4,0.007327,0.001263,0.006206,3.839E-4,0.04757,0.007369,0.01104,-5.445E-6,0.01127,-6.299E-5,0.008255,3.314E-4,0
1521128126806,true,1607.915,0,0.009277,0.004,0.008843,2.931E-4,0.007305,0.001273,0.006201,3.886E-4,0.04765,0.007256,0.01104,5.289E-9,0.01125,-5.161E-5,0.008258,3.364E-4,0
1521128126967,true,1607.986,0,0.009437,0.004054,0.008864,2.987E-4,0.007303,0.001288,0.006218,3.956E-4,0.04737,0.007598,0.01105,4.495E-6,0.01126,-4.153E-5,0.008283,3.469E-4,0
1521128127002,true,1608.044,0,0.009143,0.004257,0.00892,3.01E-4,0.007332,0.001297,0.006245,3.964E-4,0.04715,0.007966,0.01108,4.66E-6,0.01129,-3.727E-5,0.008329,3.508E-4,0
1521128127037,true,1608.101,0,0.008896,0.003829,0.008954,3.01E-4,0.00735,0.001313,0.006281,3.996E-4,0.04693,0.008333,0.01111,7.638E-6,0.01133,-3.015E-5,0.008362,3.591E-4,0
1521128127072,true,1608.159,0,0.009236,0.003467,0.008986,3.037E-4,0.007385,0.00132,0.006319,3.991E-4,0.04731,0.008036,0.01113,1.319E-5,0.01136,-2.868E-5,0.008392,3.72E-4,0
1521128127107,true,1608.216,0,0.009757,0.003652,0.008993,3.045E-4,0.007409,0.001332,0.006326,4.045E-4,0.04795,0.007434,0.01114,2.087E-5,0.0114,-2.503E-5,0.008429,3.744E-4,0
1521128127241,true,1608.259,0,0.009824,0.003775,0.009007,3.029E-4,0.007438,0.001338,0.006337,4.103E-4,0.04814,0.007306,0.01117,2.182E-5,0.01143,-2.025E-5,0.008465,3.759E-4,0
1521128127276,true,1608.317,0,0.009088,0.004104,0.009002,3.107E-4,0.00744,0.001347,0.006353,4.196E-4,0.04772,0.007611,0.01118,1.965E-5,0.01145,-1.399E-5,0.008484,3.853E-4,0
1521128127311,true,1608.374,0,0.008365,0.003847,0.009021,3.119E-4,0.007469,0.001348,0.006363,4.249E-4,0.04777,0.00747,0.01119,2.115E-5,0.01147,-1.183E-5,0.008515,3.855E-4,0
1521128127346,true,1608.432,0,0.008869,0.003096,0.00902,3.13E-4,0.007489,0.001349,0.006367,4.254E-4,0.04788,0.007477,0.01119,2.171E-5,0.0115,-1.083E-5,0.00853,3.906E-4,0
1521128127381,true,1608.489,0,0.009746,0.002803,0.008984,3.232E-4,0.007512,0.001352,0.006349,4.251E-4,0.04813,0.007106,0.01118,2.504E-5,0.01151,-8.79E-6,0.008546,3.949E-4,0
1521128127516,true,1608.535,0,0.009961,0.00312,0.008955,3.186E-4,0.007508,0.001355,0.006337,4.2E-4,0.04868,0.00657,0.01118,2.519E-5,0.0115,1.576E-6,0.008548,3.996E-4,0
1521128127551,true,1608.593,0,0.00998,0.003436,0.008922,3.208E-4,0.007499,0.001354,0.006324,4.164E-4,0.04853,0.00671,0.01117,2.54E-5,0.0115,5.509E-6,0.008548,4.019E-4,0
1521128127586,true,1608.65,0,0.009674,0.003595,0.008907,3.187E-4,0.007486,0.001351,0.006306,4.141E-4,0.04837,0.006911,0.01117,2.143E-5,0.01149,9.116E-6,0.008541,4.047E-4,0
1521128127621,true,1608.708,0,0.009483,0.003224,0.008869,3.219E-4,0.00748,0.001347,0.006278,4.147E-4,0.04803,0.00723,0.01114,1.892E-5,0.01148,1.147E-5,0.008527,4.059E-4,0
1521128127656,true,1608.765,0,0.009542,0.002683,0.008818,3.281E-4,0.007444,0.001354,0.006233,4.194E-4,0.04808,0.007077,0.0111,2.744E-5,0.01146,1.264E-5,0.008497,4.153E-4,0
1521128127815,true,1608.834,0,0.00953,0.002899,0.008784,3.39E-4,0.007431,0.001358,0.006191,4.231E-4,0.04854,0.006566,0.01108,3.309E-5,0.01144,2.264E-5,0.008489,4.233E-4,0
1521128127850,true,1608.892,0,0.009596,0.003119,0.008799,3.331E-4,0.007436,0.001365,0.00619,4.252E-4,0.04856,0.006419,0.01109,3.356E-5,0.01146,2.568E-5,0.008506,4.284E-4,0
1521128127885,true,1608.949,0,0.009644,0.003113,0.00883,3.301E-4,0.007435,0.001373,0.006179,4.332E-4,0.04831,0.006605,0.01108,3.76E-5,0.01146,3.098E-5,0.008533,4.271E-4,0
1521128127920,true,1609.007,0,0.00906,0.002975,0.008859,3.304E-4,0.007439,0.001378,0.006179,4.352E-4,0.048,0.006815,0.01108,3.68E-5,0.01147,3.043E-5,0.008545,4.307E-4,0
1521128127955,true,1609.064,0,0.008608,0.00266,0.00887,3.281E-4,0.007454,0.001375,0.006169,4.343E-4,0.04788,0.006797,0.01106,3.862E-5,0.01148,2.868E-5,0.008553,4.344E-4,0
1521128128115,true,1609.135,0,0.008864,0.00239,0.008871,3.313E-4,0.007451,0.001378,0.006148,4.352E-4,0.04831,0.006338,0.01105,4.772E-5,0.01149,2.74E-5,0.00857,4.407E-4,0
1521128128150,false,-1.0,-1,0.0,0.0,0.0,0.0,0.0,0.0,0.0,0.0,0.0,0.0,0.0,0.0,0.0,0.0,0.0,0.0,0
1521128128185,true,1609.25,0,0.009027,0.002977,0.008869,3.319E-4,0.007463,0.00138,0.006103,4.382E-4,0.04883,0.005852,0.01104,5.161E-5,0.01148,3.382E-5,0.008595,4.422E-4,0
1521128128220,true,1609.308,0,0.008468,0.003612,0.008858,3.34E-4,0.007445,0.001381,0.006097,4.38E-4,0.04823,0.006404,0.01103,4.876E-5,0.01148,3.564E-5,0.008607,4.426E-4,0
1521128128255,true,1609.365,0,0.00794,0.003504,0.008856,3.308E-4,0.007433,0.001378,0.006078,4.379E-4,0.04782,0.00672,0.01101,4.837E-5,0.01148,3.797E-5,0.008595,4.427E-4,0
