1521127978375,true,1459.382,0,0.01484,0.006923,0.01132,-9.497E-5,0.009086,6.487E-4,0.008207,-2.166E-4,0.05147,0.01182,0.01305,-3.678E-4,0.01343,-5.402E-4,0.01068,-1.001E-4,1
1521127978410,true,1459.439,0,0.0151,0.007204,0.01127,-9.589E-5,0.00906,6.443E-4,0.008189,-2.182E-4,0.05163,0.01165,0.01304,-3.708E-4,0.01341,-5.426E-4,0.01066,-1.036E-4,1
1521127978447,true,1459.497,0,0.0152,0.00734,0.01123,-9.85E-5,0.009029,6.418E-4,0.008163,-2.214E-4,0.05115,0.01192,0.01302,-3.736E-4,0.01338,-5.434E-4,0.01064,-1.062E-4,1
1521127978483,true,1459.554,0,0.01513,0.007251,0.01118,-1.006E-4,0.00899,6.346E-4,0.00813,-2.215E-4,0.05071,0.01222,0.01299,-3.78E-4,0.01334,-5.421E-4,0.01061,-1.077E-4,1
1521127978639,true,1459.625,0,0.01486,0.006633,0.01112,-9.684E-5,0.00895,6.263E-4,0.008102,-2.257E-4,0.05047,0.01238,0.01296,-3.814E-4,0.01332,-5.488E-4,0.01055,-1.052E-4,1
1521127978675,true,1459.683,0,0.01539,0.006071,0.01107,-8.746E-5,0.008897,6.333E-4,0.008048,-2.165E-4,0.05075,0.01195,0.01293,-3.802E-4,0.01328,-5.435E-4,0.01051,-1.029E-4,1
1521127978711,true,1459.74,0,0.01598,0.006091,0.01106,-8.23E-5,0.008887,6.337E-4,0.008046,-2.143E-4,0.05138,0.01128,0.01293,-3.836E-4,0.01328,-5.436E-4,0.01051,-1.037E-4,1
1521127978747,true,1459.798,0,0.01631,0.006472,0.01108,-8.36E-5,0.008898,6.345E-4,0.00807,-2.18E-4,0.0513,0.01124,0.01293,-3.845E-4,0.01329,-5.437E-4,0.01052,-1.078E-4,1
1521127978783,true,1459.855,0,0.01611,0.006984,0.01111,-8.918E-5,0.008907,6.288E-4,0.008083,-2.135E-4,0.05078,0.01173,0.01294,-3.877E-4,0.01331,-5.449E-4,0.01055,-1.142E-4,1
1521127978914,true,1459.899,0,0.01608,0.006824,0.01112,-8.96E-5,0.008901,6.288E-4,0.008101,-2.167E-4,0.05019,0.01216,0.01293,-3.893E-4,0.01332,-5.446E-4,0.01056,-1.153E-4,1
1521127978950,true,1459.957,0,0.01622,0.006231,0.01113,-8.853E-5,0.0089,6.247E-4,0.008113,-2.163E-4,0.04981,0.01261,0.01294,-3.913E-4,0.01333,-5.468E-4,0.01056,-1.149E-4,1
1521127978986,true,1460.014,0,0.01611,0.006023,0.01113,-8.771E-5,0.008918,6.224E-4,0.008137,-2.244E-4,0.05014,0.01233,0.01295,-3.904E-4,0.01336,-5.485E-4,0.01057,-1.155E-4,1
1521127979022,true,1460.072,0,0.01622,0.006249,0.01113,-8.906E-5,0.008935,6.188E-4,0.008147,-2.264E-4,0.05061,0.01197,0.01297,-3.922E-4,0.01337,-5.492E-4,0.01059,-1.197E-4,1
1521127979058,true,1460.129,0,0.01622,0.006585,0.01113,-9.194E-5,0.008945,6.158E-4,0.008147,-2.2E-4,0.05062,0.01197,0.01297,-3.932E-4,0.01337,-5.46E-4,0.01061,-1.248E-4,1
1521127979214,true,1460.2,0,0.01572,0.006697,0.01112,-8.74E-5,0.008943,6.167E-4,0.008155,-2.269E-4,0.05031,0.01234,0.01298,-4.008E-4,0.01337,-5.422E-4,0.01062,-1.272E-4,1
1521127979250,true,1460.258,0,0.01562,0.006276,0.01111,-8.772E-5,0.008928,6.137E-4,0.008154,-2.262E-4,0.05019,0.01243,0.01298,-4.043E-4,0.01338,-5.421E-4,0.01061,-1.278E-4,1
1521127979286,true,1460.315,0,0.01579,0.005628,0.01109,-9.058E-5,0.008927,6.098E-4,0.008131,-2.213E-4,0.05058,0.01206,0.01298,-4.066E-4,0.01337,-5.435E-4,0.01061,-1.312E-4,1
1521127979322,true,1460.373,0,0.0161,0.005655,0.01107,-9.56E-5,0.008918,6.068E-4,0.008127,-2.325E-4,0.05112,0.01152,0.01296,-4.072E-4,0.01337,-5.475E-4,0.01061,-1.351E-4,1
1521127979358,true,1460.43,0,0.01666,0.005833,0.01103,-9.811E-5,0.008899,6.056E-4,0.008095,-2.287E-4,0.05126,0.01127,0.01296,-4.117E-4,0.01335,-5.464E-4,0.01059,-1.343E-4,1
1521127979488,true,1460.474,0,0.01663,0.006129,0.011,-1.035E-4,0.008875,6.013E-4,0.008071,-2.286E-4,0.05065,0.01176,0.01295,-4.181E-4,0.01333,-5.463E-4,0.01057,-1.36E-4,1
1521127979524,true,1460.532,0,0.01605,0.006282,0.01096,-1.1E-4,0.008832,6.006E-4,0.008042,-2.333E-4,0.05003,0.01231,0.01294,-4.248E-4,0.01331,-5.517E-4,0.01054,-1.373E-4,1
1521127979561,true,1460.589,0,0.01586,0.005894,0.0109,-1.018E-4,0.008783,5.994E-4,0.007991,-2.314E-4,0.04975,0.01258,0.01291,-4.237E-4,0.01328,-5.493E-4,0.0105,-1.31E-4,1
1521127979597,true,1460.647,0,0.01584,0.005677,0.01085,-8.567E-5,0.008738,6.025E-4,0.007934,-2.218E-4,0.05003,0.01239,0.01288,-4.197E-4,0.01325,-5.457E-4,0.01048,-1.237E-4,1
1521127979633,true,1460.704,0,0.01544,0.006173,0.01087,-8.677E-5,0.008726,6.059E-4,0.007943,-2.223E-4,0.05054,0.01183,0.01287,-4.115E-4,0.01326,-5.432E-4,0.01049,-1.223E-4,1
1521127979788,true,1460.773,0,0.01555,0.006384,0.01089,-8.789E-5,0.008743,6.058E-4,0.007963,-2.265E-4,0.0506,0.01176,0.01289,-4.173E-4,0.01326,-5.416E-4,0.01051,-1.226E-4,1
1521127979825,true,1460.831,0,0.01514,0.006802,0.0109,-8.522E-5,0.008756,6.057E-4,0.007975,-2.262E-4,0.05048,0.01184,0.01291,-4.211E-4,0.01328,-5.414E-4,0.01053,-1.236E-4,1
1521127979860,true,1460.888,0,0.01424,0.006687,0.01092,-8.949E-5,0.008765,6.045E-4,0.007986,-2.273E-4,0.05045,0.01189,0.01292,-4.243E-4,0.0133,-5.442E-4,0.01055,-1.216E-4,1
1521127979897,true,1460.946,0,0.01441,0.005935,0.01095,-8.896E-5,0.008767,6.08E-4,0.007996,-2.258E-4,0.05062,0.01184,0.01293,-4.236E-4,0.01332,-5.419E-4,0.01057,-1.214E-4,1
1521127979932,true,1461.003,0,0.01466,0.005709,0.01096,-9.424E-5,0.008793,6.059E-4,0.008004,-2.255E-4,0.05134,0.01119,0.01294,-4.206E-4,0.01334,-5.386E-4,0.01059,-1.194E-4,1
1521127980065,true,1461.05,0,0.01506,0.005873,0.01097,-9.456E-5,0.008817,6.018E-4,0.008008,-2.261E-4,0.05191,0.01067,0.01296,-4.197E-4,0.01336,-5.392E-4,0.01063,-1.254E-4,1
1521127980101,true,1461.108,0,0.01504,0.006257,0.01099,-9.651E-5,0.008825,6.009E-4,0.008023,-2.295E-4,0.05175,0.01082,0.01298,-4.265E-4,0.01337,-5.396E-4,0.01063,-1.234E-4,1
1521127980137,true,1461.165,0,0.01448,0.006566,0.011,-1.011E-4,0.008822,5.982E-4,0.008027,-2.326E-4,0.05125,0.01127,0.01298,-4.276E-4,0.01339,-5.415E-4,0.01063,-1.222E-4,1
1521127980173,true,1461.223,0,0.01364,0.006529,0.01099,-1.016E-4,0.008816,5.951E-4,0.008032,-2.326E-4,0.05093,0.01161,0.01299,-4.272E-4,0.01339,-5.44E-4,0.01064,-1.211E-4,1
1521127980209,true,1461.28,0,0.01364,0.006065,0.01096,-9.807E-5,0.0088,5.975E-4,0.008007,-2.317E-4,0.05116,0.01146,0.01298,-4.273E-4,0.0134,-5.472E-4,0.01064,-1.22E-4,1
1521127980364,true,1461.35,0,0.01373,0.006119,0.01093,-9.555E-5,0.008793,5.923E-4,0.007992,-2.322E-4,0.05167,0.01083,0.01297,-4.216E-4,0.0134,-5.447E-4,0.01065,-1.189E-4,1
1521127980400,true,1461.408,0,0.01345,0.006578,0.01091,-1.011E-4,0.008782,5.922E-4,0.007966,-2.302E-4,0.05179,0.01073,0.01297,-4.25E-4,0.01339,-5.423E-4,0.01064,-1.18E-4,1
1521127980436,true,1461.465,0,0.01295,0.00692,0.01088,-1.097E-4,0.008752,5.923E-4,0.007951,-2.376E-4,0.05121,0.01117,0.01296,-4.278E-4,0.01338,-5.422E-4,0.01062,-1.202E-4,1
1521127980473,true,1461.523,0,0.01221,0.006931,0.01085,-1.175E-4,0.008708,5.927E-4,0.007923,-2.39E-4,0.05122,0.01115,0.01296,-4.361E-4,0.01336,-5.417E-4,0.01059,-1.171E-4,1
1521127980509,true,1461.58,0,0.0119,0.00654,0.01079,-1.085E-4,0.008656,5.997E-4,0.007874,-2.3E-4,0.05124,0.01111,0.01292,-4.309E-4,0.01334,-5.385E-4,0.01056,-1.121E-4,1
1521127980639,true,1461.624,0,0.01208,0.006281,0.01078,-1.032E-4,0.00863,6.077E-4,0.007848,-2.263E-4,0.05179,0.01047,0.01291,-4.236E-4,0.01334,-5.399E-4,0.01056,-1.065E-4,1
1521127980675,true,1461.682,0,0.01226,0.006642,0.01078,-9.571E-5,0.008629,6.134E-4,0.007858,-2.274E-4,0.05267,0.009624,0.01292,-4.184E-4,0.01337,-5.403E-4,0.01057,-1.017E-4,1
1521127980711,true,1461.739,0,0.01212,0.007197,0.0108,-9.015E-5,0.008652,6.111E-4,0.007874,-2.239E-4,0.05273,0.009471,0.01293,-4.201E-4,0.01338,-5.354E-4,0.01059,-1.023E-4,1
1521127980747,true,1461.797,0,0.01187,0.007558,0.01083,-8.906E-5,0.008671,6.098E-4,0.007886,-2.232E-4,0.05238,0.009827,0.01294,-4.233E-4,0.01342,-5.375E-4,0.01062,-1.053E-4,1
1521127980784,true,1461.854,0,0.0114,0.00736,0.01085,-8.657E-5,0.008678,6.101E-4,0.007897,-2.169E-4,0.05196,0.01033,0.01297,-4.268E-4,0.01344,-5.416E-4,0.01064,-1.068E-4,1
1521127980914,true,1461.9,0,0.01097,0.006995,0.01089,-8.531E-5,0.008694,6.124E-4,0.007902,-2.116E-4,0.05203,0.01041,0.01298,-4.256E-4,0.01347,-5.456E-4,0.01066,-1.028E-4,1
1521127980950,true,1461.958,0,0.01137,0.006887,0.01091,-8.322E-5,0.008699,6.18E-4,0.007907,-2.079E-4,0.05243,0.01006,0.01299,-4.23E-4,0.0135,-5.482E-4,0.01069,-1.057E-4,1
1521127980986,true,1462.015,0,0.01147,0.007183,0.01093,-8.295E-5,0.008705,6.221E-4,0.007919,-2.09E-4,0.05277,0.009812,0.01301,-4.23E-4,0.01353,-5.495E-4,0.01072,-1.077E-4,1
1521127981022,true,1462.073,0,0.01126,0.007506,0.01091,-7.955E-5,0.008711,6.264E-4,0.007926,-2.051E-4,0.05229,0.01023,0.01303,-4.264E-4,0.01355,-5.51E-4,0.01075,-1.145E-4,1
1521127981058,true,1462.13,0,0.01089,0.007546,0.01089,-7.412E-5,0.008705,6.24E-4,0.007937,-2.044E-4,0.05196,0.01045,0.01303,-4.263E-4,0.01355,-5.521E-4,0.01077,-1.152E-4,1
1521127981214,true,1462.199,0,0.01085,0.007039,0.01088,-7.136E-5,0.008688,6.206E-4,0.007931,-1.99E-4,0.05188,0.01061,0.01303,-4.248E-4,0.01358,-5.563E-4,0.01076,-1.129E-4,1
1521127981250,true,1462.257,0,0.01127,0.006543,0.01085,-6.715E-5,0.008683,6.188E-4,0.007921,-1.978E-4,0.05232,0.01018,0.01301,-4.223E-4,0.01358,-5.599E-4,0.01075,-1.123E-4,1
1521127981286,true,1462.314,0,0.01186,0.006519,0.01081,-6.632E-5,0.008669,6.218E-4,0.007904,-1.947E-4,0.05302,0.009426,0.01302,-4.252E-4,0.01359,-5.651E-4,0.01074,-1.128E-4,1
1521127981322,true,1462.372,0,0.01221,0.006745,0.01079,-7.267E-5,0.008653,6.239E-4,0.007881,-1.937E-4,0.05324,0.009188,0.013,-4.239E-4,0.01357,-5.6E-4,0.01072,-1.136E-4,1
1521127981359,true,1462.429,0,0.01211,0.007155,0.01077,-7.42E-5,0.008596,6.297E-4,0.007853,-1.892E-4,0.05278,0.009592,0.01299,-4.214E-4,0.01356,-5.62E-4,0.01071,-1.18E-4,1
1521127981514,true,1462.5,0,0.01183,0.00708,0.01071,-6.381E-5,0.008548,6.335E-4,0.007822,-1.83E-4,0.05218,0.01016,0.01297,-4.216E-4,0.01354,-5.631E-4,0.01067,-1.122E-4,1
1521127981550,true,1462.558,0,0.01182,0.006551,0.01072,-5.153E-5,0.008535,6.389E-4,0.007802,-1.726E-4,0.05186,0.01061,0.01296,-4.173E-4,0.01353,-5.62E-4,0.01066,-1.067E-4,1
1521127981586,true,1462.615,0,0.01204,0.006376,0.01074,-4.912E-5,0.008552,6.425E-4,0.00782,-1.69E-4,0.05211,0.01041,0.01298,-4.209E-4,0.01356,-5.698E-4,0.01069,-1.061E-4,1
1521127981623,true,1462.673,0,0.01227,0.006725,0.01077,-5.0E-5,0.008572,6.435E-4,0.007847,-1.731E-4,0.05241,0.01005,0.01299,-4.184E-4,0.01357,-5.642E-4,0.01071,-1.066E-4,1
1521127981659,true,1462.73,0,0.01211,0.007049,0.01079,-4.684E-5,0.008582,6.479E-4,0.007866,-1.702E-4,0.05236,0.01008,0.01301,-4.226E-4,0.01358,-5.62E-4,0.01074,-1.101E-4,1
1521127981789,true,1462.774,0,0.01154,0.007159,0.01082,-4.878E-5,0.008588,6.443E-4,0.007893,-1.715E-4,0.0518,0.01052,0.01302,-4.213E-4,0.0136,-5.59E-4,0.01075,-1.074E-4,1
1521127981825,true,1462.832,0,0.0112,0.006873,0.01084,-4.226E-5,0.008602,6.425E-4,0.007911,-1.661E-4,0.05163,0.01076,0.01304,-4.227E-4,0.01361,-5.581E-4,0.01076,-1.041E-4,1
1521127981861,true,1462.889,0,0.01152,0.006422,0.01085,-3.744E-5,0.008618,6.424E-4,0.007921,-1.592E-4,0.05216,0.01036,0.01305,-4.219E-4,0.01363,-5.574E-4,0.01077,-1.017E-4,1
1521127981897,true,1462.947,0,0.01164,0.00659,0.01085,-2.944E-5,0.00863,6.453E-4,0.007933,-1.591E-4,0.0528,0.00974,0.01306,-4.265E-4,0.01365,-5.587E-4,0.01078,-1.037E-4,1
1521127981933,true,1463.004,0,0.01191,0.006834,0.01086,-3.524E-5,0.008633,6.498E-4,0.007949,-1.619E-4,0.05337,0.009167,0.01308,-4.329E-4,0.01366,-5.623E-4,0.01079,-1.088E-4,1
1521127982089,true,1463.075,0,0.01204,0.007193,0.01086,-4.012E-5,0.008631,6.552E-4,0.007945,-1.597E-4,0.05305,0.009354,0.01309,-4.356E-4,0.01366,-5.581E-4,0.01079,-1.092E-4,1
1521127982126,true,1463.133,0,0.01248,0.007304,0.01085,-3.838E-5,0.008619,6.593E-4,0.007945,-1.616E-4,0.05285,0.009593,0.01308,-4.344E-4,0.01365,-5.545E-4,0.01078,-1.091E-4,1
1521127982162,true,1463.19,0,0.01255,0.006826,0.01086,-4.558E-5,0.008612,6.589E-4,0.007925,-1.582E-4,0.05231,0.01011,0.01307,-4.373E-4,0.01365,-5.539E-4,0.01078,-1.119E-4,1
1521127982198,true,1463.248,0,0.0129,0.006508,0.01083,-4.654E-5,0.008601,6.603E-4,0.007921,-1.59E-4,0.05237,0.01009,0.01306,-4.391E-4,0.01364,-5.604E-4,0.01076,-1.121E-4,1
1521127982234,true,1463.305,0,0.01281,0.006615,0.01078,-4.304E-5,0.008588,6.596E-4,0.007896,-1.591E-4,0.05287,0.009509,0.01304,-4.379E-4,0.01363,-5.634E-4,0.01073,-1.108E-4,1
1521127982364,true,1463.351,0,0.01293,0.006796,0.01075,-3.876E-5,0.008565,6.602E-4,0.007871,-1.625E-4,0.05289,0.0094,0.01304,-4.398E-4,0.0136,-5.608E-4,0.01071,-1.149E-4,1
1521127982400,true,1463.409,0,0.01253,0.007184,0.01075,-3.648E-5,0.008554,6.637E-4,0.007855,-1.528E-4,0.05264,0.009518,0.01303,-4.334E-4,0.01358,-5.536E-4,0.0107,-1.137E-4,1
1521127982437,true,1463.466,0,0.01187,0.007004,0.01078,-3.538E-5,0.008572,6.632E-4,0.007879,-1.587E-4,0.05228,0.00985,0.01304,-4.356E-4,0.0136,-5.562E-4,0.0107,-1.093E-4,1
1521127982473,true,1463.524,0,0.01159,0.006531,0.01082,-3.405E-5,0.008606,6.661E-4,0.007913,-1.644E-4,0.05232,0.009923,0.01305,-4.333E-4,0.01361,-5.5E-4,0.01071,-1.061E-4,1
1521127982509,true,1463.581,0,0.01228,0.006209,0.01085,-3.583E-5,0.008624,6.716E-4,0.007933,-1.612E-4,0.05295,0.009316,0.01307,-4.36E-4,0.01362,-5.518E-4,0.01072,-1.039E-4,1
1521127982665,true,1463.65,0,0.01279,0.006276,0.01086,-3.175E-5,0.00865,6.702E-4,0.007956,-1.638E-4,0.0536,0.008692,0.01307,-4.327E-4,0.01362,-5.475E-4,0.01075,-1.071E-4,1
1521127982700,true,1463.708,0,0.01303,0.006504,0.01088,-3.133E-5,0.00866,6.712E-4,0.007969,-1.632E-4,0.0534,0.008924,0.01309,-4.395E-4,0.01362,-5.472E-4,0.01076,-1.098E-4,1
1521127982737,true,1463.765,0,0.01236,0.007,0.01091,-3.51E-5,0.00868,6.707E-4,0.00799,-1.671E-4,0.05319,0.009214,0.0131,-4.423E-4,0.01363,-5.443E-4,0.01078,-1.11E-4,1
1521127982773,true,1463.823,0,0.01191,0.006988,0.01092,-3.283E-5,0.008687,6.707E-4,0.008008,-1.646E-4,0.05296,0.00957,0.01311,-4.438E-4,0.01364,-5.441E-4,0.01079,-1.113E-4,1
1521127982809,true,1463.88,0,0.01219,0.006698,0.01093,-3.491E-5,0.008709,6.646E-4,0.008017,-1.662E-4,0.05313,0.009457,0.0131,-4.462E-4,0.01364,-5.435E-4,0.0108,-1.107E-4,1
1521127982939,true,1463.926,0,0.01252,0.006815,0.01091,-3.451E-5,0.00871,6.68E-4,0.008024,-1.746E-4,0.05351,0.009091,0.0131,-4.462E-4,0.01363,-5.478E-4,0.0108,-1.095E-4,1
1521127982975,true,1463.984,0,0.01259,0.007165,0.01089,-3.588E-5,0.008708,6.664E-4,0.008011,-1.744E-4,0.05357,0.00896,0.0131,-4.449E-4,0.01362,-5.485E-4,0.0108,-1.154E-4,1
1521127983012,true,1464.041,0,0.01254,0.007273,0.01088,-3.225E-5,0.008698,6.706E-4,0.008017,-1.783E-4,0.05308,0.0094,0.01309,-4.485E-4,0.01361,-5.496E-4,0.0108,-1.216E-4,1
1521127983048,true,1464.099,0,0.01177,0.0074,0.01085,-3.117E-5,0.008679,6.68E-4,0.008004,-1.817E-4,0.05278,0.009686,0.01307,-4.504E-4,0.01359,-5.47E-4,0.01078,-1.22E-4,1
1521127983083,true,1464.156,0,0.01136,0.006771,0.01084,-3.653E-5,0.008664,6.677E-4,0.007979,-1.812E-4,0.05269,0.009756,0.01306,-4.543E-4,0.01356,-5.523E-4,0.01076,-1.233E-4,1
1521127983239,true,1464.225,0,0.01142,0.006437,0.0108,-3.33E-5,0.008636,6.713E-4,0.007931,-1.702E-4,0.05323,0.009111,0.01302,-4.494E-4,0.01352,-5.482E-4,0.01073,-1.191E-4,1
1521127983275,true,1464.283,0,0.01174,0.006601,0.01078,-1.76E-5,0.008623,6.783E-4,0.007919,-1.678E-4,0.05374,0.008631,0.01301,-4.469E-4,0.0135,-5.39E-4,0.01073,-1.186E-4,1
1521127983311,true,1464.34,0,0.01188,0.006874,0.01081,-1.88E-5,0.008641,6.818E-4,0.007935,-1.656E-4,0.05359,0.008701,0.01301,-4.442E-4,0.01351,-5.417E-4,0.01076,-1.22E-4,1
1521127983347,true,1464.398,0,0.01172,0.007339,0.01086,-2.001E-5,0.008666,6.805E-4,0.007968,-1.656E-4,0.0531,0.009198,0.01301,-4.393E-4,0.01352,-5.388E-4,0.01079,-1.281E-4,1
1521127983383,true,1464.455,0,0.01131,0.007221,0.0109,-2.184E-5,0.008714,6.704E-4,0.007994,-1.64E-4,0.05262,0.009728,0.01301,-4.348E-4,0.01354,-5.397E-4,0.01082,-1.302E-4,1
1521127983514,true,1464.501,0,0.01155,0.006771,0.01092,-1.637E-5,0.008728,6.692E-4,0.008009,-1.629E-4,0.05255,0.0099,0.01301,-4.35E-4,0.01355,-5.387E-4,0.01083,-1.263E-4,1
1521127983550,true,1464.559,0,0.01185,0.006855,0.01093,-1.763E-5,0.008751,6.712E-4,0.008017,-1.635E-4,0.0529,0.009425,0.013,-4.278E-4,0.01356,-5.476E-4,0.01084,-1.236E-4,1
1521127983587,true,1464.616,0,0.01196,0.007154,0.01093,-1.572E-5,0.008765,6.741E-4,0.008034,-1.608E-4,0.05314,0.009147,0.013,-4.28E-4,0.01357,-5.507E-4,0.01086,-1.241E-4,1
1521127983623,true,1464.674,0,0.01184,0.007578,0.01094,-1.093E-5,0.008784,6.761E-4,0.008042,-1.568E-4,0.05255,0.009629,0.01302,-4.302E-4,0.01356,-5.521E-4,0.01087,-1.287E-4,1
1521127983659,true,1464.731,0,0.01116,0.007653,0.01095,-1.197E-5,0.008796,6.729E-4,0.008055,-1.573E-4,0.05197,0.01007,0.01301,-4.352E-4,0.01356,-5.508E-4,0.01086,-1.239E-4,1
1521127983814,false,1464.8,0,0.01082,0.00707,0.01096,-1.435E-5,0.008784,6.746E-4,0.008053,-1.532E-4,0.05189,0.0102,0.013,-4.342E-4,0.01355,0.0,0.0,0.0,1
1521127983850,true,1464.858,0,0.0112,0.006468,0.01094,-1.768E-5,0.008786,6.705E-4,0.008034,-1.522E-4,0.05222,0.009834,0.01299,-4.345E-4,0.01354,-5.548E-4,0.01085,-1.18E-4,1
1521127983886,true,1464.915,0,0.01158,0.006522,0.01093,-1.659E-5,0.008776,6.731E-4,0.008041,-1.62E-4,0.05291,0.00909,0.01297,-4.355E-4,0.01352,-5.547E-4,0.01084,-1.137E-4,1
1521127983923,true,1464.973,0,0.01201,0.006711,0.01091,-2.116E-5,0.008756,6.728E-4,0.008033,-1.644E-4,0.05305,0.008882,0.01295,-4.341E-4,0.01349,-5.542E-4,0.01082,-1.151E-4,1
1521127983959,true,1465.03,0,0.01194,0.007098,0.01088,-2.408E-5,0.00874,6.657E-4,0.008004,-1.598E-4,0.05263,0.009293,0.01292,-4.325E-4,0.01346,-5.536E-4,0.0108,-1.147E-4,1
1521127984114,true,1465.101,0,0.01192,0.006805,0.01085,-2.065E-5,0.008709,6.68E-4,0.007966,-1.534E-4,0.05207,0.009778,0.0129,-4.357E-4,0.01344,-5.595E-4,0.01077,-1.167E-4,1
1521127984150,true,1465.159,0,0.01204,0.00624,0.01082,-1.483E-5,0.008685,6.688E-4,0.007926,-1.426E-4,0.05171,0.01017,0.01285,-4.238E-4,0.01341,-5.534E-4,0.01073,-1.071E-4,1
1521127984187,true,1465.216,0,0.01279,0.005855,0.01085,-1.35E-5,0.008707,6.708E-4,0.007934,-1.407E-4,0.05192,0.009955,0.01283,-4.141E-4,0.01341,-5.544E-4,0.01073,-1.052E-4,1
1521127984223,true,1465.274,0,0.01275,0.006114,0.01088,-8.414E-6,0.008725,6.746E-4,0.007965,-1.423E-4,0.05239,0.009485,0.01282,-4.146E-4,0.01341,-5.515E-4,0.01075,-1.053E-4,1
1521127984259,true,1465.331,0,0.0131,0.006101,0.0109,-4.625E-6,0.008749,6.821E-4,0.007985,-1.423E-4,0.05227,0.009482,0.01283,-4.163E-4,0.01341,-5.491E-4,0.01077,-1.114E-4,1
1521127984389,true,1465.375,0,0.01286,0.006212,0.01094,-8.307E-6,0.008771,6.821E-4,0.008011,-1.397E-4,0.05187,0.009868,0.01283,-4.179E-4,0.01342,-5.511E-4,0.01079,-1.165E-4,1
1521127984425,true,1465.433,0,0.01239,0.006011,0.01095,-2.416E-6,0.00879,6.803E-4,0.008019,-1.374E-4,0.05167,0.01017,0.01283,-4.172E-4,0.01343,-5.525E-4,0.0108,-1.174E-4,1
1521127984461,true,1465.49,0,0.01255,0.005351,0.01095,3.573E-7,0.008797,6.87E-4,0.008025,-1.318E-4,0.0518,0.01014,0.01283,-4.177E-4,0.01344,-5.577E-4,0.0108,-1.144E-4,1
1521127984497,true,1465.548,0,0.01295,0.005366,0.01097,4.163E-7,0.008806,6.921E-4,0.008027,-1.327E-4,0.05232,0.009607,0.01283,-4.163E-4,0.01346,-5.654E-4,0.01081,-1.099E-4,1
1521127984534,true,1465.605,0,0.01307,0.005584,0.01097,-3.416E-7,0.00881,6.971E-4,0.008036,-1.344E-4,0.0527,0.009227,0.01284,-4.181E-4,0.01346,-5.71E-4,0.01081,-1.112E-4,1
1521127984664,true,1465.651,0,0.01314,0.00599,0.01098,-7.322E-6,0.008816,6.943E-4,0.008048,-1.412E-4,0.05216,0.009718,0.01283,-4.24E-4,0.01343,-5.681E-4,0.01082,-1.13E-4,1
1521127984701,true,1465.709,0,0.01293,0.006126,0.01097,-1.019E-5,0.008801,6.98E-4,0.008038,-1.385E-4,0.05183,0.01008,0.01283,-4.302E-4,0.01343,-5.734E-4,0.0108,-1.119E-4,1
1521127984736,true,1465.766,0,0.0127,0.005615,0.01097,-1.72E-5,0.00879,7.002E-4,0.008023,-1.382E-4,0.05153,0.01043,0.01282,-4.365E-4,0.01343,-5.796E-4,0.01079,-1.148E-4,1
1521127984773,true,1465.824,0,0.0128,0.005409,0.01093,-1.51E-5,0.008785,6.99E-4,0.007997,-1.382E-4,0.05164,0.01031,0.01278,-4.339E-4,0.0134,-5.827E-4,0.01076,-1.158E-4,1
1521127984809,true,1465.881,0,0.01325,0.005546,0.0109,-1.836E-5,0.008773,6.977E-4,0.00797,-1.445E-4,0.05202,0.009921,0.01275,-4.346E-4,0.01337,-5.847E-4,0.01073,-1.158E-4,1
1521127984965,true,1465.952,0,0.01331,0.005636,0.01086,-1.869E-5,0.008742,7.009E-4,0.007941,-1.465E-4,0.05197,0.009843,0.01272,-4.348E-4,0.01332,-5.849E-4,0.01069,-1.164E-4,1
1521127985001,true,1466.01,0,0.01297,0.006107,0.01082,-2.095E-5,0.008696,7.036E-4,0.007894,-1.442E-4,0.05157,0.01004,0.01269,-4.373E-4,0.01329,-5.877E-4,0.01065,-1.179E-4,1
1521127985038,true,1466.067,0,0.01254,0.005851,0.01078,-8.964E-6,0.00864,7.15E-4,0.007858,-1.35E-4,0.05118,0.01037,0.01265,-4.343E-4,0.01325,-5.843E-4,0.01061,-1.132E-4,1
1521127985073,true,1466.125,0,0.01238,0.005174,0.01077,-8.858E-7,0.008633,7.198E-4,0.007851,-1.287E-4,0.05106,0.01049,0.01263,-4.309E-4,0.01325,-5.871E-4,0.0106,-1.135E-4,1
1521127985109,true,1466.182,0,0.01265,0.004921,0.0108,4.947E-7,0.008655,7.19E-4,0.007864,-1.334E-4,0.05163,0.009901,0.01261,-4.28E-4,0.01325,-5.911E-4,0.0106,-1.118E-4,1
1521127985265,true,1466.251,0,0.01296,0.005188,0.01082,-2.645E-6,0.00866,7.208E-4,0.007881,-1.393E-4,0.05224,0.009322,0.0126,-4.283E-4,0.01324,-5.922E-4,0.01061,-1.15E-4,1
1521127985301,true,1466.309,0,0.01331,0.005329,0.01082,-3.692E-6,0.008667,7.226E-4,0.007884,-1.371E-4,0.05192,0.009524,0.01259,-4.304E-4,0.01323,-5.974E-4,0.01061,-1.213E-4,1
1521127985336,true,1466.366,0,0.01266,0.005638,0.01083,1.507E-6,0.008648,7.298E-4,0.007887,-1.391E-4,0.05138,0.01006,0.01258,-4.328E-4,0.01322,-5.998E-4,0.0106,-1.183E-4,1
1521127985373,true,1466.424,0,0.01222,0.005398,0.01084,1.879E-6,0.008637,7.308E-4,0.007875,-1.329E-4,0.05101,0.01049,0.01257,-4.361E-4,0.01321,-6.014E-4,0.0106,-1.229E-4,1
1521127985409,true,1466.481,0,0.01228,0.004838,0.01084,8.489E-6,0.008641,7.273E-4,0.007867,-1.297E-4,0.05102,0.01054,0.01256,-4.353E-4,0.0132,-6.019E-4,0.01059,-1.191E-4,1
1521127985539,true,1466.527,0,0.01264,0.00503,0.01084,9.849E-6,0.008632,7.309E-4,0.00786,-1.318E-4,0.05154,0.01012,0.01254,-4.324E-4,0.01319,-6.089E-4,0.01059,-1.211E-4,1
1521127985576,true,1466.585,0,0.01294,0.005258,0.01083,3.628E-6,0.008618,7.321E-4,0.00783,-1.263E-4,0.05162,0.009871,0.01253,-4.333E-4,0.01316,-6.073E-4,0.01058,-1.243E-4,1
1521127985612,true,1466.642,0,0.01265,0.005707,0.01081,3.662E-6,0.008605,7.305E-4,0.007812,-1.248E-4,0.0512,0.01016,0.0125,-4.309E-4,0.01313,-6.088E-4,0.01056,-1.292E-4,1
1521127985648,true,1466.7,0,0.01207,0.00576,0.0108,2.677E-6,0.008574,7.327E-4,0.007786,-1.196E-4,0.05079,0.01049,0.01248,-4.341E-4,0.01309,-6.053E-4,0.01054,-1.328E-4,1
1521127985684,true,1466.757,0,0.01174,0.005348,0.01077,1.106E-6,0.008555,7.296E-4,0.007761,-1.212E-4,0.05064,0.01057,0.01244,-4.336E-4,0.01306,-6.047E-4,0.01053,-1.37E-4,1
1521127985815,true,1466.801,0,0.01164,0.005135,0.01074,-1.32E-6,0.008529,7.297E-4,0.007729,-1.251E-4,0.05122,0.01004,0.0124,-4.33E-4,0.01303,-6.072E-4,0.01049,-1.382E-4,1
1521127985851,true,1466.859,0,0.01176,0.005304,0.0107,-1.053E-6,0.008485,7.338E-4,0.00769,-1.264E-4,0.05173,0.009467,0.01237,-4.324E-4,0.013,-6.092E-4,0.01045,-1.339E-4,1
1521127985887,true,1466.916,0,0.01163,0.005683,0.01066,6.947E-8,0.008445,7.396E-4,0.00765,-1.218E-4,0.05181,0.009346,0.01233,-4.317E-4,0.01295,-6.022E-4,0.01041,-1.323E-4,1
1521127985923,true,1466.974,0,0.01152,0.005988,0.01068,-1.907E-7,0.008431,7.396E-4,0.007632,-1.148E-4,0.05147,0.009734,0.01232,-4.344E-4,0.01292,-5.989E-4,0.01041,-1.397E-4,1
1521127985959,true,1467.031,0,0.01069,0.00611,0.01071,2.828E-6,0.008422,7.431E-4,0.007633,-1.138E-4,0.05099,0.01019,0.01231,-4.322E-4,0.01293,-6.039E-4,0.01041,-1.387E-4,1
1521127986115,true,1467.102,0,0.01066,0.00576,0.01073,9.555E-7,0.008423,7.441E-4,0.007619,-1.064E-4,0.05096,0.01026,0.0123,-4.33E-4,0.01292,-6.04E-4,0.01041,-1.424E-4,1
1521127986151,true,1467.16,0,0.01145,0.005555,0.01074,-1.726E-6,0.008433,7.42E-4,0.007611,-1.062E-4,0.05146,0.00972,0.01229,-4.308E-4,0.0129,-6.059E-4,0.01041,-1.451E-4,1
1521127986187,true,1467.217,0,0.01166,0.005819,0.01073,-5.361E-7,0.008434,7.445E-4,0.007615,-1.098E-4,0.05171,0.009329,0.01228,-4.294E-4,0.01289,-6.016E-4,0.01041,-1.51E-4,1
1521127986223,true,1467.275,0,0.0117,0.00614,0.01074,7.965E-7,0.008413,7.49E-4,0.007611,-1.102E-4,0.05134,0.009463,0.01226,-4.231E-4,0.01287,-5.984E-4,0.01043,-1.594E-4,1
1521127986259,true,1467.332,0,0.01147,0.006307,0.01075,1.94E-6,0.008411,7.476E-4,0.007609,-1.079E-4,0.05107,0.009683,0.01225,-4.24E-4,0.01287,-5.949E-4,0.01042,-1.584E-4,1
1521127986389,true,1467.376,0,0.01113,0.005975,0.01077,3.06E-6,0.008398,7.484E-4,0.007595,-1.063E-4,0.05089,0.009865,0.01224,-4.221E-4,0.01286,-5.924E-4,0.0104,-1.586E-4,1
1521127986426,true,1467.434,0,0.01132,0.005467,0.01078,-6.757E-6,0.008398,7.406E-4,0.007578,-1.045E-4,0.05112,0.009625,0.01222,-4.254E-4,0.01284,-5.922E-4,0.01039,-1.574E-4,1
1521127986462,true,1467.491,0,0.01163,0.005531,0.01075,-6.59E-6,0.008392,7.337E-4,0.00755,-1.018E-4,0.05172,0.008986,0.01221,-4.293E-4,0.01281,-5.876E-4,0.01038,-1.606E-4,1
1521127986498,true,1467.549,0,0.01189,0.005969,0.01073,-8.223E-6,0.008368,7.329E-4,0.007533,-1.028E-4,0.052,0.00854,0.01219,-4.297E-4,0.01279,-5.865E-4,0.01036,-1.63E-4,1
1521127986534,true,1467.606,0,0.01219,0.006141,0.01071,-5.748E-6,0.008355,7.289E-4,0.007502,-9.841E-5,0.05162,0.008822,0.01217,-4.266E-4,0.01276,-5.823E-4,0.01033,-1.643E-4,1
1521127986689,true,1467.676,0,0.01135,0.006321,0.01068,-1.025E-5,0.008332,7.243E-4,0.007476,-1.002E-4,0.05108,0.009364,0.01214,-4.261E-4,0.01274,-5.803E-4,0.01031,-1.671E-4,1
1521127986725,true,1467.734,0,0.01114,0.005963,0.01065,-1.064E-5,0.008298,7.17E-4,0.007433,-1.019E-4,0.05094,0.009572,0.0121,-4.248E-4,0.0127,-5.794E-4,0.01027,-1.671E-4,1
1521127986761,true,1467.791,0,0.01129,0.005819,0.01061,-2.414E-6,0.00826,7.241E-4,0.007386,-9.227E-5,0.0514,0.009107,0.01206,-4.233E-4,0.01267,-5.762E-4,0.01022,-1.56E-4,1
1521127986797,true,1467.849,0,0.01148,0.005982,0.01062,4.921E-7,0.008255,7.273E-4,0.007386,-9.556E-5,0.05179,0.008602,0.01206,-4.236E-4,0.01266,-5.702E-4,0.01023,-1.616E-4,1
1521127986833,true,1467.906,0,0.01195,0.006039,0.01065,2.23E-6,0.008259,7.318E-4,0.007395,-9.922E-5,0.05152,0.008735,0.01208,-4.259E-4,0.01266,-5.662E-4,0.01024,-1.642E-4,1
1521127986989,true,1467.977,0,0.01171,0.006149,0.01067,1.272E-6,0.008265,7.311E-4,0.0074,-9.381E-5,0.05113,0.009086,0.01209,-4.305E-4,0.01267,-5.692E-4,0.01025,-1.668E-4,1
1521127987026,true,1468.035,0,0.01123,0.005733,0.0107,1.139E-6,0.008258,7.384E-4,0.007403,-9.087E-5,0.05075,0.009515,0.0121,-4.339E-4,0.01269,-5.713E-4,0.01026,-1.682E-4,1
1521127987062,true,1468.092,0,0.0114,0.005222,0.01071,9.046E-8,0.008256,7.409E-4,0.007401,-8.625E-5,0.05094,0.009346,0.01209,-4.279E-4,0.01269,-5.721E-4,0.01026,-1.67E-4,1
1521127987098,true,1468.15,0,0.01171,0.005103,0.01072,2.357E-6,0.008265,7.399E-4,0.007395,-8.358E-5,0.05172,0.008706,0.01208,-4.209E-4,0.0127,-5.741E-4,0.01027,-1.721E-4,1
1521127987134,true,1468.207,0,0.01204,0.005411,0.01072,1.135E-6,0.008277,7.399E-4,0.007386,-8.155E-5,0.052,0.008322,0.01208,-4.2E-4,0.0127,-5.755E-4,0.01027,-1.74E-4,1
1521127987265,false,-1.0,-1,0.0,0.0,0.0,0.0,0.0,0.0,0.0,0.0,0.0,0.0,0.0,0.0,0.0,0.0,0.0,0.0,1
1521127987301,true,1468.31,0,0.01207,0.005791,0.01075,-9.666E-6,0.008271,7.34E-4,0.007378,-8.425E-5,0.05131,0.008924,0.01208,-4.287E-4,0.01269,-5.743E-4,0.01025,-1.763E-4,1
1521127987337,true,1468.367,0,0.01168,0.005744,0.01075,-1.408E-5,0.008255,7.307E-4,0.007362,-8.366E-5,0.05112,0.009236,0.01208,-4.351E-4,0.01269,-5.726E-4,0.01023,-1.71E-4,1
1521127987373,true,1468.425,0,0.01183,0.005548,0.01073,-1.135E-5,0.008242,7.305E-4,0.007341,-8.333E-5,0.05135,0.009014,0.01206,-4.351E-4,0.01268,-5.746E-4,0.01021,-1.709E-4,1
1521127987409,true,1468.482,0,0.01193,0.005692,0.01072,-1.419E-5,0.008234,7.267E-4,0.007321,-8.283E-5,0.05173,0.008505,0.01204,-4.331E-4,0.01267,-5.772E-4,0.0102,-1.736E-4,1
1521127987565,true,1468.552,0,0.01237,0.005894,0.01069,-1.495E-5,0.008218,7.204E-4,0.007301,-8.827E-5,0.05163,0.008463,0.01202,-4.3E-4,0.01264,-5.789E-4,0.01017,-1.79E-4,1
1521127987600,true,1468.61,0,0.01174,0.006147,0.01065,-1.415E-5,0.00819,7.159E-4,0.007271,-9.181E-5,0.05116,0.008843,0.01199,-4.284E-4,0.01262,-5.825E-4,0.01014,-1.794E-4,1
1521127987636,true,1468.667,0,0.01192,0.005623,0.0106,-2.249E-6,0.008148,7.2E-4,0.007236,-8.418E-5,0.05075,0.00913,0.01195,-4.213E-4,0.01259,-5.79E-4,0.0101,-1.77E-4,1
1521127987672,true,1468.725,0,0.01192,0.004893,0.01059,9.723E-6,0.008128,7.236E-4,0.007219,-8.131E-5,0.05069,0.009193,0.01194,-4.214E-4,0.01259,-5.778E-4,0.0101,-1.796E-4,1
1521127987709,true,1468.782,0,0.01232,0.004634,0.01061,8.278E-6,0.008138,7.244E-4,0.007222,-7.631E-5,0.05108,0.008713,0.01193,-4.218E-4,0.01259,-5.82E-4,0.0101,-1.777E-4,1
1521127987839,true,1468.826,0,0.01261,0.00494,0.01063,1.042E-5,0.008144,7.283E-4,0.007243,-7.815E-5,0.05151,0.008189,0.01193,-4.214E-4,0.01261,-5.843E-4,0.01011,-1.748E-4,1
1521127987875,true,1468.884,0,0.01291,0.005111,0.01065,1.055E-5,0.008156,7.27E-4,0.007264,-8.225E-5,0.05139,0.008332,0.01194,-4.298E-4,0.0126,-5.794E-4,0.01012,-1.753E-4,1
1521127987911,true,1468.941,0,0.01253,0.00535,0.01067,1.454E-5,0.00816,7.191E-4,0.007271,-8.382E-5,0.05089,0.008875,0.01195,-4.323E-4,0.0126,-5.759E-4,0.01012,-1.741E-4,1
1521127987947,true,1468.999,0,0.01242,0.005077,0.01069,1.673E-5,0.008153,7.213E-4,0.007263,-7.925E-5,0.05053,0.009276,0.01194,-4.275E-4,0.01261,-5.745E-4,0.01012,-1.7E-4,1
1521127987983,true,1469.056,0,0.01318,0.004409,0.01069,1.949E-5,0.008152,7.234E-4,0.007265,-7.944E-5,0.05071,0.009125,0.01193,-4.253E-4,0.01262,-5.79E-4,0.01012,-1.711E-4,1
1521127988114,true,1469.101,0,0.01346,0.004389,0.01069,1.784E-5,0.00815,7.258E-4,0.007265,-8.026E-5,0.05098,0.008782,0.01192,-4.218E-4,0.01262,-5.817E-4,0.01012,-1.7E-4,1
1521127988150,true,1469.159,0,0.01348,0.004805,0.01069,1.585E-5,0.008147,7.225E-4,0.007258,-8.6E-5,0.05098,0.008695,0.01191,-4.162E-4,0.01262,-5.826E-4,0.01012,-1.703E-4,1
1521127988186,true,1469.216,0,0.01321,0.005185,0.01068,1.713E-5,0.008118,7.272E-4,0.007248,-8.82E-5,0.05054,0.009068,0.0119,-4.22E-4,0.0126,-5.816E-4,0.01011,-1.727E-4,1
1521127988222,true,1469.274,0,0.01267,0.005103,0.01068,1.365E-5,0.008087,7.241E-4,0.007243,-8.645E-5,0.05021,0.009373,0.01187,-4.199E-4,0.01259,-5.822E-4,0.01009,-1.731E-4,1
1521127988258,true,1469.331,0,0.01208,0.004713,0.01065,1.117E-5,0.008053,7.247E-4,0.007219,-8.598E-5,0.04994,0.009689,0.01184,-4.193E-4,0.01257,-5.866E-4,0.01007,-1.773E-4,1
1521127988414,true,1469.401,0,0.01245,0.004304,0.01062,8.341E-6,0.00803,7.206E-4,0.007185,-8.858E-5,0.05028,0.009257,0.01181,-4.153E-4,0.01254,-5.856E-4,0.01005,-1.781E-4,1
1521127988450,true,1469.459,0,0.01225,0.00453,0.01056,7.452E-6,0.007999,7.203E-4,0.007145,-8.987E-5,0.05083,0.008674,0.01177,-4.105E-4,0.01252,-5.897E-4,0.01001,-1.752E-4,1
1521127988486,true,1469.516,0,0.01271,0.004496,0.0105,4.945E-6,0.007954,7.213E-4,0.007101,-9.078E-5,0.05064,0.008751,0.01174,-4.12E-4,0.01246,-5.878E-4,0.009972,-1.737E-4,1
1521127988522,true,1469.574,0,0.01259,0.004845,0.01044,1.703E-5,0.007895,7.226E-4,0.007054,-8.49E-5,0.05023,0.009154,0.01171,-4.105E-4,0.01242,-5.793E-4,0.009924,-1.694E-4,1
1521127988558,true,1469.631,0,0.01209,0.004869,0.01041,2.575E-5,0.007865,7.277E-4,0.007027,-8.019E-5,0.0498,0.009567,0.01169,-4.094E-4,0.0124,-5.767E-4,0.009905,-1.66E-4,1
1521127988714,true,1469.701,0,0.01166,0.004703,0.01043,2.768E-5,0.007868,7.296E-4,0.007012,-8.114E-5,0.04965,0.009844,0.01168,-4.124E-4,0.01239,-5.771E-4,0.009889,-1.622E-4,1
1521127988750,true,1469.759,0,0.01192,0.004785,0.01044,2.679E-5,0.00787,7.289E-4,0.007016,-8.509E-5,0.05002,0.00936,0.01168,-4.134E-4,0.01238,-5.756E-4,0.009898,-1.667E-4,1
1521127988786,true,1469.816,0,0.01163,0.005416,0.01043,2.466E-5,0.007874,7.219E-4,0.007017,-9.105E-5,0.05009,0.009177,0.01167,-4.143E-4,0.01237,-5.761E-4,0.009894,-1.681E-4,1
1521127988822,true,1469.874,0,0.01144,0.005794,0.01042,2.818E-5,0.007859,7.25E-4,0.006995,-8.343E-5,0.04949,0.009519,0.01166,-4.158E-4,0.01236,-5.778E-4,0.009886,-1.682E-4,1
1521127988858,true,1469.931,0,0.01055,0.006044,0.01041,2.692E-5,0.007844,7.278E-4,0.006986,-8.128E-5,0.04917,0.009771,0.01165,-4.17E-4,0.01235,-5.746E-4,0.009883,-1.698E-4,1
1521127989013,true,1470.002,0,0.01019,0.005646,0.01041,2.81E-5,0.007837,7.248E-4,0.006972,-7.753E-5,0.04894,0.01014,0.01164,-4.136E-4,0.01235,-5.761E-4,0.009875,-1.697E-4,1
1521127989049,true,1470.06,0,0.01046,0.005099,0.01042,2.383E-5,0.007827,7.217E-4,0.006958,-8.14E-5,0.0494,0.009651,0.01161,-4.065E-4,0.01233,-5.745E-4,0.00986,-1.714E-4,1
1521127989086,true,1470.117,0,0.01079,0.005152,0.0104,1.876E-5,0.007801,7.248E-4,0.00694,-8.296E-5,0.05014,0.008872,0.01159,-4.084E-4,0.01231,-5.759E-4,0.009839,-1.691E-4,1
1521127989122,true,1470.175,0,0.01068,0.005446,0.01037,1.735E-5,0.007797,7.226E-4,0.006906,-8.309E-5,0.05013,0.008679,0.01157,-4.055E-4,0.0123,-5.808E-4,0.009813,-1.671E-4,1
1521127989158,true,1470.232,0,0.01002,0.005958,0.01035,1.189E-5,0.007766,7.216E-4,0.006882,-8.315E-5,0.04954,0.00912,0.01155,-4.066E-4,0.01228,-5.843E-4,0.009792,-1.661E-4,1
1521127989289,true,1470.276,0,0.0095,0.006003,0.01031,7.387E-6,0.007735,7.19E-4,0.006851,-8.215E-5,0.0491,0.009561,0.01152,-4.075E-4,0.01226,-5.856E-4,0.009768,-1.69E-4,1
1521127989325,true,1470.334,0,0.009077,0.005718,0.01028,3.947E-6,0.007695,7.165E-4,0.006805,-7.982E-5,0.04899,0.009738,0.01148,-4.084E-4,0.01223,-5.867E-4,0.00973,-1.69E-4,1
1521127989361,true,1470.391,0,0.009614,0.005282,0.01024,1.984E-6,0.007634,7.169E-4,0.006742,-8.247E-5,0.04943,0.009289,0.01144,-4.074E-4,0.01219,-5.878E-4,0.009693,-1.702E-4,1
1521127989397,true,1470.449,0,0.01012,0.005276,0.01015,1.585E-5,0.007594,7.205E-4,0.006692,-8.226E-5,0.04972,0.008852,0.0114,-4.061E-4,0.01214,-5.849E-4,0.009646,-1.674E-4,1
1521127989433,true,1470.506,0,0.01029,0.005322,0.01013,2.568E-5,0.007545,7.326E-4,0.00665,-7.447E-5,0.04948,0.008939,0.01137,-4.039E-4,0.01211,-5.787E-4,0.009631,-1.657E-4,1
1521127989564,true,1470.551,0,0.009431,0.005831,0.01015,2.502E-5,0.007536,7.299E-4,0.006643,-7.357E-5,0.04912,0.009276,0.01136,-4.036E-4,0.0121,-5.763E-4,0.009637,-1.692E-4,1
1521127989600,true,1470.609,0,0.008992,0.005658,0.01018,2.488E-5,0.007535,7.298E-4,0.006633,-7.026E-5,0.04906,0.009481,0.01135,-4.018E-4,0.0121,-5.828E-4,0.009632,-1.644E-4,1
1521127989636,true,1470.666,0,0.00941,0.004925,0.0102,2.157E-5,0.007545,7.272E-4,0.006637,-7.215E-5,0.04936,0.009231,0.01134,-3.976E-4,0.0121,-5.862E-4,0.009614,-1.587E-4,1
1521127989672,true,1470.724,0,0.00995,0.004722,0.0102,2.134E-5,0.00756,7.245E-4,0.006615,-7.547E-5,0.04988,0.008651,0.01132,-3.962E-4,0.0121,-5.91E-4,0.009614,-1.579E-4,1
1521127989708,true,1470.781,0,0.01028,0.004847,0.01019,2.106E-5,0.007559,7.259E-4,0.006605,-7.612E-5,0.0501,0.008374,0.01132,-3.966E-4,0.01209,-5.884E-4,0.009613,-1.582E-4,1
1521127989864,true,1470.853,0,0.01104,0.004894,0.01019,2.273E-5,0.00755,7.288E-4,0.006587,-7.421E-5,0.04988,0.008554,0.01132,-4.035E-4,0.0121,-5.906E-4,0.009616,-1.605E-4,1
1521127989900,true,1470.911,0,0.01079,0.004965,0.01019,2.214E-5,0.007534,7.253E-4,0.006578,-7.501E-5,0.04969,0.008708,0.01132,-4.028E-4,0.0121,-5.908E-4,0.009619,-1.618E-4,1
1521127989936,true,1470.968,0,0.01073,0.00443,0.0102,1.744E-5,0.007521,7.2E-4,0.006563,-7.327E-5,0.04936,0.009128,0.0113,-4.029E-4,0.0121,-5.943E-4,0.009612,-1.602E-4,1
1521127989972,true,1471.026,0,0.01145,0.003935,0.0102,1.493E-5,0.007506,7.233E-4,0.006525,-6.835E-5,0.04949,0.009055,0.01127,-3.997E-4,0.0121,-6.013E-4,0.009603,-1.611E-4,1
1521127990008,true,1471.083,0,0.01125,0.004339,0.01017,8.678E-6,0.007474,7.257E-4,0.006513,-7.347E-5,0.05001,0.008601,0.01125,-3.993E-4,0.01208,-6.009E-4,0.009598,-1.66E-4,1
1521127990138,true,1471.126,0,0.01154,0.004484,0.01014,6.519E-6,0.007453,7.27E-4,0.006484,-7.009E-5,0.05003,0.008352,0.01123,-3.995E-4,0.01206,-5.997E-4,0.009583,-1.66E-4,1
1521127990174,true,1471.184,0,0.01123,0.004744,0.01012,2.182E-7,0.007424,7.263E-4,0.006456,-7.67E-5,0.04947,0.008724,0.01121,-4.006E-4,0.01203,-5.996E-4,0.00957,-1.682E-4,1
1521127990210,true,1471.241,0,0.01043,0.004787,0.01011,-3.381E-6,0.007392,7.245E-4,0.006421,-7.857E-5,0.04904,0.0091,0.01119,-4.061E-4,0.01202,-6.043E-4,0.009545,-1.685E-4,1
1521127990247,true,1471.299,0,0.01046,0.004069,0.01007,-5.634E-6,0.007359,7.221E-4,0.006367,-7.299E-5,0.04925,0.00893,0.01116,-4.039E-4,0.01199,-6.078E-4,0.009514,-1.685E-4,1
1521127990282,true,1471.356,0,0.01092,0.003777,0.01001,1.181E-5,0.00733,7.223E-4,0.006328,-7.014E-5,0.04963,0.00847,0.01112,-4.019E-4,0.01195,-6.013E-4,0.009469,-1.569E-4,1
1521127990438,true,1471.426,0,0.0111,0.00405,0.01002,1.134E-5,0.007324,7.244E-4,0.006326,-7.08E-5,0.05029,0.007667,0.01111,-3.993E-4,0.01194,-6.021E-4,0.009471,-1.557E-4,1
1521127990474,true,1471.484,0,0.01117,0.004635,0.01006,9.113E-6,0.007331,7.267E-4,0.006344,-7.475E-5,0.05014,0.007833,0.01111,-3.978E-4,0.01193,-5.939E-4,0.009485,-1.588E-4,1
1521127990510,true,1471.541,0,0.01055,0.005203,0.0101,6.967E-6,0.00735,7.218E-4,0.006365,-7.694E-5,0.04981,0.008087,0.01113,-4.013E-4,0.01195,-5.943E-4,0.009508,-1.61E-4,1
1521127990546,true,1471.599,0,0.01021,0.004946,0.01012,7.561E-6,0.00735,7.232E-4,0.00637,-7.586E-5,0.04937,0.008601,0.01113,-3.989E-4,0.01196,-5.975E-4,0.009525,-1.612E-4,1
1521127990583,true,1471.656,0,0.01066,0.004572,0.01013,1.179E-5,0.007363,7.216E-4,0.00638,-7.239E-5,0.04938,0.008711,0.01112,-3.935E-4,0.01197,-6.033E-4,0.009531,-1.565E-4,1
1521127990714,true,1471.702,0,0.01137,0.004453,0.01014,1.627E-5,0.007376,7.234E-4,0.006382,-7.241E-5,0.04985,0.0082,0.01114,-3.958E-4,0.01198,-6.02E-4,0.009559,-1.578E-4,1
1521127990750,true,1471.76,0,0.01163,0.004745,0.01015,1.298E-5,0.007382,7.241E-4,0.006382,-6.981E-5,0.0498,0.008096,0.01115,-3.926E-4,0.01199,-6.031E-4,0.009571,-1.59E-4,1
1521127990786,true,1471.817,0,0.01173,0.005026,0.01015,1.483E-5,0.007387,7.261E-4,0.006395,-7.372E-5,0.04932,0.008473,0.01115,-3.887E-4,0.01199,-6.052E-4,0.00959,-1.617E-4,1
1521127990822,true,1471.875,0,0.01081,0.005182,0.01016,1.445E-5,0.007396,7.262E-4,0.006395,-6.75E-5,0.0491,0.008732,0.01115,-3.878E-4,0.01199,-5.997E-4,0.009595,-1.593E-4,1
1521127990858,true,1471.932,0,0.01014,0.004842,0.01017,8.649E-6,0.007381,7.283E-4,0.006402,-7.017E-5,0.04886,0.009049,0.01115,-3.856E-4,0.01199,-6.0E-4,0.009589,-1.578E-4,1
1521127991014,true,1472.002,0,0.0102,0.004762,0.01018,-1.952E-7,0.007384,7.228E-4,0.006394,-7.169E-5,0.04948,0.008448,0.01114,-3.811E-4,0.01198,-5.944E-4,0.009585,-1.567E-4,1
1521127991050,true,1472.06,0,0.01022,0.00516,0.01015,-4.147E-6,0.007385,7.21E-4,0.006403,-8.032E-5,0.05007,0.007681,0.01113,-3.806E-4,0.01197,-5.903E-4,0.009582,-1.581E-4,1
1521127991086,true,1472.117,0,0.01007,0.00558,0.01013,-4.178E-6,0.007361,7.265E-4,0.006387,-7.974E-5,0.04986,0.007871,0.01111,-3.807E-4,0.01195,-5.914E-4,0.009568,-1.595E-4,1
1521127991122,true,1472.175,0,0.009632,0.006199,0.01012,-9.808E-6,0.007344,7.22E-4,0.006375,-7.825E-5,0.04958,0.008007,0.0111,-3.806E-4,0.01192,-5.881E-4,0.009563,-1.621E-4,1
1521127991158,true,1472.232,0,0.00934,0.006118,0.01008,-1.205E-5,0.007322,7.202E-4,0.006347,-7.487E-5,0.04914,0.008371,0.01109,-3.799E-4,0.01189,-5.83E-4,0.009545,-1.624E-4,1
1521127991289,true,1472.277,0,0.009384,0.005898,0.01004,-1.265E-5,0.007294,7.128E-4,0.006304,-7.216E-5,0.04908,0.008485,0.01108,-3.829E-4,0.01188,-5.854E-4,0.009523,-1.651E-4,1
1521127991325,true,1472.335,0,0.009533,0.006095,0.009978,-1.066E-5,0.007262,7.137E-4,0.006262,-7.371E-5,0.04937,0.008147,0.01105,-3.796E-4,0.01185,-5.851E-4,0.009486,-1.596E-4,1
1521127991361,true,1472.392,0,0.009445,0.006659,0.009977,-9.949E-6,0.007256,7.149E-4,0.006241,-7.2E-5,0.04947,0.008013,0.01105,-3.769E-4,0.01184,-5.819E-4,0.009472,-1.553E-4,1
1521127991397,true,1472.45,0,0.009176,0.007267,0.01001,-1.378E-5,0.007259,7.243E-4,0.006249,-6.74E-5,0.04892,0.008481,0.01106,-3.781E-4,0.01183,-5.748E-4,0.009483,-1.551E-4,1
1521127991433,true,1472.507,0,0.008398,0.007575,0.01004,-1.681E-5,0.007277,7.235E-4,0.006276,-6.876E-5,0.04857,0.008799,0.01108,-3.795E-4,0.01184,-5.706E-4,0.009502,-1.559E-4,1
1521127991588,true,1472.577,0,0.008005,0.007137,0.01006,-1.782E-5,0.007291,7.212E-4,0.006276,-6.042E-5,0.04802,0.009164,0.01108,-3.775E-4,0.01185,-5.692E-4,0.009514,-1.557E-4,1
1521127991624,true,1472.635,0,0.008432,0.006621,0.01007,-1.566E-5,0.007313,7.189E-4,0.006298,-5.966E-5,0.04834,0.008878,0.01107,-3.697E-4,0.01186,-5.686E-4,0.009519,-1.552E-4,1
1521127991660,true,1472.692,0,0.008242,0.006809,0.01007,-1.361E-5,0.007324,7.196E-4,0.006316,-6.302E-5,0.04904,0.008155,0.01106,-3.595E-4,0.01186,-5.69E-4,0.009534,-1.501E-4,1
1521127991696,true,1472.75,0,0.008252,0.007213,0.01008,-1.402E-5,0.00734,7.219E-4,0.006339,-6.055E-5,0.0494,0.007772,0.01108,-3.611E-4,0.01186,-5.659E-4,0.009558,-1.532E-4,1
1521127991733,true,1472.807,0,0.007883,0.007632,0.0101,-1.663E-5,0.007342,7.272E-4,0.006373,-6.736E-5,0.0489,0.008278,0.01109,-3.611E-4,0.01186,-5.615E-4,0.009569,-1.555E-4,1
1521127991864,true,1472.852,0,0.007422,0.007721,0.0101,-1.391E-5,0.007354,7.242E-4,0.006384,-6.511E-5,0.04864,0.008629,0.01111,-3.641E-4,0.01187,-5.633E-4,0.009585,-1.584E-4,1
1521127991900,true,1472.91,0,0.007332,0.007378,0.01009,-1.243E-5,0.007362,7.214E-4,0.006386,-6.579E-5,0.04857,0.008907,0.01109,-3.607E-4,0.01187,-5.633E-4,0.00958,-1.559E-4,1
1521127991937,true,1472.967,0,0.007848,0.007057,0.01009,-1.45E-5,0.007359,7.223E-4,0.006377,-6.858E-5,0.04912,0.008428,0.0111,-3.633E-4,0.01187,-5.643E-4,0.009567,-1.493E-4,1
1521127991972,true,1473.025,0,0.007924,0.007284,0.01007,-1.679E-5,0.007356,7.202E-4,0.006359,-6.495E-5,0.04946,0.008029,0.01109,-3.576E-4,0.01186,-5.641E-4,0.009552,-1.413E-4,1
1521127992009,true,1473.082,0,0.008578,0.007294,0.01004,-2.073E-5,0.007361,7.113E-4,0.006354,-6.867E-5,0.04916,0.008177,0.01109,-3.595E-4,0.01184,-5.584E-4,0.009546,-1.424E-4,1
1521127992164,true,1473.152,0,0.008181,0.00745,0.01002,-2.63E-5,0.007333,7.151E-4,0.006339,-6.966E-5,0.04869,0.008472,0.01106,-3.564E-4,0.01182,-5.539E-4,0.009538,-1.461E-4,1
1521127992200,true,1473.21,0,0.007702,0.007049,0.009994,-3.017E-5,0.007299,7.139E-4,0.006314,-6.559E-5,0.04816,0.009083,0.01104,-3.551E-4,0.0118,-5.531E-4,0.009508,-1.462E-4,1
1521127992236,true,1473.267,0,0.007695,0.00653,0.009935,-2.766E-5,0.007279,7.056E-4,0.006282,-6.398E-5,0.04843,0.008759,0.01099,-3.484E-4,0.01177,-5.499E-4,0.009476,-1.464E-4,1
1521127992272,true,1473.325,0,0.007906,0.006356,0.009891,-1.585E-5,0.007244,7.143E-4,0.006254,-5.983E-5,0.04914,0.007958,0.01097,-3.435E-4,0.01174,-5.436E-4,0.009453,-1.422E-4,1
1521127992308,true,1473.382,0,0.008343,0.006458,0.009905,-1.728E-5,0.007257,7.163E-4,0.006265,-5.916E-5,0.04942,0.007624,0.01097,-3.404E-4,0.01173,-5.396E-4,0.009458,-1.459E-4,1
1521127992464,true,1473.452,0,0.00864,0.006829,0.009925,-1.926E-5,0.007267,7.174E-4,0.006295,-6.233E-5,0.04929,0.007788,0.01097,-3.455E-4,0.01172,-5.383E-4,0.009471,-1.461E-4,1
1521127992500,true,1473.51,0,0.008354,0.006859,0.009949,-1.756E-5,0.007292,7.123E-4,0.006337,-7.0E-5,0.049,0.007991,0.01098,-3.427E-4,0.01173,-5.375E-4,0.009466,-1.448E-4,1
1521127992536,true,1473.567,0,0.008075,0.006603,0.009961,-1.857E-5,0.007307,7.102E-4,0.006352,-6.876E-5,0.0487,0.00848,0.01098,-3.427E-4,0.01172,-5.345E-4,0.009451,-1.403E-4,1
1521127992572,true,1473.625,0,0.008307,0.006369,0.009963,-1.247E-5,0.007322,7.077E-4,0.006354,-6.32E-5,0.04897,0.008242,0.01098,-3.394E-4,0.01173,-5.353E-4,0.009451,-1.393E-4,1
1521127992609,true,1473.682,0,0.008508,0.006532,0.00998,-1.599E-5,0.00734,7.054E-4,0.006377,-6.424E-5,0.0493,0.007932,0.01098,-3.383E-4,0.01174,-5.415E-4,0.009463,-1.403E-4,1
1521127992739,true,1473.727,0,0.008649,0.006585,0.009983,-1.715E-5,0.00736,7.04E-4,0.006399,-6.975E-5,0.04931,0.007985,0.01098,-3.386E-4,0.01175,-5.441E-4,0.00948,-1.482E-4,1
1521127992775,true,1473.785,0,0.008866,0.006539,0.009997,-2.386E-5,0.007358,7.113E-4,0.00642,-7.109E-5,0.04903,0.008186,0.01099,-3.426E-4,0.01175,-5.4E-4,0.009491,-1.537E-4,1
1521127992811,false,-1.0,-1,0.0,0.0,0.0,0.0,0.0,0.0,0.0,0.0,0.0,0.0,0.0,0.0,0.0,0.0,0.0,0.0,1
1521127992847,true,1473.9,0,0.008932,0.005537,0.009973,-1.844E-5,0.007355,7.065E-4,0.006407,-6.638E-5,0.0487,0.008798,0.01098,-3.451E-4,0.01175,-5.45E-4,0.009477,-1.495E-4,1
1521127992883,true,1473.957,0,0.009355,0.005172,0.009958,-2.159E-5,0.007349,7.07E-4,0.006405,-7.152E-5,0.04926,0.008256,0.01097,-3.435E-4,0.01174,-5.485E-4,0.009456,-1.472E-4,1
1521127993014,true,1474.003,0,0.009587,0.005286,0.009926,-2.312E-5,0.007347,7.005E-4,0.006393,-7.409E-5,0.04974,0.007739,0.01095,-3.42E-4,0.01171,-5.474E-4,0.009433,-1.482E-4,1
1521127993050,true,1474.061,0,0.009972,0.005494,0.009895,-2.952E-5,0.007316,7.023E-4,0.006371,-7.471E-5,0.04966,0.007746,0.01093,-3.413E-4,0.01169,-5.469E-4,0.009414,-1.532E-4,1
1521127993086,true,1474.118,0,0.009339,0.006037,0.009863,-2.871E-5,0.007284,7.02E-4,0.006354,-7.366E-5,0.04935,0.007917,0.01091,-3.409E-4,0.01167,-5.464E-4,0.009381,-1.545E-4,1
1521127993122,true,1474.176,0,0.009072,0.005869,0.009838,-2.004E-5,0.007257,7.059E-4,0.006321,-6.269E-5,0.04905,0.008279,0.01089,-3.359E-4,0.01164,-5.39E-4,0.009358,-1.495E-4,1
1521127993159,true,1474.233,0,0.009724,0.005302,0.00985,-1.316E-5,0.007271,7.087E-4,0.006321,-6.046E-5,0.04923,0.008217,0.01088,-3.354E-4,0.01165,-5.4E-4,0.009368,-1.522E-4,1
1521127993314,true,1474.302,0,0.01014,0.005261,0.009889,-1.793E-5,0.007286,7.108E-4,0.006343,-6.11E-5,0.04962,0.007816,0.01089,-3.354E-4,0.01166,-5.412E-4,0.009382,-1.562E-4,1
1521127993350,true,1474.36,0,0.01043,0.005495,0.009898,-1.756E-5,0.007316,6.995E-4,0.006357,-6.162E-5,0.04956,0.007798,0.0109,-3.352E-4,0.01167,-5.44E-4,0.009387,-1.576E-4,1
1521127993386,true,1474.417,0,0.0105,0.005751,0.009926,-2.589E-5,0.007307,7.083E-4,0.006375,-6.301E-5,0.04921,0.008111,0.0109,-3.388E-4,0.01167,-5.436E-4,0.00939,-1.62E-4,1
1521127993422,true,1474.475,0,0.01047,0.005751,0.009942,-2.666E-5,0.007318,7.11E-4,0.00637,-5.606E-5,0.04888,0.008416,0.0109,-3.379E-4,0.01168,-5.446E-4,0.009389,-1.604E-4,1
1521127993458,true,1474.532,0,0.01033,0.005083,0.009955,-3.04E-5,0.007326,7.161E-4,0.006383,-5.903E-5,0.04877,0.008537,0.0109,-3.39E-4,0.01169,-5.458E-4,0.009394,-1.595E-4,1
1521127993614,true,1474.602,0,0.01071,0.004527,0.009958,-3.417E-5,0.007342,7.177E-4,0.006402,-5.998E-5,0.04923,0.008135,0.0109,-3.375E-4,0.01169,-5.428E-4,0.009393,-1.569E-4,1
1521127993650,true,1474.66,0,0.011,0.004709,0.009966,-4.084E-5,0.00735,7.16E-4,0.006395,-5.641E-5,0.05004,0.007401,0.0109,-3.409E-4,0.01169,-5.455E-4,0.009403,-1.594E-4,1
1521127993686,true,1474.717,0,0.01111,0.004964,0.009957,-4.55E-5,0.007347,7.151E-4,0.006395,-5.193E-5,0.05021,0.007234,0.01091,-3.434E-4,0.01169,-5.459E-4,0.009407,-1.621E-4,1
1521127993722,true,1474.775,0,0.01084,0.005341,0.009946,-4.831E-5,0.007339,7.167E-4,0.006383,-4.703E-5,0.04976,0.007705,0.01092,-3.503E-4,0.01168,-5.471E-4,0.009396,-1.62E-4,1
1521127993758,true,1474.832,0,0.01063,0.005274,0.009929,-5.094E-5,0.007311,7.168E-4,0.006363,-4.054E-5,0.04937,0.008209,0.01091,-3.502E-4,0.01168,-5.46E-4,0.009378,-1.6E-4,1
1521127993888,true,1474.877,0,0.01056,0.004841,0.009914,-5.22E-5,0.007303,7.095E-4,0.006345,-4.185E-5,0.04928,0.008358,0.01089,-3.533E-4,0.01167,-5.534E-4,0.009366,-1.63E-4,1
1521127993925,true,1474.935,0,0.01087,0.004817,0.009882,-5.715E-5,0.007274,7.14E-4,0.006315,-3.998E-5,0.04967,0.007861,0.01088,-3.52E-4,0.01164,-5.52E-4,0.009334,-1.598E-4,1
1521127993960,true,1474.992,0,0.01059,0.005426,0.009826,-5.136E-5,0.007238,7.179E-4,0.006282,-4.231E-5,0.04989,0.007595,0.01086,-3.524E-4,0.01161,-5.496E-4,0.009302,-1.568E-4,1
1521127993997,true,1475.05,0,0.01084,0.005641,0.009803,-4.193E-5,0.007209,7.26E-4,0.006259,-3.389E-5,0.04957,0.007756,0.01084,-3.524E-4,0.01159,-5.437E-4,0.009281,-1.551E-4,1
1521127994033,true,1475.107,0,0.01029,0.005771,0.009828,-3.854E-5,0.007216,7.289E-4,0.006282,-3.511E-5,0.04902,0.008163,0.01084,-3.511E-4,0.01159,-5.4E-4,0.009285,-1.533E-4,1
1521127994189,true,1475.177,0,0.009969,0.005362,0.009849,-3.566E-5,0.007234,7.311E-4,0.006317,-3.1E-5,0.04892,0.008405,0.01086,-3.539E-4,0.0116,-5.372E-4,0.009299,-1.559E-4,1
1521127994225,true,1475.235,0,0.01021,0.004811,0.009872,-3.524E-5,0.00725,7.324E-4,0.006336,-3.187E-5,0.04908,0.008192,0.01086,-3.517E-4,0.01161,-5.346E-4,0.009313,-1.593E-4,1
1521127994261,true,1475.292,0,0.01065,0.0049,0.009882,-3.595E-5,0.007257,7.372E-4,0.006358,-3.565E-5,0.04968,0.007531,0.01086,-3.51E-4,0.01162,-5.357E-4,0.009329,-1.613E-4,1
1521127994297,true,1475.35,0,0.01136,0.004928,0.009879,-3.447E-5,0.007272,7.4E-4,0.006375,-3.92E-5,0.04973,0.007406,0.01087,-3.539E-4,0.01163,-5.346E-4,0.009334,-1.589E-4,1
1521127994333,true,1475.407,0,0.01109,0.005361,0.009891,-3.517E-5,0.007278,7.36E-4,0.006387,-3.973E-5,0.04964,0.007581,0.01089,-3.618E-4,0.01164,-5.385E-4,0.009354,-1.678E-4,1
1521127994464,true,1475.453,0,0.01061,0.005343,0.009904,-3.9E-5,0.007292,7.341E-4,0.006411,-4.217E-5,0.04928,0.007874,0.01089,-3.614E-4,0.01164,-5.372E-4,0.009355,-1.672E-4,1
1521127994501,true,1475.511,0,0.01081,0.004702,0.0099,-3.483E-5,0.007307,7.306E-4,0.006425,-4.86E-5,0.0492,0.008001,0.0109,-3.63E-4,0.01164,-5.344E-4,0.009354,-1.679E-4,1
1521127994537,true,1475.568,0,0.01099,0.004672,0.009892,-3.45E-5,0.007319,7.296E-4,0.006421,-4.715E-5,0.04954,0.00762,0.01089,-3.644E-4,0.01164,-5.348E-4,0.009355,-1.689E-4,1
1521127994572,true,1475.626,0,0.01126,0.00503,0.009875,-3.56E-5,0.007325,7.295E-4,0.00642,-5.033E-5,0.04979,0.007317,0.0109,-3.711E-4,0.01163,-5.324E-4,0.009354,-1.695E-4,1
1521127994609,true,1475.683,0,0.01141,0.005286,0.009844,-3.36E-5,0.007323,7.242E-4,0.00642,-5.255E-5,0.04913,0.00774,0.01089,-3.739E-4,0.01161,-5.301E-4,0.009343,-1.733E-4,1
1521127994764,true,1475.753,0,0.0108,0.005772,0.009821,-3.278E-5,0.007304,7.218E-4,0.006418,-5.568E-5,0.04871,0.008044,0.01088,-3.741E-4,0.0116,-5.333E-4,0.009323,-1.753E-4,1
1521127994800,true,1475.811,0,0.009771,0.005726,0.009807,-3.73E-5,0.007298,7.139E-4,0.006408,-5.631E-5,0.04806,0.008649,0.01086,-3.715E-4,0.01158,-5.342E-4,0.009302,-1.794E-4,1
1521127994837,true,1475.868,0,0.01011,0.005025,0.009784,-4.249E-5,0.007266,7.141E-4,0.006386,-5.947E-5,0.04831,0.008491,0.01083,-3.676E-4,0.01157,-5.384E-4,0.009272,-1.793E-4,1
1521127994873,true,1475.926,0,0.0101,0.005056,0.009733,-3.095E-5,0.007224,7.239E-4,0.006359,-5.792E-5,0.04876,0.007935,0.0108,-3.673E-4,0.01153,-5.371E-4,0.009258,-1.786E-4,1
1521127994909,true,1475.983,0,0.01037,0.005128,0.009731,-2.704E-5,0.007224,7.248E-4,0.006356,-5.517E-5,0.04894,0.007619,0.01079,-3.668E-4,0.01151,-5.331E-4,0.009261,-1.8E-4,1
1521127995039,true,1476.027,0,0.01044,0.005399,0.00975,-2.885E-5,0.007249,7.246E-4,0.006371,-4.937E-5,0.04878,0.007765,0.01079,-3.682E-4,0.01151,-5.33E-4,0.009282,-1.862E-4,1
1521127995074,true,1476.085,0,0.009683,0.005841,0.009791,-3.539E-5,0.007273,7.215E-4,0.006397,-5.501E-5,0.04839,0.008233,0.0108,-3.729E-4,0.01152,-5.306E-4,0.009288,-1.898E-4,1
1521127995111,true,1476.142,0,0.009682,0.00519,0.009813,-4.019E-5,0.007299,7.156E-4,0.006411,-5.171E-5,0.04822,0.008481,0.0108,-3.732E-4,0.01152,-5.319E-4,0.009284,-1.838E-4,1
1521127995147,true,1476.2,0,0.01001,0.005024,0.009816,-3.733E-5,0.007312,7.153E-4,0.006417,-5.493E-5,0.04834,0.008345,0.0108,-3.75E-4,0.01154,-5.354E-4,0.009287,-1.81E-4,1
1521127995183,true,1476.257,0,0.01055,0.005307,0.009816,-3.959E-5,0.007319,7.157E-4,0.006428,-5.736E-5,0.04862,0.007974,0.01081,-3.771E-4,0.01154,-5.367E-4,0.009303,-1.854E-4,1
1521127995338,true,1476.328,0,0.01074,0.005559,0.009813,-3.635E-5,0.007328,7.15E-4,0.00644,-5.88E-5,0.04864,0.007849,0.01081,-3.831E-4,0.01154,-5.385E-4,0.009307,-1.899E-4,1
1521127995375,true,1476.386,0,0.01029,0.006022,0.009825,-3.824E-5,0.007343,7.122E-4,0.006442,-5.536E-5,0.04822,0.008125,0.01081,-3.831E-4,0.01153,-5.355E-4,0.009305,-1.883E-4,1
1521127995411,true,1476.443,0,0.009881,0.006029,0.009821,-3.809E-5,0.007347,7.033E-4,0.006442,-5.554E-5,0.04793,0.008366,0.01079,-3.853E-4,0.01153,-5.368E-4,0.009293,-1.874E-4,1
1521127995447,true,1476.501,0,0.009797,0.005465,0.00981,-4.215E-5,0.00734,6.984E-4,0.006431,-5.981E-5,0.04784,0.00851,0.01077,-3.845E-4,0.01151,-5.385E-4,0.00929,-1.914E-4,1
1521127995483,true,1476.558,0,0.009999,0.005232,0.009793,-4.829E-5,0.007341,6.901E-4,0.006416,-6.154E-5,0.04822,0.008072,0.01076,-3.872E-4,0.01149,-5.436E-4,0.009281,-1.963E-4,1
1521127995614,true,1476.603,0,0.01007,0.005426,0.009766,-5.495E-5,0.00733,6.898E-4,0.006403,-6.387E-5,0.0488,0.007436,0.01073,-3.857E-4,0.01147,-5.444E-4,0.00926,-1.965E-4,1
1521127995651,true,1476.661,0,0.01014,0.005724,0.009722,-5.642E-5,0.007302,6.927E-4,0.006376,-6.894E-5,0.04875,0.007388,0.0107,-3.795E-4,0.01143,-5.455E-4,0.009225,-1.928E-4,1
1521127995686,true,1476.718,0,0.009655,0.006226,0.009701,-6.495E-5,0.00725,6.97E-4,0.006346,-6.809E-5,0.04845,0.007591,0.01067,-3.866E-4,0.01141,-5.499E-4,0.009195,-1.937E-4,1
1521127995723,true,1476.776,0,0.00933,0.005967,0.009645,-5.746E-5,0.007209,6.996E-4,0.006305,-6.15E-5,0.0482,0.00786,0.01063,-3.826E-4,0.01137,-5.487E-4,0.009162,-1.977E-4,1
1521127995759,true,1476.833,0,0.009326,0.005688,0.009629,-5.236E-5,0.007176,7.089E-4,0.006282,-5.361E-5,0.04851,0.00763,0.0106,-3.782E-4,0.01135,-5.509E-4,0.009145,-1.92E-4,1
1521127995914,true,1476.903,0,0.01028,0.005471,0.009645,-5.572E-5,0.007176,7.119E-4,0.006279,-5.102E-5,0.04892,0.007091,0.01059,-3.764E-4,0.01134,-5.503E-4,0.009146,-1.908E-4,1
1521127995950,true,1476.961,0,0.01035,0.005832,0.009657,-6.065E-5,0.007202,7.095E-4,0.006293,-5.311E-5,0.04902,0.006872,0.01059,-3.818E-4,0.01133,-5.514E-4,0.009142,-1.9E-4,1
1521127995986,true,1477.018,0,0.01017,0.006185,0.009669,-6.678E-5,0.007201,7.11E-4,0.006295,-5.276E-5,0.0483,0.007502,0.01058,-3.842E-4,0.01132,-5.526E-4,0.009153,-1.996E-4,1
1521127996023,true,1477.076,0,0.009576,0.006132,0.009683,-7.302E-5,0.007197,7.108E-4,0.006283,-4.873E-5,0.04782,0.007986,0.01058,-3.875E-4,0.01131,-5.526E-4,0.009157,-2.024E-4,1
1521127996059,true,1477.133,0,0.009142,0.005729,0.009687,-7.763E-5,0.007184,7.106E-4,0.00627,-4.572E-5,0.04754,0.008206,0.01056,-3.845E-4,0.01131,-5.573E-4,0.009142,-1.998E-4,1
1521127996189,true,1477.178,0,0.009818,0.005214,0.009679,-7.39E-5,0.007167,7.184E-4,0.006277,-5.008E-5,0.04787,0.007779,0.01053,-3.804E-4,0.0113,-5.629E-4,0.009138,-2.033E-4,1
1521127996225,false,-1.0,-1,0.0,0.0,0.0,0.0,0.0,0.0,0.0,0.0,0.0,0.0,0.0,0.0,0.0,0.0,0.0,0.0,1
1521127996261,true,1477.293,0,0.01036,0.005669,0.009651,-7.82E-5,0.00716,7.134E-4,0.006269,-5.441E-5,0.04862,0.006818,0.01051,-3.864E-4,0.01126,-5.625E-4,0.009126,-2.103E-4,1
1521127996297,true,1477.351,0,0.009978,0.006066,0.009629,-8.283E-5,0.00714,7.124E-4,0.006248,-5.013E-5,0.04819,0.007036,0.0105,-3.912E-4,0.01125,-5.654E-4,0.009105,-2.124E-4,1
1521127996333,true,1477.408,0,0.009287,0.006054,0.009597,-8.573E-5,0.007119,7.092E-4,0.00624,-5.504E-5,0.04799,0.007244,0.01047,-3.926E-4,0.01122,-5.663E-4,0.009082,-2.104E-4,1
1521127996464,true,1477.453,0,0.009287,0.005635,0.009555,-7.977E-5,0.007097,7.042E-4,0.006216,-5.372E-5,0.04794,0.007184,0.01043,-3.901E-4,0.01119,-5.71E-4,0.009043,-2.07E-4,1
1521127996500,true,1477.511,0,0.009733,0.005425,0.009508,-8.028E-5,0.007069,7.013E-4,0.006186,-5.644E-5,0.04818,0.006853,0.01039,-3.877E-4,0.01116,-5.746E-4,0.009009,-2.095E-4,1
1521127996537,true,1477.568,0,0.009748,0.005798,0.009462,-8.494E-5,0.007023,7.02E-4,0.006148,-6.284E-5,0.04824,0.006532,0.01036,-3.864E-4,0.01112,-5.783E-4,0.008967,-2.099E-4,1
1521127996573,true,1477.626,0,0.009412,0.006252,0.009409,-7.423E-5,0.006978,7.052E-4,0.006113,-5.536E-5,0.04774,0.006889,0.01033,-3.873E-4,0.01107,-5.788E-4,0.00893,-2.082E-4,1
1521127996608,true,1477.683,0,0.008989,0.006357,0.009414,-7.181E-5,0.006965,7.057E-4,0.006102,-5.23E-5,0.04706,0.00744,0.01031,-3.861E-4,0.01106,-5.759E-4,0.008911,-2.084E-4,1
1521127996764,true,1477.754,0,0.008174,0.005986,0.00942,-6.705E-5,0.006985,6.977E-4,0.006106,-5.375E-5,0.04677,0.007787,0.01029,-3.86E-4,0.01104,-5.766E-4,0.008898,-2.021E-4,1
1521127996800,true,1477.812,0,0.008466,0.005405,0.009414,-6.323E-5,0.006995,6.971E-4,0.006107,-5.812E-5,0.04716,0.00753,0.01028,-3.858E-4,0.01104,-5.804E-4,0.008892,-1.985E-4,1
1521127996837,true,1477.869,0,0.008916,0.00528,0.009425,-6.777E-5,0.007007,6.925E-4,0.006114,-6.151E-5,0.04769,0.006935,0.01026,-3.876E-4,0.01103,-5.781E-4,0.008903,-2.007E-4,1
1521127996872,true,1477.927,0,0.008915,0.005613,0.009405,-6.644E-5,0.007006,6.925E-4,0.006104,-6.071E-5,0.04777,0.006656,0.01025,-3.883E-4,0.01102,-5.739E-4,0.008899,-1.982E-4,1
1521127996909,true,1477.984,0,0.008581,0.006044,0.009403,-6.228E-5,0.006983,7.001E-4,0.006111,-6.643E-5,0.04732,0.007003,0.01025,-3.933E-4,0.01101,-5.685E-4,0.008906,-2.048E-4,1
1521127997064,true,1478.054,0,0.008631,0.00578,0.009393,-5.975E-5,0.006967,7.01E-4,0.006108,-7.0E-5,0.04724,0.007123,0.01024,-3.956E-4,0.011,-5.709E-4,0.008906,-2.053E-4,1
1521127997100,true,1478.112,0,0.008805,0.005353,0.00939,-6.087E-5,0.00696,6.99E-4,0.0061,-7.171E-5,0.04718,0.00725,0.01022,-3.941E-4,0.01101,-5.789E-4,0.008901,-2.081E-4,1
1521127997137,true,1478.169,0,0.009288,0.005259,0.009373,-5.812E-5,0.006955,6.973E-4,0.006087,-7.087E-5,0.04742,0.00692,0.01021,-3.957E-4,0.01099,-5.808E-4,0.008895,-2.124E-4,1
1521127997173,true,1478.227,0,0.009506,0.005538,0.009358,-6.385E-5,0.006933,7.004E-4,0.006055,-7.192E-5,0.04775,0.006572,0.01019,-3.963E-4,0.01098,-5.837E-4,0.008874,-2.122E-4,1
1521127997209,true,1478.284,0,0.009968,0.005654,0.009331,-6.562E-5,0.006907,7.025E-4,0.006028,-7.243E-5,0.04757,0.006879,0.01017,-3.978E-4,0.01097,-5.861E-4,0.008848,-2.14E-4,1
1521127997339,true,1478.329,0,0.009664,0.00593,0.009299,-6.741E-5,0.006875,7.003E-4,0.006013,-7.998E-5,0.04686,0.007441,0.01017,-4.066E-4,0.01094,-5.834E-4,0.00883,-2.202E-4,1
1521127997375,true,1478.387,0,0.009316,0.005493,0.009258,-6.898E-5,0.006848,6.929E-4,0.005987,-8.624E-5,0.04643,0.007889,0.01013,-4.017E-4,0.01092,-5.842E-4,0.008801,-2.191E-4,1
1521127997411,true,1478.444,0,0.009219,0.005088,0.009206,-6.896E-5,0.006817,6.896E-4,0.005949,-8.352E-5,0.04641,0.007879,0.01009,-3.985E-4,0.01091,-5.914E-4,0.008771,-2.21E-4,1
1521127997447,true,1478.502,0,0.009663,0.004825,0.009162,-6.327E-5,0.006779,6.927E-4,0.005909,-8.522E-5,0.04677,0.007513,0.01006,-3.97E-4,0.01088,-5.915E-4,0.008722,-2.153E-4,1
1521127997483,true,1478.559,0,0.009936,0.00502,0.009136,-5.434E-5,0.006766,6.954E-4,0.005887,-8.169E-5,0.04705,0.007041,0.01004,-3.95E-4,0.01086,-5.926E-4,0.008708,-2.15E-4,1
1521127997639,true,1478.629,0,0.01006,0.005302,0.009167,-5.44E-5,0.006759,7.017E-4,0.005895,-7.861E-5,0.04671,0.007365,0.01004,-3.932E-4,0.01087,-5.938E-4,0.008711,-2.144E-4,1
1521127997676,true,1478.687,0,0.009375,0.005436,0.009181,-5.455E-5,0.006766,7.006E-4,0.005909,-8.179E-5,0.0464,0.007691,0.01005,-3.956E-4,0.01088,-5.945E-4,0.008716,-2.099E-4,1
1521127997712,true,1478.744,0,0.009415,0.004858,0.009199,-5.711E-5,0.006762,6.995E-4,0.005901,-7.443E-5,0.04622,0.008072,0.01005,-3.983E-4,0.0109,-5.977E-4,0.008722,-2.096E-4,1
1521127997747,true,1478.802,0,0.009874,0.004262,0.009195,-5.464E-5,0.006773,6.996E-4,0.005911,-7.424E-5,0.04656,0.00788,0.01004,-3.902E-4,0.01091,-6.005E-4,0.008718,-2.054E-4,1
1521127997784,true,1478.859,0,0.01036,0.004613,0.009194,-5.536E-5,0.006774,7.026E-4,0.00592,-7.856E-5,0.04693,0.007647,0.01004,-3.916E-4,0.01093,-6.038E-4,0.008724,-2.032E-4,1
1521127997914,true,1478.904,0,0.01064,0.005007,0.009201,-5.866E-5,0.006768,7.048E-4,0.005926,-8.189E-5,0.04707,0.007671,0.01005,-3.931E-4,0.01094,-6.063E-4,0.008731,-2.023E-4,1
1521127997951,true,1478.962,0,0.01051,0.005389,0.009212,-5.805E-5,0.006763,7.056E-4,0.005917,-7.835E-5,0.0468,0.008064,0.01005,-3.929E-4,0.01094,-6.065E-4,0.008736,-2.042E-4,1
1521127997987,true,1479.019,0,0.00986,0.005178,0.009196,-5.445E-5,0.006755,7.018E-4,0.005906,-7.665E-5,0.04637,0.008538,0.01005,-3.972E-4,0.01094,-6.065E-4,0.008737,-2.032E-4,1
1521127998023,true,1479.077,0,0.008942,0.005005,0.009199,-6.0E-5,0.00675,7.003E-4,0.005886,-7.718E-5,0.04638,0.008554,0.01003,-3.93E-4,0.01094,-6.078E-4,0.008726,-2.01E-4,1
1521127998059,true,1479.134,0,0.009107,0.004877,0.009184,-6.254E-5,0.006728,7.049E-4,0.005873,-8.113E-5,0.04677,0.008091,0.01001,-3.911E-4,0.01094,-6.079E-4,0.008726,-2.049E-4,1
1521127998215,true,1479.204,0,0.009216,0.004876,0.009151,-6.361E-5,0.006711,7.039E-4,0.005839,-8.424E-5,0.04719,0.007468,0.01,-3.89E-4,0.01094,-6.098E-4,0.008716,-2.058E-4,1
1521127998250,true,1479.262,0,0.009581,0.004902,0.009134,-7.031E-5,0.006683,7.054E-4,0.005805,-7.989E-5,0.0471,0.007475,0.009981,-3.865E-4,0.01092,-6.076E-4,0.008699,-2.065E-4,1
1521127998286,true,1479.319,0,0.009436,0.004942,0.009093,-6.823E-5,0.006641,7.028E-4,0.005782,-8.131E-5,0.04677,0.007666,0.009971,-3.876E-4,0.0109,-6.081E-4,0.008685,-2.092E-4,1
1521127998323,true,1479.377,0,0.009164,0.004624,0.009047,-5.769E-5,0.006605,7.022E-4,0.005738,-7.336E-5,0.04658,0.007982,0.009945,-3.858E-4,0.01089,-6.091E-4,0.008643,-2.011E-4,1
1521127998359,true,1479.434,0,0.00964,0.003981,0.009029,-5.153E-5,0.006585,7.04E-4,0.005715,-6.587E-5,0.04664,0.007919,0.009942,-3.883E-4,0.01088,-6.068E-4,0.008624,-1.926E-4,1
1521127998490,true,1479.479,0,0.01049,0.003956,0.00904,-4.345E-5,0.006578,7.104E-4,0.005715,-6.508E-5,0.04723,0.007285,0.00994,-3.836E-4,0.01089,-6.083E-4,0.008633,-1.922E-4,1
1521127998525,true,1479.537,0,0.01065,0.004337,0.009071,-4.436E-5,0.006585,7.169E-4,0.00572,-6.495E-5,0.04727,0.007246,0.009944,-3.807E-4,0.0109,-6.025E-4,0.008651,-1.881E-4,1
1521127998561,true,1479.594,0,0.01048,0.00493,0.00909,-3.872E-5,0.006586,7.232E-4,0.005739,-6.443E-5,0.04675,0.007779,0.009948,-3.809E-4,0.01091,-6.004E-4,0.008664,-1.855E-4,1
1521127998598,true,1479.652,0,0.009785,0.004886,0.009109,-3.823E-5,0.006582,7.262E-4,0.005722,-5.697E-5,0.04608,0.008385,0.009953,-3.793E-4,0.01092,-5.992E-4,0.008675,-1.887E-4,1
1521127998634,true,1479.709,0,0.009545,0.004393,0.009124,-3.853E-5,0.006588,7.204E-4,0.005718,-5.202E-5,0.04607,0.008463,0.009947,-3.791E-4,0.01094,-6.041E-4,0.008673,-1.839E-4,1
1521127998789,true,1479.778,0,0.01008,0.003894,0.009129,-4.016E-5,0.006599,7.189E-4,0.005718,-5.256E-5,0.04662,0.007974,0.009945,-3.759E-4,0.01094,-6.018E-4,0.008685,-1.803E-4,1
1521127998825,true,1479.836,0,0.01048,0.003967,0.009112,-3.378E-5,0.006597,7.27E-4,0.005702,-5.285E-5,0.04718,0.007224,0.009938,-3.75E-4,0.01095,-6.055E-4,0.008694,-1.782E-4,1
1521127998861,true,1479.893,0,0.01079,0.00398,0.009108,-3.279E-5,0.006586,7.293E-4,0.005692,-4.919E-5,0.04715,0.007013,0.009944,-3.762E-4,0.01094,-6.016E-4,0.008705,-1.763E-4,1
1521127998897,true,1479.951,0,0.01059,0.004221,0.009095,-3.146E-5,0.006574,7.299E-4,0.005685,-5.286E-5,0.04696,0.0071,0.009948,-3.78E-4,0.01093,-5.955E-4,0.008708,-1.754E-4,1
1521127998933,true,1480.008,0,0.01036,0.003987,0.009087,-3.506E-5,0.00656,7.228E-4,0.005675,-5.428E-5,0.0468,0.007282,0.009936,-3.73E-4,0.01093,-5.947E-4,0.008709,-1.751E-4,1
1521127999090,true,1480.08,0,0.01037,0.003499,0.009075,-3.802E-5,0.006539,7.156E-4,0.005651,-4.929E-5,0.04717,0.006957,0.009926,-3.712E-4,0.01092,-5.969E-4,0.008695,-1.741E-4,1
1521127999126,true,1480.138,0,0.01082,0.003439,0.009036,-3.626E-5,0.006503,7.16E-4,0.005635,-5.167E-5,0.04752,0.006505,0.009913,-3.697E-4,0.01092,-5.973E-4,0.008678,-1.674E-4,1
1521127999162,true,1480.195,0,0.01142,0.003749,0.00901,-4.116E-5,0.006469,7.195E-4,0.005613,-5.462E-5,0.04787,0.00604,0.009905,-3.707E-4,0.01089,-5.927E-4,0.008661,-1.652E-4,1
1521127999198,true,1480.253,0,0.0113,0.00416,0.008963,-3.932E-5,0.006443,7.167E-4,0.005578,-5.163E-5,0.04747,0.006303,0.009889,-3.708E-4,0.01086,-5.919E-4,0.008645,-1.67E-4,1
1521127999234,true,1480.31,0,0.01079,0.004488,0.00892,-2.46E-5,0.006398,7.244E-4,0.005525,-3.743E-5,0.04709,0.006673,0.00988,-3.734E-4,0.01083,-5.858E-4,0.008614,-1.599E-4,1
1521127999364,true,1480.354,0,0.0102,0.004386,0.008924,-1.987E-5,0.006381,7.276E-4,0.00552,-3.443E-5,0.04665,0.007133,0.009867,-3.716E-4,0.01083,-5.84E-4,0.00861,-1.542E-4,1
1521127999400,true,1480.412,0,0.01033,0.003954,0.008937,-1.636E-5,0.006375,7.317E-4,0.005535,-4.083E-5,0.04675,0.006978,0.009871,-3.699E-4,0.01084,-5.832E-4,0.008615,-1.494E-4,1
1521127999436,true,1480.469,0,0.01042,0.004079,0.008947,-1.665E-5,0.006371,7.385E-4,0.005534,-4.283E-5,0.04743,0.006272,0.009861,-3.633E-4,0.01085,-5.83E-4,0.008624,-1.47E-4,1
1521127999473,true,1480.527,0,0.01045,0.004182,0.008948,-1.848E-5,0.006376,7.345E-4,0.005528,-4.217E-5,0.04772,0.005913,0.009869,-3.676E-4,0.01085,-5.836E-4,0.008643,-1.486E-4,1
1521127999509,true,1480.584,0,0.01051,0.004484,0.008936,-1.205E-5,0.006358,7.386E-4,0.005515,-3.876E-5,0.04723,0.006278,0.009879,-3.686E-4,0.01085,-5.811E-4,0.008652,-1.517E-4,1
1521127999665,true,1480.655,0,0.01024,0.004282,0.008951,-1.637E-5,0.006361,7.355E-4,0.005508,-3.563E-5,0.04697,0.006559,0.009869,-3.651E-4,0.01085,-5.805E-4,0.008652,-1.519E-4,1
1521127999701,true,1480.713,0,0.0102,0.003858,0.008949,-2.06E-5,0.006353,7.323E-4,0.005494,-3.222E-5,0.04712,0.006588,0.009869,-3.653E-4,0.01084,-5.78E-4,0.00864,-1.449E-4,1
1521127999737,true,1480.77,0,0.01097,0.00358,0.008933,-1.982E-5,0.006336,7.362E-4,0.005478,-3.255E-5,0.04758,0.006204,0.009856,-3.631E-4,0.01083,-5.749E-4,0.008638,-1.445E-4,1
1521127999773,true,1480.828,0,0.01096,0.004114,0.008907,-2.3E-5,0.006325,7.352E-4,0.005455,-2.652E-5,0.04793,0.005846,0.009855,-3.654E-4,0.01082,-5.727E-4,0.008624,-1.393E-4,1
1521127999809,true,1480.885,0,0.01108,0.004595,0.008879,-2.474E-5,0.006296,7.374E-4,0.005429,-2.096E-5,0.04776,0.005955,0.009846,-3.668E-4,0.0108,-5.75E-4,0.008617,-1.416E-4,1
1521127999939,true,1480.929,0,0.0107,0.004992,0.008853,-3.016E-5,0.00626,7.386E-4,0.005395,-1.181E-5,0.0472,0.006418,0.009822,-3.642E-4,0.01079,-5.737E-4,0.008607,-1.437E-4,1
1521127999975,true,1480.987,0,0.009803,0.00483,0.008821,-3.178E-5,0.006225,7.371E-4,0.005364,-6.373E-6,0.04672,0.006879,0.009797,-3.608E-4,0.01077,-5.784E-4,0.008586,-1.413E-4,1
1521128000011,true,1481.044,0,0.01006,0.004225,0.008792,-3.472E-5,0.006196,7.324E-4,0.005316,-7.274E-6,0.04668,0.006994,0.009774,-3.603E-4,0.01076,-5.83E-4,0.008555,-1.395E-4,1
1521128000047,true,1481.102,0,0.01045,0.004135,0.008765,-4.081E-5,0.00615,7.328E-4,0.005275,-6.525E-6,0.0473,0.006313,0.009757,-3.582E-4,0.01073,-5.829E-4,0.008528,-1.416E-4,1
1521128000083,true,1481.159,0,0.01077,0.004144,0.008708,-4.075E-5,0.006119,7.309E-4,0.00523,-3.597E-6,0.04776,0.005818,0.009742,-3.545E-4,0.01069,-5.745E-4,0.008495,-1.419E-4,1
1521128000215,true,1481.205,0,0.01078,0.004473,0.00868,-3.38E-5,0.006106,7.306E-4,0.005195,3.007E-6,0.04735,0.00604,0.009733,-3.576E-4,0.01066,-5.655E-4,0.008482,-1.411E-4,1
1521128000250,true,1481.263,0,0.01001,0.004651,0.00869,-3.142E-5,0.006084,7.36E-4,0.005202,3.997E-6,0.04713,0.006256,0.009735,-3.592E-4,0.01065,-5.629E-4,0.008478,-1.381E-4,1
1521128000287,true,1481.32,0,0.009688,0.004346,0.008701,-2.964E-5,0.006083,7.361E-4,0.005195,4.976E-6,0.04714,0.006287,0.00973,-3.563E-4,0.01066,-5.615E-4,0.008488,-1.437E-4,1
1521128000323,true,1481.378,0,0.009826,0.004192,0.008699,-2.539E-5,0.006079,7.35E-4,0.005194,5.336E-6,0.04755,0.005935,0.009719,-3.536E-4,0.01067,-5.685E-4,0.008486,-1.437E-4,1
1521128000359,true,1481.435,0,0.01005,0.004499,0.008691,-2.324E-5,0.00607,7.353E-4,0.005181,6.434E-6,0.04805,0.005496,0.009716,-3.531E-4,0.01066,-5.674E-4,0.008483,-1.456E-4,1
1521128000514,true,1481.504,0,0.00988,0.004851,0.00869,-2.325E-5,0.006067,7.392E-4,0.005178,3.79E-6,0.04813,0.005282,0.00972,-3.584E-4,0.01065,-5.643E-4,0.008484,-1.456E-4,1
1521128000551,true,1481.562,0,0.009628,0.005157,0.008689,-2.192E-5,0.006069,7.337E-4,0.00518,-6.511E-7,0.04766,0.005706,0.009713,-3.591E-4,0.01065,-5.65E-4,0.00849,-1.464E-4,1
1521128000587,true,1481.619,0,0.009152,0.005011,0.008682,-1.924E-5,0.006054,7.362E-4,0.005171,4.269E-6,0.04744,0.005943,0.009706,-3.596E-4,0.01065,-5.689E-4,0.008488,-1.452E-4,1
1521128000623,true,1481.677,0,0.00906,0.004602,0.008678,-1.898E-5,0.006056,7.272E-4,0.005162,5.067E-6,0.0473,0.00617,0.009699,-3.585E-4,0.01066,-5.756E-4,0.008468,-1.432E-4,1
1521128000659,true,1481.734,0,0.009191,0.004399,0.008672,-2.373E-5,0.006041,7.276E-4,0.005142,2.036E-6,0.04772,0.005721,0.00969,-3.597E-4,0.01064,-5.752E-4,0.008456,-1.44E-4,1
1521128000815,true,1481.805,0,0.008874,0.004698,0.008652,-2.64E-5,0.006029,7.241E-4,0.005128,-3.667E-7,0.0479,0.005264,0.009676,-3.588E-4,0.01062,-5.681E-4,0.008441,-1.431E-4,1
1521128000851,true,1481.863,0,0.008904,0.004718,0.008625,-2.666E-5,0.006011,7.216E-4,0.005114,-2.205E-6,0.04774,0.005329,0.009651,-3.572E-4,0.01058,-5.632E-4,0.008434,-1.467E-4,1
1521128000886,true,1481.92,0,0.008193,0.004945,0.008611,-3.021E-5,0.005985,7.191E-4,0.005108,-4.126E-6,0.04733,0.005699,0.009639,-3.628E-4,0.01055,-5.615E-4,0.008405,-1.44E-4,1
1521128000923,true,1481.978,0,0.007562,0.004734,0.008573,-2.99E-5,0.005948,7.183E-4,0.005076,4.45E-8,0.04725,0.005831,0.009609,-3.632E-4,0.01052,-5.61E-4,0.008379,-1.462E-4,1
1521128000959,true,1482.035,0,0.007533,0.004163,0.008527,-2.167E-5,0.005917,7.201E-4,0.005049,-1.905E-7,0.04744,0.005658,0.009573,-3.568E-4,0.01049,-5.64E-4,0.008336,-1.389E-4,1
1521128001089,true,1482.08,0,0.007834,0.004358,0.008505,-1.109E-5,0.005892,7.317E-4,0.005022,2.557E-6,0.04795,0.005137,0.009552,-3.558E-4,0.01047,-5.617E-4,0.008319,-1.358E-4,1
1521128001126,true,1482.138,0,0.007615,0.004967,0.008529,-1.109E-5,0.005898,7.382E-4,0.005032,3.76E-6,0.04797,0.005039,0.009546,-3.55E-4,0.01046,-5.578E-4,0.008327,-1.366E-4,1
1521128001162,true,1482.195,0,0.008032,0.005211,0.008554,-7.371E-6,0.005906,7.409E-4,0.005055,4.861E-6,0.04734,0.005425,0.009538,-3.523E-4,0.01046,-5.563E-4,0.008336,-1.403E-4,1
1521128001198,true,1482.253,0,0.007418,0.005434,0.008581,-6.747E-6,0.005921,7.386E-4,0.005079,9.081E-7,0.04695,0.005801,0.009543,-3.551E-4,0.01047,-5.579E-4,0.008355,-1.415E-4,1
1521128001234,true,1482.31,0,0.007095,0.004997,0.008613,-9.13E-6,0.005936,7.346E-4,0.005098,-1.274E-6,0.04687,0.006071,0.009542,-3.545E-4,0.01048,-5.568E-4,0.008366,-1.405E-4,1
1521128001365,true,1482.355,0,0.007345,0.004682,0.008634,-2.863E-6,0.00595,7.379E-4,0.0051,3.402E-6,0.04704,0.005854,0.009526,-3.495E-4,0.01048,-5.584E-4,0.008359,-1.341E-4,1
1521128001401,true,1482.413,0,0.007896,0.004699,0.008659,-5.71E-6,0.005972,7.409E-4,0.005118,-6.69E-7,0.04752,0.00534,0.00952,-3.482E-4,0.01049,-5.581E-4,0.008375,-1.351E-4,1
1521128001437,true,1482.47,0,0.008289,0.004696,0.008668,-9.313E-6,0.005977,7.466E-4,0.00513,3.036E-6,0.04757,0.005258,0.009516,-3.455E-4,0.01048,-5.543E-4,0.008389,-1.33E-4,1
1521128001473,true,1482.528,0,0.008197,0.004945,0.008685,-6.34E-6,0.005976,7.487E-4,0.005146,3.247E-6,0.04728,0.005391,0.009509,-3.478E-4,0.01047,-5.507E-4,0.008391,-1.355E-4,1
1521128001509,true,1482.585,0,0.007921,0.004708,0.008689,-4.669E-6,0.005978,7.474E-4,0.005157,4.552E-6,0.04703,0.005617,0.009503,-3.489E-4,0.01046,-5.495E-4,0.008392,-1.368E-4,1
1521128001664,true,1482.655,0,0.008428,0.003974,0.00869,-1.892E-6,0.005974,7.527E-4,0.005167,2.869E-6,0.04706,0.005611,0.009489,-3.465E-4,0.01046,-5.497E-4,0.00839,-1.396E-4,1
1521128001701,true,1482.713,0,0.008415,0.00411,0.00868,-3.035E-7,0.005974,7.538E-4,0.005162,5.396E-7,0.04742,0.005264,0.009482,-3.445E-4,0.01044,-5.492E-4,0.008388,-1.43E-4,1
1521128001737,true,1482.77,0,0.008483,0.004473,0.008665,-3.64E-6,0.005969,7.581E-4,0.005161,2.91E-6,0.0478,0.004832,0.009472,-3.402E-4,0.01044,-5.536E-4,0.008371,-1.427E-4,1
1521128001773,true,1482.828,0,0.008563,0.004736,0.008659,-6.419E-6,0.005948,7.645E-4,0.005152,4.41E-6,0.04741,0.005301,0.009463,-3.45E-4,0.01042,-5.513E-4,0.008358,-1.447E-4,1
1521128001808,true,1482.885,0,0.007943,0.00507,0.008642,-3.186E-6,0.005921,7.685E-4,0.005138,9.386E-6,0.04691,0.005858,0.009453,-3.49E-4,0.01041,-5.537E-4,0.008337,-1.456E-4,1
1521128001939,true,1482.93,0,0.007765,0.004645,0.008618,1.374E-5,0.005901,7.767E-4,0.005125,1.456E-5,0.04652,0.006309,0.009431,-3.429E-4,0.01039,-5.524E-4,0.008308,-1.392E-4,1
1521128001974,true,1482.988,0,0.007792,0.004357,0.00866,1.742E-5,0.005925,7.806E-4,0.005142,2.202E-5,0.04672,0.006145,0.009419,-3.385E-4,0.01041,-5.575E-4,0.008311,-1.368E-4,1
1521128002009,true,1483.045,0,0.008087,0.004298,0.008696,1.777E-5,0.005958,7.861E-4,0.005174,2.467E-5,0.04711,0.00574,0.009424,-3.356E-4,0.01043,-5.648E-4,0.008327,-1.353E-4,1
1521128002044,true,1483.103,0,0.008213,0.004569,0.008726,1.59E-5,0.00599,7.892E-4,0.005218,2.4E-5,0.04725,0.005519,0.009427,-3.341E-4,0.01044,-5.671E-4,0.008338,-1.356E-4,1
1521128002079,true,1483.16,0,0.007852,0.005011,0.008757,1.657E-5,0.006011,7.925E-4,0.005247,3.038E-5,0.04681,0.005942,0.009437,-3.356E-4,0.01045,-5.654E-4,0.008342,-1.333E-4,1
1521128002239,true,1483.23,0,0.007556,0.004928,0.008786,1.747E-5,0.006033,7.96E-4,0.005275,3.418E-5,0.04659,0.006156,0.009442,-3.369E-4,0.01046,-5.626E-4,0.008341,-1.302E-4,1
1521128002274,true,1483.288,0,0.007939,0.004331,0.008825,1.73E-5,0.006041,8.012E-4,0.005285,4.237E-5,0.04643,0.00645,0.009438,-3.293E-4,0.01046,-5.612E-4,0.008335,-1.234E-4,1
1521128002310,true,1483.345,0,0.008283,0.004097,0.008853,1.775E-5,0.00607,8.06E-4,0.005303,4.446E-5,0.04679,0.006055,0.009439,-3.289E-4,0.01046,-5.601E-4,0.008341,-1.201E-4,1
1521128002343,true,1483.403,0,0.008779,0.004458,0.008846,2.047E-5,0.006094,8.09E-4,0.005332,4.132E-5,0.0473,0.005625,0.009444,-3.29E-4,0.01045,-5.59E-4,0.008346,-1.215E-4,1
1521128002378,true,1483.46,0,0.008554,0.005016,0.008862,1.684E-5,0.006107,8.093E-4,0.005351,4.377E-5,0.04717,0.005762,0.009448,-3.308E-4,0.01043,-5.512E-4,0.00834,-1.221E-4,1
1521128002539,true,1483.53,0,0.008702,0.005197,0.008866,1.889E-5,0.006121,8.074E-4,0.005375,4.642E-5,0.0466,0.006357,0.009452,-3.349E-4,0.01042,-5.483E-4,0.008339,-1.271E-4,1
1521128002574,true,1483.588,0,0.00796,0.005128,0.008868,1.88E-5,0.006131,8.073E-4,0.005385,4.837E-5,0.04622,0.006826,0.009452,-3.375E-4,0.01041,-5.464E-4,0.00832,-1.266E-4,1
1521128002609,true,1483.645,0,0.008315,0.00445,0.008863,1.828E-5,0.006121,8.102E-4,0.005381,5.075E-5,0.04633,0.006711,0.009434,-3.353E-4,0.01039,-5.423E-4,0.008296,-1.217E-4,1
1521128002644,true,1483.703,0,0.008704,0.004334,0.008852,1.823E-5,0.006125,8.098E-4,0.005374,4.899E-5,0.04687,0.006141,0.009426,-3.37E-4,0.01039,-5.49E-4,0.008274,-1.241E-4,1
1521128002679,true,1483.76,0,0.008695,0.004691,0.008832,1.577E-5,0.006113,8.155E-4,0.005367,4.903E-5,0.04704,0.005924,0.009413,-3.376E-4,0.01036,-5.475E-4,0.008248,-1.231E-4,1
1521128002815,true,1483.806,0,0.008642,0.004986,0.008798,1.85E-5,0.006084,8.215E-4,0.005365,4.632E-5,0.04667,0.006193,0.009394,-3.36E-4,0.01033,-5.471E-4,0.008219,-1.233E-4,1
1521128002849,true,1483.864,0,0.00787,0.005188,0.008769,3.528E-5,0.006062,8.251E-4,0.005342,5.766E-5,0.04649,0.006327,0.009377,-3.328E-4,0.0103,-5.416E-4,0.008178,-1.167E-4,1
1521128002884,true,1483.921,0,0.007288,0.004916,0.008794,3.987E-5,0.006073,8.268E-4,0.005361,6.127E-5,0.04629,0.006494,0.009373,-3.331E-4,0.0103,-5.4E-4,0.00817,-1.148E-4,1
1521128002919,true,1483.979,0,0.007518,0.004458,0.008825,4.051E-5,0.006111,8.289E-4,0.005376,6.5E-5,0.04663,0.006219,0.009367,-3.323E-4,0.0103,-5.427E-4,0.008169,-1.179E-4,1
1521128002954,true,1484.036,0,0.007952,0.004623,0.008854,3.845E-5,0.006147,8.294E-4,0.005404,6.388E-5,0.04716,0.005587,0.009368,-3.358E-4,0.01031,-5.457E-4,0.008172,-1.228E-4,1
1521128003114,true,1484.105,0,0.008066,0.005121,0.008886,3.395E-5,0.006173,8.264E-4,0.005424,6.1E-5,0.04726,0.005368,0.009376,-3.402E-4,0.01031,-5.458E-4,0.008167,-1.221E-4,1
1521128003149,true,1484.163,0,0.008002,0.00549,0.008903,3.702E-5,0.006188,8.295E-4,0.005445,5.955E-5,0.04665,0.005817,0.009375,-3.404E-4,0.01032,-5.465E-4,0.008162,-1.222E-4,1
1521128003184,true,1484.22,0,0.007451,0.005406,0.008914,4.468E-5,0.006211,8.267E-4,0.005463,6.276E-5,0.04603,0.006408,0.009383,-3.434E-4,0.01032,-5.48E-4,0.008143,-1.191E-4,1
1521128003219,true,1484.278,0,0.007344,0.004876,0.008934,3.864E-5,0.006223,8.316E-4,0.005477,6.134E-5,0.04585,0.006636,0.009375,-3.393E-4,0.01031,-5.465E-4,0.008125,-1.156E-4,1
1521128003254,true,1484.335,0,0.007331,0.004687,0.008949,3.566E-5,0.006241,8.313E-4,0.005487,6.081E-5,0.04617,0.006207,0.009367,-3.381E-4,0.01031,-5.462E-4,0.008121,-1.175E-4,1
1521128003390,true,1484.38,0,0.00773,0.004761,0.008942,3.533E-5,0.006252,8.321E-4,0.005498,5.493E-5,0.04653,0.005772,0.009363,-3.423E-4,0.01028,-5.415E-4,0.008116,-1.202E-4,1
1521128003424,true,1484.438,0,0.007567,0.004981,0.008937,3.07E-5,0.006241,8.37E-4,0.005507,5.539E-5,0.04614,0.005946,0.009354,-3.439E-4,0.01025,-5.35E-4,0.008117,-1.288E-4,1
1521128003459,true,1484.495,0,0.007003,0.005198,0.00892,3.271E-5,0.006244,8.315E-4,0.005517,5.382E-5,0.04586,0.006106,0.009334,-3.412E-4,0.01022,-5.274E-4,0.0081,-1.302E-4,1
1521128003494,true,1484.553,0,0.006972,0.004799,0.008893,3.249E-5,0.006236,8.315E-4,0.005501,5.297E-5,0.04579,0.006131,0.009304,-3.369E-4,0.0102,-5.219E-4,0.008067,-1.25E-4,1
1521128003529,true,1484.61,0,0.006973,0.004382,0.008878,2.805E-5,0.006229,8.269E-4,0.005483,5.132E-5,0.04606,0.005913,0.00929,-3.374E-4,0.01018,-5.265E-4,0.008037,-1.212E-4,1
1521128003689,true,1484.68,0,0.00756,0.004443,0.008837,2.426E-5,0.006214,8.275E-4,0.005463,4.966E-5,0.04652,0.005307,0.009263,-3.346E-4,0.01015,-5.263E-4,0.008003,-1.209E-4,1
1521128003724,true,1484.738,0,0.008259,0.004405,0.008798,2.691E-5,0.006198,8.263E-4,0.00544,4.869E-5,0.04674,0.004976,0.009238,-3.325E-4,0.01012,-5.265E-4,0.007959,-1.203E-4,1
1521128003759,true,1484.795,0,0.007969,0.004843,0.008791,2.763E-5,0.006173,8.373E-4,0.005413,5.553E-5,0.04614,0.005462,0.009215,-3.312E-4,0.01009,-5.235E-4,0.007937,-1.188E-4,1
1521128003794,true,1484.853,0,0.007762,0.004778,0.008812,3.023E-5,0.006183,8.391E-4,0.005432,5.448E-5,0.04567,0.005933,0.009213,-3.343E-4,0.01009,-5.275E-4,0.007936,-1.19E-4,1
1521128003829,true,1484.91,0,0.00755,0.004245,0.008848,2.578E-5,0.006196,8.395E-4,0.005449,5.569E-5,0.04526,0.006339,0.0092,-3.331E-4,0.01009,-5.293E-4,0.007934,-1.184E-4,1
1521128003964,true,1484.956,0,0.007766,0.003872,0.008864,2.262E-5,0.006227,8.342E-4,0.005464,5.159E-5,0.04553,0.005986,0.009185,-3.272E-4,0.01009,-5.291E-4,0.007927,-1.19E-4,1
1521128003999,true,1485.014,0,0.008282,0.003884,0.008878,1.732E-5,0.006236,8.406E-4,0.005479,4.581E-5,0.04617,0.005372,0.009181,-3.256E-4,0.01007,-5.284E-4,0.007929,-1.205E-4,1
1521128004035,true,1485.071,0,0.00838,0.004077,0.00889,1.625E-5,0.006245,8.447E-4,0.005502,3.976E-5,0.04626,0.005221,0.009178,-3.248E-4,0.01007,-5.263E-4,0.007945,-1.27E-4,1
1521128004069,true,1485.129,0,0.007955,0.004471,0.008911,1.136E-5,0.006251,8.441E-4,0.00551,4.189E-5,0.04603,0.00552,0.009172,-3.235E-4,0.01005,-5.205E-4,0.007956,-1.305E-4,1
1521128004104,true,1485.186,0,0.007691,0.004133,0.008913,1.063E-5,0.006258,8.412E-4,0.005512,4.502E-5,0.04587,0.005673,0.009173,-3.265E-4,0.01005,-5.201E-4,0.007963,-1.358E-4,1
1521128004265,true,1485.255,0,0.007811,0.003628,0.008909,7.08E-6,0.006256,8.404E-4,0.005518,4.331E-5,0.04587,0.005792,0.009161,-3.262E-4,0.01004,-5.174E-4,0.00796,-1.36E-4,1
1521128004299,true,1485.313,0,0.008574,0.003477,0.008919,1.699E-6,0.006249,8.449E-4,0.005499,4.379E-5,0.04623,0.00528,0.009141,-3.201E-4,0.01003,-5.208E-4,0.007957,-1.361E-4,1
1521128004334,true,1485.37,0,0.008813,0.003852,0.008906,-9.128E-6,0.006239,8.446E-4,0.005493,3.825E-5,0.0465,0.00491,0.00913,-3.206E-4,0.01003,-5.235E-4,0.007954,-1.429E-4,1
1521128004370,true,1485.428,0,0.008892,0.004298,0.008888,-1.611E-5,0.006219,8.459E-4,0.005494,2.897E-5,0.0462,0.005214,0.009128,-3.242E-4,0.009999,-5.251E-4,0.007938,-1.453E-4,1
1521128004406,true,1485.485,0,0.008623,0.004716,0.008848,-1.395E-5,0.006196,8.463E-4,0.005477,2.653E-5,0.04573,0.005693,0.009122,-3.267E-4,0.009988,-5.271E-4,0.007922,-1.455E-4,1
1521128004564,true,1485.556,0,0.008681,0.00413,0.00882,-1.937E-5,0.006168,8.401E-4,0.005448,2.809E-5,0.04561,0.005998,0.009109,-3.282E-4,0.009971,-5.285E-4,0.007896,-1.43E-4,1
1521128004601,true,1485.614,0,0.008902,0.003703,0.008785,-2.443E-5,0.006139,8.351E-4,0.005432,1.714E-5,0.04553,0.006066,0.00908,-3.233E-4,0.009947,-5.313E-4,0.007866,-1.414E-4,1
1521128004637,true,1485.671,0,0.00884,0.003888,0.008751,-1.892E-5,0.006109,8.387E-4,0.005393,1.912E-5,0.04581,0.005741,0.009056,-3.16E-4,0.009931,-5.357E-4,0.00784,-1.389E-4,1
1521128004673,true,1485.729,0,0.008375,0.004309,0.008765,-2.455E-5,0.006099,8.44E-4,0.005382,1.902E-5,0.04601,0.005432,0.009055,-3.175E-4,0.009922,-5.36E-4,0.007846,-1.403E-4,1
1521128004709,true,1485.786,0,0.008181,0.004538,0.008781,-2.565E-5,0.006123,8.359E-4,0.005389,1.709E-5,0.04577,0.005729,0.009051,-3.19E-4,0.009923,-5.337E-4,0.007867,-1.49E-4,1
1521128004815,true,1485.806,0,0.008006,0.004389,0.008798,-2.201E-5,0.006133,8.316E-4,0.005401,2.022E-5,0.04544,0.006056,0.009047,-3.21E-4,0.009931,-5.322E-4,0.00788,-1.54E-4,1
1521128004851,true,1485.864,0,0.007815,0.003851,0.008818,-2.402E-5,0.006131,8.302E-4,0.005404,1.668E-5,0.04568,0.005948,0.009045,-3.205E-4,0.009933,-5.317E-4,0.007889,-1.547E-4,1
1521128004887,true,1485.921,0,0.008543,0.003435,0.008824,-2.372E-5,0.00613,8.311E-4,0.005408,1.785E-5,0.04612,0.005476,0.009042,-3.225E-4,0.009932,-5.32E-4,0.007892,-1.501E-4,1
1521128004923,true,1485.979,0,0.00852,0.00384,0.008819,-2.163E-5,0.006141,8.267E-4,0.005408,1.896E-5,0.04656,0.004941,0.00904,-3.208E-4,0.009933,-5.318E-4,0.007908,-1.517E-4,1
1521128004959,true,1486.036,0,0.008875,0.004272,0.008831,-2.528E-5,0.006148,8.253E-4,0.005408,1.67E-5,0.04621,0.005286,0.00904,-3.2E-4,0.009923,-5.32E-4,0.007916,-1.533E-4,1
1521128005115,true,1486.106,0,0.008534,0.004736,0.008827,-2.398E-5,0.006154,8.211E-4,0.005402,1.466E-5,0.04583,0.005782,0.009042,-3.24E-4,0.009917,-5.315E-4,0.007925,-1.56E-4,1
1521128005151,true,1486.164,0,0.008132,0.004508,0.008816,-2.151E-5,0.006148,8.176E-4,0.005394,9.419E-6,0.0457,0.006041,0.009039,-3.244E-4,0.009911,-5.31E-4,0.007901,-1.486E-4,1
1521128005187,true,1486.221,0,0.008338,0.004127,0.0088,-2.165E-5,0.006149,8.135E-4,0.005371,9.474E-6,0.04572,0.006005,0.009029,-3.225E-4,0.009911,-5.352E-4,0.007884,-1.445E-4,1
1521128005223,true,1486.279,0,0.008585,0.004205,0.008775,-2.245E-5,0.006139,8.105E-4,0.005336,9.424E-6,0.04634,0.005429,0.009013,-3.203E-4,0.009911,-5.414E-4,0.007879,-1.45E-4,1
1521128005259,true,1486.336,0,0.00827,0.004441,0.008745,-2.223E-5,0.006127,8.077E-4,0.005313,6.396E-6,0.04662,0.005111,0.009009,-3.205E-4,0.009903,-5.413E-4,0.007871,-1.483E-4,1
1521128005414,true,1486.406,0,0.008468,0.004533,0.008716,-2.762E-5,0.006095,8.041E-4,0.005274,7.576E-6,0.04631,0.005229,0.008997,-3.218E-4,0.009881,-5.362E-4,0.007849,-1.496E-4,1
1521128005450,true,1486.464,0,0.007938,0.004646,0.008689,-3.402E-5,0.006069,7.957E-4,0.005242,6.966E-6,0.04588,0.00551,0.008983,-3.253E-4,0.009868,-5.373E-4,0.007824,-1.477E-4,1
1521128005486,true,1486.521,0,0.007459,0.004311,0.008648,-3.527E-5,0.006028,7.912E-4,0.005202,6.764E-6,0.04566,0.005735,0.008963,-3.248E-4,0.009851,-5.359E-4,0.007792,-1.468E-4,1
1521128005522,true,1486.579,0,0.007472,0.004035,0.008607,-2.091E-5,0.005997,7.917E-4,0.005164,1.165E-5,0.0462,0.005137,0.008938,-3.235E-4,0.009823,-5.318E-4,0.007759,-1.395E-4,1
1521128005558,true,1486.636,0,0.007654,0.004176,0.008616,-2.294E-5,0.006004,7.896E-4,0.00515,1.601E-5,0.04668,0.004568,0.008929,-3.216E-4,0.009824,-5.282E-4,0.007753,-1.331E-4,1
1521128005689,false,-1.0,-1,0.0,0.0,0.0,0.0,0.0,0.0,0.0,0.0,0.0,0.0,0.0,0.0,0.0,0.0,0.0,0.0,1
1521128005725,true,1486.738,0,0.008348,0.004702,0.008656,-3.276E-5,0.006015,7.86E-4,0.005169,6.682E-6,0.0466,0.004677,0.00894,-3.265E-4,0.009837,-5.276E-4,0.007785,-1.392E-4,1
1521128005761,true,1486.795,0,0.008025,0.00469,0.008662,-3.071E-5,0.006017,7.876E-4,0.005173,5.053E-6,0.04604,0.005225,0.008947,-3.281E-4,0.009845,-5.3E-4,0.007782,-1.361E-4,1
1521128005797,true,1486.853,0,0.007509,0.004398,0.008665,-3.336E-5,0.006019,7.823E-4,0.005157,8.223E-6,0.04573,0.005554,0.008951,-3.314E-4,0.009849,-5.288E-4,0.00778,-1.333E-4,1
1521128005833,true,1486.91,0,0.007793,0.004308,0.008648,-3.146E-5,0.006015,7.869E-4,0.005146,7.356E-6,0.04595,0.005328,0.008947,-3.301E-4,0.009846,-5.287E-4,0.007775,-1.277E-4,1
1521128005989,true,1486.981,0,0.007503,0.004826,0.008627,-3.395E-5,0.006015,7.888E-4,0.005143,5.599E-6,0.04645,0.004672,0.008942,-3.287E-4,0.009855,-5.301E-4,0.007777,-1.264E-4,1
1521128006025,true,1487.039,0,0.007191,0.005226,0.008608,-3.193E-5,0.00601,7.898E-4,0.005134,4.743E-6,0.04635,0.004746,0.008943,-3.32E-4,0.009855,-5.28E-4,0.007777,-1.23E-4,1
1521128006061,true,1487.096,0,0.006801,0.005494,0.008591,-3.406E-5,0.005997,7.857E-4,0.005127,2.365E-6,0.04591,0.00507,0.008947,-3.357E-4,0.009844,-5.238E-4,0.007759,-1.208E-4,1
1521128006098,true,1487.154,0,0.006417,0.005084,0.008564,-3.312E-5,0.005967,7.799E-4,0.005113,9.397E-7,0.04571,0.005277,0.008929,-3.298E-4,0.009845,-5.276E-4,0.007747,-1.19E-4,1
1521128006134,true,1487.211,0,0.006991,0.004407,0.00854,-3.521E-5,0.005956,7.794E-4,0.005092,-1.765E-6,0.04588,0.005053,0.0089,-3.244E-4,0.009833,-5.282E-4,0.007734,-1.153E-4,1
1521128006289,true,1487.28,0,0.007415,0.004315,0.008498,-3.797E-5,0.005934,7.773E-4,0.005058,-6.076E-6,0.04647,0.004416,0.008889,-3.294E-4,0.009821,-5.29E-4,0.007712,-1.126E-4,1
1521128006325,true,1487.338,0,0.00759,0.004497,0.008458,-3.77E-5,0.005906,7.77E-4,0.005032,-9.091E-6,0.04674,0.004086,0.008875,-3.322E-4,0.009801,-5.261E-4,0.007698,-1.142E-4,1
1521128006361,true,1487.395,0,0.007567,0.004799,0.008411,-4.071E-5,0.005876,7.704E-4,0.005005,-1.337E-5,0.04615,0.004543,0.008852,-3.337E-4,0.009776,-5.286E-4,0.007671,-1.116E-4,1
1521128006397,true,1487.453,0,0.007096,0.005114,0.008368,-4.553E-5,0.005828,7.669E-4,0.004963,-1.044E-5,0.04555,0.005023,0.008843,-3.433E-4,0.009753,-5.283E-4,0.007638,-1.106E-4,1
1521128006433,true,1487.51,0,0.006552,0.004881,0.008317,-3.387E-5,0.005784,7.723E-4,0.004925,-7.581E-6,0.04518,0.005405,0.00882,-3.427E-4,0.009734,-5.258E-4,0.007605,-1.069E-4,1
1521128006564,true,1487.556,0,0.006886,0.004535,0.008318,-3.354E-5,0.005764,7.798E-4,0.004902,-5.51E-6,0.0456,0.005027,0.008807,-3.404E-4,0.009724,-5.27E-4,0.007605,-1.046E-4,1
1521128006600,true,1487.614,0,0.007322,0.004699,0.008308,-3.138E-5,0.00576,7.827E-4,0.004905,-5.254E-6,0.0458,0.00465,0.008786,-3.348E-4,0.00973,-5.338E-4,0.007619,-1.083E-4,1
1521128006636,true,1487.671,0,0.007683,0.004731,0.008314,-3.462E-5,0.005756,7.827E-4,0.004904,-6.643E-6,0.04539,0.004916,0.008786,-3.371E-4,0.009725,-5.324E-4,0.007616,-1.058E-4,1
1521128006673,true,1487.729,0,0.007633,0.004872,0.00831,-3.499E-5,0.005732,7.866E-4,0.004903,-9.398E-6,0.04494,0.005279,0.008783,-3.399E-4,0.00972,-5.326E-4,0.007607,-1.052E-4,1
1521128006709,true,1487.786,0,0.007457,0.004596,0.008306,-3.719E-5,0.005726,7.843E-4,0.004875,-5.968E-6,0.04467,0.005417,0.008773,-3.378E-4,0.009722,-5.351E-4,0.007603,-1.057E-4,1
1521128006839,true,1487.83,0,0.007135,0.004103,0.008301,-3.95E-5,0.005728,7.797E-4,0.004858,-2.342E-6,0.04472,0.005274,0.008759,-3.371E-4,0.009728,-5.4E-4,0.007601,-1.033E-4,1
1521128006875,true,1487.888,0,0.00753,0.003803,0.008294,-4.637E-5,0.005717,7.805E-4,0.004863,-8.227E-6,0.04526,0.00467,0.008743,-3.319E-4,0.009713,-5.38E-4,0.007606,-1.024E-4,1
1521128006911,true,1487.945,0,0.008103,0.004091,0.008268,-4.671E-5,0.005706,7.806E-4,0.004859,-1.553E-5,0.04568,0.004218,0.008732,-3.321E-4,0.009706,-5.394E-4,0.007606,-1.065E-4,1
1521128006947,true,1488.003,0,0.008219,0.00444,0.008249,-4.906E-5,0.00568,7.819E-4,0.004833,-1.668E-5,0.04556,0.004344,0.008728,-3.37E-4,0.00969,-5.381E-4,0.007591,-1.046E-4,1
1521128006983,true,1488.06,0,0.007934,0.004652,0.008228,-5.232E-5,0.005652,7.742E-4,0.004807,-1.595E-5,0.04519,0.004629,0.008726,-3.409E-4,0.009679,-5.378E-4,0.007575,-1.06E-4,1
1521128007139,true,1488.131,0,0.007232,0.004431,0.008199,-5.121E-5,0.005625,7.702E-4,0.004769,-1.421E-5,0.0448,0.005012,0.008697,-3.405E-4,0.009672,-5.45E-4,0.007566,-1.098E-4,1
1521128007175,true,1488.189,0,0.007084,0.004142,0.00816,-4.789E-5,0.005602,7.704E-4,0.004736,-1.165E-5,0.04491,0.00494,0.008664,-3.365E-4,0.009659,-5.483E-4,0.007542,-1.125E-4,1
1521128007211,true,1488.246,0,0.007593,0.004045,0.008114,-4.592E-5,0.005566,7.712E-4,0.004692,-1.314E-5,0.04536,0.004463,0.00865,-3.354E-4,0.009634,-5.469E-4,0.007521,-1.129E-4,1
1521128007248,true,1488.304,0,0.007743,0.004096,0.008062,-4.33E-5,0.005525,7.708E-4,0.004646,-1.543E-5,0.0453,0.004466,0.00863,-3.359E-4,0.009592,-5.425E-4,0.007484,-1.105E-4,1
1521128007283,true,1488.361,0,0.007614,0.004364,0.008024,-3.544E-5,0.005491,7.745E-4,0.004614,-1.016E-5,0.04461,0.004898,0.008599,-3.295E-4,0.009575,-5.446E-4,0.007479,-1.133E-4,1
1521128007439,true,1488.43,0,0.007,0.004288,0.00804,-3.576E-5,0.00548,7.736E-4,0.004606,-1.092E-5,0.04438,0.005041,0.008583,-3.261E-4,0.009571,-5.424E-4,0.007474,-1.134E-4,1
1521128007475,true,1488.488,0,0.006773,0.003788,0.008051,-3.16E-5,0.005478,7.723E-4,0.004597,-5.618E-6,0.04452,0.005099,0.00857,-3.248E-4,0.009576,-5.438E-4,0.007487,-1.172E-4,1
1521128007512,true,1488.545,0,0.007198,0.003433,0.008033,-2.459E-5,0.005471,7.708E-4,0.004589,-2.056E-6,0.045,0.004604,0.008564,-3.228E-4,0.00957,-5.461E-4,0.007494,-1.147E-4,1
1521128007548,true,1488.603,0,0.007553,0.003465,0.00803,-2.56E-5,0.005467,7.694E-4,0.004572,4.995E-7,0.04546,0.004088,0.008548,-3.185E-4,0.009573,-5.471E-4,0.007498,-1.14E-4,1
1521128007583,true,1488.66,0,0.007556,0.003806,0.008025,-2.616E-5,0.00546,7.697E-4,0.004565,-9.141E-7,0.04529,0.004237,0.008544,-3.183E-4,0.009566,-5.464E-4,0.007505,-1.171E-4,1
1521128007714,true,1488.706,0,0.00709,0.004356,0.008022,-2.473E-5,0.005446,7.702E-4,0.004563,-4.233E-6,0.04496,0.004526,0.008543,-3.223E-4,0.00958,-5.502E-4,0.007496,-1.161E-4,1
1521128007750,true,1488.764,0,0.006517,0.004286,0.008034,-2.793E-5,0.005436,7.655E-4,0.004555,-7.276E-6,0.04446,0.005006,0.008537,-3.204E-4,0.009577,-5.498E-4,0.007496,-1.142E-4,1
1521128007787,true,1488.821,0,0.00667,0.003822,0.008029,-2.776E-5,0.005422,7.65E-4,0.004536,-4.944E-6,0.04435,0.005207,0.008523,-3.2E-4,0.009576,-5.492E-4,0.0075,-1.15E-4,1
1521128007822,false,1488.879,0,0.007187,0.003587,0.008011,-2.635E-5,0.005412,7.66E-4,0.004514,-5.785E-6,0.04487,0.004659,0.008503,0.0,0.0,0.0,0.0,0.0,1
1521128007859,true,1488.936,0,0.007229,0.003888,0.007976,-2.678E-5,0.00538,7.675E-4,0.004485,-8.303E-6,0.04513,0.004342,0.008494,-3.117E-4,0.009564,-5.504E-4,0.007489,-1.185E-4,1
1521128008014,true,1489.006,0,0.007158,0.004023,0.007949,-2.893E-5,0.005367,7.666E-4,0.004461,-6.337E-6,0.04476,0.004603,0.008491,-3.14E-4,0.009554,-5.535E-4,0.007479,-1.188E-4,1
1521128008050,true,1489.064,0,0.006358,0.004125,0.007907,-2.712E-5,0.005322,7.689E-4,0.004423,3.539E-7,0.04461,0.004706,0.008472,-3.135E-4,0.009527,-5.491E-4,0.007456,-1.176E-4,1
1521128008086,true,1489.121,0,0.005953,0.003699,0.007849,-1.945E-5,0.005287,7.716E-4,0.004402,-7.161E-7,0.04432,0.00503,0.008462,-3.167E-4,0.009515,-5.503E-4,0.007433,-1.161E-4,1
1521128008122,true,1489.179,0,0.006173,0.003243,0.007792,-6.107E-6,0.005241,7.76E-4,0.004358,4.482E-6,0.0446,0.00479,0.008435,-3.154E-4,0.009489,-5.443E-4,0.007406,-1.109E-4,1
1521128008158,true,1489.236,0,0.006358,0.003279,0.007794,-1.244E-6,0.005208,7.863E-4,0.004339,7.789E-6,0.04515,0.004097,0.00843,-3.148E-4,0.00948,-5.472E-4,0.007399,-1.069E-4,1
1521128008289,true,1489.281,0,0.006904,0.003338,0.007814,-3.133E-6,0.005205,7.876E-4,0.004337,6.591E-6,0.0452,0.003978,0.008425,-3.134E-4,0.009478,-5.423E-4,0.007418,-1.09E-4,1
1521128008325,true,1489.339,0,0.006994,0.003695,0.007845,-1.004E-5,0.005208,7.847E-4,0.004339,1.27E-5,0.04475,0.004459,0.008434,-3.157E-4,0.009481,-5.43E-4,0.007423,-1.083E-4,1
