1505066893975,true,1567.918,0,-0.02186,-0.02288,-0.001988,6.853E-4,1.905E-4,0.001746,2.078E-5,8.154E-4,0.02289,-0.0429,-0.001306,3.502E-4,3.867E-4,1.033E-4,0.001192,6.595E-4,1
1505066894011,true,1567.975,0,-0.02187,-0.02261,-0.001953,6.827E-4,2.406E-4,0.001744,5.822E-5,8.14E-4,0.02234,-0.0425,-0.00126,3.448E-4,4.345E-4,1.019E-4,0.001241,6.56E-4,1
1505066894047,true,1568.033,0,-0.02262,-0.02276,-0.001912,6.782E-4,2.858E-4,0.001739,1.014E-4,8.131E-4,0.02227,-0.0423,-0.001208,3.366E-4,4.831E-4,9.991E-5,0.001292,6.539E-4,1
1505066894084,true,1568.09,0,-0.02281,-0.0234,-0.001874,6.72E-4,3.363E-4,0.001733,1.381E-4,8.115E-4,0.02266,-0.0424,-0.001182,3.353E-4,5.284E-4,9.114E-5,0.001329,6.516E-4,1
1505066894239,true,1568.16,0,-0.02209,-0.0236,-0.00185,6.644E-4,3.705E-4,0.001728,1.579E-4,8.089E-4,0.02342,-0.04313,-0.001168,3.325E-4,5.573E-4,8.129E-5,0.001357,6.484E-4,1
1505066894276,true,1568.218,0,-0.02167,-0.02315,-0.001841,6.577E-4,3.84E-4,0.001725,1.78E-4,8.006E-4,0.02437,-0.04413,-0.001156,3.277E-4,5.629E-4,7.797E-5,0.00136,6.469E-4,1
1505066894311,true,1568.275,0,-0.02128,-0.02274,-0.001845,6.504E-4,3.811E-4,0.001722,1.835E-4,7.959E-4,0.02381,-0.04383,-0.001158,3.209E-4,5.473E-4,7.594E-5,0.001358,6.407E-4,1
1505066894348,true,1568.333,0,-0.02237,-0.02222,-0.001858,6.527E-4,3.489E-4,0.00173,1.765E-4,8.013E-4,0.023,-0.04331,-0.001166,3.208E-4,5.291E-4,8.171E-5,0.001349,6.438E-4,1
1505066894384,true,1568.39,0,-0.02335,-0.02277,-0.001838,6.511E-4,3.788E-4,0.001726,1.898E-4,8.022E-4,0.02267,-0.04277,-0.001146,3.217E-4,5.571E-4,8.268E-5,0.001375,6.448E-4,1
1505066894514,true,1568.435,0,-0.02343,-0.02349,-0.001814,6.519E-4,4.347E-4,0.001721,2.1E-4,8.019E-4,0.02313,-0.04314,-0.001121,3.219E-4,5.982E-4,8.168E-5,0.001409,6.469E-4,1
1505066894550,true,1568.493,0,-0.02276,-0.02367,-0.001782,6.482E-4,4.913E-4,0.001719,2.421E-4,7.996E-4,0.02403,-0.04414,-0.001088,3.204E-4,6.466E-4,7.831E-5,0.001466,6.439E-4,1
1505066894586,true,1568.55,0,-0.02234,-0.02357,-0.001751,6.456E-4,5.564E-4,0.001716,2.81E-4,7.968E-4,0.02457,-0.04473,-0.001038,3.174E-4,6.884E-4,7.642E-5,0.001522,6.402E-4,1
1505066894622,true,1568.608,0,-0.02224,-0.02344,-0.001718,6.442E-4,6.083E-4,0.001714,3.225E-4,7.952E-4,0.02399,-0.04435,-9.936E-4,3.125E-4,7.265E-4,7.82E-5,0.001577,6.351E-4,1
1505066894658,true,1568.665,0,-0.0231,-0.02356,-0.001684,6.421E-4,6.554E-4,0.00171,3.634E-4,7.958E-4,0.02355,-0.04397,-9.52E-4,3.077E-4,7.65E-4,7.829E-5,0.001623,6.345E-4,1
1505066894789,true,1568.711,0,-0.0238,-0.02431,-0.001639,6.359E-4,7.098E-4,0.001704,3.965E-4,7.961E-4,0.02363,-0.0438,-9.183E-4,3.039E-4,8.046E-4,7.402E-5,0.001656,6.335E-4,1
1505066894825,true,1568.769,0,-0.02304,-0.0251,-0.001622,6.342E-4,7.563E-4,0.001695,4.195E-4,7.927E-4,0.02448,-0.04456,-8.989E-4,3.006E-4,8.432E-4,6.464E-5,0.00168,6.326E-4,1
1505066894861,true,1568.826,0,-0.02213,-0.02492,-0.001608,6.293E-4,7.861E-4,0.001688,4.281E-4,7.896E-4,0.02564,-0.04578,-8.874E-4,2.964E-4,8.579E-4,6.019E-5,0.001695,6.308E-4,1
1505066894897,true,1568.884,0,-0.02178,-0.02457,-0.001597,6.213E-4,7.952E-4,0.001682,4.415E-4,7.856E-4,0.02561,-0.04588,-8.816E-4,2.909E-4,8.463E-4,5.924E-5,0.001697,6.262E-4,1
1505066894933,true,1568.941,0,-0.02231,-0.0242,-0.001604,6.172E-4,7.754E-4,0.001679,4.4E-4,7.851E-4,0.0248,-0.04529,-8.934E-4,2.84E-4,8.231E-4,5.795E-5,0.001685,6.232E-4,1
1505066895089,true,1569.01,0,-0.02354,-0.0245,-0.001612,6.199E-4,7.55E-4,0.001684,4.313E-4,7.859E-4,0.02415,-0.04468,-9.018E-4,2.864E-4,8.096E-4,6.364E-5,0.001674,6.273E-4,1
1505066895125,true,1569.068,0,-0.02389,-0.02519,-0.001589,6.197E-4,7.961E-4,0.001681,4.405E-4,7.882E-4,0.02436,-0.0448,-8.907E-4,2.883E-4,8.363E-4,6.267E-5,0.00169,6.316E-4,1
1505066895161,true,1569.125,0,-0.02334,-0.02558,-0.00157,6.198E-4,8.44E-4,0.00168,4.645E-4,7.88E-4,0.02515,-0.04573,-8.72E-4,2.899E-4,8.728E-4,6.291E-5,0.001732,6.328E-4,1
1505066895197,true,1569.183,0,-0.02313,-0.02522,-0.001533,6.174E-4,9.055E-4,0.00168,5.013E-4,7.837E-4,0.02587,-0.04654,-8.343E-4,2.897E-4,9.114E-4,6.459E-5,0.001788,6.307E-4,1
1505066895233,true,1569.24,0,-0.02303,-0.02496,-0.001498,6.17E-4,9.583E-4,0.001681,5.375E-4,7.823E-4,0.02541,-0.04628,-7.935E-4,2.873E-4,9.443E-4,6.707E-5,0.00184,6.264E-4,1
1505066895389,true,1569.311,0,-0.02367,-0.02486,-0.001455,6.153E-4,0.001003,0.001681,5.703E-4,7.826E-4,0.02489,-0.04578,-7.51E-4,2.845E-4,9.852E-4,6.749E-5,0.00189,6.237E-4,1
1505066895425,true,1569.369,0,-0.02437,-0.0255,-0.001416,6.144E-4,0.001057,0.001675,6.046E-4,7.81E-4,0.02489,-0.04557,-7.221E-4,2.855E-4,0.001025,6.617E-5,0.001923,6.267E-4,1
1505066895461,true,1569.426,0,-0.02418,-0.02621,-0.001378,6.12E-4,0.001116,0.001668,6.258E-4,7.783E-4,0.02563,-0.04613,-6.986E-4,2.85E-4,0.001063,5.977E-5,0.00195,6.284E-4,1
1505066895497,true,1569.484,0,-0.02318,-0.02622,-0.001357,6.094E-4,0.001155,0.001664,6.374E-4,7.753E-4,0.0267,-0.0472,-6.79E-4,2.86E-4,0.001083,5.575E-5,0.001976,6.271E-4,1
1505066895533,true,1569.541,0,-0.02265,-0.02584,-0.001339,6.043E-4,0.001177,0.001659,6.536E-4,7.681E-4,0.0271,-0.04767,-6.688E-4,2.845E-4,0.001079,5.721E-5,0.001992,6.221E-4,1
1505066895689,true,1569.611,0,-0.02282,-0.02536,-0.001334,6.021E-4,0.001179,0.001653,6.565E-4,7.659E-4,0.02617,-0.04698,-6.744E-4,2.842E-4,0.001065,5.66E-5,0.001991,6.173E-4,1
1505066895725,true,1569.669,0,-0.02401,-0.0253,-0.001343,6.006E-4,0.001155,0.001649,6.403E-4,7.659E-4,0.02535,-0.04622,-6.929E-4,2.842E-4,0.001042,5.576E-5,0.001965,6.156E-4,1
1505066895761,true,1569.726,0,-0.02481,-0.02591,-0.001362,6.089E-4,0.001122,0.001656,6.108E-4,7.69E-4,0.02515,-0.04582,-7.205E-4,2.921E-4,0.001018,5.98E-5,0.001936,6.237E-4,1
1505066895798,true,1569.784,0,-0.02423,-0.02645,-0.001349,6.125E-4,0.00115,0.001657,6.001E-4,7.707E-4,0.02577,-0.0465,-7.12E-4,2.936E-4,0.00104,5.992E-5,0.001949,6.302E-4,1
1505066895833,true,1569.841,0,-0.02392,-0.02615,-0.001337,6.174E-4,0.001189,0.001658,6.097E-4,7.695E-4,0.02665,-0.04745,-6.895E-4,2.976E-4,0.001062,6.634E-5,0.001989,6.302E-4,1
1505066895940,true,1569.861,0,-0.02352,-0.02599,-0.001307,6.171E-4,0.001234,0.001661,6.354E-4,7.659E-4,0.02631,-0.04734,-6.569E-4,2.977E-4,0.00109,7.034E-5,0.002035,6.279E-4,1
1505066895976,true,1569.919,0,-0.02437,-0.0256,-0.001264,6.176E-4,0.001275,0.001659,6.609E-4,7.638E-4,0.02542,-0.04667,-6.294E-4,2.97E-4,0.001119,7.213E-5,0.002074,6.255E-4,1
1505066896012,true,1569.976,0,-0.02553,-0.02591,-0.00122,6.174E-4,0.001312,0.001652,6.77E-4,7.64E-4,0.02505,-0.04626,-5.981E-4,2.967E-4,0.001154,7.299E-5,0.002098,6.302E-4,1
1505066896048,true,1570.034,0,-0.02547,-0.02664,-0.00119,6.183E-4,0.001358,0.001649,6.858E-4,7.656E-4,0.02554,-0.04663,-5.816E-4,2.985E-4,0.001192,6.815E-5,0.002126,6.329E-4,1
1505066896084,true,1570.091,0,-0.02468,-0.02678,-0.001168,6.171E-4,0.00139,0.001647,6.976E-4,7.613E-4,0.02652,-0.04765,-5.738E-4,3.006E-4,0.001217,6.48E-5,0.002149,6.332E-4,1
1505066896239,true,1570.161,0,-0.02433,-0.02622,-0.001153,6.154E-4,0.001415,0.001642,7.061E-4,7.557E-4,0.02704,-0.04829,-5.6E-4,2.986E-4,0.001215,6.544E-5,0.002162,6.295E-4,1
1505066896275,true,1570.219,0,-0.02419,-0.02577,-0.001146,6.141E-4,0.001429,0.001638,7.016E-4,7.513E-4,0.02616,-0.04763,-5.593E-4,2.96E-4,0.001205,6.258E-5,0.002163,6.247E-4,1
1505066896311,true,1570.276,0,-0.02479,-0.02555,-0.001143,6.079E-4,0.001421,0.001631,6.88E-4,7.501E-4,0.02521,-0.04679,-5.699E-4,2.91E-4,0.001184,6.01E-5,0.002136,6.216E-4,1
1505066896347,true,1570.334,0,-0.02534,-0.02628,-0.001158,6.015E-4,0.001391,0.001625,6.696E-4,7.465E-4,0.02488,-0.04629,-6.04E-4,2.896E-4,0.001152,5.596E-5,0.002089,6.23E-4,1
1505066896383,true,1570.391,0,-0.02493,-0.02706,-0.001194,6.075E-4,0.001347,0.001629,6.204E-4,7.5E-4,0.02523,-0.04681,-6.569E-4,2.99E-4,0.001099,6.184E-5,0.00203,6.305E-4,1
1505066896539,true,1570.461,0,-0.02467,-0.02693,-0.001207,6.099E-4,0.001337,0.001635,5.934E-4,7.505E-4,0.026,-0.04771,-6.626E-4,2.995E-4,0.001086,6.746E-5,0.002032,6.326E-4,1
1505066896575,true,1570.519,0,-0.02452,-0.02669,-0.0012,6.073E-4,0.001352,0.001635,6.019E-4,7.471E-4,0.02591,-0.04794,-6.528E-4,2.985E-4,0.001087,7.192E-5,0.002052,6.305E-4,1
1505066896611,true,1570.576,0,-0.02503,-0.02627,-0.001188,6.069E-4,0.001369,0.001634,6.159E-4,7.459E-4,0.02516,-0.0475,-6.35E-4,2.972E-4,0.001098,7.559E-5,0.002077,6.295E-4,1
1505066896647,true,1570.634,0,-0.0262,-0.02653,-0.001177,6.065E-4,0.0014,0.001627,6.293E-4,7.456E-4,0.02476,-0.04717,-6.125E-4,2.927E-4,0.001122,7.454E-5,0.002095,6.312E-4,1
1505066896684,true,1570.691,0,-0.02661,-0.02734,-0.001158,6.046E-4,0.001437,0.001621,6.313E-4,7.467E-4,0.02494,-0.04712,-6.106E-4,2.947E-4,0.001143,7.377E-5,0.002107,6.327E-4,1
1505066896814,true,1570.735,0,-0.0257,-0.02792,-0.001145,6.024E-4,0.001473,0.001617,6.303E-4,7.452E-4,0.02587,-0.04812,-6.066E-4,2.974E-4,0.001161,7.234E-5,0.002125,6.343E-4,1
1505066896850,true,1570.793,0,-0.02528,-0.02742,-0.001141,5.987E-4,0.001497,0.001614,6.325E-4,7.408E-4,0.0267,-0.04906,-6.015E-4,2.952E-4,0.001167,7.133E-5,0.002141,6.318E-4,1
1505066896886,true,1570.85,0,-0.0247,-0.02711,-0.001143,5.924E-4,0.001505,0.001607,6.273E-4,7.405E-4,0.02635,-0.04891,-5.991E-4,2.895E-4,0.001162,6.667E-5,0.002138,6.276E-4,1
1505066896922,true,1570.908,0,-0.02527,-0.02683,-0.001145,5.845E-4,0.00149,0.001597,6.143E-4,7.394E-4,0.0255,-0.04829,-6.228E-4,2.87E-4,0.00114,6.418E-5,0.00211,6.257E-4,1
1505066896958,true,1570.965,0,-0.0263,-0.02732,-0.001168,5.777E-4,0.001454,0.001591,5.898E-4,7.393E-4,0.02512,-0.0479,-6.565E-4,2.833E-4,0.001107,6.102E-5,0.00207,6.241E-4,1
1505066897114,true,1571.036,0,-0.0263,-0.02819,-0.00121,5.706E-4,0.001409,0.001584,5.508E-4,7.353E-4,0.02536,-0.04822,-7.161E-4,2.821E-4,0.001064,5.402E-5,0.002012,6.235E-4,1
1505066897150,true,1571.094,0,-0.02592,-0.0283,-0.001276,5.717E-4,0.001339,0.001591,4.961E-4,7.353E-4,0.02629,-0.04939,-7.867E-4,2.878E-4,0.001,5.809E-5,0.001949,6.297E-4,1
1505066897186,true,1571.151,0,-0.02583,-0.02816,-0.001311,5.688E-4,0.00132,0.001589,4.8E-4,7.303E-4,0.0266,-0.04999,-8.063E-4,2.861E-4,9.708E-4,6.221E-5,0.00193,6.269E-4,1
1505066897222,true,1571.209,0,-0.02581,-0.02802,-0.00132,5.625E-4,0.001314,0.001585,4.703E-4,7.286E-4,0.02597,-0.04964,-8.239E-4,2.819E-4,9.567E-4,6.23E-5,0.00193,6.229E-4,1
1505066897258,true,1571.266,0,-0.02703,-0.02813,-0.001334,5.6E-4,0.001308,0.001581,4.612E-4,7.278E-4,0.02531,-0.04917,-8.364E-4,2.768E-4,9.508E-4,6.15E-5,0.001912,6.216E-4,1
1505066897389,true,1571.312,0,-0.02799,-0.02899,-0.001344,5.553E-4,0.001314,0.001573,4.553E-4,7.239E-4,0.0254,-0.04922,-8.608E-4,2.748E-4,9.49E-4,5.638E-5,0.001884,6.223E-4,1
1505066897425,true,1571.37,0,-0.02771,-0.02975,-0.001364,5.525E-4,0.00132,0.001568,4.316E-4,7.244E-4,0.02631,-0.05025,-8.82E-4,2.726E-4,9.39E-4,5.368E-5,0.001869,6.192E-4,1
1505066897461,true,1571.427,0,-0.02737,-0.02955,-0.001382,5.481E-4,0.001324,0.001563,4.204E-4,7.189E-4,0.02763,-0.05166,-8.965E-4,2.678E-4,9.34E-4,5.009E-5,0.001861,6.149E-4,1
1505066897497,true,1571.485,0,-0.02718,-0.02917,-0.001398,5.398E-4,0.001322,0.001558,4.048E-4,7.167E-4,0.02761,-0.05198,-9.131E-4,2.639E-4,9.207E-4,4.479E-5,0.001851,6.062E-4,1
1505066897534,true,1571.542,0,-0.02767,-0.02881,-0.00142,5.337E-4,0.001295,0.001554,3.922E-4,7.115E-4,0.02675,-0.05141,-9.366E-4,2.559E-4,8.926E-4,4.091E-5,0.001825,5.996E-4,1
1505066897689,true,1571.611,0,-0.02873,-0.02914,-0.001449,5.266E-4,0.001262,0.001543,3.743E-4,7.065E-4,0.02633,-0.05101,-9.796E-4,2.523E-4,8.62E-4,3.571E-5,0.001768,5.994E-4,1
1505066897726,true,1571.669,0,-0.02916,-0.02993,-0.001479,5.148E-4,0.001211,0.001534,3.279E-4,7.03E-4,0.02644,-0.05112,-0.001041,2.502E-4,8.122E-4,2.943E-5,0.0017,5.96E-4,1
1505066897762,true,1571.726,0,-0.02846,-0.03036,-0.001545,5.105E-4,0.001143,0.001529,2.683E-4,6.956E-4,0.02724,-0.05216,-0.001116,2.503E-4,7.444E-4,2.529E-5,0.001624,5.916E-4,1
1505066897798,true,1571.784,0,-0.02839,-0.03004,-0.001612,5.127E-4,0.001067,0.001536,2.131E-4,6.942E-4,0.02781,-0.05305,-0.001177,2.553E-4,6.812E-4,3.221E-5,0.001554,5.96E-4,1
1505066897834,true,1571.841,0,-0.02849,-0.02964,-0.001643,5.11E-4,0.001037,0.001535,1.854E-4,6.886E-4,0.02716,-0.05271,-0.001202,2.531E-4,6.532E-4,3.627E-5,0.001524,5.944E-4,1
1505066897965,true,1571.887,0,-0.0298,-0.02945,-0.001669,5.113E-4,0.00102,0.00153,1.684E-4,6.835E-4,0.02647,-0.05229,-0.00122,2.507E-4,6.359E-4,3.908E-5,0.001498,5.941E-4,1
1505066898001,true,1571.945,0,-0.03055,-0.03009,-0.001682,5.102E-4,0.00101,0.001524,1.531E-4,6.79E-4,0.02649,-0.05223,-0.001244,2.513E-4,6.302E-4,3.719E-5,0.001466,5.969E-4,1
1505066898036,true,1572.002,0,-0.03048,-0.03087,-0.001692,5.081E-4,0.001,0.001521,1.269E-4,6.73E-4,0.02709,-0.05284,-0.001267,2.505E-4,6.164E-4,3.377E-5,0.001439,5.939E-4,1
1505066898073,true,1572.06,0,-0.02954,-0.03101,-0.001712,5.066E-4,9.833E-4,0.00152,1.053E-4,6.669E-4,0.0283,-0.05409,-0.001283,2.512E-4,5.995E-4,3.209E-5,0.001408,5.933E-4,1
1505066898109,true,1572.117,0,-0.02918,-0.0306,-0.001722,5.023E-4,9.715E-4,0.001516,8.958E-5,6.598E-4,0.02871,-0.05461,-0.001292,2.488E-4,5.803E-4,3.263E-5,0.001384,5.878E-4,1
1505066898264,true,1572.186,0,-0.02905,-0.03019,-0.00173,4.971E-4,9.493E-4,0.00151,7.832E-5,6.535E-4,0.02785,-0.05401,-0.001309,2.445E-4,5.577E-4,2.887E-5,0.001346,5.824E-4,1
1505066898300,true,1572.244,0,-0.03008,-0.03019,-0.00175,4.935E-4,9.088E-4,0.001502,4.317E-5,6.494E-4,0.02714,-0.05338,-0.001336,2.407E-4,5.223E-4,2.641E-5,0.001288,5.788E-4,1
1505066898336,true,1572.301,0,-0.03078,-0.03082,-0.001782,4.904E-4,8.607E-4,0.001492,-3.901E-6,6.46E-4,0.0269,-0.05305,-0.001391,2.395E-4,4.732E-4,2.031E-5,0.001209,5.812E-4,1
1505066898372,true,1572.359,0,-0.03032,-0.03123,-0.00183,4.878E-4,7.932E-4,0.001487,-7.108E-5,6.42E-4,0.02767,-0.05382,-0.001457,2.403E-4,4.117E-4,1.391E-5,0.001124,5.815E-4,1
1505066898408,true,1572.416,0,-0.02995,-0.03094,-0.001896,4.923E-4,7.106E-4,0.001492,-1.423E-4,6.376E-4,0.02836,-0.05465,-0.001523,2.464E-4,3.299E-4,2.281E-5,0.001045,5.884E-4,1
1505066898540,true,1572.462,0,-0.0301,-0.0303,-0.001922,4.917E-4,6.684E-4,0.001499,-1.763E-4,6.325E-4,0.02776,-0.05437,-0.001546,2.49E-4,3.003E-4,2.668E-5,0.001009,5.879E-4,1
1505066898576,true,1572.52,0,-0.03086,-0.02986,-0.001935,4.92E-4,6.411E-4,0.001498,-1.998E-4,6.287E-4,0.02676,-0.05354,-0.001556,2.479E-4,2.807E-4,3.04E-5,9.812E-4,5.875E-4,1
1505066898612,true,1572.577,0,-0.03181,-0.03033,-0.001939,4.903E-4,6.128E-4,0.001494,-2.286E-4,6.286E-4,0.02624,-0.05296,-0.001569,2.497E-4,2.681E-4,3.19E-5,9.497E-4,5.91E-4,1
1505066898647,true,1572.635,0,-0.03172,-0.03125,-0.001948,4.895E-4,5.908E-4,0.001489,-2.515E-4,6.263E-4,0.02646,-0.05304,-0.001584,2.526E-4,2.531E-4,3.228E-5,9.047E-4,5.954E-4,1
1505066898683,true,1572.692,0,-0.03078,-0.03148,-0.00197,4.915E-4,5.774E-4,0.001488,-2.818E-4,6.223E-4,0.02741,-0.05399,-0.001603,2.546E-4,2.355E-4,3.186E-5,8.725E-4,5.975E-4,1
1505066898839,true,1572.761,0,-0.03023,-0.03091,-0.001981,4.879E-4,5.671E-4,0.001484,-2.99E-4,6.15E-4,0.02804,-0.05461,-0.001614,2.534E-4,2.159E-4,3.382E-5,8.513E-4,5.952E-4,1
1505066898875,true,1572.819,0,-0.02989,-0.03036,-0.001988,4.849E-4,5.441E-4,0.00148,-3.11E-4,6.094E-4,0.02723,-0.054,-0.001618,2.506E-4,1.909E-4,3.267E-5,8.18E-4,5.923E-4,1
1505066898912,true,1572.876,0,-0.0306,-0.03011,-0.002,4.813E-4,5.032E-4,0.001475,-3.388E-4,6.049E-4,0.02651,-0.0533,-0.001636,2.458E-4,1.492E-4,3.356E-5,7.702E-4,5.904E-4,1
1505066898948,true,1572.934,0,-0.03129,-0.03053,-0.002026,4.775E-4,4.479E-4,0.001468,-3.748E-4,6.001E-4,0.02603,-0.05262,-0.001679,2.475E-4,1.019E-4,3.062E-5,7.061E-4,5.926E-4,1
1505066898984,true,1572.991,0,-0.03077,-0.03107,-0.00207,4.738E-4,3.9E-4,0.00146,-4.217E-4,5.931E-4,0.02647,-0.05297,-0.001738,2.52E-4,4.944E-5,2.48E-5,6.363E-4,5.936E-4,1
1505066899140,true,1573.062,0,-0.02997,-0.03084,-0.002128,4.796E-4,2.993E-4,0.00147,-4.858E-4,5.936E-4,0.02717,-0.05364,-0.001806,2.629E-4,-2.407E-5,3.402E-5,5.632E-4,5.994E-4,1
1505066899176,true,1573.12,0,-0.02986,-0.03022,-0.002152,4.808E-4,2.725E-4,0.001471,-5.074E-4,5.878E-4,0.02699,-0.05362,-0.001816,2.656E-4,-4.93E-5,4.21E-5,5.359E-4,6.029E-4,1
1505066899211,true,1573.177,0,-0.03025,-0.02973,-0.002158,4.806E-4,2.546E-4,0.00147,-5.319E-4,5.921E-4,0.02596,-0.05275,-0.001817,2.656E-4,-5.503E-5,4.579E-5,5.302E-4,6.005E-4,1
1505066899248,true,1573.235,0,-0.03138,-0.0298,-0.002156,4.78E-4,2.386E-4,0.001467,-5.349E-4,5.922E-4,0.02545,-0.05214,-0.001816,2.68E-4,-5.301E-5,5.058E-5,5.155E-4,6.057E-4,1
1505066899284,true,1573.292,0,-0.03163,-0.03053,-0.002158,4.77E-4,2.372E-4,0.001461,-5.368E-4,5.903E-4,0.02537,-0.05181,-0.001823,2.724E-4,-5.257E-5,5.191E-5,4.982E-4,6.112E-4,1
1505066899415,true,1573.337,0,-0.03081,-0.03091,-0.002166,4.78E-4,2.251E-4,0.001461,-5.573E-4,5.888E-4,0.02631,-0.05266,-0.001829,2.77E-4,-4.415E-5,4.896E-5,4.844E-4,6.173E-4,1
1505066899451,true,1573.395,0,-0.03039,-0.03029,-0.002173,4.767E-4,2.15E-4,0.001462,-5.623E-4,5.837E-4,0.02719,-0.05346,-0.001833,2.796E-4,-5.483E-5,5.353E-5,4.792E-4,6.183E-4,1
1505066899487,true,1573.452,0,-0.02983,-0.02989,-0.002175,4.714E-4,2.012E-4,0.001459,-5.715E-4,5.807E-4,0.02671,-0.05305,-0.001833,2.783E-4,-6.866E-5,5.588E-5,4.665E-4,6.147E-4,1
1505066899523,true,1573.51,0,-0.03038,-0.02932,-0.002186,4.69E-4,1.79E-4,0.001453,-5.881E-4,5.791E-4,0.02595,-0.05232,-0.001846,2.774E-4,-8.997E-5,5.658E-5,4.341E-4,6.153E-4,1
1505066899559,true,1573.567,0,-0.03128,-0.02954,-0.002202,4.616E-4,1.38E-4,0.001444,-6.079E-4,5.751E-4,0.02546,-0.05164,-0.001875,2.771E-4,-1.225E-4,5.517E-5,3.84E-4,6.177E-4,1
1505066899689,true,1573.612,0,-0.03116,-0.03013,-0.002236,4.586E-4,9.63E-5,0.001435,-6.428E-4,5.704E-4,0.02568,-0.05174,-0.001922,2.789E-4,-1.688E-4,5.274E-5,3.195E-4,6.225E-4,1
1505066899726,true,1573.67,0,-0.03016,-0.03016,-0.00229,4.633E-4,1.451E-5,0.001443,-6.967E-4,5.702E-4,0.02637,-0.05242,-0.001977,2.856E-4,-2.38E-4,5.994E-5,2.485E-4,6.294E-4,1
1505066899762,true,1573.727,0,-0.03002,-0.02947,-0.002314,4.656E-4,-2.077E-5,0.00145,-7.183E-4,5.709E-4,0.02646,-0.05261,-0.001996,2.916E-4,-2.625E-4,6.87E-5,2.326E-4,6.344E-4,1
1505066899798,true,1573.785,0,-0.02984,-0.029,-0.002318,4.666E-4,-3.117E-5,0.001453,-7.159E-4,5.744E-4,0.02554,-0.05178,-0.001989,2.929E-4,-2.655E-4,7.637E-5,2.349E-4,6.362E-4,1
1505066899834,true,1573.842,0,-0.03093,-0.02885,-0.002313,4.672E-4,-2.959E-5,0.001452,-7.108E-4,5.76E-4,0.02487,-0.05106,-0.001988,2.972E-4,-2.501E-4,7.891E-5,2.448E-4,6.379E-4,1
1505066899990,true,1573.912,0,-0.03154,-0.02949,-0.0023,4.665E-4,-2.467E-5,0.001451,-7.052E-4,5.751E-4,0.02459,-0.05058,-0.001983,3.025E-4,-2.336E-4,8.206E-5,2.437E-4,6.436E-4,1
1505066900026,true,1573.97,0,-0.03104,-0.0301,-0.002293,4.659E-4,-1.43E-5,0.001448,-7.004E-4,5.731E-4,0.02521,-0.05115,-0.001983,3.086E-4,-2.124E-4,8.252E-5,2.516E-4,6.478E-4,1
1505066900062,true,1574.027,0,-0.03038,-0.02989,-0.002294,4.666E-4,-1.408E-5,0.00145,-7.024E-4,5.704E-4,0.02616,-0.05204,-0.001977,3.112E-4,-2.022E-4,8.546E-5,2.642E-4,6.501E-4,1
1505066900098,true,1574.085,0,-0.02962,-0.02953,-0.00229,4.62E-4,-5.651E-6,0.001448,-6.88E-4,5.649E-4,0.02621,-0.05215,-0.001967,3.122E-4,-1.999E-4,8.878E-5,2.742E-4,6.504E-4,1
1505066900134,true,1574.142,0,-0.02955,-0.029,-0.002296,4.6E-4,-2.112E-5,0.001447,-6.896E-4,5.687E-4,0.02549,-0.05149,-0.001961,3.091E-4,-2.035E-4,8.911E-5,2.755E-4,6.478E-4,1
1505066900290,true,1574.212,0,-0.03012,-0.02923,-0.002302,4.58E-4,-4.503E-5,0.001441,-7.036E-4,5.681E-4,0.02506,-0.05088,-0.001977,3.096E-4,-2.091E-4,8.606E-5,2.511E-4,6.488E-4,1
1505066900326,true,1574.27,0,-0.03024,-0.02981,-0.002322,4.545E-4,-7.064E-5,0.001431,-7.262E-4,5.669E-4,0.02515,-0.05074,-0.002004,3.104E-4,-2.354E-4,8.45E-5,2.064E-4,6.535E-4,1
1505066900362,true,1574.327,0,-0.02937,-0.03003,-0.002359,4.519E-4,-1.221E-4,0.001425,-7.562E-4,5.632E-4,0.02606,-0.05153,-0.002052,3.15E-4,-2.757E-4,8.221E-5,1.578E-4,6.559E-4,1
1505066900398,true,1574.385,0,-0.02902,-0.02948,-0.002416,4.594E-4,-1.861E-4,0.001436,-7.955E-4,5.684E-4,0.02665,-0.05218,-0.002095,3.246E-4,-3.258E-4,9.205E-5,1.171E-4,6.641E-4,1
1505066900435,true,1574.442,0,-0.02855,-0.02914,-0.002432,4.62E-4,-1.905E-4,0.001438,-7.948E-4,5.702E-4,0.02607,-0.05178,-0.002091,3.277E-4,-3.282E-4,9.855E-5,1.319E-4,6.64E-4,1
1505066900564,true,1574.486,0,-0.02908,-0.02895,-0.002432,4.646E-4,-1.82E-4,0.001439,-7.759E-4,5.69E-4,0.02528,-0.05112,-0.00208,3.302E-4,-3.098E-4,1.024E-4,1.505E-4,6.659E-4,1
1505066900600,true,1574.544,0,-0.02983,-0.0295,-0.002417,4.646E-4,-1.693E-4,0.001438,-7.619E-4,5.691E-4,0.0251,-0.05066,-0.002064,3.336E-4,-2.852E-4,1.053E-4,1.644E-4,6.714E-4,1
1505066900636,true,1574.601,0,-0.02963,-0.03015,-0.002409,4.665E-4,-1.467E-4,0.001438,-7.555E-4,5.687E-4,0.02568,-0.05115,-0.002053,3.375E-4,-2.607E-4,1.056E-4,1.884E-4,6.743E-4,1
1505066900672,true,1574.659,0,-0.02876,-0.0302,-0.00241,4.678E-4,-1.283E-4,0.001439,-7.528E-4,5.697E-4,0.02675,-0.05223,-0.002043,3.412E-4,-2.429E-4,1.07E-4,2.119E-4,6.771E-4,1
1505066900708,true,1574.716,0,-0.02842,-0.02977,-0.002411,4.67E-4,-1.125E-4,0.001438,-7.326E-4,5.681E-4,0.02711,-0.05264,-0.002027,3.426E-4,-2.314E-4,1.11E-4,2.369E-4,6.758E-4,1
1505066900840,true,1574.763,0,-0.02845,-0.02929,-0.002407,4.666E-4,-1.14E-4,0.001439,-7.167E-4,5.669E-4,0.02649,-0.05214,-0.002015,3.416E-4,-2.309E-4,1.13E-4,2.529E-4,6.725E-4,1
1505066900876,true,1574.821,0,-0.02911,-0.02938,-0.002404,4.629E-4,-1.246E-4,0.001433,-7.147E-4,5.684E-4,0.02596,-0.05155,-0.002011,3.391E-4,-2.291E-4,1.108E-4,2.526E-4,6.725E-4,1
1505066900913,true,1574.878,0,-0.02966,-0.02998,-0.002429,4.63E-4,-1.538E-4,0.001429,-7.26E-4,5.682E-4,0.02595,-0.05128,-0.002025,3.394E-4,-2.49E-4,1.094E-4,2.264E-4,6.733E-4,1
1505066900949,true,1574.936,0,-0.02899,-0.03046,-0.002461,4.604E-4,-1.867E-4,0.001423,-7.555E-4,5.675E-4,0.02657,-0.0519,-0.002061,3.399E-4,-2.889E-4,1.066E-4,1.986E-4,6.731E-4,1
1505066900985,true,1574.993,0,-0.0285,-0.03007,-0.002511,4.583E-4,-2.465E-4,0.001422,-7.865E-4,5.633E-4,0.02733,-0.05277,-0.002106,3.388E-4,-3.478E-4,1.059E-4,1.56E-4,6.722E-4,1
1505066901140,true,1575.063,0,-0.02817,-0.02958,-0.002575,4.654E-4,-3.276E-4,0.001437,-8.209E-4,5.683E-4,0.02687,-0.05253,-0.002152,3.469E-4,-4.14E-4,1.198E-4,1.135E-4,6.789E-4,1
1505066901176,true,1575.121,0,-0.02869,-0.02917,-0.002585,4.657E-4,-3.572E-4,0.001445,-8.301E-4,5.737E-4,0.02591,-0.05176,-0.00215,3.482E-4,-4.194E-4,1.244E-4,1.189E-4,6.809E-4,1
1505066901212,true,1575.178,0,-0.0297,-0.02959,-0.002591,4.696E-4,-3.549E-4,0.001443,-8.202E-4,5.746E-4,0.02538,-0.05123,-0.002146,3.496E-4,-4.032E-4,1.267E-4,1.298E-4,6.854E-4,1
1505066901248,true,1575.236,0,-0.02961,-0.03041,-0.002597,4.729E-4,-3.434E-4,0.001442,-8.159E-4,5.768E-4,0.02592,-0.05149,-0.002146,3.563E-4,-3.832E-4,1.282E-4,1.539E-4,6.893E-4,1
1505066901284,true,1575.293,0,-0.02916,-0.03055,-0.002606,4.747E-4,-3.325E-4,0.001442,-8.088E-4,5.765E-4,0.02695,-0.0526,-0.002148,3.619E-4,-3.636E-4,1.289E-4,1.751E-4,6.95E-4,1
1505066901440,true,1575.363,0,-0.02893,-0.03005,-0.002613,4.769E-4,-3.208E-4,0.001442,-7.933E-4,5.755E-4,0.02767,-0.05342,-0.002133,3.643E-4,-3.51E-4,1.318E-4,2.066E-4,6.935E-4,1
1505066901476,true,1575.421,0,-0.02856,-0.02963,-0.002609,4.758E-4,-3.182E-4,0.001446,-7.77E-4,5.737E-4,0.02721,-0.05304,-0.002126,3.644E-4,-3.483E-4,1.351E-4,2.366E-4,6.905E-4,1
1505066901513,true,1575.478,0,-0.02946,-0.02926,-0.002611,4.743E-4,-3.249E-4,0.001445,-7.697E-4,5.74E-4,0.02666,-0.0525,-0.002116,3.614E-4,-3.487E-4,1.351E-4,2.454E-4,6.889E-4,1
1505066901548,true,1575.536,0,-0.03019,-0.0298,-0.002622,4.74E-4,-3.426E-4,0.00144,-7.648E-4,5.695E-4,0.02639,-0.05206,-0.002125,3.602E-4,-3.599E-4,1.335E-4,2.321E-4,6.904E-4,1
1505066901585,true,1575.593,0,-0.02956,-0.03058,-0.002652,4.721E-4,-3.771E-4,0.001436,-7.879E-4,5.71E-4,0.02692,-0.05246,-0.002161,3.609E-4,-3.868E-4,1.279E-4,2.105E-4,6.876E-4,1
1505066901715,true,1575.636,0,-0.02865,-0.03035,-0.002699,4.7E-4,-4.345E-4,0.001433,-8.273E-4,5.701E-4,0.02789,-0.0534,-0.002206,3.596E-4,-4.377E-4,1.272E-4,1.779E-4,6.848E-4,1
1505066901750,true,1575.694,0,-0.0284,-0.0299,-0.002765,4.688E-4,-5.069E-4,0.00143,-8.653E-4,5.681E-4,0.02767,-0.05343,-0.002259,3.58E-4,-5.172E-4,1.313E-4,1.249E-4,6.792E-4,1
1505066901786,true,1575.751,0,-0.02896,-0.02932,-0.002841,4.789E-4,-6.136E-4,0.001446,-9.207E-4,5.766E-4,0.0267,-0.05275,-0.002318,3.659E-4,-5.984E-4,1.447E-4,6.213E-5,6.87E-4,1
1505066901822,true,1575.809,0,-0.03011,-0.02954,-0.00287,4.847E-4,-6.469E-4,0.00145,-9.292E-4,5.798E-4,0.02625,-0.05221,-0.00233,3.659E-4,-6.111E-4,1.513E-4,4.864E-5,6.952E-4,1
1505066901859,true,1575.866,0,-0.03027,-0.03039,-0.002877,4.839E-4,-6.44E-4,0.001448,-9.374E-4,5.842E-4,0.02624,-0.052,-0.00234,3.703E-4,-6.046E-4,1.554E-4,5.329E-5,6.983E-4,1
1505066902015,true,1575.937,0,-0.0295,-0.03076,-0.002886,4.841E-4,-6.503E-4,0.001456,-9.493E-4,5.872E-4,0.02713,-0.05285,-0.002349,3.744E-4,-5.91E-4,1.555E-4,7.394E-5,6.988E-4,1
1505066902050,true,1575.995,0,-0.02911,-0.03034,-0.002896,4.836E-4,-6.448E-4,0.001455,-9.45E-4,5.844E-4,0.0281,-0.05383,-0.002347,3.745E-4,-5.934E-4,1.605E-4,9.447E-5,6.951E-4,1
1505066902086,true,1576.052,0,-0.02867,-0.03,-0.002905,4.849E-4,-6.513E-4,0.001458,-9.412E-4,5.844E-4,0.02775,-0.05373,-0.002353,3.773E-4,-5.953E-4,1.659E-4,1.127E-4,6.91E-4,1
1505066902122,true,1576.11,0,-0.02956,-0.02952,-0.002909,4.862E-4,-6.634E-4,0.001459,-9.429E-4,5.881E-4,0.02688,-0.05302,-0.002352,3.776E-4,-5.889E-4,1.669E-4,1.282E-4,6.88E-4,1
1505066902158,true,1576.167,0,-0.03015,-0.02998,-0.002916,4.854E-4,-6.769E-4,0.001459,-9.477E-4,5.894E-4,0.02665,-0.05259,-0.002354,3.754E-4,-5.871E-4,1.625E-4,1.181E-4,6.874E-4,1
1505066902290,true,1576.213,0,-0.03009,-0.0306,-0.002935,4.832E-4,-6.903E-4,0.001456,-9.648E-4,5.881E-4,0.02684,-0.05264,-0.002379,3.746E-4,-6.001E-4,1.574E-4,9.951E-5,6.868E-4,1
1505066902326,true,1576.271,0,-0.02922,-0.03063,-0.002971,4.814E-4,-7.277E-4,0.001453,-0.001004,5.884E-4,0.02781,-0.05366,-0.002415,3.731E-4,-6.358E-4,1.522E-4,6.137E-5,6.887E-4,1
1505066902362,true,1576.328,0,-0.02908,-0.03009,-0.003021,4.776E-4,-7.855E-4,0.00145,-0.001045,5.884E-4,0.02778,-0.05383,-0.002457,3.682E-4,-6.986E-4,1.531E-4,2.171E-5,6.826E-4,1
1505066902398,true,1576.386,0,-0.02926,-0.02962,-0.003088,4.786E-4,-8.679E-4,0.001451,-0.001096,5.93E-4,0.02689,-0.05322,-0.002522,3.689E-4,-7.809E-4,1.598E-4,-3.873E-5,6.817E-4,1
1505066902434,true,1576.443,0,-0.03039,-0.02956,-0.003134,4.85E-4,-9.379E-4,0.00146,-0.001134,5.988E-4,0.02622,-0.05261,-0.002562,3.737E-4,-8.183E-4,1.683E-4,-7.702E-5,6.899E-4,1
1505066902590,true,1576.513,0,-0.03141,-0.03016,-0.003144,4.854E-4,-9.46E-4,0.00146,-0.001151,6.016E-4,0.02597,-0.05218,-0.002574,3.77E-4,-8.196E-4,1.71E-4,-8.336E-5,6.943E-4,1
1505066902627,true,1576.571,0,-0.03087,-0.03077,-0.003153,4.864E-4,-9.472E-4,0.001465,-0.001163,6.03E-4,0.02669,-0.05288,-0.002575,3.792E-4,-8.077E-4,1.706E-4,-7.481E-5,6.968E-4,1
1505066902662,true,1576.628,0,-0.03074,-0.03046,-0.00316,4.857E-4,-9.408E-4,0.001467,-0.001162,6.017E-4,0.02773,-0.05391,-0.002573,3.816E-4,-7.909E-4,1.707E-4,-5.636E-5,6.951E-4,1
1505066902698,true,1576.686,0,-0.03012,-0.03022,-0.003174,4.894E-4,-9.394E-4,0.001474,-0.001159,6.048E-4,0.02777,-0.054,-0.002568,3.815E-4,-7.924E-4,1.759E-4,-3.575E-5,6.914E-4,1
1505066902734,true,1576.743,0,-0.03053,-0.02969,-0.003178,4.899E-4,-9.372E-4,0.001479,-0.001162,6.084E-4,0.02716,-0.05347,-0.002556,3.787E-4,-7.875E-4,1.782E-4,-2.657E-5,6.92E-4,1
1505066902865,true,1576.788,0,-0.03147,-0.02989,-0.003183,4.925E-4,-9.387E-4,0.001478,-0.001152,6.074E-4,0.02684,-0.05303,-0.002554,3.762E-4,-7.799E-4,1.785E-4,-2.594E-5,6.925E-4,1
1505066902902,true,1576.846,0,-0.03165,-0.03055,-0.003186,4.899E-4,-9.431E-4,0.001476,-0.00116,6.071E-4,0.02684,-0.05293,-0.002565,3.767E-4,-7.75E-4,1.715E-4,-3.902E-5,6.941E-4,1
1505066902937,true,1576.903,0,-0.03098,-0.03062,-0.003202,4.895E-4,-9.537E-4,0.001473,-0.001181,6.044E-4,0.02759,-0.0537,-0.002585,3.75E-4,-7.867E-4,1.673E-4,-5.185E-5,6.923E-4,1
1505066902973,true,1576.961,0,-0.03058,-0.03015,-0.003237,4.849E-4,-9.926E-4,0.001471,-0.001201,6.004E-4,0.02812,-0.05434,-0.002615,3.73E-4,-8.242E-4,1.632E-4,-8.606E-5,6.895E-4,1
1505066903009,true,1577.018,0,-0.03034,-0.02975,-0.003283,4.823E-4,-0.001052,0.001471,-0.00124,6.002E-4,0.02727,-0.05381,-0.002667,3.697E-4,-8.872E-4,1.647E-4,-1.246E-4,6.809E-4,1
1505066903140,true,1577.062,0,-0.03103,-0.02956,-0.003344,4.901E-4,-0.001132,0.001483,-0.001293,6.124E-4,0.02635,-0.05307,-0.002724,3.78E-4,-9.6E-4,1.782E-4,-1.792E-4,6.876E-4,1
1505066903176,true,1577.12,0,-0.0319,-0.03001,-0.003363,4.963E-4,-0.001155,0.001492,-0.001314,6.193E-4,0.02595,-0.05255,-0.00273,3.807E-4,-9.579E-4,1.814E-4,-1.862E-4,6.935E-4,1
1505066903213,true,1577.177,0,-0.03164,-0.03077,-0.003363,5.002E-4,-0.001131,0.00149,-0.001321,6.239E-4,0.02628,-0.0529,-0.002728,3.839E-4,-9.405E-4,1.82E-4,-1.725E-4,6.967E-4,1
1505066903248,true,1577.235,0,-0.03104,-0.03065,-0.003368,5.057E-4,-0.001113,0.001495,-0.001322,6.254E-4,0.02718,-0.05389,-0.002714,3.864E-4,-9.167E-4,1.832E-4,-1.415E-4,6.988E-4,1
1505066903284,true,1577.292,0,-0.03063,-0.03021,-0.003366,5.076E-4,-0.001085,0.001498,-0.001308,6.244E-4,0.02743,-0.05433,-0.00269,3.847E-4,-8.974E-4,1.85E-4,-9.96E-5,6.949E-4,1
1505066903440,true,1577.363,0,-0.03072,-0.02972,-0.003358,5.089E-4,-0.001065,0.0015,-0.001298,6.297E-4,0.02673,-0.05378,-0.002674,3.853E-4,-8.748E-4,1.843E-4,-6.847E-5,6.94E-4,1
1505066903476,true,1577.421,0,-0.0316,-0.0297,-0.00334,5.102E-4,-0.001047,0.0015,-0.001291,6.33E-4,0.02606,-0.05313,-0.002652,3.837E-4,-8.462E-4,1.829E-4,-3.546E-5,6.901E-4,1
1505066903512,true,1577.478,0,-0.03199,-0.03033,-0.003328,5.115E-4,-0.001032,0.0015,-0.001285,6.365E-4,0.02587,-0.05267,-0.002646,3.839E-4,-8.155E-4,1.767E-4,-2.33E-5,6.921E-4,1
1505066903548,true,1577.536,0,-0.0314,-0.03072,-0.003325,5.098E-4,-0.001024,0.001499,-0.001284,6.367E-4,0.02653,-0.05324,-0.002642,3.822E-4,-7.993E-4,1.673E-4,-1.419E-5,6.926E-4,1
1505066903584,true,1577.593,0,-0.03102,-0.03008,-0.003337,5.084E-4,-0.00103,0.0015,-0.001291,6.325E-4,0.02731,-0.05395,-0.002654,3.822E-4,-8.093E-4,1.632E-4,-1.97E-5,6.9E-4,1
1505066903740,true,1577.663,0,-0.03031,-0.02975,-0.003354,5.051E-4,-0.001056,0.0015,-0.001304,6.312E-4,0.0269,-0.05372,-0.002677,3.81E-4,-8.425E-4,1.635E-4,-3.611E-5,6.852E-4,1
1505066903776,true,1577.721,0,-0.03088,-0.0292,-0.003383,5.033E-4,-0.001109,0.001502,-0.001332,6.339E-4,0.02588,-0.05297,-0.002722,3.792E-4,-8.846E-4,1.62E-4,-6.409E-5,6.786E-4,1
1505066903811,true,1577.778,0,-0.03192,-0.02953,-0.00342,5.126E-4,-0.00117,0.001512,-0.001368,6.42E-4,0.02532,-0.05241,-0.002759,3.863E-4,-9.279E-4,1.711E-4,-1.068E-4,6.886E-4,1
1505066903846,true,1577.836,0,-0.03228,-0.03029,-0.003425,5.188E-4,-0.001172,0.001521,-0.001376,6.491E-4,0.02562,-0.05264,-0.002758,3.903E-4,-9.131E-4,1.737E-4,-9.567E-5,6.947E-4,1
1505066903881,true,1577.893,0,-0.03181,-0.03039,-0.003422,5.235E-4,-0.001136,0.001524,-0.001368,6.488E-4,0.02672,-0.0537,-0.002744,3.93E-4,-8.9E-4,1.759E-4,-6.426E-5,6.963E-4,1
1505066904015,true,1577.938,0,-0.03157,-0.02996,-0.003412,5.271E-4,-0.001096,0.001527,-0.001352,6.498E-4,0.02734,-0.05435,-0.002712,3.931E-4,-8.611E-4,1.769E-4,-2.366E-5,6.958E-4,1
1505066904050,true,1577.996,0,-0.03106,-0.02959,-0.003387,5.28E-4,-0.001063,0.001531,-0.001333,6.54E-4,0.02675,-0.05387,-0.00268,3.909E-4,-8.311E-4,1.785E-4,1.564E-5,6.967E-4,1
1505066904087,true,1578.053,0,-0.03158,-0.02953,-0.003358,5.301E-4,-0.001029,0.001533,-0.001312,6.59E-4,0.02627,-0.0534,-0.00265,3.904E-4,-7.973E-4,1.805E-4,5.594E-5,6.979E-4,1
1505066904123,true,1578.111,0,-0.03227,-0.02997,-0.003324,5.308E-4,-9.967E-4,0.001534,-0.001289,6.614E-4,0.02607,-0.05288,-0.002619,3.905E-4,-7.536E-4,1.766E-4,8.852E-5,7.0E-4,1
1505066904159,true,1578.168,0,-0.03173,-0.03053,-0.003304,5.332E-4,-9.666E-4,0.001535,-0.001276,6.614E-4,0.02667,-0.05322,-0.0026,3.918E-4,-7.2E-4,1.716E-4,1.122E-4,6.995E-4,1
1505066904315,true,1578.238,0,-0.03079,-0.03029,-0.00329,5.318E-4,-9.502E-4,0.001537,-0.001273,6.591E-4,0.02761,-0.05409,-0.002586,3.893E-4,-7.062E-4,1.667E-4,1.287E-4,6.978E-4,1
1505066904351,true,1578.296,0,-0.03051,-0.02978,-0.00328,5.282E-4,-9.42E-4,0.001536,-0.001271,6.564E-4,0.02752,-0.05418,-0.002586,3.857E-4,-7.161E-4,1.667E-4,1.386E-4,6.908E-4,1
1505066904387,true,1578.353,0,-0.0306,-0.02927,-0.003285,5.262E-4,-9.597E-4,0.001536,-0.001282,6.604E-4,0.0266,-0.05341,-0.0026,3.849E-4,-7.357E-4,1.654E-4,1.341E-4,6.848E-4,1
1505066904423,true,1578.411,0,-0.03191,-0.02919,-0.003305,5.261E-4,-9.998E-4,0.001536,-0.001295,6.604E-4,0.02583,-0.05269,-0.002634,3.857E-4,-7.63E-4,1.625E-4,1.002E-4,6.83E-4,1
1505066904459,true,1578.468,0,-0.03241,-0.02991,-0.003341,5.362E-4,-0.001049,0.001547,-0.001329,6.704E-4,0.02581,-0.05241,-0.002674,3.97E-4,-8.029E-4,1.708E-4,5.591E-5,6.964E-4,1
1505066904590,true,1578.513,0,-0.03189,-0.03042,-0.003342,5.434E-4,-0.001028,0.001554,-0.001338,6.753E-4,0.02667,-0.05324,-0.002666,4.001E-4,-7.866E-4,1.719E-4,7.372E-5,7.012E-4,1
1505066904626,true,1578.571,0,-0.03139,-0.0301,-0.003325,5.447E-4,-9.99E-4,0.001558,-0.001328,6.767E-4,0.02764,-0.05416,-0.002639,4.005E-4,-7.601E-4,1.729E-4,1.115E-4,7.025E-4,1
1505066904662,true,1578.628,0,-0.03121,-0.02965,-0.003295,5.466E-4,-9.549E-4,0.00156,-0.001297,6.798E-4,0.02742,-0.05396,-0.002604,3.992E-4,-7.248E-4,1.76E-4,1.557E-4,7.005E-4,1
1505066904698,true,1578.686,0,-0.03175,-0.0293,-0.003257,5.474E-4,-9.158E-4,0.001563,-0.001273,6.811E-4,0.0267,-0.05328,-0.002566,3.97E-4,-6.876E-4,1.784E-4,2.042E-4,6.976E-4,1
1505066904735,true,1578.743,0,-0.03251,-0.0297,-0.003221,5.508E-4,-8.732E-4,0.001562,-0.00124,6.807E-4,0.02648,-0.0527,-0.002526,3.959E-4,-6.409E-4,1.765E-4,2.361E-4,7.003E-4,1
1505066904890,true,1578.814,0,-0.03243,-0.03033,-0.003187,5.55E-4,-8.125E-4,0.001562,-0.00121,6.798E-4,0.02708,-0.05305,-0.002501,3.991E-4,-5.965E-4,1.731E-4,2.714E-4,7.014E-4,1
1505066904926,true,1578.872,0,-0.03146,-0.03035,-0.003169,5.572E-4,-7.683E-4,0.001561,-0.001202,6.801E-4,0.02805,-0.05389,-0.002467,3.958E-4,-5.581E-4,1.67E-4,3.098E-4,6.996E-4,1
1505066904962,true,1578.929,0,-0.03096,-0.02977,-0.003147,5.554E-4,-7.412E-4,0.001561,-0.001185,6.778E-4,0.02843,-0.05433,-0.002447,3.938E-4,-5.445E-4,1.634E-4,3.27E-4,6.967E-4,1
1505066904998,true,1578.987,0,-0.03065,-0.02929,-0.00314,5.549E-4,-7.306E-4,0.001556,-0.001174,6.767E-4,0.02736,-0.05345,-0.002433,3.891E-4,-5.474E-4,1.61E-4,3.34E-4,6.887E-4,1
1505066905034,true,1579.044,0,-0.03141,-0.02918,-0.003139,5.564E-4,-7.411E-4,0.00155,-0.001177,6.765E-4,0.02652,-0.05261,-0.002437,3.858E-4,-5.631E-4,1.584E-4,3.076E-4,6.881E-4,1
1505066905166,true,1579.089,0,-0.03201,-0.02984,-0.003146,5.534E-4,-7.613E-4,0.001543,-0.001192,6.769E-4,0.02602,-0.05195,-0.002462,3.842E-4,-5.94E-4,1.544E-4,2.837E-4,6.834E-4,1
1505066905202,true,1579.147,0,-0.0318,-0.03048,-0.003181,5.635E-4,-8.141E-4,0.001555,-0.00122,6.809E-4,0.02653,-0.05246,-0.002507,3.937E-4,-6.33E-4,1.586E-4,2.356E-4,6.902E-4,1
1505066905238,true,1579.204,0,-0.03159,-0.03021,-0.003185,5.705E-4,-7.979E-4,0.001561,-0.001222,6.826E-4,0.02759,-0.05351,-0.002501,3.955E-4,-6.239E-4,1.631E-4,2.549E-4,6.931E-4,1
1505066905274,true,1579.262,0,-0.03122,-0.02984,-0.00317,5.738E-4,-7.561E-4,0.001563,-0.001194,6.8E-4,0.02741,-0.05349,-0.002474,3.957E-4,-5.977E-4,1.64E-4,2.922E-4,6.913E-4,1
1505066905310,true,1579.319,0,-0.03126,-0.02941,-0.00314,5.755E-4,-7.169E-4,0.001565,-0.001161,6.801E-4,0.02676,-0.05289,-0.002438,3.931E-4,-5.615E-4,1.637E-4,3.307E-4,6.915E-4,1
1505066905464,true,1579.387,0,-0.03221,-0.02957,-0.003106,5.768E-4,-6.787E-4,0.001564,-0.001126,6.788E-4,0.02635,-0.05223,-0.002403,3.922E-4,-5.241E-4,1.637E-4,3.619E-4,6.944E-4,1
1505066905500,true,1579.445,0,-0.03215,-0.03028,-0.003074,5.8E-4,-6.264E-4,0.001561,-0.001104,6.829E-4,0.02653,-0.05209,-0.00238,3.937E-4,-4.854E-4,1.636E-4,3.883E-4,6.962E-4,1
1505066905536,true,1579.502,0,-0.03115,-0.03048,-0.003046,5.835E-4,-5.773E-4,0.001562,-0.001092,6.827E-4,0.02735,-0.05275,-0.002342,3.922E-4,-4.366E-4,1.572E-4,4.325E-4,6.942E-4,1
1505066905572,true,1579.56,0,-0.03056,-0.0299,-0.003022,5.841E-4,-5.295E-4,0.001558,-0.00107,6.804E-4,0.02802,-0.05337,-0.002306,3.885E-4,-4.054E-4,1.529E-4,4.713E-4,6.87E-4,1
1505066905608,true,1579.617,0,-0.03049,-0.02919,-0.002998,5.836E-4,-4.915E-4,0.001552,-0.00105,6.787E-4,0.02725,-0.05277,-0.002281,3.851E-4,-3.862E-4,1.473E-4,5.021E-4,6.756E-4,1
1505066905765,true,1579.688,0,-0.03125,-0.02872,-0.002981,5.815E-4,-4.858E-4,0.001549,-0.001036,6.794E-4,0.02633,-0.05194,-0.00227,3.791E-4,-3.808E-4,1.433E-4,5.044E-4,6.697E-4,1
1505066905800,true,1579.746,0,-0.03199,-0.02918,-0.002974,5.787E-4,-4.934E-4,0.001544,-0.00103,6.76E-4,0.02586,-0.05132,-0.002283,3.77E-4,-3.866E-4,1.354E-4,4.845E-4,6.674E-4,1
1505066905836,true,1579.803,0,-0.03141,-0.02991,-0.002989,5.777E-4,-5.111E-4,0.001541,-0.001049,6.774E-4,0.02628,-0.0516,-0.002314,3.751E-4,-4.185E-4,1.313E-4,4.623E-4,6.622E-4,1
1505066905872,true,1579.861,0,-0.03048,-0.03003,-0.003029,5.848E-4,-5.581E-4,0.001551,-0.001074,6.793E-4,0.02722,-0.05259,-0.002356,3.793E-4,-4.702E-4,1.363E-4,4.204E-4,6.654E-4,1
1505066905908,true,1579.918,0,-0.03025,-0.02957,-0.003036,5.89E-4,-5.574E-4,0.001558,-0.001079,6.823E-4,0.02733,-0.05289,-0.002352,3.806E-4,-4.719E-4,1.388E-4,4.303E-4,6.662E-4,1
1505066906039,true,1579.962,0,-0.03013,-0.02916,-0.003014,5.896E-4,-5.247E-4,0.001559,-0.00106,6.826E-4,0.02656,-0.05229,-0.002332,3.788E-4,-4.445E-4,1.396E-4,4.634E-4,6.627E-4,1
1505066906075,true,1580.02,0,-0.03112,-0.02902,-0.002985,5.931E-4,-4.885E-4,0.001557,-0.001033,6.831E-4,0.02612,-0.05171,-0.002304,3.769E-4,-4.053E-4,1.383E-4,4.958E-4,6.641E-4,1
1505066906111,true,1580.077,0,-0.03131,-0.02956,-0.002949,5.914E-4,-4.348E-4,0.001552,-0.001005,6.84E-4,0.02621,-0.05135,-0.002276,3.747E-4,-3.558E-4,1.342E-4,5.286E-4,6.641E-4,1
1505066906147,true,1580.135,0,-0.03013,-0.03011,-0.002925,5.932E-4,-3.824E-4,0.00155,-9.843E-4,6.832E-4,0.02707,-0.05197,-0.002256,3.757E-4,-3.152E-4,1.313E-4,5.625E-4,6.641E-4,1
1505066906183,true,1580.192,0,-0.02944,-0.02959,-0.002895,5.935E-4,-3.313E-4,0.00155,-9.566E-4,6.815E-4,0.0279,-0.05277,-0.002223,3.732E-4,-2.741E-4,1.251E-4,6.081E-4,6.576E-4,1
1505066906339,true,1580.263,0,-0.02907,-0.02904,-0.002861,5.894E-4,-2.785E-4,0.001546,-9.21E-4,6.774E-4,0.02752,-0.05246,-0.002185,3.66E-4,-2.436E-4,1.214E-4,6.374E-4,6.526E-4,1
1505066906375,true,1580.321,0,-0.02947,-0.02858,-0.002837,5.886E-4,-2.51E-4,0.001541,-9.075E-4,6.801E-4,0.02652,-0.05155,-0.002166,3.613E-4,-2.195E-4,1.142E-4,6.592E-4,6.464E-4,1
1505066906411,true,1580.378,0,-0.03042,-0.02885,-0.002819,5.844E-4,-2.42E-4,0.001537,-8.897E-4,6.757E-4,0.02601,-0.05089,-0.002156,3.553E-4,-2.105E-4,1.063E-4,6.532E-4,6.432E-4,1
1505066906447,true,1580.436,0,-0.03046,-0.02959,-0.002811,5.794E-4,-2.361E-4,0.00153,-8.854E-4,6.738E-4,0.02622,-0.05095,-0.002172,3.528E-4,-2.117E-4,9.685E-5,6.338E-4,6.432E-4,1
1505066906484,true,1580.493,0,-0.02968,-0.02981,-0.002824,5.765E-4,-2.525E-4,0.001527,-8.925E-4,6.696E-4,0.02705,-0.0519,-0.002201,3.508E-4,-2.368E-4,9.035E-5,6.174E-4,6.391E-4,1
1505066906614,true,1580.538,0,-0.02945,-0.02945,-0.002851,5.724E-4,-2.959E-4,0.001527,-9.113E-4,6.677E-4,0.02749,-0.05253,-0.002237,3.474E-4,-2.837E-4,8.852E-5,5.789E-4,6.351E-4,1
1505066906650,true,1580.596,0,-0.02905,-0.02924,-0.002883,5.789E-4,-3.508E-4,0.00154,-9.35E-4,6.745E-4,0.02691,-0.0522,-0.002268,3.51E-4,-3.289E-4,9.887E-5,5.536E-4,6.364E-4,1
1505066906686,true,1580.653,0,-0.02972,-0.02905,-0.002873,5.805E-4,-3.429E-4,0.001544,-9.213E-4,6.753E-4,0.02627,-0.05161,-0.002251,3.475E-4,-3.115E-4,1.002E-4,5.646E-4,6.379E-4,1
1505066906722,true,1580.711,0,-0.03042,-0.02955,-0.002849,5.811E-4,-3.077E-4,0.00154,-9.009E-4,6.742E-4,0.02612,-0.0512,-0.002231,3.468E-4,-2.745E-4,9.756E-5,5.832E-4,6.429E-4,1
1505066906758,true,1580.768,0,-0.02977,-0.03018,-0.00282,5.823E-4,-2.644E-4,0.001541,-8.777E-4,6.743E-4,0.0268,-0.05171,-0.002212,3.466E-4,-2.325E-4,9.488E-5,6.176E-4,6.454E-4,1
1505066906889,true,1580.813,0,-0.02879,-0.0299,-0.002787,5.8E-4,-2.13E-4,0.001541,-8.568E-4,6.726E-4,0.02778,-0.05263,-0.002177,3.444E-4,-1.906E-4,8.94E-5,6.564E-4,6.477E-4,1
1505066906925,true,1580.871,0,-0.02841,-0.02925,-0.002754,5.782E-4,-1.563E-4,0.001542,-8.215E-4,6.681E-4,0.02778,-0.05266,-0.002141,3.4E-4,-1.503E-4,8.652E-5,6.964E-4,6.453E-4,1
1505066906961,true,1580.928,0,-0.02853,-0.02872,-0.002716,5.756E-4,-1.099E-4,0.001537,-7.912E-4,6.688E-4,0.02683,-0.05177,-0.002104,3.344E-4,-1.071E-4,8.261E-5,7.363E-4,6.402E-4,1
1505066906997,true,1580.986,0,-0.02935,-0.02873,-0.002683,5.752E-4,-8.299E-5,0.001535,-7.571E-4,6.662E-4,0.02611,-0.051,-0.002081,3.296E-4,-7.584E-5,7.602E-5,7.567E-4,6.363E-4,1
1505066907033,true,1581.043,0,-0.0296,-0.02951,-0.002659,5.726E-4,-5.723E-5,0.001528,-7.401E-4,6.665E-4,0.0261,-0.05075,-0.002081,3.296E-4,-5.613E-5,6.891E-5,7.567E-4,6.359E-4,1
1505066907189,true,1581.113,0,-0.02894,-0.03004,-0.002655,5.7E-4,-5.346E-5,0.001526,-7.399E-4,6.648E-4,0.02688,-0.05154,-0.002087,3.263E-4,-5.067E-5,5.788E-5,7.458E-4,6.35E-4,1
1505066907225,true,1581.171,0,-0.02839,-0.02977,-0.002668,5.671E-4,-6.269E-5,0.001521,-7.397E-4,6.563E-4,0.0276,-0.05242,-0.002104,3.234E-4,-7.453E-5,5.551E-5,7.367E-4,6.296E-4,1
1505066907261,true,1581.228,0,-0.0284,-0.0294,-0.002685,5.628E-4,-9.097E-5,0.001522,-7.428E-4,6.529E-4,0.02717,-0.05226,-0.002124,3.155E-4,-1.158E-4,5.529E-5,7.083E-4,6.217E-4,1
1505066907297,true,1581.286,0,-0.02878,-0.02916,-0.002711,5.62E-4,-1.487E-4,0.001523,-7.631E-4,6.532E-4,0.0265,-0.05184,-0.002168,3.115E-4,-1.68E-4,5.576E-5,6.617E-4,6.2E-4,1
1505066907333,true,1581.343,0,-0.02974,-0.02947,-0.002735,5.693E-4,-1.938E-4,0.00153,-7.804E-4,6.58E-4,0.02609,-0.05137,-0.002195,3.166E-4,-1.899E-4,5.906E-5,6.289E-4,6.293E-4,1
1505066907489,true,1581.413,0,-0.02965,-0.03004,-0.002728,5.719E-4,-1.661E-4,0.001531,-7.729E-4,6.615E-4,0.02643,-0.05163,-0.002194,3.202E-4,-1.602E-4,5.694E-5,6.383E-4,6.348E-4,1
1505066907526,true,1581.471,0,-0.0285,-0.03013,-0.002713,5.737E-4,-1.22E-4,0.001531,-7.601E-4,6.593E-4,0.02731,-0.05248,-0.002169,3.186E-4,-1.246E-4,5.46E-5,6.656E-4,6.38E-4,1
1505066907561,true,1581.528,0,-0.02813,-0.02935,-0.002682,5.724E-4,-7.972E-5,0.001534,-7.323E-4,6.55E-4,0.02755,-0.05284,-0.00213,3.144E-4,-8.289E-5,5.32E-5,7.133E-4,6.34E-4,1
1505066907597,true,1581.586,0,-0.02761,-0.02885,-0.002648,5.714E-4,-3.068E-5,0.001533,-6.935E-4,6.519E-4,0.0266,-0.05209,-0.002096,3.099E-4,-4.69E-5,5.301E-5,7.589E-4,6.27E-4,1
1505066907633,true,1581.643,0,-0.02831,-0.02873,-0.002609,5.712E-4,6.815E-6,0.00153,-6.503E-4,6.474E-4,0.02574,-0.05123,-0.002059,3.064E-4,1.034E-8,4.895E-5,7.906E-4,6.265E-4,1
1505066907764,true,1581.689,0,-0.02899,-0.02928,-0.00258,5.714E-4,4.88E-5,0.001527,-6.218E-4,6.482E-4,0.02529,-0.05063,-0.002033,3.029E-4,3.95E-5,4.272E-5,8.157E-4,6.263E-4,1
1505066907800,true,1581.747,0,-0.02844,-0.0299,-0.002557,5.701E-4,9.681E-5,0.001519,-5.995E-4,6.439E-4,0.0259,-0.05116,-0.002014,3.028E-4,7.337E-5,3.494E-5,8.32E-4,6.264E-4,1
1505066907836,true,1581.804,0,-0.02791,-0.02961,-0.002548,5.684E-4,1.24E-4,0.001516,-5.906E-4,6.419E-4,0.02684,-0.05216,-0.002009,3.001E-4,8.16E-5,3.085E-5,8.386E-4,6.234E-4,1
1505066907872,true,1581.862,0,-0.02775,-0.02916,-0.002543,5.637E-4,1.222E-4,0.001512,-5.752E-4,6.366E-4,0.02685,-0.05231,-0.002014,2.953E-4,6.696E-5,2.79E-5,8.392E-4,6.158E-4,1
1505066907908,true,1581.919,0,-0.02819,-0.02878,-0.00255,5.614E-4,9.37E-5,0.001509,-5.752E-4,6.305E-4,0.02613,-0.05181,-0.002036,2.902E-4,3.653E-5,2.59E-5,8.174E-4,6.1E-4,1
1505066908039,true,1581.963,0,-0.02926,-0.02891,-0.002569,5.601E-4,5.02E-5,0.001506,-5.858E-4,6.263E-4,0.02569,-0.05128,-0.002069,2.862E-4,-2.708E-6,2.223E-5,7.714E-4,6.086E-4,1
1505066908075,true,1582.021,0,-0.02941,-0.02967,-0.002594,5.546E-4,3.296E-7,0.001498,-6.148E-4,6.242E-4,0.02591,-0.05133,-0.002124,2.828E-4,-5.624E-5,1.986E-5,7.191E-4,6.054E-4,1
1505066908111,true,1582.078,0,-0.02879,-0.02981,-0.002641,5.617E-4,-7.559E-5,0.001515,-6.658E-4,6.297E-4,0.02678,-0.05229,-0.002176,2.898E-4,-1.102E-4,2.646E-5,6.744E-4,6.115E-4,1
1505066908148,true,1582.136,0,-0.02843,-0.02912,-0.002659,5.662E-4,-8.188E-5,0.00152,-6.669E-4,6.271E-4,0.0275,-0.05303,-0.002172,2.903E-4,-1.056E-4,3.057E-5,6.88E-4,6.122E-4,1
1505066908184,true,1582.193,0,-0.02808,-0.02863,-0.00264,5.657E-4,-6.226E-5,0.001519,-6.51E-4,6.271E-4,0.02689,-0.05248,-0.002147,2.882E-4,-9.055E-5,3.244E-5,7.198E-4,6.08E-4,1
1505066908339,true,1582.264,0,-0.02876,-0.02806,-0.002612,5.65E-4,-3.536E-5,0.001518,-6.326E-4,6.275E-4,0.02602,-0.05161,-0.002119,2.848E-4,-5.587E-5,3.134E-5,7.511E-4,6.065E-4,1
1505066908376,true,1582.322,0,-0.02944,-0.02857,-0.002585,5.658E-4,2.9E-6,0.001513,-6.11E-4,6.304E-4,0.0255,-0.05094,-0.002101,2.863E-4,-2.143E-5,2.814E-5,7.84E-4,6.053E-4,1
1505066908411,true,1582.379,0,-0.02928,-0.02926,-0.002565,5.68E-4,3.432E-5,0.001512,-5.956E-4,6.276E-4,0.02593,-0.05123,-0.002085,2.863E-4,2.027E-5,2.121E-5,8.03E-4,6.063E-4,1
1505066908447,true,1582.437,0,-0.02881,-0.0292,-0.002548,5.665E-4,7.398E-5,0.001508,-5.783E-4,6.265E-4,0.02691,-0.05227,-0.002061,2.842E-4,5.339E-5,1.339E-5,8.412E-4,5.988E-4,1
1505066908483,true,1582.494,0,-0.02827,-0.02886,-0.002531,5.636E-4,9.901E-5,0.001507,-5.53E-4,6.18E-4,0.02724,-0.05267,-0.002047,2.809E-4,6.792E-5,1.005E-5,8.646E-4,5.902E-4,1
1505066908615,true,1582.539,0,-0.02836,-0.02841,-0.002524,5.593E-4,1.024E-4,0.001502,-5.428E-4,6.151E-4,0.02654,-0.05214,-0.002044,2.76E-4,6.36E-5,6.648E-6,8.714E-4,5.839E-4,1
1505066908651,true,1582.597,0,-0.02929,-0.02838,-0.002532,5.553E-4,8.082E-5,0.001495,-5.449E-4,6.132E-4,0.02612,-0.05172,-0.002054,2.695E-4,4.698E-5,3.507E-6,8.508E-4,5.807E-4,1
1505066908687,true,1582.654,0,-0.02994,-0.02902,-0.002547,5.507E-4,4.145E-5,0.001491,-5.595E-4,6.11E-4,0.0262,-0.05156,-0.002094,2.695E-4,1.312E-5,-1.405E-6,8.11E-4,5.794E-4,1
1505066908723,true,1582.712,0,-0.02924,-0.02947,-0.002578,5.486E-4,5.334E-6,0.001486,-5.925E-4,6.097E-4,0.02692,-0.05226,-0.002135,2.676E-4,-3.107E-5,-6.7E-6,7.654E-4,5.778E-4,1
1505066908759,true,1582.769,0,-0.02885,-0.029,-0.002629,5.466E-4,-6.33E-5,0.001484,-6.218E-4,6.012E-4,0.02778,-0.05317,-0.002188,2.659E-4,-9.177E-5,-9.633E-6,7.13E-4,5.739E-4,1
1505066908914,true,1582.838,0,-0.0288,-0.02832,-0.002684,5.554E-4,-1.438E-4,0.001495,-6.635E-4,6.057E-4,0.02732,-0.05292,-0.002231,2.683E-4,-1.467E-4,-2.543E-6,6.662E-4,5.776E-4,1
1505066908950,true,1582.896,0,-0.02934,-0.02774,-0.002691,5.575E-4,-1.609E-4,0.001498,-6.72E-4,6.028E-4,0.02643,-0.05214,-0.002228,2.664E-4,-1.467E-4,1.728E-7,6.757E-4,5.752E-4,1
1505066908986,true,1582.953,0,-0.03035,-0.02807,-0.002684,5.569E-4,-1.648E-4,0.001499,-6.673E-4,6.035E-4,0.02582,-0.05146,-0.002224,2.683E-4,-1.253E-4,-2.156E-6,6.814E-4,5.763E-4,1
1505066909022,true,1583.011,0,-0.03054,-0.02874,-0.002676,5.557E-4,-1.481E-4,0.001499,-6.57E-4,5.993E-4,0.02592,-0.05136,-0.002219,2.686E-4,-9.274E-5,-6.356E-6,7.007E-4,5.773E-4,1
1505066909058,true,1583.068,0,-0.02982,-0.02893,-0.002674,5.568E-4,-1.199E-4,0.001496,-6.484E-4,5.956E-4,0.0269,-0.0523,-0.002204,2.673E-4,-6.114E-5,-1.297E-5,7.28E-4,5.745E-4,1
1505066909215,true,1583.138,0,-0.02961,-0.0285,-0.002664,5.552E-4,-1.018E-4,0.001497,-6.366E-4,5.904E-4,0.02735,-0.05285,-0.002192,2.679E-4,-5.005E-5,-1.352E-5,7.6E-4,5.663E-4,1
1505066909251,true,1583.196,0,-0.0296,-0.02822,-0.002658,5.537E-4,-8.59E-5,0.001494,-6.164E-4,5.862E-4,0.02686,-0.05252,-0.002179,2.653E-4,-4.703E-5,-1.388E-5,7.805E-4,5.586E-4,1
1505066909287,true,1583.253,0,-0.03037,-0.02811,-0.002656,5.527E-4,-8.736E-5,0.001492,-6.096E-4,5.854E-4,0.02629,-0.05204,-0.002176,2.609E-4,-4.282E-5,-1.812E-5,7.887E-4,5.521E-4,1
1505066909323,true,1583.311,0,-0.03133,-0.02868,-0.002671,5.494E-4,-1.038E-4,0.001486,-6.119E-4,5.82E-4,0.02621,-0.05173,-0.00219,2.57E-4,-4.904E-5,-2.625E-5,7.721E-4,5.492E-4,1
1505066909359,true,1583.368,0,-0.03073,-0.02938,-0.0027,5.468E-4,-1.267E-4,0.001479,-6.388E-4,5.803E-4,0.02685,-0.05237,-0.002225,2.558E-4,-7.934E-5,-3.197E-5,7.467E-4,5.452E-4,1
1505066909490,true,1583.414,0,-0.02987,-0.02922,-0.002744,5.422E-4,-1.742E-4,0.001476,-6.676E-4,5.723E-4,0.0277,-0.0534,-0.002269,2.555E-4,-1.241E-4,-4.067E-5,7.134E-4,5.403E-4,1
1505066909526,true,1583.472,0,-0.02941,-0.02878,-0.002797,5.359E-4,-2.457E-4,0.001471,-6.974E-4,5.661E-4,0.02775,-0.05356,-0.002321,2.522E-4,-1.924E-4,-4.163E-5,6.621E-4,5.34E-4,1
1505066909562,true,1583.529,0,-0.02928,-0.02834,-0.002865,5.375E-4,-3.442E-4,0.001477,-7.385E-4,5.663E-4,0.02674,-0.05275,-0.002391,2.542E-4,-2.682E-4,-4.027E-5,5.904E-4,5.347E-4,1
1505066909598,true,1583.587,0,-0.03046,-0.02833,-0.002915,5.466E-4,-4.0E-4,0.001483,-7.734E-4,5.689E-4,0.02589,-0.05191,-0.002414,2.548E-4,-2.939E-4,-3.61E-5,5.603E-4,5.417E-4,1
1505066909634,true,1583.644,0,-0.03096,-0.02908,-0.002927,5.487E-4,-4.098E-4,0.001487,-7.791E-4,5.698E-4,0.02559,-0.05151,-0.002423,2.58E-4,-2.801E-4,-3.936E-5,5.674E-4,5.419E-4,1
1505066909789,true,1583.713,0,-0.03024,-0.02955,-0.002932,5.509E-4,-3.897E-4,0.001489,-7.859E-4,5.681E-4,0.02627,-0.05218,-0.002418,2.594E-4,-2.561E-4,-4.269E-5,5.816E-4,5.451E-4,1
1505066909826,true,1583.771,0,-0.03001,-0.02922,-0.002935,5.506E-4,-3.713E-4,0.001489,-7.762E-4,5.632E-4,0.02699,-0.05294,-0.00241,2.604E-4,-2.299E-4,-4.715E-5,6.086E-4,5.434E-4,1
1505066909862,true,1583.828,0,-0.02947,-0.02897,-0.002939,5.509E-4,-3.552E-4,0.00149,-7.59E-4,5.596E-4,0.02668,-0.05279,-0.002398,2.59E-4,-2.177E-4,-4.571E-5,6.327E-4,5.374E-4,1
1505066909898,true,1583.886,0,-0.03009,-0.02866,-0.002933,5.497E-4,-3.485E-4,0.001489,-7.492E-4,5.598E-4,0.02581,-0.05218,-0.00238,2.54E-4,-2.0E-4,-4.663E-5,6.479E-4,5.33E-4,1
1505066909934,true,1583.943,0,-0.03075,-0.02918,-0.002922,5.459E-4,-3.43E-4,0.001483,-7.488E-4,5.62E-4,0.02547,-0.05173,-0.002374,2.511E-4,-1.855E-4,-5.141E-5,6.498E-4,5.319E-4,1
1505066910065,true,1583.989,0,-0.0306,-0.03003,-0.00293,5.425E-4,-3.436E-4,0.001478,-7.508E-4,5.605E-4,0.02602,-0.05213,-0.002387,2.485E-4,-1.803E-4,-5.829E-5,6.424E-4,5.282E-4,1
1505066910101,true,1584.047,0,-0.02976,-0.03002,-0.002952,5.391E-4,-3.572E-4,0.001473,-7.657E-4,5.54E-4,0.02715,-0.05325,-0.002409,2.465E-4,-1.951E-4,-6.624E-5,6.146E-4,5.299E-4,1
1505066910137,true,1584.104,0,-0.02948,-0.02936,-0.002984,5.333E-4,-3.963E-4,0.001468,-7.893E-4,5.507E-4,0.02745,-0.05373,-0.002436,2.408E-4,-2.388E-4,-6.901E-5,5.923E-4,5.215E-4,1
1505066910173,true,1584.162,0,-0.02918,-0.02886,-0.003025,5.277E-4,-4.566E-4,0.001464,-8.181E-4,5.466E-4,0.02663,-0.05311,-0.002476,2.355E-4,-2.983E-4,-7.043E-5,5.433E-4,5.152E-4,1
1505066910209,true,1584.219,0,-0.03016,-0.02866,-0.003075,5.22E-4,-5.354E-4,0.001461,-8.624E-4,5.424E-4,0.02579,-0.05236,-0.002535,2.309E-4,-3.653E-4,-7.32E-5,4.8E-4,5.122E-4,1
1505066910364,true,1584.288,0,-0.03089,-0.02942,-0.003147,5.28E-4,-6.321E-4,0.001466,-9.186E-4,5.461E-4,0.02527,-0.05175,-0.002623,2.425E-4,-4.411E-4,-6.639E-5,4.012E-4,5.212E-4,1
1505066910400,true,1584.346,0,-0.03047,-0.03003,-0.00319,5.33E-4,-6.611E-4,0.001469,-9.547E-4,5.459E-4,0.02572,-0.05227,-0.002652,2.475E-4,-4.562E-4,-6.468E-5,3.844E-4,5.269E-4,1
1505066910436,true,1584.403,0,-0.02992,-0.02991,-0.003204,5.334E-4,-6.534E-4,0.001467,-9.695E-4,5.475E-4,0.02657,-0.05323,-0.002648,2.488E-4,-4.516E-4,-6.425E-5,4.048E-4,5.257E-4,1
1505066910472,true,1584.461,0,-0.02989,-0.02961,-0.003207,5.344E-4,-6.389E-4,0.001471,-9.698E-4,5.495E-4,0.02646,-0.05332,-0.002633,2.463E-4,-4.391E-4,-6.057E-5,4.23E-4,5.253E-4,1
1505066910508,true,1584.518,0,-0.03028,-0.02925,-0.003188,5.301E-4,-6.186E-4,0.001469,-9.586E-4,5.462E-4,0.02561,-0.05265,-0.002612,2.449E-4,-4.134E-4,-6.313E-5,4.547E-4,5.211E-4,1
1505066910640,true,1584.564,0,-0.0311,-0.02961,-0.003182,5.307E-4,-6.053E-4,0.001468,-9.523E-4,5.487E-4,0.02527,-0.05229,-0.0026,2.446E-4,-3.92E-4,-6.4E-5,4.669E-4,5.209E-4,1
1505066910676,true,1584.622,0,-0.03128,-0.03046,-0.00317,5.294E-4,-5.849E-4,0.001464,-9.414E-4,5.482E-4,0.02558,-0.05242,-0.002593,2.45E-4,-3.642E-4,-6.88E-5,4.756E-4,5.244E-4,1
1505066910712,true,1584.679,0,-0.03038,-0.03083,-0.003169,5.276E-4,-5.587E-4,0.00146,-9.343E-4,5.436E-4,0.02658,-0.0534,-0.002579,2.424E-4,-3.425E-4,-7.616E-5,4.956E-4,5.211E-4,1
1505066910748,true,1584.737,0,-0.02997,-0.03024,-0.003174,5.245E-4,-5.557E-4,0.001459,-9.41E-4,5.417E-4,0.02738,-0.05418,-0.002577,2.406E-4,-3.475E-4,-7.893E-5,5.017E-4,5.163E-4,1
1505066910784,true,1584.794,0,-0.02957,-0.02962,-0.003185,5.178E-4,-5.691E-4,0.001453,-9.543E-4,5.423E-4,0.02681,-0.05376,-0.002585,2.343E-4,-3.702E-4,-8.052E-5,4.91E-4,5.094E-4,1
1505066910940,true,1584.865,0,-0.03039,-0.02916,-0.0032,5.127E-4,-6.021E-4,0.001445,-9.765E-4,5.415E-4,0.02575,-0.05285,-0.002612,2.288E-4,-3.999E-4,-8.488E-5,4.577E-4,5.05E-4,1
1505066910976,true,1584.923,0,-0.03134,-0.02963,-0.003238,5.087E-4,-6.636E-4,0.001441,-0.001012,5.413E-4,0.02528,-0.05222,-0.002656,2.258E-4,-4.4E-4,-8.966E-5,4.041E-4,5.057E-4,1
1505066911012,true,1584.98,0,-0.03126,-0.03036,-0.003289,5.069E-4,-7.267E-4,0.001437,-0.001062,5.402E-4,0.02574,-0.05261,-0.002715,2.248E-4,-4.963E-4,-9.715E-5,3.436E-4,5.034E-4,1
1505066911048,true,1585.038,0,-0.03046,-0.03043,-0.003358,5.143E-4,-8.1E-4,0.001445,-0.001116,5.414E-4,0.02654,-0.05359,-0.002787,2.348E-4,-5.61E-4,-9.116E-5,2.739E-4,5.149E-4,1
1505066911084,true,1585.095,0,-0.03047,-0.02993,-0.003387,5.176E-4,-8.351E-4,0.001452,-0.001138,5.452E-4,0.02667,-0.05394,-0.002794,2.364E-4,-5.746E-4,-8.525E-5,2.809E-4,5.14E-4,1
1505066911240,true,1585.164,0,-0.03052,-0.02962,-0.003391,5.193E-4,-8.385E-4,0.001459,-0.001138,5.457E-4,0.02584,-0.05332,-0.00278,2.354E-4,-5.71E-4,-8.004E-5,3.058E-4,5.118E-4,1
1505066911276,true,1585.222,0,-0.03159,-0.02963,-0.00338,5.181E-4,-8.375E-4,0.00146,-0.001137,5.506E-4,0.0253,-0.05275,-0.002757,2.339E-4,-5.434E-4,-8.055E-5,3.35E-4,5.103E-4,1
1505066911312,true,1585.279,0,-0.03217,-0.03041,-0.003359,5.171E-4,-8.069E-4,0.001458,-0.001129,5.502E-4,0.0254,-0.05261,-0.002742,2.337E-4,-5.13E-4,-8.283E-5,3.572E-4,5.093E-4,1
1505066911348,true,1585.337,0,-0.03172,-0.03093,-0.003354,5.21E-4,-7.767E-4,0.001456,-0.001123,5.475E-4,0.02625,-0.05335,-0.002725,2.361E-4,-4.816E-4,-8.639E-5,3.793E-4,5.093E-4,1
1505066911384,true,1585.394,0,-0.03128,-0.03054,-0.003346,5.189E-4,-7.595E-4,0.001459,-0.001114,5.44E-4,0.02714,-0.05427,-0.0027,2.345E-4,-4.561E-4,-8.973E-5,4.13E-4,5.051E-4,1
1505066911490,true,1585.414,0,-0.03069,-0.03014,-0.00334,5.167E-4,-7.329E-4,0.001453,-0.001106,5.399E-4,0.02694,-0.05414,-0.002677,2.301E-4,-4.461E-4,-9.119E-5,4.35E-4,4.985E-4,1
1505066911526,true,1585.472,0,-0.03136,-0.02951,-0.003336,5.12E-4,-7.384E-4,0.001452,-0.001102,5.374E-4,0.02617,-0.05342,-0.002671,2.245E-4,-4.458E-4,-9.379E-5,4.337E-4,4.924E-4,1
1505066911562,true,1585.529,0,-0.03219,-0.02976,-0.003342,5.065E-4,-7.622E-4,0.001444,-0.001119,5.352E-4,0.02569,-0.05272,-0.00268,2.201E-4,-4.596E-4,-9.911E-5,4.108E-4,4.906E-4,1
1505066911598,true,1585.587,0,-0.03235,-0.03038,-0.003371,5.046E-4,-7.938E-4,0.001438,-0.001143,5.334E-4,0.02582,-0.05274,-0.00272,2.224E-4,-4.895E-4,-1.061E-4,3.656E-4,4.915E-4,1
1505066911634,true,1585.644,0,-0.03182,-0.03043,-0.003411,4.996E-4,-8.503E-4,0.001436,-0.001187,5.302E-4,0.0266,-0.05363,-0.002767,2.206E-4,-5.327E-4,-1.124E-4,3.134E-4,4.895E-4,1
1505066911790,true,1585.714,0,-0.03162,-0.03002,-0.003467,4.983E-4,-9.235E-4,0.001437,-0.00123,5.285E-4,0.02698,-0.05421,-0.00282,2.212E-4,-6.035E-4,-1.121E-4,2.646E-4,4.839E-4,1
1505066911826,true,1585.772,0,-0.03122,-0.02981,-0.003522,5.058E-4,-0.001005,0.001455,-0.001277,5.356E-4,0.02631,-0.05377,-0.002862,2.282E-4,-6.655E-4,-9.995E-5,2.248E-4,4.876E-4,1
1505066911862,true,1585.829,0,-0.03218,-0.02964,-0.003535,5.104E-4,-0.001025,0.001459,-0.001293,5.412E-4,0.02547,-0.05311,-0.002862,2.293E-4,-6.618E-4,-9.7E-5,2.317E-4,4.865E-4,1
1505066911898,true,1585.887,0,-0.03308,-0.03015,-0.003533,5.127E-4,-0.001015,0.001458,-0.00129,5.404E-4,0.0251,-0.05264,-0.002857,2.33E-4,-6.361E-4,-9.807E-5,2.42E-4,4.892E-4,1
1505066911934,true,1585.944,0,-0.03273,-0.03085,-0.003527,5.159E-4,-9.872E-4,0.001458,-0.001291,5.391E-4,0.02574,-0.05315,-0.002845,2.352E-4,-6.107E-4,-1.012E-4,2.629E-4,4.908E-4,1
1505066912090,true,1586.015,0,-0.03218,-0.03058,-0.003527,5.199E-4,-9.656E-4,0.001464,-0.001297,5.386E-4,0.02674,-0.05416,-0.002831,2.364E-4,-5.917E-4,-1.015E-4,2.883E-4,4.897E-4,1
1505066912126,true,1586.073,0,-0.03176,-0.03006,-0.003526,5.208E-4,-9.487E-4,0.001466,-0.001289,5.356E-4,0.02686,-0.0543,-0.002803,2.338E-4,-5.748E-4,-9.942E-5,3.155E-4,4.848E-4,1
1505066912162,true,1586.13,0,-0.03186,-0.02952,-0.003518,5.227E-4,-9.364E-4,0.001468,-0.001277,5.336E-4,0.02607,-0.05354,-0.00278,2.295E-4,-5.63E-4,-1.003E-4,3.459E-4,4.757E-4,1
1505066912198,true,1586.188,0,-0.03239,-0.02971,-0.003512,5.208E-4,-9.315E-4,0.001464,-0.00127,5.34E-4,0.02534,-0.05278,-0.002763,2.247E-4,-5.5E-4,-1.041E-4,3.492E-4,4.749E-4,1
1505066912234,true,1586.245,0,-0.03274,-0.03032,-0.003518,5.183E-4,-9.326E-4,0.001456,-0.001285,5.346E-4,0.02506,-0.05232,-0.00278,2.245E-4,-5.532E-4,-1.107E-4,3.318E-4,4.734E-4,1
1505066912364,true,1586.289,0,-0.03224,-0.03065,-0.00354,5.157E-4,-9.586E-4,0.001455,-0.001307,5.305E-4,0.02572,-0.05297,-0.00281,2.244E-4,-5.77E-4,-1.163E-4,3.031E-4,4.694E-4,1
1505066912400,true,1586.347,0,-0.03195,-0.03033,-0.003576,5.106E-4,-0.001001,0.001452,-0.001333,5.241E-4,0.02657,-0.05387,-0.00285,2.241E-4,-6.278E-4,-1.18E-4,2.662E-4,4.646E-4,1
1505066912436,true,1586.404,0,-0.03146,-0.03,-0.003629,5.083E-4,-0.001065,0.001451,-0.001371,5.227E-4,0.0261,-0.05357,-0.002897,2.214E-4,-6.906E-4,-1.188E-4,2.133E-4,4.606E-4,1
1505066912472,true,1586.462,0,-0.0323,-0.02975,-0.00369,5.14E-4,-0.001158,0.001461,-0.001423,5.287E-4,0.02529,-0.05296,-0.002958,2.267E-4,-7.679E-4,-1.078E-4,1.445E-4,4.659E-4,1
1505066912508,true,1586.519,0,-0.03312,-0.03027,-0.003714,5.173E-4,-0.001186,0.001464,-0.001445,5.34E-4,0.02487,-0.05251,-0.002982,2.315E-4,-7.76E-4,-1.027E-4,1.277E-4,4.747E-4,1
1505066912665,true,1586.59,0,-0.03296,-0.03109,-0.00372,5.196E-4,-0.001179,0.001466,-0.001454,5.358E-4,0.02547,-0.0529,-0.002988,2.365E-4,-7.608E-4,-1.027E-4,1.34E-4,4.802E-4,1
1505066912701,true,1586.648,0,-0.03213,-0.0312,-0.003724,5.241E-4,-0.001158,0.001467,-0.001455,5.359E-4,0.0265,-0.05394,-0.002982,2.398E-4,-7.363E-4,-1.03E-4,1.656E-4,4.79E-4,1
1505066912737,true,1586.705,0,-0.03187,-0.03065,-0.003721,5.26E-4,-0.001132,0.001467,-0.001446,5.325E-4,0.02703,-0.05454,-0.002955,2.381E-4,-7.161E-4,-1.021E-4,1.928E-4,4.78E-4,1
1505066912773,true,1586.763,0,-0.03164,-0.03014,-0.003707,5.248E-4,-0.00111,0.001469,-0.001435,5.351E-4,0.0264,-0.05404,-0.002933,2.366E-4,-7.012E-4,-9.969E-5,2.209E-4,4.748E-4,1
1505066912809,true,1586.82,0,-0.03213,-0.03,-0.003696,5.25E-4,-0.001092,0.001467,-0.001424,5.383E-4,0.02571,-0.05336,-0.002917,2.345E-4,-6.781E-4,-9.901E-5,2.361E-4,4.731E-4,1
1505066912940,true,1586.865,0,-0.03255,-0.03062,-0.003682,5.178E-4,-0.00106,0.001461,-0.001422,5.404E-4,0.02531,-0.05277,-0.00291,2.323E-4,-6.57E-4,-1.009E-4,2.404E-4,4.741E-4,1
1505066912976,true,1586.923,0,-0.0321,-0.03122,-0.003684,5.075E-4,-0.001049,0.001457,-0.001422,5.375E-4,0.02586,-0.05319,-0.002917,2.289E-4,-6.521E-4,-1.042E-4,2.369E-4,4.747E-4,1
1505066913012,true,1586.98,0,-0.03181,-0.03094,-0.00371,4.962E-4,-0.001057,0.001452,-0.00143,5.351E-4,0.02675,-0.05411,-0.002931,2.249E-4,-6.666E-4,-1.084E-4,2.251E-4,4.731E-4,1
1505066913048,true,1587.038,0,-0.03167,-0.03046,-0.003751,4.849E-4,-0.001088,0.001448,-0.001445,5.349E-4,0.02657,-0.05412,-0.002961,2.221E-4,-6.993E-4,-1.106E-4,2.049E-4,4.674E-4,1
1505066913084,true,1587.095,0,-0.03192,-0.03018,-0.003801,4.765E-4,-0.001137,0.001444,-0.001478,5.368E-4,0.02579,-0.05348,-0.003005,2.171E-4,-7.438E-4,-1.131E-4,1.625E-4,4.646E-4,1
1505066913240,true,1587.165,0,-0.03302,-0.03055,-0.003866,4.742E-4,-0.001207,0.001441,-0.001512,5.396E-4,0.02538,-0.05315,-0.003058,2.119E-4,-8.015E-4,-1.143E-4,9.826E-5,4.655E-4,1
1505066913276,true,1587.223,0,-0.0336,-0.03121,-0.00394,4.827E-4,-0.001289,0.001452,-0.001552,5.451E-4,0.0256,-0.05324,-0.003127,2.22E-4,-8.591E-4,-1.066E-4,4.073E-5,4.769E-4,1
1505066913312,true,1587.28,0,-0.03294,-0.03143,-0.003963,4.847E-4,-0.001299,0.001459,-0.001572,5.5E-4,0.02669,-0.05426,-0.003141,2.256E-4,-8.564E-4,-1.064E-4,3.834E-5,4.842E-4,1
1505066913348,true,1587.338,0,-0.03226,-0.03107,-0.003974,4.865E-4,-0.001272,0.00146,-0.001572,5.493E-4,0.02757,-0.05509,-0.00313,2.266E-4,-8.443E-4,-1.041E-4,7.125E-5,4.84E-4,1
1505066913384,true,1587.395,0,-0.0317,-0.03064,-0.003968,4.859E-4,-0.001241,0.001461,-0.00156,5.539E-4,0.02723,-0.05483,-0.00311,2.279E-4,-8.169E-4,-1.006E-4,1.038E-4,4.826E-4,1
1505066913515,true,1587.44,0,-0.03238,-0.03005,-0.003952,4.853E-4,-0.001209,0.001457,-0.001544,5.575E-4,0.0263,-0.05402,-0.003083,2.248E-4,-7.82E-4,-9.994E-5,1.317E-4,4.851E-4,1
1505066913551,true,1587.498,0,-0.03311,-0.03043,-0.003939,4.86E-4,-0.001175,0.001454,-0.001531,5.61E-4,0.02598,-0.05342,-0.003063,2.252E-4,-7.504E-4,-1.002E-4,1.627E-4,4.862E-4,1
1505066913587,true,1587.555,0,-0.03284,-0.03108,-0.00392,4.845E-4,-0.001141,0.001456,-0.00152,5.618E-4,0.02633,-0.05354,-0.003042,2.243E-4,-7.135E-4,-1.025E-4,1.834E-4,4.881E-4,1
1505066913623,true,1587.613,0,-0.03225,-0.03097,-0.003916,4.829E-4,-0.001099,0.001452,-0.001517,5.638E-4,0.02728,-0.05444,-0.003022,2.226E-4,-6.876E-4,-1.05E-4,2.083E-4,4.868E-4,1
1505066913659,true,1587.67,0,-0.03192,-0.03049,-0.003915,4.782E-4,-0.001076,0.001449,-0.001512,5.649E-4,0.02748,-0.05468,-0.003015,2.204E-4,-6.838E-4,-1.047E-4,2.224E-4,4.823E-4,1
1505066913818,true,1587.739,0,-0.03213,-0.02997,-0.003918,4.75E-4,-0.00108,0.001445,-0.001503,5.65E-4,0.02649,-0.05397,-0.003021,2.171E-4,-6.958E-4,-1.055E-4,2.201E-4,4.769E-4,1
1505066913854,true,1587.797,0,-0.03291,-0.03005,-0.003931,4.709E-4,-0.001115,0.001442,-0.001508,5.654E-4,0.02596,-0.0535,-0.00304,2.134E-4,-7.195E-4,-1.089E-4,1.881E-4,4.772E-4,1
1505066913890,true,1587.854,0,-0.03338,-0.03082,-0.003961,4.672E-4,-0.001157,0.001436,-0.001529,5.676E-4,0.02577,-0.05318,-0.003084,2.135E-4,-7.556E-4,-1.137E-4,1.376E-4,4.8E-4,1
1505066913926,true,1587.912,0,-0.03297,-0.03136,-0.003999,4.636E-4,-0.00121,0.001433,-0.001566,5.673E-4,0.02651,-0.05388,-0.003138,2.122E-4,-8.058E-4,-1.17E-4,8.346E-5,4.82E-4,1
1505066913962,true,1587.969,0,-0.03238,-0.03102,-0.004063,4.722E-4,-0.001289,0.001447,-0.001614,5.73E-4,0.02746,-0.05493,-0.003196,2.213E-4,-8.709E-4,-1.101E-4,2.569E-5,4.916E-4,1
1505066914115,true,1588.041,0,-0.03185,-0.03055,-0.004079,4.764E-4,-0.001303,0.001456,-0.00162,5.738E-4,0.02728,-0.05497,-0.003199,2.235E-4,-8.782E-4,-1.034E-4,3.368E-5,4.924E-4,1
1505066914151,true,1588.099,0,-0.03237,-0.02992,-0.004061,4.794E-4,-0.001295,0.001463,-0.001615,5.8E-4,0.02634,-0.05417,-0.003183,2.228E-4,-8.579E-4,-1.015E-4,4.798E-5,4.968E-4,1
1505066914187,true,1588.156,0,-0.03317,-0.0301,-0.004041,4.845E-4,-0.00126,0.001464,-0.001598,5.813E-4,0.0258,-0.05347,-0.003159,2.23E-4,-8.216E-4,-1.002E-4,7.256E-5,4.987E-4,1
1505066914223,true,1588.214,0,-0.03325,-0.03074,-0.004009,4.881E-4,-0.001209,0.001464,-0.001574,5.814E-4,0.02587,-0.0533,-0.003135,2.258E-4,-7.76E-4,-1.041E-4,1.067E-4,4.992E-4,1
1505066914259,true,1588.271,0,-0.03242,-0.03084,-0.003985,4.923E-4,-0.001159,0.001466,-0.001556,5.788E-4,0.0267,-0.05405,-0.003107,2.259E-4,-7.334E-4,-1.065E-4,1.479E-4,5.001E-4,1
1505066914390,true,1588.315,0,-0.03202,-0.03038,-0.003957,4.923E-4,-0.001111,0.001467,-0.001533,5.769E-4,0.02728,-0.05464,-0.003075,2.268E-4,-7.032E-4,-1.079E-4,1.826E-4,4.991E-4,1
1505066914426,true,1588.373,0,-0.03163,-0.03003,-0.00393,4.917E-4,-0.001077,0.001468,-0.001515,5.799E-4,0.02648,-0.05408,-0.003046,2.24E-4,-6.791E-4,-1.078E-4,2.17E-4,4.914E-4,1
1505066914462,true,1588.43,0,-0.03258,-0.02981,-0.003902,4.906E-4,-0.001053,0.001462,-0.001488,5.782E-4,0.02574,-0.05343,-0.003033,2.216E-4,-6.655E-4,-1.096E-4,2.254E-4,4.883E-4,1
1505066914498,true,1588.488,0,-0.03349,-0.03036,-0.003896,4.917E-4,-0.001052,0.001458,-0.001481,5.781E-4,0.02557,-0.0531,-0.003037,2.197E-4,-6.783E-4,-1.119E-4,2.115E-4,4.88E-4,1
1505066914534,true,1588.545,0,-0.03307,-0.03103,-0.003911,4.921E-4,-0.001069,0.001458,-0.001498,5.797E-4,0.02627,-0.05366,-0.003062,2.186E-4,-7.002E-4,-1.165E-4,1.8E-4,4.863E-4,1
1505066914690,true,1588.616,0,-0.0324,-0.03097,-0.003937,4.913E-4,-0.001111,0.001462,-0.001519,5.749E-4,0.02731,-0.05476,-0.003097,2.181E-4,-7.36E-4,-1.209E-4,1.397E-4,4.851E-4,1
1505066914726,true,1588.674,0,-0.03206,-0.03041,-0.003969,4.901E-4,-0.001165,0.001462,-0.001545,5.725E-4,0.02745,-0.05508,-0.00314,2.16E-4,-7.935E-4,-1.219E-4,9.797E-5,4.792E-4,1
1505066914762,true,1588.731,0,-0.03187,-0.02994,-0.004013,4.993E-4,-0.00125,0.001478,-0.001586,5.8E-4,0.0266,-0.0544,-0.003193,2.224E-4,-8.622E-4,-1.109E-4,3.539E-5,4.871E-4,1
1505066914798,true,1588.789,0,-0.03279,-0.02989,-0.004024,5.096E-4,-0.00127,0.001484,-0.001599,5.851E-4,0.02589,-0.05362,-0.003193,2.254E-4,-8.639E-4,-1.056E-4,2.784E-5,4.919E-4,1
1505066914834,true,1588.846,0,-0.03321,-0.0305,-0.004007,5.153E-4,-0.001255,0.001489,-0.001595,5.868E-4,0.02553,-0.05307,-0.003185,2.279E-4,-8.39E-4,-1.057E-4,3.805E-5,4.988E-4,1
1505066914965,true,1588.89,0,-0.03237,-0.03083,-0.003977,5.191E-4,-0.001225,0.001496,-0.001588,5.862E-4,0.02622,-0.05359,-0.003169,2.319E-4,-7.996E-4,-1.088E-4,5.99E-5,5.035E-4,1
1505066915001,true,1588.948,0,-0.03178,-0.03031,-0.00395,5.217E-4,-0.001182,0.001499,-0.001572,5.873E-4,0.02697,-0.05434,-0.003139,2.326E-4,-7.632E-4,-1.097E-4,9.664E-5,4.998E-4,1
1505066915037,true,1589.005,0,-0.03126,-0.02988,-0.00392,5.219E-4,-0.001134,0.001499,-0.001552,5.885E-4,0.02642,-0.05393,-0.003112,2.316E-4,-7.435E-4,-1.041E-4,1.267E-4,4.972E-4,1
1505066915073,true,1589.063,0,-0.03167,-0.02951,-0.003889,5.246E-4,-0.001109,0.001501,-0.001526,5.89E-4,0.02549,-0.05314,-0.003085,2.312E-4,-7.083E-4,-1.053E-4,1.558E-4,4.945E-4,1
1505066915109,true,1589.12,0,-0.03245,-0.02987,-0.003861,5.238E-4,-0.001075,0.001497,-0.001505,5.901E-4,0.02514,-0.05266,-0.003069,2.307E-4,-6.829E-4,-1.082E-4,1.574E-4,4.976E-4,1
1505066915240,true,1589.165,0,-0.03245,-0.03056,-0.003848,5.223E-4,-0.001061,0.001495,-0.0015,5.922E-4,0.02548,-0.0529,-0.003068,2.298E-4,-6.69E-4,-1.144E-4,1.514E-4,4.992E-4,1
1505066915276,true,1589.223,0,-0.03163,-0.03067,-0.003848,5.208E-4,-0.001074,0.001496,-0.001503,5.875E-4,0.02653,-0.054,-0.00308,2.297E-4,-6.804E-4,-1.196E-4,1.398E-4,4.971E-4,1
1505066915312,true,1589.28,0,-0.03101,-0.03027,-0.00387,5.188E-4,-0.001096,0.001494,-0.001514,5.853E-4,0.02696,-0.05464,-0.003101,2.275E-4,-7.164E-4,-1.207E-4,1.209E-4,4.923E-4,1
1505066915348,true,1589.338,0,-0.03084,-0.02985,-0.003896,5.163E-4,-0.00114,0.001493,-0.00153,5.859E-4,0.02634,-0.05422,-0.003134,2.238E-4,-7.637E-4,-1.226E-4,7.799E-5,4.882E-4,1
1505066915384,true,1589.395,0,-0.03175,-0.02963,-0.003938,5.205E-4,-0.001211,0.001493,-0.001563,5.866E-4,0.02572,-0.05367,-0.003184,2.242E-4,-8.213E-4,-1.218E-4,1.346E-5,4.911E-4,1
1505066915540,true,1589.465,0,-0.03237,-0.03015,-0.003973,5.307E-4,-0.00127,0.001501,-0.001591,5.927E-4,0.02533,-0.05307,-0.003218,2.32E-4,-8.496E-4,-1.17E-4,-2.878E-5,5.01E-4,1
1505066915576,true,1589.523,0,-0.03182,-0.03073,-0.003985,5.391E-4,-0.001258,0.001506,-0.001599,5.968E-4,0.02578,-0.0534,-0.003218,2.341E-4,-8.314E-4,-1.182E-4,-2.281E-5,5.049E-4,1
1505066915612,true,1589.58,0,-0.03107,-0.03036,-0.003981,5.43E-4,-0.001235,0.00151,-0.001593,5.936E-4,0.02654,-0.05422,-0.003205,2.373E-4,-8.045E-4,-1.168E-4,-1.832E-6,5.087E-4,1
1505066915648,true,1589.638,0,-0.03075,-0.02986,-0.003965,5.452E-4,-0.001199,0.001513,-0.001573,5.934E-4,0.02642,-0.05423,-0.003182,2.364E-4,-7.768E-4,-1.154E-4,3.25E-5,5.049E-4,1
1505066915684,true,1589.695,0,-0.03097,-0.02947,-0.003947,5.482E-4,-0.00117,0.001514,-0.001553,5.971E-4,0.02548,-0.05341,-0.003159,2.353E-4,-7.525E-4,-1.133E-4,6.091E-5,5.03E-4,1
1505066915840,true,1589.766,0,-0.03194,-0.02979,-0.003921,5.494E-4,-0.001143,0.001512,-0.001532,5.992E-4,0.02511,-0.05301,-0.003141,2.352E-4,-7.248E-4,-1.12E-4,8.032E-5,5.062E-4,1
1505066915876,true,1589.824,0,-0.03249,-0.0304,-0.003902,5.502E-4,-0.001107,0.001512,-0.001513,6.002E-4,0.0252,-0.05292,-0.003136,2.376E-4,-6.968E-4,-1.131E-4,9.035E-5,5.105E-4,1
1505066915912,true,1589.881,0,-0.03185,-0.03079,-0.003891,5.485E-4,-0.001083,0.001509,-0.001508,6.022E-4,0.02617,-0.05386,-0.003125,2.37E-4,-6.77E-4,-1.181E-4,1.019E-4,5.096E-4,1
1505066915948,true,1589.939,0,-0.03104,-0.03054,-0.003892,5.465E-4,-0.001074,0.001506,-0.001505,6.013E-4,0.02695,-0.0547,-0.003128,2.349E-4,-6.764E-4,-1.223E-4,1.003E-4,5.063E-4,1
1505066915984,true,1589.996,0,-0.03058,-0.03022,-0.003905,5.427E-4,-0.001091,0.001503,-0.001507,6.013E-4,0.02663,-0.05453,-0.003147,2.328E-4,-7.036E-4,-1.226E-4,8.182E-5,5.022E-4,1
1505066916115,true,1590.04,0,-0.03124,-0.02967,-0.00392,5.375E-4,-0.001136,0.0015,-0.00152,6.016E-4,0.02578,-0.05386,-0.003179,2.303E-4,-7.487E-4,-1.224E-4,4.131E-5,5.011E-4,1
1505066916151,true,1590.098,0,-0.0317,-0.03026,-0.003952,5.346E-4,-0.001192,0.001495,-0.001536,6.021E-4,0.02526,-0.05321,-0.00323,2.285E-4,-7.999E-4,-1.263E-4,-2.191E-5,5.032E-4,1
1505066916187,true,1590.155,0,-0.03156,-0.03088,-0.004006,5.413E-4,-0.001257,0.001499,-0.001581,6.106E-4,0.02562,-0.05351,-0.003299,2.382E-4,-8.576E-4,-1.229E-4,-1.024E-4,5.173E-4,1
1505066916223,true,1590.213,0,-0.03073,-0.03089,-0.004032,5.484E-4,-0.001279,0.001508,-0.001601,6.128E-4,0.0264,-0.05437,-0.003316,2.437E-4,-8.573E-4,-1.214E-4,-1.087E-4,5.249E-4,1
1505066916259,true,1590.27,0,-0.03034,-0.03041,-0.004031,5.497E-4,-0.001255,0.001509,-0.001588,6.101E-4,0.02665,-0.05471,-0.003304,2.45E-4,-8.389E-4,-1.16E-4,-8.75E-5,5.251E-4,1
1505066916390,true,1590.316,0,-0.03037,-0.02997,-0.004024,5.546E-4,-0.00123,0.001514,-0.001574,6.139E-4,0.02569,-0.05395,-0.003285,2.438E-4,-8.094E-4,-1.118E-4,-5.265E-5,5.224E-4,1
1505066916426,true,1590.374,0,-0.03141,-0.02998,-0.004008,5.585E-4,-0.001202,0.001516,-0.001549,6.152E-4,0.02514,-0.05336,-0.003259,2.431E-4,-7.682E-4,-1.131E-4,-2.214E-5,5.241E-4,1
1505066916462,true,1590.431,0,-0.032,-0.03083,-0.003989,5.62E-4,-0.001167,0.001518,-0.001524,6.156E-4,0.02516,-0.05315,-0.003241,2.437E-4,-7.259E-4,-1.162E-4,-6.838E-7,5.28E-4,1
1505066916498,true,1590.489,0,-0.03145,-0.03146,-0.003968,5.624E-4,-0.001118,0.001518,-0.001505,6.149E-4,0.02616,-0.05398,-0.003218,2.437E-4,-6.816E-4,-1.199E-4,2.92E-5,5.302E-4,1
1505066916534,true,1590.546,0,-0.03097,-0.03115,-0.003955,5.637E-4,-0.001077,0.001518,-0.001476,6.113E-4,0.02721,-0.05508,-0.003197,2.432E-4,-6.531E-4,-1.209E-4,5.884E-5,5.291E-4,1
1505066916690,true,1590.615,0,-0.03038,-0.03092,-0.003942,5.624E-4,-0.001059,0.001517,-0.001456,6.111E-4,0.0272,-0.05512,-0.003177,2.394E-4,-6.455E-4,-1.192E-4,6.774E-5,5.297E-4,1
1505066916726,true,1590.673,0,-0.03072,-0.03037,-0.003937,5.609E-4,-0.001057,0.001515,-0.001445,6.12E-4,0.02645,-0.0545,-0.003176,2.361E-4,-6.438E-4,-1.214E-4,6.343E-5,5.263E-4,1
1505066916762,true,1590.73,0,-0.03151,-0.03062,-0.003942,5.578E-4,-0.001074,0.001509,-0.001442,6.115E-4,0.02599,-0.05398,-0.003193,2.342E-4,-6.639E-4,-1.229E-4,4.072E-5,5.258E-4,1
1505066916798,true,1590.788,0,-0.03141,-0.03139,-0.003956,5.551E-4,-0.001102,0.001505,-0.00146,6.118E-4,0.02622,-0.05403,-0.003232,2.34E-4,-6.948E-4,-1.285E-4,7.304E-7,5.283E-4,1
1505066916834,true,1590.845,0,-0.03067,-0.03161,-0.003997,5.561E-4,-0.00115,0.001506,-0.001496,6.128E-4,0.02704,-0.05487,-0.003274,2.334E-4,-7.381E-4,-1.319E-4,-4.903E-5,5.3E-4,1
1505066916965,true,1590.891,0,-0.03034,-0.03109,-0.00404,5.636E-4,-0.001204,0.001521,-0.001532,6.203E-4,0.02745,-0.05538,-0.003305,2.417E-4,-7.779E-4,-1.215E-4,-7.303E-5,5.364E-4,1
1505066917002,true,1590.949,0,-0.03028,-0.03065,-0.00404,5.679E-4,-0.001192,0.001527,-0.001524,6.247E-4,0.02668,-0.0548,-0.003301,2.441E-4,-7.681E-4,-1.16E-4,-5.047E-5,5.343E-4,1
1505066917037,true,1591.006,0,-0.03094,-0.03056,-0.004024,5.719E-4,-0.001171,0.001532,-0.001495,6.228E-4,0.02596,-0.05416,-0.003273,2.416E-4,-7.43E-4,-1.108E-4,-2.993E-5,5.389E-4,1
1505066917073,true,1591.064,0,-0.03164,-0.03132,-0.003993,5.738E-4,-0.001131,0.001532,-0.001468,6.246E-4,0.02582,-0.05383,-0.003246,2.405E-4,-6.952E-4,-1.091E-4,7.025E-6,5.408E-4,1
1505066917110,true,1591.121,0,-0.03134,-0.03206,-0.003965,5.769E-4,-0.001082,0.001533,-0.001446,6.281E-4,0.0264,-0.05431,-0.003221,2.429E-4,-6.489E-4,-1.101E-4,3.849E-5,5.426E-4,1
1505066917265,true,1591.191,0,-0.03055,-0.03204,-0.00394,5.788E-4,-0.001034,0.001536,-0.001423,6.256E-4,0.02754,-0.05536,-0.003194,2.445E-4,-6.076E-4,-1.094E-4,8.476E-5,5.422E-4,1
1505066917301,true,1591.249,0,-0.03001,-0.03155,-0.003908,5.774E-4,-9.864E-4,0.00154,-0.001389,6.244E-4,0.02783,-0.05575,-0.003159,2.433E-4,-5.721E-4,-1.076E-4,1.253E-4,5.398E-4,1
1505066917337,true,1591.306,0,-0.02976,-0.03109,-0.003878,5.77E-4,-9.582E-4,0.001544,-0.001361,6.263E-4,0.02706,-0.05506,-0.003134,2.39E-4,-5.453E-4,-1.077E-4,1.549E-4,5.375E-4,1
1505066917373,true,1591.364,0,-0.03071,-0.03101,-0.003862,5.77E-4,-9.363E-4,0.00154,-0.001341,6.251E-4,0.02662,-0.05449,-0.003125,2.392E-4,-5.266E-4,-1.119E-4,1.663E-4,5.369E-4,1
1505066917409,true,1591.421,0,-0.03095,-0.03168,-0.00385,5.743E-4,-9.34E-4,0.001537,-0.00134,6.267E-4,0.02643,-0.05406,-0.003131,2.382E-4,-5.236E-4,-1.173E-4,1.506E-4,5.399E-4,1
1505066917565,true,1591.491,0,-0.03039,-0.03193,-0.003866,5.743E-4,-9.531E-4,0.001537,-0.001344,6.246E-4,0.0272,-0.05477,-0.003158,2.399E-4,-5.351E-4,-1.227E-4,1.273E-4,5.409E-4,1
1505066917601,true,1591.549,0,-0.02982,-0.0315,-0.003883,5.713E-4,-9.858E-4,0.001536,-0.001368,6.266E-4,0.02779,-0.0555,-0.003188,2.397E-4,-5.69E-4,-1.243E-4,9.775E-5,5.378E-4,1
1505066917637,true,1591.606,0,-0.02986,-0.03088,-0.00392,5.748E-4,-0.001048,0.001544,-0.001395,6.293E-4,0.02711,-0.05508,-0.003232,2.446E-4,-6.288E-4,-1.179E-4,5.082E-5,5.412E-4,1
1505066917673,true,1591.664,0,-0.03068,-0.03046,-0.003939,5.835E-4,-0.001071,0.00155,-0.001408,6.366E-4,0.02626,-0.05442,-0.00324,2.485E-4,-6.395E-4,-1.093E-4,4.273E-5,5.454E-4,1
1505066917709,true,1591.721,0,-0.03152,-0.03076,-0.003929,5.892E-4,-0.001046,0.001549,-0.001401,6.4E-4,0.02577,-0.05374,-0.003232,2.519E-4,-6.123E-4,-1.063E-4,5.563E-5,5.509E-4,1
1505066917844,true,1591.766,0,-0.03154,-0.03147,-0.003906,5.931E-4,-0.001006,0.00155,-0.001385,6.437E-4,0.02618,-0.05389,-0.00321,2.542E-4,-5.732E-4,-1.075E-4,8.67E-5,5.545E-4,1
1505066917879,true,1591.824,0,-0.03077,-0.03163,-0.003885,5.956E-4,-9.631E-4,0.001552,-0.00136,6.403E-4,0.02725,-0.05484,-0.003178,2.528E-4,-5.267E-4,-1.094E-4,1.36E-4,5.53E-4,1
1505066917916,true,1591.881,0,-0.03045,-0.03112,-0.003862,5.981E-4,-9.204E-4,0.001558,-0.001324,6.383E-4,0.02786,-0.05537,-0.003148,2.537E-4,-4.965E-4,-1.046E-4,1.739E-4,5.543E-4,1
1505066917952,true,1591.939,0,-0.02987,-0.03072,-0.003831,6.005E-4,-8.799E-4,0.00156,-0.001289,6.386E-4,0.02724,-0.05485,-0.003112,2.507E-4,-4.655E-4,-9.941E-5,2.219E-4,5.509E-4,1
1505066917987,true,1591.996,0,-0.03063,-0.03055,-0.003799,6.01E-4,-8.5E-4,0.001559,-0.001261,6.399E-4,0.02663,-0.0542,-0.003079,2.475E-4,-4.303E-4,-9.912E-5,2.508E-4,5.505E-4,1
1505066918140,true,1592.066,0,-0.0311,-0.03107,-0.003776,6.013E-4,-8.231E-4,0.001554,-0.001242,6.406E-4,0.02631,-0.05366,-0.00307,2.464E-4,-3.98E-4,-1.038E-4,2.609E-4,5.537E-4,1
1505066918176,true,1592.124,0,-0.03056,-0.03152,-0.003763,5.991E-4,-7.995E-4,0.001547,-0.001244,6.428E-4,0.02683,-0.05404,-0.003068,2.452E-4,-3.853E-4,-1.086E-4,2.551E-4,5.541E-4,1
1505066918212,true,1592.181,0,-0.02996,-0.03117,-0.003766,5.971E-4,-8.089E-4,0.001547,-0.001247,6.417E-4,0.02764,-0.05489,-0.00308,2.438E-4,-3.976E-4,-1.113E-4,2.465E-4,5.526E-4,1
1505066918248,true,1592.239,0,-0.02921,-0.03086,-0.003777,5.932E-4,-8.347E-4,0.001545,-0.001256,6.425E-4,0.02742,-0.05488,-0.003104,2.415E-4,-4.347E-4,-1.116E-4,2.218E-4,5.505E-4,1
1505066918284,true,1592.296,0,-0.02966,-0.03041,-0.003806,5.916E-4,-8.848E-4,0.001546,-0.001278,6.457E-4,0.02629,-0.05402,-0.003137,2.382E-4,-4.781E-4,-1.128E-4,1.867E-4,5.469E-4,1
1505066918415,true,1592.342,0,-0.03087,-0.03071,-0.003843,5.99E-4,-9.481E-4,0.001554,-0.001308,6.53E-4,0.02551,-0.0533,-0.003183,2.45E-4,-5.22E-4,-1.053E-4,1.297E-4,5.582E-4,1
1505066918451,true,1592.4,0,-0.0317,-0.03122,-0.003843,6.022E-4,-9.417E-4,0.001555,-0.001308,6.552E-4,0.02546,-0.05311,-0.003194,2.515E-4,-5.14E-4,-1.036E-4,1.323E-4,5.632E-4,1
1505066918487,true,1592.457,0,-0.03129,-0.03158,-0.003838,6.058E-4,-9.137E-4,0.001555,-0.001303,6.551E-4,0.02636,-0.05401,-0.003191,2.578E-4,-4.892E-4,-1.025E-4,1.593E-4,5.656E-4,1
1505066918523,true,1592.515,0,-0.03084,-0.0312,-0.003829,6.084E-4,-8.759E-4,0.001555,-0.001285,6.537E-4,0.02721,-0.0548,-0.003164,2.569E-4,-4.617E-4,-1.028E-4,1.983E-4,5.666E-4,1
1505066918559,true,1592.572,0,-0.03028,-0.03083,-0.003807,6.081E-4,-8.458E-4,0.001559,-0.001258,6.523E-4,0.02702,-0.05469,-0.003138,2.552E-4,-4.344E-4,-1.026E-4,2.305E-4,5.662E-4,1
1505066918715,true,1592.641,0,-0.0311,-0.03049,-0.003784,6.111E-4,-8.138E-4,0.001561,-0.001243,6.552E-4,0.02628,-0.05404,-0.003109,2.522E-4,-4.0E-4,-1.023E-4,2.652E-4,5.637E-4,1
1505066918751,true,1592.699,0,-0.03211,-0.03074,-0.003764,6.145E-4,-7.854E-4,0.001563,-0.001209,6.543E-4,0.0258,-0.05344,-0.00309,2.512E-4,-3.631E-4,-1.039E-4,2.789E-4,5.693E-4,1
1505066918787,true,1592.756,0,-0.03195,-0.03137,-0.003738,6.131E-4,-7.469E-4,0.001557,-0.001197,6.553E-4,0.02618,-0.05366,-0.003082,2.516E-4,-3.324E-4,-1.088E-4,2.92E-4,5.71E-4,1
1505066918823,true,1592.814,0,-0.0314,-0.03108,-0.003734,6.137E-4,-7.274E-4,0.001557,-0.001195,6.524E-4,0.02721,-0.05464,-0.003074,2.495E-4,-3.187E-4,-1.135E-4,3.022E-4,5.694E-4,1
1505066918859,true,1592.871,0,-0.03099,-0.0306,-0.003748,6.143E-4,-7.293E-4,0.001557,-0.001195,6.518E-4,0.02734,-0.05495,-0.003077,2.482E-4,-3.265E-4,-1.153E-4,3.018E-4,5.645E-4,1
1505066918990,true,1592.917,0,-0.03127,-0.03008,-0.003752,6.106E-4,-7.558E-4,0.001556,-0.001194,6.489E-4,0.02629,-0.05411,-0.003093,2.444E-4,-3.549E-4,-1.146E-4,2.836E-4,5.594E-4,1
1505066919026,true,1592.975,0,-0.0325,-0.03002,-0.003777,6.096E-4,-8.08E-4,0.001557,-0.001207,6.473E-4,0.02554,-0.05346,-0.003131,2.431E-4,-3.928E-4,-1.16E-4,2.414E-4,5.58E-4,1
1505066919062,true,1593.032,0,-0.03311,-0.03085,-0.003819,6.15E-4,-8.692E-4,0.001559,-0.001239,6.49E-4,0.02546,-0.05321,-0.003185,2.479E-4,-4.463E-4,-1.14E-4,1.764E-4,5.666E-4,1
1505066919098,true,1593.09,0,-0.0327,-0.0315,-0.003853,6.217E-4,-9.102E-4,0.00157,-0.001271,6.523E-4,0.02613,-0.05397,-0.003217,2.565E-4,-4.651E-4,-1.09E-4,1.59E-4,5.74E-4,1
1505066919134,true,1593.147,0,-0.03216,-0.03127,-0.003863,6.266E-4,-8.969E-4,0.001575,-0.001276,6.555E-4,0.02708,-0.05498,-0.003213,2.587E-4,-4.531E-4,-1.066E-4,1.826E-4,5.757E-4,1
1505066919290,true,1593.216,0,-0.0315,-0.03101,-0.003854,6.285E-4,-8.807E-4,0.001583,-0.00126,6.537E-4,0.02698,-0.05503,-0.003195,2.599E-4,-4.365E-4,-1.017E-4,2.179E-4,5.725E-4,1
1505066919327,true,1593.274,0,-0.03205,-0.03053,-0.003829,6.294E-4,-8.5E-4,0.001585,-0.001235,6.556E-4,0.02627,-0.05448,-0.003162,2.566E-4,-4.045E-4,-9.998E-5,2.483E-4,5.71E-4,1
1505066919362,true,1593.331,0,-0.03273,-0.03088,-0.003807,6.331E-4,-8.252E-4,0.001585,-0.001215,6.574E-4,0.02589,-0.05399,-0.003145,2.586E-4,-3.729E-4,-9.882E-5,2.778E-4,5.736E-4,1
1505066919399,true,1593.389,0,-0.03278,-0.03162,-0.003788,6.371E-4,-7.809E-4,0.001582,-0.001193,6.568E-4,0.02622,-0.05405,-0.003124,2.617E-4,-3.321E-4,-1.03E-4,3.082E-4,5.749E-4,1
1505066919434,true,1593.446,0,-0.03187,-0.03182,-0.003762,6.379E-4,-7.43E-4,0.001584,-0.001176,6.537E-4,0.0272,-0.05488,-0.003103,2.626E-4,-3.01E-4,-1.045E-4,3.386E-4,5.766E-4,1
1505066919590,true,1593.517,0,-0.03122,-0.03136,-0.003749,6.388E-4,-7.221E-4,0.001584,-0.001165,6.527E-4,0.02772,-0.05539,-0.003079,2.611E-4,-2.804E-4,-1.064E-4,3.601E-4,5.744E-4,1
1505066919627,true,1593.575,0,-0.03119,-0.03077,-0.003736,6.367E-4,-7.169E-4,0.001587,-0.001153,6.505E-4,0.02687,-0.05473,-0.003074,2.605E-4,-2.812E-4,-1.078E-4,3.764E-4,5.67E-4,1
1505066919662,true,1593.632,0,-0.03204,-0.03058,-0.003737,6.362E-4,-7.328E-4,0.001585,-0.001163,6.542E-4,0.02591,-0.05385,-0.003089,2.596E-4,-2.904E-4,-1.094E-4,3.698E-4,5.624E-4,1
1505066919698,true,1593.69,0,-0.03294,-0.0312,-0.003753,6.36E-4,-7.676E-4,0.001586,-0.001179,6.58E-4,0.02553,-0.05338,-0.003117,2.593E-4,-3.184E-4,-1.121E-4,3.361E-4,5.652E-4,1
1505066919735,true,1593.747,0,-0.0328,-0.03188,-0.003781,6.376E-4,-8.083E-4,0.001586,-0.001212,6.583E-4,0.02614,-0.05395,-0.003161,2.606E-4,-3.537E-4,-1.182E-4,2.9E-4,5.681E-4,1
1505066919866,true,1593.791,0,-0.03224,-0.03182,-0.003825,6.424E-4,-8.713E-4,0.001594,-0.001258,6.618E-4,0.02713,-0.05504,-0.003214,2.679E-4,-4.127E-4,-1.122E-4,2.408E-4,5.735E-4,1
1505066919902,true,1593.849,0,-0.03209,-0.0314,-0.003848,6.479E-4,-8.871E-4,0.001604,-0.001277,6.647E-4,0.0274,-0.05555,-0.00322,2.703E-4,-4.283E-4,-1.055E-4,2.362E-4,5.792E-4,1
1505066919937,true,1593.906,0,-0.03203,-0.03089,-0.003845,6.512E-4,-8.859E-4,0.001611,-0.00127,6.657E-4,0.02671,-0.05497,-0.003201,2.698E-4,-4.18E-4,-1.017E-4,2.56E-4,5.797E-4,1
1505066919974,true,1593.964,0,-0.03287,-0.03091,-0.003829,6.545E-4,-8.672E-4,0.001612,-0.001265,6.699E-4,0.02632,-0.05448,-0.003176,2.683E-4,-3.876E-4,-9.99E-5,2.738E-4,5.834E-4,1
1505066920010,true,1594.021,0,-0.03317,-0.03163,-0.003812,6.583E-4,-8.283E-4,0.001609,-0.001254,6.707E-4,0.02631,-0.0541,-0.003157,2.704E-4,-3.503E-4,-9.987E-5,3.063E-4,5.835E-4,1
1505066920140,true,1594.067,0,-0.03225,-0.03205,-0.003789,6.607E-4,-8.016E-4,0.001613,-0.001248,6.719E-4,0.02709,-0.05482,-0.003138,2.732E-4,-3.143E-4,-1.012E-4,3.445E-4,5.835E-4,1
1505066920176,true,1594.125,0,-0.03172,-0.03149,-0.00377,6.628E-4,-7.615E-4,0.001614,-0.001224,6.683E-4,0.0277,-0.05545,-0.0031,2.695E-4,-2.859E-4,-1.01E-4,3.807E-4,5.811E-4,1
1505066920212,true,1594.182,0,-0.03128,-0.03101,-0.003751,6.649E-4,-7.229E-4,0.001611,-0.001212,6.672E-4,0.02713,-0.05503,-0.003071,2.672E-4,-2.63E-4,-1.015E-4,4.171E-4,5.747E-4,1
1505066920248,true,1594.24,0,-0.03181,-0.0305,-0.003733,6.654E-4,-7.13E-4,0.001609,-0.001202,6.667E-4,0.02619,-0.05417,-0.003054,2.633E-4,-2.526E-4,-1.015E-4,4.333E-4,5.711E-4,1
1505066920284,true,1594.297,0,-0.03252,-0.0309,-0.00372,6.633E-4,-7.074E-4,0.001603,-0.001202,6.682E-4,0.02575,-0.05356,-0.003057,2.621E-4,-2.514E-4,-1.062E-4,4.244E-4,5.726E-4,1
1505066920440,true,1594.366,0,-0.03251,-0.03158,-0.003728,6.61E-4,-7.274E-4,0.001598,-0.00121,6.655E-4,0.02597,-0.05372,-0.003077,2.631E-4,-2.62E-4,-1.116E-4,4.027E-4,5.701E-4,1
1505066920476,true,1594.424,0,-0.03153,-0.0319,-0.003756,6.603E-4,-7.581E-4,0.001598,-0.001235,6.632E-4,0.02704,-0.0548,-0.003107,2.623E-4,-2.979E-4,-1.145E-4,3.728E-4,5.671E-4,1
1505066920512,true,1594.481,0,-0.0311,-0.03154,-0.003794,6.582E-4,-8.056E-4,0.001598,-0.001268,6.618E-4,0.02753,-0.05543,-0.003138,2.599E-4,-3.472E-4,-1.179E-4,3.311E-4,5.639E-4,1
1505066920548,true,1594.539,0,-0.03067,-0.03127,-0.003839,6.617E-4,-8.845E-4,0.001608,-0.001306,6.646E-4,0.02688,-0.05507,-0.003187,2.647E-4,-4.188E-4,-1.09E-4,2.71E-4,5.688E-4,1
1505066920585,true,1594.596,0,-0.03151,-0.03106,-0.003851,6.656E-4,-9.157E-4,0.001614,-0.001327,6.674E-4,0.02616,-0.05444,-0.003197,2.653E-4,-4.308E-4,-1.049E-4,2.608E-4,5.737E-4,1
1505066920715,true,1594.641,0,-0.0321,-0.0316,-0.003846,6.688E-4,-9.106E-4,0.001614,-0.001334,6.706E-4,0.02603,-0.05401,-0.003196,2.692E-4,-4.188E-4,-1.037E-4,2.603E-4,5.787E-4,1
1505066920751,true,1594.699,0,-0.0313,-0.03218,-0.003828,6.704E-4,-8.839E-4,0.001614,-0.001333,6.724E-4,0.02667,-0.05448,-0.003192,2.744E-4,-3.943E-4,-1.073E-4,2.768E-4,5.802E-4,1
1505066920787,true,1594.756,0,-0.03048,-0.03186,-0.003811,6.692E-4,-8.437E-4,0.001611,-0.001329,6.705E-4,0.02756,-0.0553,-0.003169,2.751E-4,-3.659E-4,-1.071E-4,3.073E-4,5.792E-4,1
1505066920823,true,1594.814,0,-0.02995,-0.0314,-0.003792,6.682E-4,-8.125E-4,0.001611,-0.001314,6.668E-4,0.02748,-0.05526,-0.003144,2.75E-4,-3.482E-4,-1.069E-4,3.316E-4,5.754E-4,1
1505066920859,true,1594.871,0,-0.03017,-0.0309,-0.00377,6.67E-4,-7.897E-4,0.001609,-0.001305,6.674E-4,0.02642,-0.0543,-0.003121,2.73E-4,-3.264E-4,-1.087E-4,3.553E-4,5.711E-4,1
1505066921015,true,1594.942,0,-0.03131,-0.03088,-0.003751,6.668E-4,-7.648E-4,0.001602,-0.001294,6.657E-4,0.02587,-0.05364,-0.003103,2.703E-4,-3.101E-4,-1.09E-4,3.623E-4,5.694E-4,1
1505066921051,true,1595.0,0,-0.03156,-0.0316,-0.003737,6.631E-4,-7.601E-4,0.0016,-0.001297,6.65E-4,0.02575,-0.05338,-0.003108,2.702E-4,-3.082E-4,-1.137E-4,3.543E-4,5.683E-4,1
1505066921087,true,1595.057,0,-0.03077,-0.03201,-0.003742,6.613E-4,-7.737E-4,0.001598,-0.001314,6.637E-4,0.02665,-0.05423,-0.003129,2.71E-4,-3.191E-4,-1.188E-4,3.474E-4,5.618E-4,1
1505066921123,true,1595.115,0,-0.03047,-0.03168,-0.003768,6.605E-4,-8.05E-4,0.001596,-0.001338,6.627E-4,0.02739,-0.05506,-0.003149,2.699E-4,-3.594E-4,-1.206E-4,3.222E-4,5.574E-4,1
1505066921159,true,1595.172,0,-0.03014,-0.03124,-0.003795,6.559E-4,-8.552E-4,0.001594,-0.001364,6.607E-4,0.02707,-0.05492,-0.003179,2.664E-4,-4.201E-4,-1.198E-4,2.779E-4,5.536E-4,1
1505066921290,true,1595.217,0,-0.03083,-0.03071,-0.003832,6.523E-4,-9.211E-4,0.001593,-0.001404,6.646E-4,0.02637,-0.05442,-0.003221,2.625E-4,-4.873E-4,-1.189E-4,2.215E-4,5.503E-4,1
1505066921326,true,1595.275,0,-0.03169,-0.03123,-0.003884,6.595E-4,-0.001005,0.001604,-0.001455,6.707E-4,0.02602,-0.05398,-0.003277,2.699E-4,-5.455E-4,-1.116E-4,1.513E-4,5.609E-4,1
1505066921362,true,1595.332,0,-0.03133,-0.03187,-0.003907,6.662E-4,-0.00102,0.001608,-0.001472,6.689E-4,0.02635,-0.05424,-0.00329,2.742E-4,-5.501E-4,-1.102E-4,1.454E-4,5.644E-4,1
1505066921398,true,1595.39,0,-0.03041,-0.03179,-0.003914,6.689E-4,-0.001014,0.00161,-0.001483,6.677E-4,0.02722,-0.05502,-0.00329,2.788E-4,-5.386E-4,-1.121E-4,1.497E-4,5.663E-4,1
1505066921435,true,1595.447,0,-0.02999,-0.0312,-0.003909,6.701E-4,-9.943E-4,0.001611,-0.001484,6.662E-4,0.02729,-0.05525,-0.003274,2.781E-4,-5.288E-4,-1.091E-4,1.659E-4,5.643E-4,1
1505066921590,true,1595.518,0,-0.02976,-0.03078,-0.003898,6.71E-4,-9.782E-4,0.001613,-0.001478,6.671E-4,0.02636,-0.05445,-0.003259,2.761E-4,-5.089E-4,-1.096E-4,1.888E-4,5.608E-4,1
1505066921626,true,1595.576,0,-0.03073,-0.03082,-0.003878,6.706E-4,-9.626E-4,0.001612,-0.001474,6.662E-4,0.02556,-0.05367,-0.003241,2.766E-4,-4.836E-4,-1.12E-4,2.072E-4,5.559E-4,1
1505066921663,true,1595.633,0,-0.03168,-0.03146,-0.00386,6.7E-4,-9.401E-4,0.001607,-0.001471,6.683E-4,0.02535,-0.05325,-0.003237,2.796E-4,-4.605E-4,-1.152E-4,2.181E-4,5.572E-4,1
1505066921698,true,1595.691,0,-0.03141,-0.03196,-0.003854,6.687E-4,-9.198E-4,0.001607,-0.001472,6.664E-4,0.0262,-0.05399,-0.003244,2.811E-4,-4.449E-4,-1.216E-4,2.242E-4,5.545E-4,1
1505066921734,true,1595.748,0,-0.03093,-0.03177,-0.003858,6.663E-4,-9.225E-4,0.001607,-0.001474,6.601E-4,0.0271,-0.05499,-0.003252,2.815E-4,-4.52E-4,-1.245E-4,2.22E-4,5.499E-4,1
1505066921866,true,1595.792,0,-0.03074,-0.03136,-0.003864,6.621E-4,-9.452E-4,0.001607,-0.001484,6.555E-4,0.0271,-0.0552,-0.003267,2.772E-4,-4.843E-4,-1.239E-4,2.058E-4,5.438E-4,1
1505066921902,true,1595.85,0,-0.03135,-0.03074,-0.00388,6.594E-4,-9.828E-4,0.001599,-0.001506,6.543E-4,0.02625,-0.05458,-0.003299,2.76E-4,-5.258E-4,-1.251E-4,1.709E-4,5.404E-4,1
1505066921938,true,1595.907,0,-0.03243,-0.03097,-0.003908,6.579E-4,-0.001037,0.001591,-0.001542,6.565E-4,0.02578,-0.05406,-0.003341,2.74E-4,-5.74E-4,-1.287E-4,1.166E-4,5.393E-4,1
1505066921974,true,1595.965,0,-0.03263,-0.03173,-0.003953,6.59E-4,-0.001108,0.001588,-0.001585,6.554E-4,0.026,-0.05416,-0.003397,2.733E-4,-6.349E-4,-1.358E-4,5.055E-5,5.398E-4,1
1505066922010,true,1596.022,0,-0.03187,-0.0318,-0.004021,6.695E-4,-0.001189,0.001598,-0.001646,6.592E-4,0.02689,-0.0551,-0.003457,2.812E-4,-7.014E-4,-1.289E-4,-1.867E-5,5.508E-4,1
1505066922165,true,1596.092,0,-0.03164,-0.03128,-0.004053,6.751E-4,-0.0012,0.001602,-0.001678,6.624E-4,0.02743,-0.05575,-0.00346,2.83E-4,-7.153E-4,-1.238E-4,-1.845E-5,5.509E-4,1
1505066922201,true,1596.15,0,-0.03149,-0.03068,-0.004053,6.773E-4,-0.001201,0.001607,-0.001685,6.628E-4,0.02661,-0.05513,-0.003459,2.839E-4,-7.13E-4,-1.195E-4,-4.67E-6,5.478E-4,1
1505066922237,true,1596.207,0,-0.03228,-0.03039,-0.004044,6.797E-4,-0.001187,0.001608,-0.001685,6.637E-4,0.02577,-0.05438,-0.003445,2.827E-4,-6.966E-4,-1.164E-4,1.688E-5,5.475E-4,1
1505066922273,true,1596.265,0,-0.03319,-0.031,-0.004034,6.834E-4,-0.001156,0.001605,-0.001681,6.653E-4,0.02541,-0.05386,-0.003433,2.818E-4,-6.672E-4,-1.17E-4,3.481E-5,5.487E-4,1
1505066922309,true,1596.322,0,-0.03291,-0.03166,-0.00402,6.858E-4,-0.001121,0.001603,-0.001687,6.683E-4,0.02601,-0.05437,-0.003433,2.869E-4,-6.452E-4,-1.174E-4,5.265E-5,5.48E-4,1
1505066922440,true,1596.367,0,-0.03235,-0.03164,-0.004013,6.886E-4,-0.001084,0.001601,-0.001682,6.651E-4,0.02693,-0.05535,-0.003421,2.867E-4,-6.232E-4,-1.193E-4,7.784E-5,5.456E-4,1
1505066922476,true,1596.425,0,-0.03204,-0.03135,-0.004004,6.862E-4,-0.001056,0.001597,-0.001671,6.616E-4,0.02717,-0.05577,-0.003413,2.858E-4,-6.132E-4,-1.199E-4,1.021E-4,5.378E-4,1
1505066922513,true,1596.482,0,-0.0322,-0.03086,-0.004,6.855E-4,-0.001051,0.001593,-0.001674,6.624E-4,0.02643,-0.05524,-0.003411,2.824E-4,-6.226E-4,-1.172E-4,1.1E-4,5.31E-4,1
1505066922549,true,1596.54,0,-0.03331,-0.0309,-0.004003,6.818E-4,-0.001065,0.001587,-0.001681,6.599E-4,0.02592,-0.05476,-0.003417,2.756E-4,-6.378E-4,-1.174E-4,9.484E-5,5.278E-4,1
1505066922585,true,1596.597,0,-0.03386,-0.03155,-0.00402,6.8E-4,-0.001095,0.001584,-0.001696,6.584E-4,0.02596,-0.05464,-0.003446,2.742E-4,-6.657E-4,-1.22E-4,5.13E-5,5.3E-4,1
1505066922741,true,1596.668,0,-0.03346,-0.03185,-0.004047,6.755E-4,-0.001131,0.001581,-0.001738,6.574E-4,0.02682,-0.05554,-0.003488,2.731E-4,-7.109E-4,-1.254E-4,-2.812E-6,5.329E-4,1
1505066922776,true,1596.726,0,-0.03296,-0.03137,-0.004092,6.729E-4,-0.001188,0.001581,-0.00177,6.516E-4,0.02771,-0.05652,-0.003535,2.734E-4,-7.759E-4,-1.254E-4,-4.998E-5,5.321E-4,1
1505066922813,true,1596.783,0,-0.03269,-0.03091,-0.004144,6.788E-4,-0.001262,0.001592,-0.001811,6.547E-4,0.0272,-0.05621,-0.003588,2.787E-4,-8.481E-4,-1.119E-4,-1.022E-4,5.367E-4,1
1505066922849,true,1596.841,0,-0.03345,-0.03038,-0.004163,6.84E-4,-0.001273,0.001594,-0.00182,6.55E-4,0.02635,-0.05553,-0.00359,2.778E-4,-8.564E-4,-1.055E-4,-1.025E-4,5.392E-4,1
1505066922885,true,1596.898,0,-0.03435,-0.03084,-0.00416,6.884E-4,-0.001264,0.001596,-0.001816,6.555E-4,0.0257,-0.05482,-0.00359,2.799E-4,-8.402E-4,-1.037E-4,-9.352E-5,5.434E-4,1
1505066923040,true,1596.967,0,-0.03454,-0.0316,-0.004152,6.917E-4,-0.001227,0.001594,-0.001812,6.571E-4,0.02591,-0.05491,-0.003584,2.819E-4,-8.11E-4,-1.07E-4,-7.377E-5,5.458E-4,1
1505066923076,true,1597.025,0,-0.03373,-0.03189,-0.004138,6.918E-4,-0.00119,0.001593,-0.00181,6.548E-4,0.02693,-0.05599,-0.003567,2.832E-4,-7.815E-4,-1.077E-4,-4.399E-5,5.463E-4,1
1505066923112,true,1597.082,0,-0.03353,-0.03139,-0.004129,6.927E-4,-0.00115,0.001594,-0.001801,6.54E-4,0.02738,-0.05659,-0.003551,2.84E-4,-7.603E-4,-1.058E-4,-1.206E-5,5.429E-4,1
1505066923147,true,1597.14,0,-0.03317,-0.03113,-0.004113,6.93E-4,-0.001125,0.001596,-0.001785,6.549E-4,0.02682,-0.05611,-0.003535,2.819E-4,-7.439E-4,-1.038E-4,1.62E-5,5.389E-4,1
1505066923184,true,1597.197,0,-0.03383,-0.03107,-0.004099,6.918E-4,-0.001103,0.001589,-0.001774,6.577E-4,0.02628,-0.0556,-0.003527,2.79E-4,-7.281E-4,-1.049E-4,2.72E-5,5.378E-4,1
1505066923315,true,1597.242,0,-0.03445,-0.0317,-0.004089,6.899E-4,-0.001093,0.001583,-0.001767,6.57E-4,0.02604,-0.05513,-0.00353,2.786E-4,-7.229E-4,-1.086E-4,1.719E-5,5.392E-4,1
1505066923351,true,1597.3,0,-0.0338,-0.03233,-0.004088,6.87E-4,-0.001094,0.001576,-0.001784,6.583E-4,0.02676,-0.05564,-0.003552,2.781E-4,-7.369E-4,-1.134E-4,-7.03E-7,5.391E-4,1
1505066923387,true,1597.357,0,-0.0329,-0.03204,-0.004109,6.842E-4,-0.001128,0.001576,-0.001809,6.601E-4,0.02771,-0.05657,-0.003577,2.774E-4,-7.711E-4,-1.154E-4,-2.894E-5,5.388E-4,1
1505066923422,true,1597.415,0,-0.03238,-0.0316,-0.004144,6.817E-4,-0.001167,0.001574,-0.001826,6.565E-4,0.02753,-0.05658,-0.003611,2.742E-4,-8.182E-4,-1.154E-4,-6.457E-5,5.349E-4,1
1505066923459,true,1597.472,0,-0.03268,-0.03105,-0.004185,6.795E-4,-0.00123,0.001573,-0.00185,6.546E-4,0.02645,-0.05572,-0.003653,2.715E-4,-8.77E-4,-1.15E-4,-1.119E-4,5.297E-4,1
1505066923589,true,1597.516,0,-0.0336,-0.03117,-0.004228,6.854E-4,-0.001297,0.00158,-0.001895,6.637E-4,0.02578,-0.05501,-0.003698,2.786E-4,-9.258E-4,-1.077E-4,-1.664E-4,5.371E-4,1
1505066923626,true,1597.574,0,-0.03415,-0.03183,-0.004241,6.907E-4,-0.001306,0.001585,-0.001908,6.692E-4,0.02565,-0.05472,-0.003711,2.83E-4,-9.195E-4,-1.062E-4,-1.813E-4,5.44E-4,1
1505066923662,true,1597.631,0,-0.03368,-0.03209,-0.004248,6.948E-4,-0.001294,0.001589,-0.001915,6.72E-4,0.02654,-0.05546,-0.003709,2.858E-4,-8.99E-4,-1.063E-4,-1.661E-4,5.463E-4,1
1505066923698,true,1597.689,0,-0.03313,-0.0317,-0.004246,6.974E-4,-0.001274,0.001592,-0.001907,6.726E-4,0.02743,-0.05628,-0.003694,2.864E-4,-8.833E-4,-1.054E-4,-1.297E-4,5.435E-4,1
1505066923734,true,1597.746,0,-0.03271,-0.03143,-0.004232,6.982E-4,-0.001252,0.001593,-0.001888,6.727E-4,0.02702,-0.05595,-0.003674,2.862E-4,-8.638E-4,-1.05E-4,-1.081E-4,5.436E-4,1
1505066923890,true,1597.817,0,-0.03315,-0.03113,-0.004217,7.004E-4,-0.001232,0.001593,-0.001878,6.774E-4,0.02644,-0.05542,-0.003653,2.836E-4,-8.432E-4,-1.039E-4,-8.169E-5,5.401E-4,1
