1505067074014,true,1748.018,0,-0.02538,-0.02663,-0.001831,7.295E-4,-2.423E-4,0.001821,-2.665E-4,7.148E-4,0.0244,-0.04712,-0.001183,3.957E-4,4.609E-4,-1.568E-5,8.302E-4,6.189E-4,0
1505067074050,true,1748.076,0,-0.02483,-0.02648,-0.001803,7.273E-4,-2.052E-4,0.001819,-2.552E-4,7.099E-4,0.02531,-0.04798,-0.001157,3.974E-4,4.89E-4,-1.892E-5,8.557E-4,6.182E-4,0
1505067074086,true,1748.133,0,-0.02429,-0.026,-0.001782,7.223E-4,-1.736E-4,0.001817,-2.359E-4,7.04E-4,0.02559,-0.04824,-0.001126,3.954E-4,4.997E-4,-1.96E-5,8.798E-4,6.134E-4,0
1505067074242,true,1748.204,0,-0.02402,-0.02553,-0.001759,7.186E-4,-1.539E-4,0.001809,-2.252E-4,7.003E-4,0.02485,-0.04756,-0.001102,3.916E-4,5.114E-4,-2.222E-5,8.929E-4,6.061E-4,0
1505067074278,true,1748.262,0,-0.02444,-0.02564,-0.001748,7.152E-4,-1.639E-4,0.001806,-2.233E-4,6.976E-4,0.02412,-0.04679,-0.001093,3.878E-4,5.155E-4,-2.934E-5,8.828E-4,6.021E-4,0
1505067074314,true,1748.319,0,-0.02518,-0.02636,-0.001752,7.111E-4,-1.919E-4,0.0018,-2.448E-4,6.955E-4,0.02388,-0.04634,-0.001111,3.86E-4,5.006E-4,-3.611E-5,8.492E-4,6.02E-4,0
1505067074351,true,1748.377,0,-0.02477,-0.02692,-0.001772,7.059E-4,-2.288E-4,0.001794,-2.721E-4,6.899E-4,0.02468,-0.04724,-0.001142,3.867E-4,4.658E-4,-4.243E-5,8.199E-4,5.963E-4,0
1505067074386,true,1748.434,0,-0.02448,-0.02668,-0.001807,7.003E-4,-2.836E-4,0.001792,-3.037E-4,6.842E-4,0.02563,-0.04837,-0.001179,3.846E-4,4.105E-4,-4.53E-5,7.717E-4,5.93E-4,0
1505067074517,true,1748.478,0,-0.0244,-0.02634,-0.001844,6.917E-4,-3.574E-4,0.001793,-3.415E-4,6.789E-4,0.02559,-0.04864,-0.001222,3.788E-4,3.441E-4,-4.775E-5,7.197E-4,5.855E-4,0
1505067074553,true,1748.536,0,-0.02507,-0.02604,-0.001907,6.993E-4,-4.544E-4,0.0018,-3.977E-4,6.857E-4,0.02483,-0.04822,-0.00128,3.836E-4,2.597E-4,-3.681E-5,6.461E-4,5.904E-4,0
1505067074589,true,1748.593,0,-0.02657,-0.02638,-0.001929,7.039E-4,-4.907E-4,0.001803,-4.232E-4,6.916E-4,0.02458,-0.04799,-0.001291,3.863E-4,2.481E-4,-3.424E-5,6.268E-4,5.957E-4,0
1505067074626,true,1748.651,0,-0.02679,-0.02721,-0.00192,7.046E-4,-4.74E-4,0.0018,-4.353E-4,6.93E-4,0.025,-0.04835,-0.001281,3.883E-4,2.644E-4,-3.392E-5,6.301E-4,6.012E-4,0
1505067074665,true,1748.708,0,-0.02612,-0.02742,-0.00191,7.069E-4,-4.446E-4,0.001799,-4.393E-4,6.915E-4,0.02611,-0.04951,-0.001268,3.93E-4,2.923E-4,-3.548E-5,6.563E-4,6.022E-4,0
1505067074792,true,1748.753,0,-0.02574,-0.02693,-0.00189,7.045E-4,-4.017E-4,0.001795,-4.214E-4,6.848E-4,0.02683,-0.05032,-0.001232,3.937E-4,3.149E-4,-3.678E-5,6.841E-4,6.011E-4,0
1505067074828,true,1748.811,0,-0.02522,-0.02661,-0.001863,7.01E-4,-3.782E-4,0.001796,-4.067E-4,6.846E-4,0.02614,-0.04982,-0.001202,3.917E-4,3.404E-4,-3.786E-5,7.176E-4,5.961E-4,0
1505067074864,true,1748.868,0,-0.02605,-0.02641,-0.001834,6.993E-4,-3.523E-4,0.001788,-3.903E-4,6.812E-4,0.0253,-0.04911,-0.001168,3.854E-4,3.654E-4,-4.1E-5,7.38E-4,5.948E-4,0
1505067074901,true,1748.926,0,-0.02696,-0.02708,-0.001816,6.972E-4,-3.335E-4,0.001781,-3.867E-4,6.809E-4,0.0249,-0.04858,-0.001154,3.852E-4,3.745E-4,-4.358E-5,7.282E-4,5.953E-4,0
1505067074936,true,1748.983,0,-0.0267,-0.02789,-0.001804,6.916E-4,-3.256E-4,0.001775,-3.921E-4,6.773E-4,0.02546,-0.04925,-0.001156,3.846E-4,3.799E-4,-5.342E-5,7.188E-4,5.927E-4,0
1505067075093,true,1749.054,0,-0.02587,-0.02805,-0.001807,6.84E-4,-3.457E-4,0.001773,-4.132E-4,6.749E-4,0.02651,-0.05042,-0.001169,3.822E-4,3.56E-4,-5.725E-5,7.006E-4,5.896E-4,0
1505067075128,true,1749.112,0,-0.02583,-0.02779,-0.00183,6.78E-4,-3.876E-4,0.001772,-4.399E-4,6.69E-4,0.02651,-0.0508,-0.001196,3.794E-4,3.073E-4,-5.825E-5,6.685E-4,5.841E-4,0
1505067075165,true,1749.169,0,-0.02614,-0.02767,-0.001854,6.695E-4,-4.476E-4,0.001769,-4.733E-4,6.657E-4,0.02583,-0.05047,-0.001243,3.769E-4,2.472E-4,-5.936E-5,6.201E-4,5.792E-4,0
1505067075201,true,1749.227,0,-0.02748,-0.02795,-0.001902,6.676E-4,-5.329E-4,0.001768,-5.185E-4,6.66E-4,0.02557,-0.05037,-0.001303,3.747E-4,1.847E-4,-6.055E-5,5.419E-4,5.82E-4,0
1505067075237,true,1749.284,0,-0.02822,-0.02884,-0.001953,6.758E-4,-6.021E-4,0.001776,-5.67E-4,6.715E-4,0.0256,-0.05036,-0.001346,3.812E-4,1.322E-4,-4.996E-5,4.811E-4,5.947E-4,0
1505067075393,true,1749.354,0,-0.02766,-0.0294,-0.001965,6.803E-4,-6.095E-4,0.001783,-5.859E-4,6.725E-4,0.02661,-0.05142,-0.001342,3.848E-4,1.399E-4,-4.951E-5,4.877E-4,5.977E-4,0
1505067075428,true,1749.412,0,-0.0272,-0.029,-0.001956,6.806E-4,-5.784E-4,0.001783,-5.852E-4,6.71E-4,0.02761,-0.0525,-0.001322,3.866E-4,1.562E-4,-4.682E-5,5.197E-4,5.965E-4,0
1505067075465,true,1749.469,0,-0.02693,-0.02856,-0.001933,6.795E-4,-5.42E-4,0.00178,-5.613E-4,6.673E-4,0.02725,-0.0524,-0.001282,3.842E-4,1.776E-4,-4.331E-5,5.522E-4,5.953E-4,0
1505067075501,true,1749.527,0,-0.02759,-0.02807,-0.001891,6.755E-4,-5.016E-4,0.001778,-5.33E-4,6.64E-4,0.02629,-0.05156,-0.001238,3.802E-4,2.146E-4,-4.387E-5,5.831E-4,5.921E-4,0
1505067075537,true,1749.584,0,-0.02847,-0.02862,-0.001857,6.749E-4,-4.679E-4,0.001779,-5.157E-4,6.633E-4,0.0259,-0.05109,-0.001207,3.787E-4,2.521E-4,-4.564E-5,6.046E-4,5.945E-4,0
1505067075667,true,1749.629,0,-0.0281,-0.02955,-0.001816,6.707E-4,-4.173E-4,0.001774,-4.987E-4,6.629E-4,0.02605,-0.05117,-0.001184,3.786E-4,2.881E-4,-4.885E-5,6.298E-4,5.956E-4,0
1505067075703,true,1749.687,0,-0.02717,-0.02981,-0.001786,6.652E-4,-3.745E-4,0.001768,-4.891E-4,6.594E-4,0.02711,-0.05221,-0.001164,3.796E-4,3.175E-4,-5.28E-5,6.55E-4,5.94E-4,0
1505067075739,true,1749.744,0,-0.02696,-0.02956,-0.001776,6.593E-4,-3.558E-4,0.001763,-4.762E-4,6.54E-4,0.0275,-0.05279,-0.001146,3.73E-4,3.186E-4,-5.244E-5,6.688E-4,5.9E-4,0
1505067075775,true,1749.802,0,-0.02708,-0.02924,-0.001775,6.521E-4,-3.579E-4,0.001756,-4.68E-4,6.485E-4,0.02697,-0.05244,-0.001149,3.673E-4,3.024E-4,-5.421E-5,6.656E-4,5.841E-4,0
1505067075814,true,1749.859,0,-0.02809,-0.0293,-0.001786,6.456E-4,-3.903E-4,0.00175,-4.827E-4,6.495E-4,0.02647,-0.05207,-0.001167,3.612E-4,2.728E-4,-5.424E-5,6.312E-4,5.842E-4,0
1505067075967,true,1749.929,0,-0.02895,-0.03009,-0.001813,6.397E-4,-4.31E-4,0.001742,-5.035E-4,6.492E-4,0.02653,-0.05204,-0.001209,3.604E-4,2.368E-4,-5.73E-5,5.85E-4,5.868E-4,0
1505067076004,true,1749.987,0,-0.02865,-0.0308,-0.001864,6.449E-4,-4.988E-4,0.00175,-5.422E-4,6.54E-4,0.02735,-0.05278,-0.001272,3.683E-4,1.769E-4,-5.203E-5,5.332E-4,5.942E-4,0
1505067076040,true,1750.044,0,-0.02793,-0.03058,-0.001895,6.523E-4,-5.306E-4,0.001763,-5.598E-4,6.568E-4,0.02827,-0.05375,-0.001282,3.76E-4,1.562E-4,-4.028E-5,5.239E-4,6.047E-4,0
1505067076076,true,1750.102,0,-0.02744,-0.03005,-0.001884,6.542E-4,-4.973E-4,0.001765,-5.401E-4,6.584E-4,0.02819,-0.0538,-0.001246,3.746E-4,1.794E-4,-3.264E-5,5.573E-4,6.076E-4,0
1505067076112,true,1750.159,0,-0.02779,-0.02951,-0.001847,6.551E-4,-4.56E-4,0.001765,-5.08E-4,6.59E-4,0.02709,-0.05281,-0.001204,3.744E-4,2.212E-4,-2.696E-5,6.065E-4,6.086E-4,0
1505067076243,true,1750.204,0,-0.02883,-0.02962,-0.001809,6.575E-4,-3.943E-4,0.001759,-4.637E-4,6.584E-4,0.02658,-0.05209,-0.001154,3.752E-4,2.818E-4,-2.469E-5,6.536E-4,6.126E-4,0
1505067076279,true,1750.262,0,-0.02894,-0.03032,-0.001766,6.575E-4,-3.232E-4,0.001755,-4.295E-4,6.589E-4,0.02664,-0.05187,-0.001104,3.749E-4,3.4E-4,-2.648E-5,7.005E-4,6.152E-4,0
1505067076315,true,1750.319,0,-0.02817,-0.0306,-0.001712,6.544E-4,-2.587E-4,0.001756,-4.028E-4,6.579E-4,0.02752,-0.05263,-0.001066,3.789E-4,3.953E-4,-2.762E-5,7.488E-4,6.147E-4,0
1505067076351,true,1750.377,0,-0.02775,-0.0302,-0.001673,6.509E-4,-1.998E-4,0.001753,-3.7E-4,6.565E-4,0.02837,-0.0534,-0.001017,3.793E-4,4.347E-4,-2.669E-5,7.951E-4,6.134E-4,0
1505067076387,true,1750.434,0,-0.02744,-0.02981,-0.001635,6.468E-4,-1.557E-4,0.001753,-3.27E-4,6.509E-4,0.02789,-0.053,-9.865E-4,3.792E-4,4.59E-4,-2.552E-5,8.314E-4,6.068E-4,0
1505067076542,true,1750.504,0,-0.02803,-0.02963,-0.001606,6.416E-4,-1.27E-4,0.001746,-2.926E-4,6.462E-4,0.02741,-0.05253,-9.576E-4,3.735E-4,4.773E-4,-2.769E-5,8.482E-4,6.042E-4,0
1505067076578,true,1750.562,0,-0.02877,-0.03009,-0.001591,6.361E-4,-1.236E-4,0.001739,-2.784E-4,6.437E-4,0.02723,-0.05217,-9.558E-4,3.694E-4,4.774E-4,-3.058E-5,8.38E-4,6.071E-4,0
1505067076615,true,1750.619,0,-0.02846,-0.0308,-0.001597,6.325E-4,-1.365E-4,0.001736,-2.867E-4,6.435E-4,0.02774,-0.05254,-9.799E-4,3.697E-4,4.559E-4,-3.321E-5,8.216E-4,6.056E-4,0
1505067076650,true,1750.677,0,-0.02764,-0.03077,-0.001624,6.28E-4,-1.749E-4,0.001734,-3.062E-4,6.404E-4,0.02867,-0.05345,-0.001006,3.658E-4,4.259E-4,-3.806E-5,7.822E-4,6.081E-4,0
1505067076686,true,1750.734,0,-0.02729,-0.03025,-0.001674,6.361E-4,-2.424E-4,0.001748,-3.374E-4,6.411E-4,0.02879,-0.05365,-0.001045,3.728E-4,3.689E-4,-2.751E-5,7.463E-4,6.127E-4,0
1505067076818,true,1750.779,0,-0.02684,-0.02981,-0.00168,6.433E-4,-2.58E-4,0.00176,-3.362E-4,6.464E-4,0.02795,-0.0529,-0.001028,3.751E-4,3.772E-4,-2.02E-5,7.618E-4,6.151E-4,0
1505067076854,true,1750.837,0,-0.02776,-0.02964,-0.001646,6.458E-4,-2.283E-4,0.001764,-3.088E-4,6.49E-4,0.0272,-0.052,-9.877E-4,3.772E-4,4.187E-4,-1.593E-5,7.887E-4,6.201E-4,0
1505067076890,true,1750.894,0,-0.02835,-0.03013,-0.001607,6.493E-4,-1.744E-4,0.001763,-2.729E-4,6.491E-4,0.02677,-0.05134,-9.497E-4,3.821E-4,4.705E-4,-1.363E-5,8.284E-4,6.25E-4,0
1505067076926,true,1750.952,0,-0.02799,-0.0304,-0.001562,6.518E-4,-1.073E-4,0.001763,-2.418E-4,6.482E-4,0.02746,-0.05183,-9.032E-4,3.855E-4,5.294E-4,-1.248E-5,8.86E-4,6.253E-4,0
1505067076962,true,1751.009,0,-0.02747,-0.03,-0.001528,6.549E-4,-4.028E-5,0.001765,-2.11E-4,6.469E-4,0.02835,-0.05265,-8.457E-4,3.866E-4,5.726E-4,-9.007E-6,9.394E-4,6.267E-4,0
1505067077117,true,1751.079,0,-0.02717,-0.02964,-0.001478,6.517E-4,1.947E-5,0.001765,-1.7E-4,6.456E-4,0.02834,-0.05265,-7.919E-4,3.874E-4,6.157E-4,-5.515E-6,9.926E-4,6.223E-4,0
1505067077153,true,1751.137,0,-0.02749,-0.0293,-0.001419,6.464E-4,7.015E-5,0.001763,-1.336E-4,6.429E-4,0.0277,-0.05206,-7.399E-4,3.835E-4,6.609E-4,-6.662E-6,0.001036,6.2E-4,0
1505067077189,true,1751.194,0,-0.02807,-0.02968,-0.001384,6.435E-4,1.06E-4,0.001759,-1.042E-4,6.413E-4,0.02731,-0.05152,-7.128E-4,3.822E-4,6.875E-4,-7.148E-6,0.001049,6.223E-4,0
1505067077225,true,1751.252,0,-0.02792,-0.03037,-0.001361,6.392E-4,1.189E-4,0.001757,-1.014E-4,6.43E-4,0.02761,-0.05159,-7.12E-4,3.828E-4,6.994E-4,-1.341E-5,0.001054,6.198E-4,0
1505067077261,true,1751.309,0,-0.02714,-0.03038,-0.001355,6.338E-4,1.119E-4,0.001754,-1.101E-4,6.419E-4,0.02854,-0.05249,-7.227E-4,3.827E-4,6.842E-4,-1.575E-5,0.001043,6.186E-4,0
1505067077393,true,1751.355,0,-0.02632,-0.02984,-0.001367,6.289E-4,7.703E-5,0.001754,-1.233E-4,6.382E-4,0.02905,-0.05309,-7.431E-4,3.811E-4,6.462E-4,-1.488E-5,0.001016,6.154E-4,0
1505067077429,true,1751.413,0,-0.0258,-0.02939,-0.001391,6.273E-4,1.82E-5,0.001757,-1.466E-4,6.386E-4,0.0282,-0.05246,-7.82E-4,3.783E-4,5.917E-4,-1.339E-5,9.722E-4,6.15E-4,0
1505067077465,true,1751.47,0,-0.02668,-0.0292,-0.00143,6.389E-4,-4.553E-5,0.001773,-1.896E-4,6.508E-4,0.02711,-0.05143,-8.093E-4,3.845E-4,5.534E-4,-3.075E-6,9.323E-4,6.235E-4,0
1505067077502,true,1751.528,0,-0.02753,-0.02962,-0.001425,6.444E-4,-4.591E-5,0.001779,-1.892E-4,6.584E-4,0.02653,-0.05066,-7.916E-4,3.865E-4,5.77E-4,-9.06E-7,9.358E-4,6.319E-4,0
1505067077537,true,1751.585,0,-0.02708,-0.03033,-0.001399,6.485E-4,-5.971E-6,0.00178,-1.798E-4,6.626E-4,0.0269,-0.05089,-7.581E-4,3.891E-4,6.179E-4,-3.264E-7,9.609E-4,6.368E-4,0
1505067077693,true,1751.654,0,-0.02629,-0.03028,-0.001367,6.494E-4,3.993E-5,0.001786,-1.554E-4,6.608E-4,0.0279,-0.05179,-7.131E-4,3.903E-4,6.62E-4,-1.209E-6,0.001003,6.382E-4,0
1505067077729,true,1751.712,0,-0.02597,-0.02993,-0.001325,6.469E-4,9.606E-5,0.001785,-1.248E-4,6.616E-4,0.02796,-0.05194,-6.693E-4,3.892E-4,7.017E-4,-2.707E-8,0.00106,6.313E-4,0
1505067077764,true,1751.769,0,-0.02593,-0.02961,-0.001285,6.463E-4,1.396E-4,0.001787,-8.611E-5,6.593E-4,0.02725,-0.05131,-6.288E-4,3.89E-4,7.45E-4,1.177E-6,0.001105,6.294E-4,0
1505067077801,true,1751.827,0,-0.0267,-0.02965,-0.001244,6.461E-4,1.828E-4,0.001783,-5.478E-5,6.608E-4,0.02689,-0.05084,-5.948E-4,3.888E-4,7.901E-4,-5.531E-7,0.001146,6.281E-4,0
1505067077837,true,1751.884,0,-0.02692,-0.03033,-0.00121,6.426E-4,2.233E-4,0.00178,-2.767E-5,6.602E-4,0.02707,-0.05073,-5.728E-4,3.899E-4,8.255E-4,-5.029E-6,0.001167,6.271E-4,0
1505067077968,true,1751.929,0,-0.02607,-0.03074,-0.00119,6.392E-4,2.513E-4,0.001776,-2.309E-5,6.587E-4,0.02804,-0.05156,-5.569E-4,3.884E-4,8.439E-4,-8.311E-6,0.00118,6.262E-4,0
1505067078004,true,1751.987,0,-0.02565,-0.03022,-0.001187,6.34E-4,2.498E-4,0.001773,-2.376E-5,6.557E-4,0.02879,-0.05236,-5.485E-4,3.841E-4,8.436E-4,-1.158E-5,0.001189,6.208E-4,0
1505067078040,true,1752.044,0,-0.02541,-0.02971,-0.001195,6.269E-4,2.233E-4,0.001771,-2.676E-5,6.548E-4,0.02833,-0.05202,-5.585E-4,3.796E-4,8.103E-4,-1.127E-5,0.001171,6.155E-4,0
1505067078076,true,1752.102,0,-0.02591,-0.0292,-0.001219,6.238E-4,1.777E-4,0.001769,-4.561E-5,6.523E-4,0.0273,-0.05114,-5.806E-4,3.723E-4,7.692E-4,-1.158E-5,0.001133,6.132E-4,0
1505067078112,true,1752.159,0,-0.02699,-0.02939,-0.001255,6.286E-4,1.125E-4,0.001782,-8.53E-5,6.61E-4,0.02665,-0.05039,-6.163E-4,3.783E-4,7.236E-4,-2.253E-6,0.001085,6.225E-4,0
1505067078243,true,1752.205,0,-0.02722,-0.03008,-0.001249,6.298E-4,1.218E-4,0.001787,-8.701E-5,6.657E-4,0.02695,-0.0505,-6.028E-4,3.801E-4,7.443E-4,-8.413E-7,0.001093,6.284E-4,0
1505067078279,true,1752.263,0,-0.0268,-0.0301,-0.001232,6.286E-4,1.655E-4,0.001789,-6.749E-5,6.635E-4,0.02782,-0.05134,-5.81E-4,3.832E-4,7.796E-4,3.826E-7,0.00113,6.314E-4,0
1505067078315,true,1752.32,0,-0.0265,-0.02965,-0.001202,6.257E-4,2.151E-4,0.00179,-3.749E-5,6.619E-4,0.02818,-0.05173,-5.371E-4,3.823E-4,8.161E-4,4.04E-6,0.001188,6.284E-4,0
1505067078351,true,1752.378,0,-0.02636,-0.02927,-0.001165,6.223E-4,2.732E-4,0.001788,-5.884E-6,6.661E-4,0.02745,-0.0511,-4.87E-4,3.778E-4,8.656E-4,3.376E-6,0.001243,6.262E-4,0
1505067078386,true,1752.435,0,-0.02729,-0.02916,-0.001125,6.21E-4,3.249E-4,0.001783,2.297E-5,6.713E-4,0.0271,-0.05058,-4.382E-4,3.741E-4,9.114E-4,7.127E-6,0.001285,6.268E-4,0
1505067078542,true,1752.505,0,-0.02777,-0.0297,-0.001088,6.202E-4,3.836E-4,0.001777,5.556E-5,6.742E-4,0.02702,-0.05016,-3.916E-4,3.707E-4,9.634E-4,6.814E-6,0.001327,6.294E-4,0
1505067078579,true,1752.563,0,-0.02747,-0.03002,-0.001055,6.158E-4,4.383E-4,0.001773,8.375E-5,6.729E-4,0.02784,-0.05071,-3.571E-4,3.681E-4,0.001006,2.889E-6,0.001366,6.305E-4,0
1505067078615,true,1752.62,0,-0.02677,-0.02958,-0.001026,6.065E-4,4.77E-4,0.001768,1.103E-4,6.707E-4,0.02886,-0.05163,-3.293E-4,3.658E-4,0.001037,-8.753E-7,0.001407,6.256E-4,0
1505067078651,true,1752.678,0,-0.02606,-0.02926,-0.00102,5.994E-4,4.892E-4,0.001764,1.268E-4,6.695E-4,0.02877,-0.05161,-3.119E-4,3.623E-4,0.001043,-4.189E-6,0.001433,6.18E-4,0
1505067078687,true,1752.735,0,-0.02634,-0.02877,-0.001013,5.891E-4,4.789E-4,0.001759,1.297E-4,6.696E-4,0.0277,-0.05071,-3.116E-4,3.57E-4,0.001032,-7.893E-6,0.001436,6.131E-4,0
1505067078843,true,1752.804,0,-0.02746,-0.02894,-0.00103,5.819E-4,4.385E-4,0.001755,1.101E-4,6.729E-4,0.02699,-0.04991,-3.336E-4,3.516E-4,0.001004,-1.098E-5,0.001399,6.165E-4,0
1505067078879,true,1752.862,0,-0.02777,-0.02969,-0.001066,5.851E-4,3.909E-4,0.001761,8.493E-5,6.798E-4,0.02701,-0.04985,-3.751E-4,3.598E-4,9.729E-4,-5.471E-6,0.001365,6.278E-4,0
1505067078914,true,1752.919,0,-0.02719,-0.03003,-0.001068,5.862E-4,3.982E-4,0.001767,8.116E-5,6.822E-4,0.02779,-0.0506,-3.632E-4,3.607E-4,9.969E-4,-5.081E-6,0.001399,6.288E-4,0
1505067078951,true,1752.977,0,-0.02705,-0.02969,-0.001052,5.852E-4,4.355E-4,0.00177,1.09E-4,6.821E-4,0.02848,-0.05136,-3.254E-4,3.59E-4,0.001029,-3.026E-6,0.001447,6.311E-4,0
1505067078987,true,1753.034,0,-0.02682,-0.02936,-0.001024,5.809E-4,4.816E-4,0.001772,1.5E-4,6.832E-4,0.02815,-0.0512,-2.734E-4,3.551E-4,0.001072,8.316E-7,0.001511,6.29E-4,0
1505067079117,true,1753.079,0,-0.02761,-0.0292,-9.849E-4,5.782E-4,5.352E-4,0.00177,1.868E-4,6.869E-4,0.02761,-0.05073,-2.176E-4,3.492E-4,0.001121,1.168E-6,0.001572,6.291E-4,0
1505067079153,true,1753.137,0,-0.02849,-0.02976,-9.448E-4,5.747E-4,5.968E-4,0.001765,2.344E-4,6.855E-4,0.0276,-0.05045,-1.801E-4,3.472E-4,0.001177,-2.303E-6,0.001616,6.346E-4,0
1505067079189,true,1753.194,0,-0.02829,-0.03056,-9.035E-4,5.683E-4,6.633E-4,0.00176,2.691E-4,6.85E-4,0.02833,-0.05099,-1.427E-4,3.434E-4,0.00123,-7.179E-6,0.001665,6.372E-4,0
1505067079225,true,1753.252,0,-0.02757,-0.03055,-8.785E-4,5.631E-4,7.244E-4,0.001754,3.045E-4,6.828E-4,0.02942,-0.05202,-1.088E-4,3.399E-4,0.001268,-1.098E-5,0.001708,6.377E-4,0
1505067079261,true,1753.309,0,-0.02742,-0.02988,-8.576E-4,5.56E-4,7.602E-4,0.001753,3.393E-4,6.79E-4,0.02962,-0.05236,-7.908E-5,3.332E-4,0.001294,-1.42E-5,0.001741,6.342E-4,0
1505067079418,true,1753.38,0,-0.02716,-0.02964,-8.507E-4,5.494E-4,7.76E-4,0.001748,3.582E-4,6.791E-4,0.0285,-0.05147,-5.96E-5,3.232E-4,0.001303,-1.716E-5,0.001766,6.272E-4,0
1505067079454,true,1753.438,0,-0.02807,-0.02978,-8.512E-4,5.412E-4,7.758E-4,0.001739,3.693E-4,6.741E-4,0.02777,-0.05081,-5.807E-5,3.115E-4,0.001302,-2.176E-5,0.001751,6.286E-4,0
1505067079490,true,1753.495,0,-0.02888,-0.03056,-8.68E-4,5.355E-4,7.532E-4,0.001734,3.561E-4,6.771E-4,0.02758,-0.05044,-8.856E-5,3.079E-4,0.001282,-2.894E-5,0.001727,6.288E-4,0
1505067079526,true,1753.553,0,-0.02871,-0.03111,-9.012E-4,5.38E-4,7.091E-4,0.001747,3.415E-4,6.769E-4,0.0281,-0.0512,-1.218E-4,3.117E-4,0.001257,-2.409E-5,0.001706,6.348E-4,0
1505067079562,true,1753.61,0,-0.02832,-0.03098,-9.042E-4,5.375E-4,7.285E-4,0.001751,3.477E-4,6.766E-4,0.02898,-0.05217,-1.11E-4,3.118E-4,0.00128,-2.464E-5,0.001735,6.347E-4,0
1505067079693,true,1753.655,0,-0.02803,-0.03072,-8.871E-4,5.35E-4,7.565E-4,0.001756,3.758E-4,6.764E-4,0.02875,-0.05218,-8.371E-5,3.082E-4,0.001304,-2.138E-5,0.001777,6.33E-4,0
1505067079729,true,1753.713,0,-0.02877,-0.03032,-8.624E-4,5.34E-4,7.936E-4,0.001758,4.135E-4,6.78E-4,0.02802,-0.05162,-4.84E-5,3.039E-4,0.001342,-2.098E-5,0.001818,6.333E-4,0
1505067079765,true,1753.77,0,-0.02969,-0.03063,-8.312E-4,5.321E-4,8.423E-4,0.001755,4.574E-4,6.774E-4,0.02784,-0.05128,-1.773E-5,3.011E-4,0.001389,-2.258E-5,0.001851,6.381E-4,0
1505067079801,true,1753.828,0,-0.02982,-0.0314,-8.046E-4,5.307E-4,9.001E-4,0.001752,4.892E-4,6.778E-4,0.02811,-0.05133,1.135E-5,2.994E-4,0.001433,-2.446E-5,0.00189,6.409E-4,0
1505067079836,true,1753.885,0,-0.0286,-0.03176,-7.769E-4,5.28E-4,9.584E-4,0.001751,5.278E-4,6.738E-4,0.02916,-0.05231,4.171E-5,2.989E-4,0.001477,-2.728E-5,0.001935,6.407E-4,0
1505067079992,true,1753.955,0,-0.02808,-0.03128,-7.493E-4,5.227E-4,0.001003,0.00175,5.661E-4,6.678E-4,0.02984,-0.053,7.681E-5,2.948E-4,0.001503,-2.826E-5,0.001969,6.383E-4,0
1505067080028,true,1754.013,0,-0.02773,-0.03087,-7.24E-4,5.183E-4,0.001034,0.001746,5.982E-4,6.651E-4,0.0293,-0.05247,1.072E-4,2.863E-4,0.001519,-3.058E-5,0.002001,6.311E-4,0
1505067080065,true,1754.07,0,-0.02834,-0.03063,-7.129E-4,5.12E-4,0.00104,0.001739,6.131E-4,6.622E-4,0.0284,-0.05164,1.159E-4,2.804E-4,0.001529,-3.415E-5,0.002001,6.281E-4,0
1505067080100,true,1754.128,0,-0.02884,-0.03122,-7.148E-4,5.055E-4,0.001036,0.001732,6.119E-4,6.631E-4,0.02791,-0.05098,1.05E-4,2.763E-4,0.001516,-3.92E-5,0.001976,6.255E-4,0
1505067080136,true,1754.185,0,-0.02861,-0.03181,-7.42E-4,5.064E-4,0.001012,0.001734,5.913E-4,6.609E-4,0.02839,-0.05145,6.164E-5,2.829E-4,0.001486,-3.719E-5,0.001934,6.317E-4,0
1505067080267,true,1754.229,0,-0.02804,-0.03166,-7.579E-4,5.1E-4,0.001002,0.001743,5.796E-4,6.609E-4,0.02929,-0.05242,5.613E-5,2.896E-4,0.001481,-3.25E-5,0.001926,6.376E-4,0
1505067080302,true,1754.287,0,-0.02762,-0.03132,-7.458E-4,5.109E-4,0.00103,0.001747,5.96E-4,6.603E-4,0.0295,-0.05277,8.477E-5,2.902E-4,0.001496,-2.793E-5,0.001958,6.373E-4,0
1505067080339,true,1754.344,0,-0.0275,-0.031,-7.148E-4,5.086E-4,0.001054,0.001751,6.22E-4,6.608E-4,0.02878,-0.05214,1.182E-4,2.884E-4,0.001519,-2.18E-5,0.001994,6.337E-4,0
1505067080375,true,1754.402,0,-0.02832,-0.03107,-6.748E-4,5.071E-4,0.001086,0.001749,6.536E-4,6.599E-4,0.02826,-0.05155,1.579E-4,2.864E-4,0.001558,-2.14E-5,0.002021,6.345E-4,0
1505067080414,true,1754.459,0,-0.02856,-0.03172,-6.476E-4,5.102E-4,0.001135,0.001744,6.795E-4,6.592E-4,0.02833,-0.0513,1.818E-4,2.888E-4,0.001594,-2.192E-5,0.002046,6.35E-4,0
1505067080566,true,1754.528,0,-0.0276,-0.03205,-6.126E-4,5.088E-4,0.001184,0.001742,7.0E-4,6.564E-4,0.02914,-0.05203,2.114E-4,2.906E-4,0.001632,-2.373E-5,0.002072,6.348E-4,0
1505067080602,true,1754.586,0,-0.02673,-0.03142,-5.81E-4,5.081E-4,0.001235,0.001741,7.192E-4,6.525E-4,0.03008,-0.05284,2.505E-4,2.874E-4,0.001655,-2.15E-5,0.002101,6.325E-4,0
1505067080638,true,1754.643,0,-0.02623,-0.03078,-5.54E-4,5.074E-4,0.001271,0.001739,7.434E-4,6.473E-4,0.02968,-0.05248,2.902E-4,2.835E-4,0.00167,-2.211E-5,0.002118,6.285E-4,0
1505067080674,true,1754.701,0,-0.02653,-0.03027,-5.341E-4,5.068E-4,0.001285,0.001736,7.58E-4,6.439E-4,0.02881,-0.05167,3.015E-4,2.812E-4,0.001672,-2.276E-5,0.002119,6.23E-4,0
1505067080710,true,1754.758,0,-0.02753,-0.03051,-5.189E-4,5.034E-4,0.001282,0.001729,7.63E-4,6.408E-4,0.02815,-0.05083,2.956E-4,2.795E-4,0.001664,-2.499E-5,0.002099,6.21E-4,0
1505067080867,true,1754.829,0,-0.02776,-0.03109,-5.17E-4,4.988E-4,0.001268,0.001726,7.368E-4,6.406E-4,0.02836,-0.05095,2.654E-4,2.808E-4,0.001633,-2.921E-5,0.002064,6.208E-4,0
1505067080903,true,1754.887,0,-0.02667,-0.0313,-5.387E-4,5.049E-4,0.001227,0.001733,7.055E-4,6.388E-4,0.02936,-0.05193,2.343E-4,2.887E-4,0.001584,-2.231E-5,0.002014,6.27E-4,0
1505067080938,true,1754.944,0,-0.02608,-0.03092,-5.333E-4,5.061E-4,0.001233,0.001736,6.995E-4,6.398E-4,0.02987,-0.05246,2.377E-4,2.937E-4,0.001583,-1.763E-5,0.002022,6.27E-4,0
1505067080975,true,1755.002,0,-0.02579,-0.03043,-5.129E-4,5.059E-4,0.001249,0.001738,7.031E-4,6.416E-4,0.0291,-0.05182,2.535E-4,2.952E-4,0.001594,-1.389E-5,0.002039,6.254E-4,0
1505067081011,true,1755.059,0,-0.02672,-0.03016,-4.82E-4,5.071E-4,0.001276,0.001735,7.232E-4,6.4E-4,0.02848,-0.05119,2.775E-4,2.955E-4,0.00162,-1.395E-5,0.002051,6.247E-4,0
1505067081142,true,1755.105,0,-0.02723,-0.03061,-4.444E-4,5.056E-4,0.001313,0.001729,7.481E-4,6.37E-4,0.02857,-0.05097,2.945E-4,2.971E-4,0.001651,-1.445E-5,0.002065,6.234E-4,0
1505067081178,true,1755.163,0,-0.02667,-0.0311,-4.215E-4,5.068E-4,0.001339,0.00173,7.558E-4,6.352E-4,0.02914,-0.05141,3.179E-4,2.972E-4,0.001677,-1.635E-5,0.002083,6.227E-4,0
1505067081214,true,1755.22,0,-0.02582,-0.03073,-3.956E-4,5.067E-4,0.001375,0.001731,7.72E-4,6.313E-4,0.03012,-0.05232,3.451E-4,2.964E-4,0.001692,-1.673E-5,0.002108,6.192E-4,0
1505067081250,true,1755.278,0,-0.02536,-0.03017,-3.686E-4,5.048E-4,0.001409,0.001724,7.9E-4,6.267E-4,0.03014,-0.05236,3.66E-4,2.949E-4,0.001705,-1.858E-5,0.002128,6.133E-4,0
1505067081286,true,1755.335,0,-0.0258,-0.02953,-3.467E-4,5.022E-4,0.001418,0.001721,7.937E-4,6.245E-4,0.02917,-0.05154,3.82E-4,2.912E-4,0.0017,-1.857E-5,0.00213,6.085E-4,0
1505067081442,true,1755.404,0,-0.02683,-0.02965,-3.413E-4,4.991E-4,0.001413,0.001712,7.926E-4,6.213E-4,0.02848,-0.05078,3.692E-4,2.882E-4,0.001689,-2.412E-5,0.002098,6.068E-4,0
1505067081478,true,1755.462,0,-0.02719,-0.03037,-3.472E-4,4.945E-4,0.001387,0.001704,7.657E-4,6.212E-4,0.02842,-0.05061,3.415E-4,2.848E-4,0.001658,-3.214E-5,0.00205,6.069E-4,0
1505067081514,true,1755.519,0,-0.02624,-0.03076,-3.786E-4,4.909E-4,0.001346,0.001701,7.301E-4,6.153E-4,0.0292,-0.05152,3.042E-4,2.814E-4,0.001605,-3.629E-5,0.001998,6.06E-4,0
1505067081550,true,1755.577,0,-0.02575,-0.03047,-4.374E-4,4.947E-4,0.001275,0.001707,6.888E-4,6.147E-4,0.02977,-0.05228,2.419E-4,2.906E-4,0.001525,-2.689E-5,0.001931,6.106E-4,0
1505067081586,true,1755.634,0,-0.02559,-0.03006,-4.615E-4,4.972E-4,0.00125,0.001713,6.766E-4,6.146E-4,0.02927,-0.05202,2.312E-4,2.919E-4,0.001499,-1.975E-5,0.001915,6.105E-4,0
1505067081717,true,1755.68,0,-0.02627,-0.02972,-4.629E-4,4.956E-4,0.001252,0.001708,6.806E-4,6.108E-4,0.02865,-0.05154,2.312E-4,2.901E-4,0.001497,-1.891E-5,0.00191,6.119E-4,0
1505067081753,true,1755.738,0,-0.02691,-0.03028,-4.543E-4,4.946E-4,0.001264,0.001703,6.874E-4,6.081E-4,0.02854,-0.0512,2.465E-4,2.864E-4,0.001504,-1.831E-5,0.001907,6.145E-4,0
1505067081789,true,1755.795,0,-0.02696,-0.0309,-4.523E-4,4.933E-4,0.001284,0.001698,6.884E-4,6.065E-4,0.02907,-0.05168,2.473E-4,2.855E-4,0.001518,-2.494E-5,0.001898,6.144E-4,0
1505067081824,true,1755.853,0,-0.02621,-0.03081,-4.548E-4,4.905E-4,0.001293,0.001698,6.867E-4,6.03E-4,0.03012,-0.05272,2.493E-4,2.847E-4,0.001518,-2.436E-5,0.001906,6.132E-4,0
1505067081861,true,1755.91,0,-0.02608,-0.03011,-4.596E-4,4.868E-4,0.001308,0.001694,6.968E-4,5.973E-4,0.03031,-0.05301,2.618E-4,2.809E-4,0.001517,-2.443E-5,0.001917,6.095E-4,0
1505067081992,true,1755.954,0,-0.02585,-0.02973,-4.574E-4,4.812E-4,0.001302,0.001692,7.05E-4,5.93E-4,0.02951,-0.05237,2.639E-4,2.759E-4,0.001514,-2.416E-5,0.001915,6.048E-4,0
1505067082028,true,1756.012,0,-0.02669,-0.02986,-4.731E-4,4.778E-4,0.001289,0.001684,6.965E-4,5.916E-4,0.02863,-0.0516,2.601E-4,2.706E-4,0.001507,-3.095E-5,0.001901,6.014E-4,0
1505067082064,true,1756.069,0,-0.02741,-0.03062,-4.979E-4,4.717E-4,0.001272,0.001672,6.863E-4,5.866E-4,0.02845,-0.05126,2.309E-4,2.667E-4,0.001489,-3.744E-5,0.001865,6.01E-4,0
1505067082100,true,1756.127,0,-0.02689,-0.03118,-5.402E-4,4.682E-4,0.001226,0.001667,6.512E-4,5.834E-4,0.02909,-0.05198,1.888E-4,2.634E-4,0.001448,-4.534E-5,0.001813,6.019E-4,0
1505067082136,true,1756.184,0,-0.02643,-0.03108,-6.046E-4,4.622E-4,0.001153,0.001666,6.055E-4,5.795E-4,0.02999,-0.05304,1.367E-4,2.586E-4,0.001379,-4.818E-5,0.001767,5.941E-4,0
1505067082291,true,1756.255,0,-0.02639,-0.03079,-6.861E-4,4.662E-4,0.001066,0.001671,5.627E-4,5.772E-4,0.0297,-0.05313,6.593E-5,2.617E-4,0.001294,-3.969E-5,0.001696,5.955E-4,0
1505067082328,true,1756.313,0,-0.02676,-0.03049,-7.239E-4,4.632E-4,0.001022,0.001674,5.329E-4,5.767E-4,0.02872,-0.05244,5.104E-5,2.592E-4,0.001266,-3.576E-5,0.001675,5.964E-4,0
1505067082364,true,1756.37,0,-0.02749,-0.03093,-7.507E-4,4.632E-4,0.001007,0.001669,5.226E-4,5.761E-4,0.02842,-0.05204,4.577E-5,2.57E-4,0.001253,-3.25E-5,0.001661,6.002E-4,0
1505067082400,true,1756.428,0,-0.02767,-0.03163,-7.69E-4,4.606E-4,0.001005,0.001662,5.118E-4,5.759E-4,0.02869,-0.05215,3.705E-5,2.57E-4,0.001255,-3.246E-5,0.001654,6.027E-4,0
1505067082436,true,1756.485,0,-0.02657,-0.03189,-7.88E-4,4.59E-4,0.001006,0.00166,5.04E-4,5.7E-4,0.02953,-0.053,3.904E-5,2.535E-4,0.001263,-3.634E-5,0.001658,6.02E-4,0
1505067082592,true,1756.555,0,-0.02627,-0.03137,-8.088E-4,4.576E-4,0.001004,0.001659,4.925E-4,5.67E-4,0.03,-0.05349,3.699E-5,2.53E-4,0.001258,-3.487E-5,0.001664,5.992E-4,0
1505067082627,true,1756.613,0,-0.02603,-0.03096,-8.199E-4,4.55E-4,0.001003,0.001657,4.979E-4,5.621E-4,0.0293,-0.05297,4.444E-5,2.481E-4,0.001262,-3.646E-5,0.001673,5.954E-4,0
1505067082664,true,1756.67,0,-0.02676,-0.03071,-8.263E-4,4.483E-4,9.996E-4,0.001647,4.982E-4,5.591E-4,0.02843,-0.05223,4.959E-5,2.408E-4,0.001267,-4.026E-5,0.001675,5.915E-4,0
1505067082700,true,1756.728,0,-0.02759,-0.03125,-8.46E-4,4.444E-4,9.823E-4,0.001639,4.875E-4,5.554E-4,0.02803,-0.05173,3.38E-5,2.371E-4,0.001262,-4.701E-5,0.001655,5.902E-4,0
1505067082736,true,1756.785,0,-0.02728,-0.0319,-8.746E-4,4.382E-4,9.481E-4,0.001634,4.685E-4,5.468E-4,0.02854,-0.05215,-4.531E-7,2.367E-4,0.001239,-5.082E-5,0.00162,5.871E-4,0
1505067082866,true,1756.829,0,-0.02694,-0.03163,-9.268E-4,4.322E-4,8.994E-4,0.001631,4.289E-4,5.407E-4,0.02945,-0.05318,-4.078E-5,2.313E-4,0.001196,-5.621E-5,0.001577,5.835E-4,0
1505067082902,true,1756.887,0,-0.0266,-0.03129,-9.868E-4,4.253E-4,8.383E-4,0.001623,3.757E-4,5.403E-4,0.02962,-0.0536,-9.969E-5,2.254E-4,0.001123,-5.73E-5,0.001527,5.772E-4,0
1505067082938,true,1756.944,0,-0.02689,-0.03083,-0.001064,4.277E-4,7.291E-4,0.001632,3.187E-4,5.411E-4,0.02882,-0.05307,-1.699E-4,2.29E-4,0.001035,-4.571E-5,0.001455,5.812E-4,0
1505067082974,true,1757.002,0,-0.02766,-0.03101,-0.001106,4.299E-4,6.806E-4,0.001633,2.81E-4,5.432E-4,0.02835,-0.05265,-1.929E-4,2.3E-4,0.001017,-4.223E-5,0.001432,5.847E-4,0
1505067083010,true,1757.059,0,-0.02806,-0.03165,-0.001124,4.295E-4,6.719E-4,0.001629,2.673E-4,5.422E-4,0.02836,-0.05238,-2.065E-4,2.313E-4,0.001023,-4.444E-5,0.001427,5.858E-4,0
1505067083142,true,1757.106,0,-0.02719,-0.03201,-0.001136,4.294E-4,6.799E-4,0.001628,2.528E-4,5.41E-4,0.02916,-0.05309,-2.066E-4,2.316E-4,0.001037,-4.674E-5,0.001438,5.852E-4,0
1505067083178,true,1757.164,0,-0.02685,-0.03141,-0.001146,4.262E-4,6.938E-4,0.001624,2.414E-4,5.37E-4,0.02987,-0.0539,-1.963E-4,2.308E-4,0.001059,-4.966E-5,0.001456,5.805E-4,0
1505067083214,true,1757.221,0,-0.02645,-0.03092,-0.001149,4.244E-4,7.043E-4,0.001622,2.483E-4,5.337E-4,0.02929,-0.05344,-1.843E-4,2.284E-4,0.001065,-4.94E-5,0.001472,5.764E-4,0
1505067083250,true,1757.279,0,-0.02728,-0.03032,-0.001142,4.204E-4,7.019E-4,0.001623,2.405E-4,5.341E-4,0.02819,-0.05245,-1.666E-4,2.225E-4,0.001082,-5.094E-5,0.001485,5.737E-4,0
1505067083286,true,1757.336,0,-0.02837,-0.03059,-0.001141,4.174E-4,7.071E-4,0.001614,2.355E-4,5.346E-4,0.02772,-0.05183,-1.686E-4,2.213E-4,0.0011,-5.773E-5,0.001484,5.716E-4,0
1505067083442,true,1757.405,0,-0.02851,-0.03121,-0.001148,4.131E-4,7.046E-4,0.001605,2.232E-4,5.336E-4,0.02799,-0.052,-1.781E-4,2.184E-4,0.001103,-6.542E-5,0.001476,5.691E-4,0
1505067083478,true,1757.463,0,-0.02794,-0.0312,-0.001171,4.086E-4,6.732E-4,0.001603,1.968E-4,5.285E-4,0.02892,-0.05301,-2.038E-4,2.156E-4,0.00109,-7.375E-5,0.001456,5.639E-4,0
1505067083514,true,1757.52,0,-0.02778,-0.03074,-0.001206,4.042E-4,6.312E-4,0.001596,1.702E-4,5.235E-4,0.0293,-0.05359,-2.389E-4,2.129E-4,0.001044,-7.531E-5,0.001421,5.566E-4,0
1505067083550,true,1757.578,0,-0.02755,-0.03049,-0.001244,3.944E-4,5.662E-4,0.001593,1.263E-4,5.193E-4,0.02857,-0.05314,-2.82E-4,2.046E-4,9.835E-4,-7.768E-5,0.001375,5.492E-4,0
1505067083586,true,1757.635,0,-0.02859,-0.03037,-0.001309,3.939E-4,4.722E-4,0.001591,7.854E-5,5.195E-4,0.02795,-0.05266,-3.489E-4,2.027E-4,9.13E-4,-7.877E-5,0.001303,5.48E-4,0
1505067083717,true,1757.68,0,-0.02948,-0.03095,-0.001377,4.021E-4,3.97E-4,0.001593,2.516E-5,5.243E-4,0.02771,-0.05224,-4.011E-4,2.084E-4,8.669E-4,-7.508E-5,0.001247,5.574E-4,0
1505067083753,true,1757.738,0,-0.02921,-0.0314,-0.001407,4.074E-4,3.888E-4,0.001594,4.339E-6,5.244E-4,0.02813,-0.05272,-4.172E-4,2.11E-4,8.691E-4,-7.606E-5,0.001243,5.589E-4,0
1505067083789,true,1757.795,0,-0.02856,-0.03106,-0.001425,4.093E-4,3.944E-4,0.001596,-1.199E-5,5.252E-4,0.02888,-0.05348,-4.1E-4,2.086E-4,8.811E-4,-7.803E-5,0.001259,5.584E-4,0
1505067083825,true,1757.853,0,-0.02837,-0.03041,-0.001425,4.085E-4,4.188E-4,0.001591,-4.309E-6,5.215E-4,0.02875,-0.05339,-3.976E-4,2.067E-4,8.968E-4,-7.967E-5,0.001291,5.531E-4,0
1505067083861,true,1757.91,0,-0.02848,-0.02985,-0.001409,4.043E-4,4.309E-4,0.00159,4.437E-6,5.216E-4,0.02757,-0.05236,-3.826E-4,2.028E-4,9.103E-4,-8.259E-5,0.00131,5.467E-4,0
1505067084016,true,1757.98,0,-0.02943,-0.03001,-0.0014,4.034E-4,4.448E-4,0.001586,1.388E-5,5.182E-4,0.02681,-0.05161,-3.713E-4,1.996E-4,9.318E-4,-8.658E-5,0.00131,5.468E-4,0
1505067084052,true,1758.038,0,-0.03001,-0.0306,-0.001392,4.019E-4,4.585E-4,0.001584,1.608E-5,5.182E-4,0.02684,-0.05139,-3.701E-4,1.982E-4,9.494E-4,-9.166E-5,0.001311,5.46E-4,0
1505067084088,true,1758.095,0,-0.02908,-0.03099,-0.001394,3.989E-4,4.77E-4,0.001576,1.276E-5,5.144E-4,0.02765,-0.05226,-3.727E-4,1.951E-4,9.509E-4,-9.808E-5,0.00131,5.435E-4,0
1505067084124,true,1758.153,0,-0.02886,-0.03054,-0.001406,3.927E-4,4.67E-4,0.001569,5.868E-6,5.066E-4,0.02845,-0.05317,-3.873E-4,1.926E-4,9.341E-4,-1.021E-4,0.001301,5.383E-4,0
1505067084160,true,1758.21,0,-0.02873,-0.03015,-0.001432,3.855E-4,4.336E-4,0.001563,-1.229E-5,5.071E-4,0.02809,-0.05303,-4.149E-4,1.863E-4,8.922E-4,-1.046E-4,0.001275,5.295E-4,0
1505067084317,true,1758.281,0,-0.02963,-0.02977,-0.001468,3.803E-4,3.713E-4,0.001558,-4.287E-5,5.056E-4,0.02732,-0.05251,-4.566E-4,1.785E-4,8.339E-4,-1.077E-4,0.001226,5.251E-4,0
1505067084353,true,1758.339,0,-0.03059,-0.03024,-0.001522,3.746E-4,2.951E-4,0.001551,-8.511E-5,5.007E-4,0.02704,-0.05216,-5.236E-4,1.747E-4,7.64E-4,-1.14E-4,0.001147,5.257E-4,0
1505067084389,true,1758.396,0,-0.03042,-0.03097,-0.001598,3.769E-4,2.024E-4,0.001556,-1.554E-4,5.025E-4,0.02747,-0.05258,-6.079E-4,1.767E-4,6.809E-4,-1.147E-4,0.001053,5.326E-4,0
1505067084425,true,1758.454,0,-0.02937,-0.03089,-0.001658,3.844E-4,1.282E-4,0.001568,-2.003E-4,5.022E-4,0.02832,-0.05352,-6.39E-4,1.782E-4,6.436E-4,-1.124E-4,0.001012,5.4E-4,0
1505067084461,true,1758.511,0,-0.0292,-0.03027,-0.00168,3.856E-4,1.212E-4,0.00157,-2.22E-4,5.036E-4,0.02847,-0.05384,-6.469E-4,1.788E-4,6.372E-4,-1.102E-4,0.001017,5.385E-4,0
1505067084592,true,1758.555,0,-0.02905,-0.02978,-0.001687,3.865E-4,1.204E-4,0.001572,-2.328E-4,5.056E-4,0.02745,-0.05294,-6.406E-4,1.754E-4,6.496E-4,-1.119E-4,0.00103,5.351E-4,0
1505067084628,true,1758.613,0,-0.02976,-0.02982,-0.001679,3.845E-4,1.309E-4,0.00157,-2.249E-4,5.051E-4,0.02672,-0.0522,-6.271E-4,1.707E-4,6.645E-4,-1.136E-4,0.001046,5.318E-4,0
1505067084664,true,1758.67,0,-0.03058,-0.03049,-0.001676,3.845E-4,1.408E-4,0.001567,-2.168E-4,5.029E-4,0.02643,-0.05175,-6.319E-4,1.704E-4,6.9E-4,-1.215E-4,0.001052,5.314E-4,0
1505067084700,true,1758.728,0,-0.0301,-0.03103,-0.001673,3.842E-4,1.6E-4,0.001565,-2.273E-4,5.044E-4,0.02699,-0.05228,-6.338E-4,1.699E-4,7.003E-4,-1.271E-4,0.001057,5.295E-4,0
1505067084736,true,1758.785,0,-0.02953,-0.03078,-0.001678,3.817E-4,1.736E-4,0.001563,-2.314E-4,4.981E-4,0.02796,-0.05328,-6.284E-4,1.663E-4,7.036E-4,-1.342E-4,0.001061,5.252E-4,0
1505067084892,true,1758.856,0,-0.02935,-0.03037,-0.001686,3.761E-4,1.668E-4,0.001558,-2.324E-4,4.965E-4,0.02794,-0.05346,-6.373E-4,1.623E-4,6.87E-4,-1.363E-4,0.001056,5.168E-4,0
1505067084928,true,1758.914,0,-0.02997,-0.02987,-0.001701,3.699E-4,1.359E-4,0.001554,-2.417E-4,4.941E-4,0.02706,-0.05277,-6.631E-4,1.555E-4,6.531E-4,-1.409E-4,0.001023,5.114E-4,0
1505067084964,true,1758.971,0,-0.0306,-0.03029,-0.001734,3.648E-4,7.38E-5,0.001549,-2.64E-4,4.9E-4,0.02658,-0.05225,-7.105E-4,1.499E-4,6.117E-4,-1.473E-4,9.693E-4,5.093E-4,0
1505067085000,true,1759.029,0,-0.03075,-0.03094,-0.001781,3.597E-4,-6.032E-7,0.001547,-3.148E-4,4.907E-4,0.02673,-0.05229,-7.839E-4,1.478E-4,5.436E-4,-1.532E-4,8.965E-4,5.063E-4,0
1505067085036,true,1759.086,0,-0.03009,-0.03115,-0.001848,3.538E-4,-8.5E-5,0.001545,-3.737E-4,4.876E-4,0.02757,-0.05323,-8.687E-4,1.476E-4,4.624E-4,-1.59E-4,8.174E-4,5.04E-4,0
1505067085167,true,1759.13,0,-0.02978,-0.03048,-0.001934,3.592E-4,-1.964E-4,0.001558,-4.398E-4,4.869E-4,0.02793,-0.05381,-9.545E-4,1.556E-4,3.644E-4,-1.491E-4,7.359E-4,5.099E-4,0
1505067085203,true,1759.188,0,-0.02898,-0.03009,-0.001971,3.619E-4,-2.403E-4,0.001565,-4.667E-4,4.898E-4,0.02712,-0.05319,-9.773E-4,1.562E-4,3.304E-4,-1.421E-4,7.23E-4,5.074E-4,0
1505067085239,true,1759.245,0,-0.0298,-0.02972,-0.001981,3.624E-4,-2.637E-4,0.00157,-4.816E-4,4.935E-4,0.02633,-0.05246,-9.759E-4,1.537E-4,3.289E-4,-1.42E-4,7.18E-4,5.063E-4,0
1505067085275,true,1759.303,0,-0.03068,-0.03029,-0.001989,3.648E-4,-2.647E-4,0.001568,-4.811E-4,4.92E-4,0.02606,-0.05193,-9.814E-4,1.545E-4,3.443E-4,-1.448E-4,7.2E-4,5.067E-4,0
1505067085311,true,1759.36,0,-0.03028,-0.03097,-0.001993,3.648E-4,-2.478E-4,0.001565,-4.83E-4,4.913E-4,0.02652,-0.05225,-9.838E-4,1.553E-4,3.65E-4,-1.507E-4,7.213E-4,5.08E-4,0
1505067085466,true,1759.43,0,-0.02922,-0.03107,-0.002001,3.647E-4,-2.388E-4,0.001568,-5.001E-4,4.936E-4,0.02748,-0.05315,-9.869E-4,1.546E-4,3.659E-4,-1.505E-4,7.282E-4,5.066E-4,0
1505067085503,true,1759.488,0,-0.02865,-0.03077,-0.002002,3.629E-4,-2.333E-4,0.001572,-4.98E-4,4.9E-4,0.02764,-0.05337,-9.84E-4,1.52E-4,3.664E-4,-1.512E-4,7.335E-4,5.028E-4,0
1505067085539,true,1759.545,0,-0.02846,-0.03043,-0.002006,3.593E-4,-2.452E-4,0.00157,-4.986E-4,4.883E-4,0.02682,-0.0527,-9.855E-4,1.464E-4,3.562E-4,-1.512E-4,7.306E-4,4.989E-4,0
1505067085574,true,1759.603,0,-0.02949,-0.03045,-0.002023,3.547E-4,-2.751E-4,0.001565,-5.078E-4,4.867E-4,0.02635,-0.05217,-0.001005,1.423E-4,3.349E-4,-1.551E-4,7.032E-4,4.966E-4,0
1505067085611,true,1759.66,0,-0.03003,-0.03102,-0.002051,3.523E-4,-3.19E-4,0.001561,-5.382E-4,4.861E-4,0.02632,-0.05188,-0.001046,1.38E-4,2.987E-4,-1.599E-4,6.544E-4,4.951E-4,0
1505067085743,true,1759.705,0,-0.02947,-0.03142,-0.002094,3.481E-4,-3.809E-4,0.00156,-5.872E-4,4.843E-4,0.0271,-0.05266,-0.001106,1.356E-4,2.524E-4,-1.688E-4,5.931E-4,4.944E-4,0
1505067085778,true,1759.763,0,-0.02907,-0.03088,-0.002156,3.419E-4,-4.658E-4,0.001558,-6.396E-4,4.799E-4,0.02779,-0.05344,-0.001174,1.314E-4,1.764E-4,-1.716E-4,5.262E-4,4.903E-4,0
1505067085814,true,1759.82,0,-0.02895,-0.0303,-0.002235,3.471E-4,-5.636E-4,0.001567,-7.016E-4,4.838E-4,0.02725,-0.05313,-0.001263,1.386E-4,8.267E-5,-1.647E-4,4.494E-4,4.907E-4,0
1505067085850,true,1759.878,0,-0.02968,-0.02983,-0.002281,3.541E-4,-6.341E-4,0.001578,-7.464E-4,4.903E-4,0.02607,-0.05214,-0.00129,1.4E-4,5.297E-5,-1.596E-4,4.289E-4,4.912E-4,0
1505067085887,true,1759.935,0,-0.03053,-0.0302,-0.00229,3.561E-4,-6.546E-4,0.001583,-7.52E-4,4.94E-4,0.02548,-0.0514,-0.001295,1.398E-4,5.82E-5,-1.549E-4,4.196E-4,4.952E-4,0
1505067086042,true,1760.006,0,-0.03053,-0.03094,-0.002287,3.573E-4,-6.48E-4,0.001587,-7.501E-4,4.94E-4,0.02557,-0.05134,-0.001296,1.421E-4,8.303E-5,-1.573E-4,4.282E-4,4.982E-4,0
1505067086078,true,1760.064,0,-0.02979,-0.03099,-0.002288,3.579E-4,-6.307E-4,0.001589,-7.432E-4,4.916E-4,0.02672,-0.05238,-0.001285,1.419E-4,1.175E-4,-1.63E-4,4.509E-4,4.981E-4,0
1505067086114,true,1760.121,0,-0.02945,-0.03056,-0.002278,3.552E-4,-6.103E-4,0.001588,-7.405E-4,4.936E-4,0.02718,-0.05296,-0.001272,1.417E-4,1.303E-4,-1.621E-4,4.742E-4,4.953E-4,0
1505067086150,true,1760.179,0,-0.02919,-0.03014,-0.002271,3.549E-4,-5.96E-4,0.001589,-7.259E-4,4.917E-4,0.02653,-0.05237,-0.001255,1.364E-4,1.389E-4,-1.591E-4,5.013E-4,4.899E-4,0
1505067086186,true,1760.236,0,-0.03003,-0.02984,-0.002259,3.531E-4,-5.8E-4,0.001582,-7.143E-4,4.913E-4,0.02607,-0.05181,-0.001244,1.312E-4,1.554E-4,-1.641E-4,5.09E-4,4.872E-4,0
1505067086342,true,1760.306,0,-0.03067,-0.03038,-0.002254,3.513E-4,-5.859E-4,0.001576,-7.05E-4,4.866E-4,0.02583,-0.05143,-0.001248,1.27E-4,1.603E-4,-1.691E-4,5.001E-4,4.849E-4,0
1505067086378,true,1760.364,0,-0.02995,-0.03097,-0.002261,3.47E-4,-6.034E-4,0.001568,-7.207E-4,4.852E-4,0.02637,-0.05186,-0.001271,1.243E-4,1.514E-4,-1.773E-4,4.807E-4,4.807E-4,0
1505067086414,true,1760.421,0,-0.02907,-0.03069,-0.002284,3.404E-4,-6.433E-4,0.001565,-7.55E-4,4.829E-4,0.02721,-0.05274,-0.001303,1.207E-4,1.162E-4,-1.825E-4,4.492E-4,4.781E-4,0
1505067086450,true,1760.479,0,-0.02861,-0.03016,-0.002329,3.36E-4,-6.948E-4,0.00156,-7.864E-4,4.789E-4,0.027,-0.05269,-0.001352,1.152E-4,5.679E-5,-1.834E-4,3.975E-4,4.705E-4,0
1505067086486,true,1760.536,0,-0.02911,-0.02953,-0.002378,3.318E-4,-7.757E-4,0.001557,-8.286E-4,4.797E-4,0.02598,-0.05191,-0.001414,1.108E-4,-1.728E-5,-1.84E-4,3.343E-4,4.653E-4,0
1505067086617,true,1760.581,0,-0.03016,-0.02976,-0.002441,3.411E-4,-8.784E-4,0.001571,-8.776E-4,4.863E-4,0.02537,-0.05126,-0.001477,1.177E-4,-8.285E-5,-1.744E-4,2.64E-4,4.747E-4,0
1505067086654,true,1760.639,0,-0.0308,-0.03037,-0.002445,3.43E-4,-8.918E-4,0.001575,-8.919E-4,4.918E-4,0.02532,-0.05103,-0.001487,1.211E-4,-7.427E-5,-1.736E-4,2.55E-4,4.815E-4,0
1505067086689,true,1760.696,0,-0.03026,-0.03077,-0.002443,3.465E-4,-8.764E-4,0.001578,-8.899E-4,4.922E-4,0.02614,-0.05185,-0.001479,1.235E-4,-4.943E-5,-1.727E-4,2.835E-4,4.822E-4,0
1505067086725,true,1760.754,0,-0.03018,-0.03015,-0.002439,3.482E-4,-8.395E-4,0.001579,-8.765E-4,4.909E-4,0.02702,-0.0528,-0.00146,1.253E-4,-1.931E-5,-1.725E-4,3.242E-4,4.794E-4,0
1505067086761,true,1760.811,0,-0.02954,-0.02989,-0.002412,3.443E-4,-7.962E-4,0.001576,-8.455E-4,4.882E-4,0.02661,-0.05247,-0.001423,1.211E-4,1.826E-5,-1.73E-4,3.714E-4,4.716E-4,0
1505067086892,true,1760.857,0,-0.03011,-0.02946,-0.002393,3.459E-4,-7.797E-4,0.001577,-8.25E-4,4.875E-4,0.02591,-0.05179,-0.001394,1.173E-4,6.161E-5,-1.76E-4,4.064E-4,4.691E-4,0
1505067086928,true,1760.915,0,-0.03079,-0.02981,-0.002366,3.438E-4,-7.445E-4,0.001573,-7.951E-4,4.862E-4,0.02551,-0.05127,-0.001362,1.143E-4,1.023E-4,-1.802E-4,4.255E-4,4.697E-4,0
1505067086964,true,1760.972,0,-0.03026,-0.03058,-0.002347,3.429E-4,-7.086E-4,0.001566,-7.907E-4,4.904E-4,0.0259,-0.05151,-0.001346,1.139E-4,1.396E-4,-1.868E-4,4.454E-4,4.682E-4,0
1505067087000,true,1761.03,0,-0.02923,-0.03047,-0.002341,3.388E-4,-6.886E-4,0.001561,-7.865E-4,4.882E-4,0.02674,-0.05235,-0.001342,1.126E-4,1.565E-4,-1.919E-4,4.532E-4,4.643E-4,0
1505067087037,true,1761.087,0,-0.02881,-0.03001,-0.002345,3.34E-4,-6.863E-4,0.001556,-7.762E-4,4.839E-4,0.0269,-0.05258,-0.001341,1.075E-4,1.509E-4,-1.97E-4,4.54E-4,4.589E-4,0
1505067087192,true,1761.156,0,-0.02861,-0.02968,-0.002359,3.29E-4,-7.154E-4,0.001551,-7.773E-4,4.801E-4,0.02593,-0.05175,-0.001358,1.031E-4,1.247E-4,-2.012E-4,4.411E-4,4.477E-4,0
1505067087228,true,1761.214,0,-0.02975,-0.02967,-0.002385,3.253E-4,-7.631E-4,0.001545,-7.989E-4,4.804E-4,0.02515,-0.05108,-0.001391,9.948E-5,8.739E-5,-2.039E-4,3.971E-4,4.449E-4,0
1505067087264,true,1761.271,0,-0.0303,-0.03044,-0.002433,3.285E-4,-8.342E-4,0.001545,-8.414E-4,4.859E-4,0.02501,-0.05076,-0.001451,1.027E-4,3.74E-5,-2.067E-4,3.368E-4,4.503E-4,0
1505067087301,true,1761.329,0,-0.02994,-0.03092,-0.002474,3.356E-4,-8.917E-4,0.001559,-8.81E-4,4.94E-4,0.02568,-0.05143,-0.001492,1.114E-4,1.239E-5,-2.001E-4,3.172E-4,4.559E-4,0
1505067087336,true,1761.386,0,-0.02945,-0.03058,-0.002481,3.398E-4,-8.81E-4,0.001563,-8.804E-4,4.961E-4,0.02668,-0.05246,-0.001482,1.13E-4,3.019E-5,-1.964E-4,3.472E-4,4.557E-4,0
1505067087467,true,1761.431,0,-0.02914,-0.03015,-0.002471,3.4E-4,-8.46E-4,0.001565,-8.509E-4,4.929E-4,0.02655,-0.05254,-0.001454,1.137E-4,6.288E-5,-1.929E-4,3.911E-4,4.522E-4,0
1505067087503,true,1761.489,0,-0.02931,-0.0297,-0.002447,3.419E-4,-8.026E-4,0.001566,-8.19E-4,4.956E-4,0.02595,-0.05197,-0.00141,1.103E-4,1.107E-4,-1.904E-4,4.301E-4,4.551E-4,0
1505067087539,true,1761.546,0,-0.03012,-0.0299,-0.002417,3.423E-4,-7.579E-4,0.001563,-7.858E-4,5.008E-4,0.02569,-0.05147,-0.001371,1.069E-4,1.64E-4,-1.905E-4,4.682E-4,4.575E-4,0
1505067087575,true,1761.604,0,-0.03006,-0.03062,-0.002388,3.422E-4,-6.988E-4,0.001557,-7.612E-4,5.034E-4,0.02601,-0.05147,-0.001338,1.075E-4,2.188E-4,-1.951E-4,5.064E-4,4.571E-4,0
1505067087611,true,1761.661,0,-0.02887,-0.03081,-0.002364,3.425E-4,-6.498E-4,0.001555,-7.227E-4,5.002E-4,0.02693,-0.05224,-0.001303,1.05E-4,2.688E-4,-2.0E-4,5.457E-4,4.557E-4,0
1505067087767,true,1761.731,0,-0.02839,-0.0302,-0.002349,3.404E-4,-6.066E-4,0.001552,-6.928E-4,4.96E-4,0.02757,-0.05285,-0.001271,1.009E-4,2.978E-4,-2.039E-4,5.821E-4,4.508E-4,0
1505067087803,true,1761.789,0,-0.02778,-0.02983,-0.002335,3.376E-4,-5.816E-4,0.001546,-6.684E-4,4.917E-4,0.02685,-0.0523,-0.001254,9.61E-5,3.108E-4,-2.075E-4,6.011E-4,4.451E-4,0
1505067087839,true,1761.846,0,-0.02858,-0.02958,-0.002325,3.331E-4,-5.866E-4,0.001541,-6.618E-4,4.898E-4,0.02595,-0.05151,-0.001247,8.893E-5,3.153E-4,-2.123E-4,6.023E-4,4.411E-4,0
1505067087875,true,1761.904,0,-0.02913,-0.0303,-0.002339,3.317E-4,-6.124E-4,0.001537,-6.622E-4,4.883E-4,0.02554,-0.051,-0.001265,8.346E-5,2.973E-4,-2.158E-4,5.722E-4,4.424E-4,0
1505067087911,true,1761.961,0,-0.02899,-0.03098,-0.002373,3.304E-4,-6.535E-4,0.001536,-6.871E-4,4.882E-4,0.02609,-0.0515,-0.001304,8.173E-5,2.701E-4,-2.239E-4,5.456E-4,4.389E-4,0
1505067088043,true,1762.007,0,-0.02834,-0.03091,-0.002425,3.344E-4,-7.054E-4,0.001541,-7.205E-4,4.882E-4,0.02709,-0.0526,-0.001357,8.505E-5,2.085E-4,-2.185E-4,5.028E-4,4.413E-4,0
1505067088079,true,1762.065,0,-0.02802,-0.03061,-0.002461,3.41E-4,-7.444E-4,0.001555,-7.314E-4,4.918E-4,0.02734,-0.05298,-0.001368,8.758E-5,1.86E-4,-2.094E-4,5.025E-4,4.449E-4,0
1505067088115,true,1762.122,0,-0.02791,-0.03012,-0.002456,3.45E-4,-7.179E-4,0.001559,-7.097E-4,4.935E-4,0.02661,-0.05237,-0.001347,8.69E-5,2.106E-4,-2.061E-4,5.396E-4,4.445E-4,0
1505067088150,true,1762.18,0,-0.02899,-0.02998,-0.002434,3.473E-4,-6.856E-4,0.001562,-6.808E-4,4.966E-4,0.02609,-0.0517,-0.001316,8.654E-5,2.585E-4,-2.068E-4,5.785E-4,4.482E-4,0
1505067088187,true,1762.237,0,-0.02944,-0.03047,-0.002412,3.498E-4,-6.377E-4,0.001562,-6.476E-4,4.966E-4,0.02602,-0.05134,-0.001283,8.774E-5,3.185E-4,-2.115E-4,6.253E-4,4.506E-4,0
1505067088342,true,1762.306,0,-0.02837,-0.0308,-0.00239,3.525E-4,-5.814E-4,0.001563,-6.174E-4,4.967E-4,0.02682,-0.05198,-0.001245,8.739E-5,3.826E-4,-2.191E-4,6.73E-4,4.519E-4,0
1505067088378,true,1762.364,0,-0.02779,-0.03018,-0.002358,3.517E-4,-5.27E-4,0.001565,-5.857E-4,4.966E-4,0.02766,-0.05275,-0.001208,8.604E-5,4.328E-4,-2.211E-4,7.173E-4,4.538E-4,0
1505067088415,true,1762.421,0,-0.02738,-0.02962,-0.00233,3.522E-4,-4.71E-4,0.001562,-5.532E-4,4.968E-4,0.02724,-0.05242,-0.001165,8.313E-5,4.734E-4,-2.222E-4,7.696E-4,4.468E-4,0
1505067088451,true,1762.479,0,-0.02806,-0.02906,-0.002304,3.509E-4,-4.472E-4,0.001562,-5.177E-4,4.933E-4,0.02646,-0.05169,-0.001136,7.933E-5,5.023E-4,-2.238E-4,8.047E-4,4.421E-4,0
1505067088486,true,1762.536,0,-0.02885,-0.02944,-0.002285,3.5E-4,-4.344E-4,0.001559,-5.028E-4,4.944E-4,0.02599,-0.05112,-0.001124,7.475E-5,5.246E-4,-2.295E-4,8.046E-4,4.424E-4,0
1505067088617,true,1762.582,0,-0.02884,-0.03015,-0.002281,3.477E-4,-4.31E-4,0.001551,-4.947E-4,4.917E-4,0.0262,-0.05124,-0.001133,7.427E-5,5.249E-4,-2.374E-4,8.026E-4,4.4E-4,0
1505067088654,true,1762.64,0,-0.02799,-0.03037,-0.002301,3.481E-4,-4.493E-4,0.001551,-5.052E-4,4.88E-4,0.02724,-0.05229,-0.001151,7.178E-5,5.071E-4,-2.441E-4,7.835E-4,4.385E-4,0
1505067088689,true,1762.697,0,-0.02783,-0.02988,-0.002333,3.483E-4,-4.831E-4,0.001553,-5.251E-4,4.87E-4,0.02773,-0.05289,-0.001183,7.133E-5,4.647E-4,-2.444E-4,7.553E-4,4.354E-4,0
1505067088726,true,1762.755,0,-0.02754,-0.02959,-0.002363,3.564E-4,-5.384E-4,0.001569,-5.42E-4,4.946E-4,0.02694,-0.05233,-0.001201,7.54E-5,4.31E-4,-2.351E-4,7.369E-4,4.431E-4,0
1505067088765,true,1762.812,0,-0.0282,-0.02933,-0.002362,3.649E-4,-5.247E-4,0.001571,-5.277E-4,4.971E-4,0.02641,-0.05176,-0.001172,7.191E-5,4.561E-4,-2.324E-4,7.573E-4,4.471E-4,0
1505067088917,true,1762.881,0,-0.02876,-0.02987,-0.002337,3.676E-4,-4.805E-4,0.001569,-5.007E-4,4.984E-4,0.02625,-0.05128,-0.001145,7.342E-5,5.059E-4,-2.337E-4,7.974E-4,4.487E-4,0
1505067088953,true,1762.939,0,-0.02821,-0.03019,-0.00231,3.703E-4,-4.299E-4,0.001571,-4.773E-4,5.018E-4,0.02674,-0.05161,-0.001111,7.562E-5,5.625E-4,-2.385E-4,8.511E-4,4.47E-4,0
1505067088989,true,1762.996,0,-0.02745,-0.02982,-0.002282,3.742E-4,-3.798E-4,0.001573,-4.408E-4,4.976E-4,0.02757,-0.05232,-0.001067,7.341E-5,6.076E-4,-2.412E-4,9.032E-4,4.454E-4,0
1505067089025,true,1763.054,0,-0.02738,-0.02921,-0.00225,3.742E-4,-3.218E-4,0.001575,-4.024E-4,4.934E-4,0.02744,-0.05211,-0.001021,7.191E-5,6.555E-4,-2.429E-4,9.621E-4,4.399E-4,0
1505067089061,true,1763.111,0,-0.02756,-0.02878,-0.002219,3.762E-4,-2.792E-4,0.001575,-3.63E-4,4.934E-4,0.02636,-0.0511,-9.785E-4,6.811E-5,7.039E-4,-2.449E-4,0.001013,4.352E-4,0
1505067089218,true,1763.182,0,-0.02867,-0.02887,-0.002177,3.735E-4,-2.385E-4,0.001571,-3.23E-4,4.899E-4,0.02579,-0.05045,-9.355E-4,6.206E-5,7.475E-4,-2.482E-4,0.001058,4.292E-4,0
1505067089254,true,1763.24,0,-0.02897,-0.02965,-0.002153,3.702E-4,-2.035E-4,0.001563,-3.026E-4,4.89E-4,0.02588,-0.05026,-9.191E-4,5.94E-5,7.747E-4,-2.543E-4,0.001078,4.268E-4,0
1505067089290,true,1763.297,0,-0.02821,-0.03003,-0.002151,3.686E-4,-1.866E-4,0.001559,-2.94E-4,4.847E-4,0.0267,-0.0511,-9.183E-4,5.848E-5,7.822E-4,-2.599E-4,0.001085,4.246E-4,0
1505067089326,true,1763.355,0,-0.02793,-0.02972,-0.002172,3.673E-4,-1.975E-4,0.001557,-2.953E-4,4.815E-4,0.02759,-0.052,-9.253E-4,5.427E-5,7.685E-4,-2.624E-4,0.001083,4.19E-4,0
1505067089362,true,1763.412,0,-0.02768,-0.02932,-0.002198,3.644E-4,-2.301E-4,0.001557,-3.042E-4,4.81E-4,0.02713,-0.05179,-9.51E-4,5.128E-5,7.357E-4,-2.637E-4,0.001067,4.124E-4,0
1505067089493,true,1763.458,0,-0.02851,-0.02883,-0.002229,3.709E-4,-2.883E-4,0.001569,-3.335E-4,4.87E-4,0.02628,-0.05106,-9.817E-4,5.599E-5,6.983E-4,-2.549E-4,0.001038,4.196E-4,0
1505067089529,true,1763.516,0,-0.0295,-0.02908,-0.002222,3.74E-4,-2.834E-4,0.001572,-3.34E-4,4.925E-4,0.02589,-0.0505,-9.699E-4,5.748E-5,7.197E-4,-2.539E-4,0.001052,4.241E-4,0
1505067089565,true,1763.573,0,-0.02934,-0.02973,-0.002204,3.761E-4,-2.457E-4,0.001572,-3.192E-4,4.968E-4,0.02647,-0.05093,-9.535E-4,6.247E-5,7.651E-4,-2.571E-4,0.001088,4.265E-4,0
1505067089601,true,1763.631,0,-0.02867,-0.02952,-0.002183,3.811E-4,-1.901E-4,0.001573,-2.888E-4,4.944E-4,0.0271,-0.05158,-9.151E-4,6.443E-5,8.185E-4,-2.588E-4,0.001142,4.258E-4,0
1505067089637,true,1763.688,0,-0.02831,-0.02904,-0.002161,3.84E-4,-1.296E-4,0.001573,-2.571E-4,4.966E-4,0.02725,-0.05185,-8.707E-4,6.464E-5,8.711E-4,-2.58E-4,0.001211,4.2E-4,0
1505067089793,true,1763.757,0,-0.02822,-0.02856,-0.002131,3.862E-4,-8.115E-5,0.001576,-2.2E-4,4.984E-4,0.02633,-0.05108,-8.222E-4,6.029E-5,9.191E-4,-2.569E-4,0.001267,4.173E-4,0
1505067089829,true,1763.815,0,-0.02937,-0.0284,-0.002103,3.884E-4,-3.141E-5,0.001574,-1.854E-4,4.986E-4,0.02574,-0.05049,-7.817E-4,5.739E-5,9.725E-4,-2.579E-4,0.001318,4.143E-4,0
1505067089864,true,1763.872,0,-0.0299,-0.02923,-0.00207,3.892E-4,2.189E-5,0.001568,-1.527E-4,4.977E-4,0.02565,-0.05009,-7.534E-4,5.729E-5,0.00103,-2.638E-4,0.001352,4.151E-4,0
1505067089901,true,1763.93,0,-0.02977,-0.02966,-0.002048,3.883E-4,6.461E-5,0.001562,-1.212E-4,4.907E-4,0.02652,-0.05089,-7.347E-4,5.574E-5,0.001067,-2.699E-4,0.001383,4.118E-4,0
1505067089936,true,1763.987,0,-0.0291,-0.02942,-0.002032,3.83E-4,8.959E-5,0.001559,-1.023E-4,4.835E-4,0.02758,-0.05193,-7.199E-4,5.024E-5,0.001084,-2.74E-4,0.001403,4.084E-4,0
1505067090068,true,1764.033,0,-0.02877,-0.02907,-0.00203,3.785E-4,8.657E-5,0.001556,-9.482E-5,4.808E-4,0.02763,-0.05212,-7.233E-4,4.525E-5,0.001074,-2.751E-4,0.001418,3.977E-4,0
1505067090104,true,1764.091,0,-0.02914,-0.02854,-0.002045,3.768E-4,5.39E-5,0.001553,-1.017E-4,4.808E-4,0.0268,-0.05147,-7.408E-4,3.969E-5,0.001047,-2.772E-4,0.001407,3.923E-4,0
1505067090140,true,1764.148,0,-0.03018,-0.02882,-0.002074,3.778E-4,4.547E-6,0.001554,-1.21E-4,4.829E-4,0.02628,-0.05087,-7.809E-4,4.006E-5,0.001008,-2.747E-4,0.001361,3.975E-4,0
1505067090176,true,1764.206,0,-0.03048,-0.02949,-0.002103,3.853E-4,-1.733E-5,0.001561,-1.417E-4,4.884E-4,0.02643,-0.05085,-8.09E-4,4.666E-5,0.001005,-2.727E-4,0.00136,4.027E-4,0
1505067090212,true,1764.263,0,-0.02951,-0.02974,-0.002106,3.893E-4,7.27E-6,0.001568,-1.455E-4,4.927E-4,0.02739,-0.05175,-7.981E-4,4.822E-5,0.001037,-2.746E-4,0.001395,4.048E-4,0
1505067090343,true,1764.307,0,-0.02893,-0.02937,-0.002089,3.906E-4,4.609E-5,0.001573,-1.315E-4,4.926E-4,0.02796,-0.05243,-7.651E-4,4.609E-5,0.001072,-2.726E-4,0.001444,4.021E-4,0
1505067090379,true,1764.365,0,-0.02866,-0.02897,-0.00206,3.911E-4,9.604E-5,0.001574,-9.087E-5,4.904E-4,0.02727,-0.05193,-7.283E-4,4.376E-5,0.001117,-2.723E-4,0.001507,3.953E-4,0
1505067090415,true,1764.422,0,-0.02936,-0.02874,-0.002025,3.894E-4,1.48E-4,0.001574,-5.057E-5,4.902E-4,0.02651,-0.05121,-6.857E-4,3.92E-5,0.001166,-2.741E-4,0.001559,3.932E-4,0
1505067090451,true,1764.48,0,-0.03022,-0.02926,-0.001987,3.885E-4,2.019E-4,0.001569,-1.367E-5,4.871E-4,0.02629,-0.0508,-6.476E-4,3.356E-5,0.001225,-2.802E-4,0.001602,3.957E-4,0
1505067090487,true,1764.537,0,-0.0299,-0.03006,-0.001955,3.859E-4,2.617E-4,0.001565,1.483E-5,4.875E-4,0.02694,-0.05138,-6.179E-4,3.166E-5,0.001283,-2.89E-4,0.001651,3.939E-4,0
1505067090642,true,1764.608,0,-0.02902,-0.03008,-0.001936,3.844E-4,3.146E-4,0.001559,4.522E-5,4.825E-4,0.02807,-0.05249,-6.012E-4,2.98E-5,0.001324,-2.947E-4,0.001684,3.932E-4,0
1505067090678,true,1764.666,0,-0.02889,-0.02968,-0.001922,3.812E-4,3.398E-4,0.001556,6.747E-5,4.763E-4,0.02843,-0.05296,-5.855E-4,2.424E-5,0.001339,-2.985E-4,0.001713,3.865E-4,0
1505067090714,true,1764.723,0,-0.02886,-0.02928,-0.001918,3.754E-4,3.405E-4,0.001551,8.201E-5,4.736E-4,0.02771,-0.0524,-5.8E-4,1.771E-5,0.001336,-3.004E-4,0.001722,3.798E-4,0
1505067090751,true,1764.781,0,-0.02961,-0.02928,-0.001933,3.759E-4,3.254E-4,0.001544,7.876E-5,4.718E-4,0.02716,-0.05188,-5.939E-4,1.119E-5,0.00133,-3.067E-4,0.001711,3.76E-4,0
1505067090790,true,1764.838,0,-0.03015,-0.02991,-0.001956,3.713E-4,2.897E-4,0.001538,5.814E-5,4.737E-4,0.02703,-0.05156,-6.239E-4,6.626E-6,0.001302,-3.129E-4,0.001676,3.757E-4,0
1505067090942,true,1764.907,0,-0.02952,-0.03032,-0.001996,3.748E-4,2.368E-4,0.001547,2.264E-5,4.716E-4,0.02782,-0.05237,-6.778E-4,1.351E-5,0.001251,-3.099E-4,0.001628,3.791E-4,0
1505067090978,true,1764.965,0,-0.02891,-0.02988,-0.002016,3.796E-4,2.337E-4,0.001553,4.198E-6,4.743E-4,0.02861,-0.05321,-6.773E-4,1.438E-5,0.001248,-3.082E-4,0.00164,3.805E-4,0
1505067091015,true,1765.022,0,-0.02851,-0.02945,-0.002005,3.802E-4,2.576E-4,0.001556,2.363E-5,4.71E-4,0.02813,-0.05293,-6.576E-4,1.384E-5,0.001273,-3.089E-4,0.00168,3.763E-4,0
1505067091051,true,1765.08,0,-0.02923,-0.02917,-0.001979,3.796E-4,2.889E-4,0.001558,4.825E-5,4.714E-4,0.0273,-0.05226,-6.189E-4,8.853E-6,0.0013,-3.069E-4,0.001719,3.724E-4,0
1505067091086,true,1765.137,0,-0.03007,-0.02964,-0.00195,3.801E-4,3.442E-4,0.001552,8.143E-5,4.699E-4,0.02694,-0.05179,-5.812E-4,2.664E-6,0.001348,-3.114E-4,0.001752,3.738E-4,0
1505067091217,true,1765.182,0,-0.02988,-0.03053,-0.001926,3.807E-4,3.898E-4,0.001552,9.925E-5,4.736E-4,0.02745,-0.05213,-5.627E-4,3.243E-6,0.001396,-3.187E-4,0.001784,3.735E-4,0
1505067091253,true,1765.24,0,-0.02903,-0.03079,-0.001901,3.821E-4,4.451E-4,0.00155,1.22E-4,4.695E-4,0.02846,-0.05314,-5.373E-4,1.583E-6,0.001431,-3.236E-4,0.001824,3.707E-4,0
1505067091289,true,1765.297,0,-0.02862,-0.03043,-0.001882,3.806E-4,4.942E-4,0.001546,1.534E-4,4.633E-4,0.02905,-0.05374,-5.022E-4,-4.491E-6,0.001461,-3.276E-4,0.001857,3.67E-4,0
1505067091325,true,1765.355,0,-0.02843,-0.02995,-0.001855,3.742E-4,5.167E-4,0.001545,1.826E-4,4.6E-4,0.02846,-0.05323,-4.781E-4,-1.122E-5,0.001479,-3.323E-4,0.001886,3.603E-4,0
1505067091361,true,1765.412,0,-0.0292,-0.02978,-0.001838,3.699E-4,5.205E-4,0.001539,1.914E-4,4.578E-4,0.02774,-0.05256,-4.658E-4,-1.868E-5,0.001485,-3.37E-4,0.001893,3.554E-4,0
1505067091518,true,1765.482,0,-0.02991,-0.03035,-0.001839,3.675E-4,5.139E-4,0.001535,1.935E-4,4.572E-4,0.02735,-0.05194,-4.753E-4,-2.482E-5,0.001476,-3.438E-4,0.001874,3.574E-4,0
1505067091554,true,1765.54,0,-0.02937,-0.03099,-0.00186,3.647E-4,4.901E-4,0.001532,1.791E-4,4.547E-4,0.0278,-0.05241,-4.984E-4,-2.795E-5,0.001456,-3.538E-4,0.001838,3.569E-4,0
1505067091590,true,1765.597,0,-0.02892,-0.03074,-0.001899,3.637E-4,4.494E-4,0.001533,1.473E-4,4.513E-4,0.02861,-0.05327,-5.344E-4,-2.873E-5,0.001415,-3.571E-4,0.001808,3.558E-4,0
1505067091626,true,1765.655,0,-0.0285,-0.03047,-0.00193,3.684E-4,4.126E-4,0.001546,1.272E-4,4.533E-4,0.02839,-0.05329,-5.581E-4,-2.525E-5,0.001384,-3.502E-4,0.001799,3.562E-4,0
1505067091662,true,1765.712,0,-0.02919,-0.02988,-0.001918,3.676E-4,4.221E-4,0.00155,1.301E-4,4.562E-4,0.02727,-0.05241,-5.424E-4,-2.648E-5,0.001402,-3.487E-4,0.001818,3.568E-4,0
1505067091792,true,1765.758,0,-0.03042,-0.03006,-0.001909,3.725E-4,4.468E-4,0.001549,1.521E-4,4.545E-4,0.02667,-0.05177,-5.258E-4,-2.632E-5,0.001436,-3.516E-4,0.00185,3.556E-4,0
1505067091828,true,1765.816,0,-0.03088,-0.03074,-0.001885,3.737E-4,4.916E-4,0.001545,1.767E-4,4.545E-4,0.02678,-0.05165,-4.996E-4,-2.734E-5,0.001466,-3.53E-4,0.001877,3.562E-4,0
1505067091864,true,1765.873,0,-0.0301,-0.03118,-0.001868,3.757E-4,5.47E-4,0.001542,2.009E-4,4.509E-4,0.02776,-0.05257,-4.746E-4,-2.792E-5,0.001503,-3.589E-4,0.001911,3.551E-4,0
1505067091900,true,1765.931,0,-0.0299,-0.03068,-0.00185,3.754E-4,5.907E-4,0.001543,2.309E-4,4.422E-4,0.0286,-0.05339,-4.458E-4,-2.93E-5,0.001541,-3.624E-4,0.00195,3.52E-4,0
1505067091936,true,1765.988,0,-0.02921,-0.03034,-0.001826,3.738E-4,6.25E-4,0.001543,2.574E-4,4.404E-4,0.02827,-0.05314,-4.128E-4,-3.475E-5,0.001572,-3.64E-4,0.001988,3.473E-4,0
1505067092093,true,1766.057,0,-0.02989,-0.02979,-0.001803,3.731E-4,6.515E-4,0.001539,2.868E-4,4.407E-4,0.02756,-0.05245,-3.84E-4,-4.259E-5,0.001594,-3.655E-4,0.002006,3.463E-4,0
1505067092129,true,1766.115,0,-0.03069,-0.03011,-0.001788,3.711E-4,6.668E-4,0.001531,3.067E-4,4.397E-4,0.02716,-0.05189,-3.764E-4,-4.773E-5,0.001609,-3.709E-4,0.002011,3.431E-4,0
1505067092165,true,1766.172,0,-0.0303,-0.03082,-0.001783,3.656E-4,6.602E-4,0.001528,2.997E-4,4.388E-4,0.02749,-0.05202,-3.843E-4,-5.068E-5,0.001607,-3.783E-4,0.001997,3.432E-4,0
1505067092200,true,1766.23,0,-0.02961,-0.03078,-0.001801,3.628E-4,6.37E-4,0.001527,2.816E-4,4.356E-4,0.02831,-0.05287,-3.986E-4,-5.599E-5,0.001585,-3.854E-4,0.001981,3.379E-4,0
1505067092237,true,1766.287,0,-0.02904,-0.03042,-0.001827,3.571E-4,5.893E-4,0.001526,2.587E-4,4.357E-4,0.02841,-0.05313,-4.29E-4,-6.073E-5,0.001533,-3.859E-4,0.001953,3.331E-4,0
1505067092367,true,1766.332,0,-0.02917,-0.02993,-0.001869,3.593E-4,5.265E-4,0.001533,2.284E-4,4.38E-4,0.02752,-0.05251,-4.764E-4,-5.84E-5,0.001472,-3.815E-4,0.001906,3.338E-4,0
1505067092403,true,1766.39,0,-0.03017,-0.0299,-0.001892,3.64E-4,4.97E-4,0.001536,2.227E-4,4.392E-4,0.02688,-0.05189,-4.802E-4,-5.842E-5,0.001466,-3.79E-4,0.001896,3.383E-4,0
1505067092439,true,1766.447,0,-0.03097,-0.03053,-0.001887,3.672E-4,5.114E-4,0.001538,2.291E-4,4.409E-4,0.02677,-0.05151,-4.775E-4,-5.653E-5,0.001491,-3.789E-4,0.001912,3.395E-4,0
1505067092475,true,1766.505,0,-0.03068,-0.03102,-0.00188,3.709E-4,5.514E-4,0.00154,2.404E-4,4.409E-4,0.02765,-0.05229,-4.653E-4,-5.378E-5,0.00153,-3.825E-4,0.00195,3.381E-4,0
1505067092511,true,1766.562,0,-0.03035,-0.03059,-0.001858,3.713E-4,5.955E-4,0.001539,2.59E-4,4.406E-4,0.02865,-0.05326,-4.368E-4,-5.423E-5,0.001573,-3.864E-4,0.002003,3.328E-4,0
1505067092667,true,1766.632,0,-0.02986,-0.03014,-0.00183,3.708E-4,6.373E-4,0.001539,2.862E-4,4.396E-4,0.02872,-0.05342,-4.058E-4,-5.737E-5,0.001603,-3.856E-4,0.002047,3.282E-4,0
1505067092703,true,1766.69,0,-0.03012,-0.02964,-0.001793,3.671E-4,6.715E-4,0.001538,3.166E-4,4.371E-4,0.02808,-0.05281,-3.634E-4,-6.526E-5,0.001647,-3.893E-4,0.002087,3.231E-4,0
1505067092739,true,1766.747,0,-0.03111,-0.02983,-0.001758,3.628E-4,7.07E-4,0.001532,3.416E-4,4.365E-4,0.0276,-0.05212,-3.377E-4,-6.946E-5,0.001678,-3.902E-4,0.002117,3.225E-4,0
1505067092775,true,1766.805,0,-0.0315,-0.03041,-0.001739,3.595E-4,7.42E-4,0.001525,3.645E-4,4.339E-4,0.02795,-0.05216,-3.274E-4,-7.158E-5,0.00171,-3.981E-4,0.002136,3.22E-4,0
1505067092811,true,1766.862,0,-0.03065,-0.03071,-0.001737,3.582E-4,7.552E-4,0.00152,3.734E-4,4.322E-4,0.02884,-0.05305,-3.295E-4,-7.298E-5,0.001726,-4.083E-4,0.002152,3.182E-4,0
1505067092943,true,1766.908,0,-0.03065,-0.03014,-0.001745,3.542E-4,7.45E-4,0.00152,3.752E-4,4.284E-4,0.02937,-0.05368,-3.391E-4,-7.59E-5,0.001714,-4.114E-4,0.002155,3.115E-4,0
1505067092978,true,1766.966,0,-0.03045,-0.02984,-0.001758,3.484E-4,7.159E-4,0.001518,3.656E-4,4.267E-4,0.02874,-0.05334,-3.549E-4,-8.374E-5,0.001683,-4.156E-4,0.002151,2.994E-4,0
1505067093015,true,1767.023,0,-0.03135,-0.02958,-0.001787,3.458E-4,6.687E-4,0.001512,3.427E-4,4.303E-4,0.02799,-0.05273,-3.907E-4,-8.826E-5,0.001636,-4.172E-4,0.00212,2.953E-4,0
1505067093050,true,1767.081,0,-0.03227,-0.03019,-0.001828,3.485E-4,6.015E-4,0.001515,3.016E-4,4.363E-4,0.02769,-0.05233,-4.485E-4,-8.28E-5,0.001582,-4.143E-4,0.002067,3.019E-4,0
1505067093098,true,1767.138,0,-0.03203,-0.03096,-0.001845,3.515E-4,5.736E-4,0.001524,2.8E-4,4.399E-4,0.02825,-0.05291,-4.699E-4,-7.76E-5,0.001579,-4.14E-4,0.002063,3.073E-4,0
1505067093243,true,1767.209,0,-0.03147,-0.03082,-0.001852,3.548E-4,5.942E-4,0.001526,2.863E-4,4.377E-4,0.02937,-0.05403,-4.713E-4,-7.509E-5,0.001592,-4.128E-4,0.002101,3.029E-4,0
1505067093279,true,1767.267,0,-0.03077,-0.03049,-0.001836,3.539E-4,6.303E-4,0.001526,2.996E-4,4.379E-4,0.02952,-0.05433,-4.417E-4,-7.621E-5,0.00162,-4.119E-4,0.002142,2.997E-4,0
1505067093315,true,1767.324,0,-0.03055,-0.02998,-0.001809,3.538E-4,6.674E-4,0.001525,3.336E-4,4.356E-4,0.02867,-0.05354,-4.165E-4,-7.83E-5,0.001659,-4.148E-4,0.002194,2.923E-4,0
1505067093351,true,1767.382,0,-0.03134,-0.03001,-0.001778,3.537E-4,7.055E-4,0.001522,3.698E-4,4.327E-4,0.02805,-0.0528,-3.885E-4,-8.155E-5,0.001696,-4.166E-4,0.002229,2.912E-4,0
1505067093387,true,1767.439,0,-0.03165,-0.03066,-0.001754,3.535E-4,7.548E-4,0.001515,3.846E-4,4.334E-4,0.02788,-0.05224,-3.636E-4,-8.305E-5,0.001733,-4.211E-4,0.002267,2.881E-4,0
1505067093518,true,1767.483,0,-0.03052,-0.03118,-0.001732,3.522E-4,8.011E-4,0.001508,3.991E-4,4.31E-4,0.02854,-0.0528,-3.421E-4,-8.611E-5,0.001764,-4.267E-4,0.002299,2.86E-4,0
1505067093553,true,1767.541,0,-0.03004,-0.03071,-0.001713,3.469E-4,8.281E-4,0.001505,4.134E-4,4.271E-4,0.02935,-0.05355,-3.248E-4,-9.073E-5,0.001777,-4.32E-4,0.002327,2.807E-4,0
1505067093589,true,1767.598,0,-0.02967,-0.03024,-0.001701,3.408E-4,8.409E-4,0.001501,4.28E-4,4.228E-4,0.02895,-0.05334,-3.225E-4,-9.455E-5,0.001777,-4.347E-4,0.00234,2.743E-4,0
1505067093626,true,1767.656,0,-0.03033,-0.02991,-0.0017,3.356E-4,8.211E-4,0.001496,4.331E-4,4.186E-4,0.02822,-0.05281,-3.345E-4,-1.0E-4,0.001765,-4.388E-4,0.002327,2.694E-4,0
1505067093662,true,1767.713,0,-0.0312,-0.03037,-0.001718,3.325E-4,7.847E-4,0.001488,4.232E-4,4.152E-4,0.02771,-0.05229,-3.632E-4,-1.036E-4,0.001733,-4.439E-4,0.002293,2.68E-4,0
1505067093817,true,1767.782,0,-0.03119,-0.03122,-0.001747,3.292E-4,7.312E-4,0.001486,4.012E-4,4.142E-4,0.02788,-0.05248,-4.161E-4,-1.033E-4,0.001691,-4.49E-4,0.002246,2.685E-4,0
1505067093854,true,1767.84,0,-0.03032,-0.03156,-0.001801,3.295E-4,6.631E-4,0.001488,3.669E-4,4.08E-4,0.02885,-0.05362,-4.752E-4,-9.995E-5,0.001631,-4.495E-4,0.002192,2.706E-4,0
1505067093889,true,1767.897,0,-0.02969,-0.03119,-0.001842,3.365E-4,6.141E-4,0.001498,3.375E-4,4.102E-4,0.02929,-0.05417,-4.96E-4,-9.577E-5,0.001587,-4.405E-4,0.00217,2.739E-4,0
1505067093926,true,1767.955,0,-0.02915,-0.03083,-0.001841,3.369E-4,6.214E-4,0.0015,3.437E-4,4.107E-4,0.0285,-0.05362,-4.891E-4,-9.614E-5,0.001594,-4.384E-4,0.002194,2.71E-4,0
1505067093962,true,1768.012,0,-0.02993,-0.03059,-0.001829,3.373E-4,6.39E-4,0.001494,3.559E-4,4.127E-4,0.02766,-0.05282,-4.691E-4,-9.97E-5,0.00162,-4.376E-4,0.002212,2.725E-4,0
1505067094093,true,1768.058,0,-0.03056,-0.0311,-0.001797,3.332E-4,6.636E-4,0.00149,3.702E-4,4.136E-4,0.02717,-0.05209,-4.569E-4,-9.818E-5,0.001659,-4.412E-4,0.002228,2.764E-4,0
1505067094129,true,1768.116,0,-0.03019,-0.03156,-0.001778,3.331E-4,7.0E-4,0.001487,3.877E-4,4.076E-4,0.02764,-0.05247,-4.408E-4,-9.81E-5,0.001694,-4.478E-4,0.002249,2.77E-4,0
1505067094165,true,1768.173,0,-0.02964,-0.03126,-0.001766,3.337E-4,7.366E-4,0.001484,4.038E-4,4.038E-4,0.02844,-0.05329,-4.179E-4,-1.022E-4,0.001721,-4.523E-4,0.002273,2.755E-4,0
1505067094201,true,1768.231,0,-0.02901,-0.031,-0.001745,3.287E-4,7.697E-4,0.001479,4.304E-4,3.988E-4,0.02828,-0.05327,-4.004E-4,-1.063E-4,0.001732,-4.51E-4,0.002299,2.7E-4,0
1505067094237,true,1768.288,0,-0.02924,-0.03054,-0.001731,3.25E-4,7.749E-4,0.001477,4.497E-4,3.946E-4,0.02737,-0.05252,-3.96E-4,-1.103E-4,0.001736,-4.527E-4,0.002317,2.61E-4,0
1505067094393,true,1768.359,0,-0.03015,-0.03083,-0.001731,3.216E-4,7.686E-4,0.001469,4.61E-4,3.896E-4,0.02698,-0.05198,-4.007E-4,-1.172E-4,0.001739,-4.608E-4,0.002307,2.575E-4,0
1505067094429,true,1768.417,0,-0.0304,-0.03161,-0.001744,3.163E-4,7.471E-4,0.001463,4.451E-4,3.893E-4,0.02714,-0.05201,-4.299E-4,-1.184E-4,0.001717,-4.649E-4,0.002271,2.578E-4,0
1505067094465,true,1768.474,0,-0.02942,-0.03217,-0.001772,3.13E-4,6.999E-4,0.001463,4.183E-4,3.865E-4,0.028,-0.05297,-4.743E-4,-1.195E-4,0.001675,-4.687E-4,0.002235,2.568E-4,0
1505067094501,true,1768.532,0,-0.02905,-0.03175,-0.001809,3.073E-4,6.442E-4,0.001462,3.915E-4,3.807E-4,0.02873,-0.05386,-5.218E-4,-1.221E-4,0.001618,-4.711E-4,0.002188,2.536E-4,0
1505067094537,true,1768.589,0,-0.02874,-0.03122,-0.001866,3.099E-4,5.551E-4,0.001472,3.547E-4,3.807E-4,0.02821,-0.05357,-5.78E-4,-1.182E-4,0.001545,-4.648E-4,0.002129,2.565E-4,0
1505067094693,true,1768.658,0,-0.02944,-0.03069,-0.001885,3.119E-4,5.198E-4,0.001473,3.344E-4,3.831E-4,0.02724,-0.05278,-5.905E-4,-1.176E-4,0.001525,-4.599E-4,0.002112,2.584E-4,0
1505067094729,true,1768.716,0,-0.03024,-0.03107,-0.001885,3.129E-4,5.212E-4,0.001471,3.409E-4,3.838E-4,0.02659,-0.05205,-5.888E-4,-1.175E-4,0.001536,-4.578E-4,0.002104,2.647E-4,0
1505067094765,true,1768.773,0,-0.02997,-0.03177,-0.001883,3.14E-4,5.446E-4,0.001469,3.468E-4,3.794E-4,0.02684,-0.05211,-5.824E-4,-1.167E-4,0.001561,-4.591E-4,0.002123,2.666E-4,0
1505067094801,true,1768.831,0,-0.02909,-0.03171,-0.001872,3.107E-4,5.752E-4,0.001465,3.593E-4,3.751E-4,0.02753,-0.05279,-5.681E-4,-1.156E-4,0.001581,-4.599E-4,0.002156,2.649E-4,0
1505067094837,true,1768.888,0,-0.02861,-0.03123,-0.001868,3.134E-4,5.966E-4,0.001465,3.773E-4,3.702E-4,0.02779,-0.05311,-5.542E-4,-1.147E-4,0.001594,-4.597E-4,0.002182,2.612E-4,0
1505067094968,true,1768.934,0,-0.02875,-0.0307,-0.00186,3.119E-4,6.166E-4,0.001464,3.873E-4,3.711E-4,0.02696,-0.05242,-5.354E-4,-1.183E-4,0.001609,-4.599E-4,0.002212,2.54E-4,0
1505067095004,true,1768.992,0,-0.02954,-0.03074,-0.001845,3.08E-4,6.207E-4,0.001462,4.038E-4,3.687E-4,0.02628,-0.05177,-5.25E-4,-1.234E-4,0.001622,-4.607E-4,0.002217,2.516E-4,0
1505067095040,true,1769.049,0,-0.03022,-0.03137,-0.001842,3.043E-4,6.255E-4,0.001452,4.127E-4,3.661E-4,0.02614,-0.05143,-5.29E-4,-1.255E-4,0.001628,-4.672E-4,0.002201,2.529E-4,0
1505067095076,true,1769.107,0,-0.02972,-0.03178,-0.001849,3.002E-4,6.048E-4,0.00145,3.944E-4,3.641E-4,0.02684,-0.05214,-5.53E-4,-1.279E-4,0.001616,-4.754E-4,0.002187,2.5E-4,0
1505067095112,true,1769.164,0,-0.02902,-0.03148,-0.001884,2.971E-4,5.687E-4,0.001446,3.707E-4,3.602E-4,0.02784,-0.05311,-5.801E-4,-1.322E-4,0.001579,-4.797E-4,0.002151,2.492E-4,0
1505067095243,true,1769.208,0,-0.02853,-0.0311,-0.001926,2.933E-4,5.14E-4,0.001445,3.433E-4,3.562E-4,0.02776,-0.05324,-6.279E-4,-1.342E-4,0.001514,-4.799E-4,0.002102,2.478E-4,0
1505067095279,true,1769.266,0,-0.02888,-0.03041,-0.001973,2.899E-4,4.409E-4,0.001441,3.096E-4,3.539E-4,0.02691,-0.05259,-6.851E-4,-1.385E-4,0.001442,-4.799E-4,0.00204,2.461E-4,0
1505067095315,true,1769.323,0,-0.0297,-0.03055,-0.002031,2.975E-4,3.399E-4,0.001453,2.604E-4,3.594E-4,0.02636,-0.05205,-7.514E-4,-1.315E-4,0.001375,-4.692E-4,0.001972,2.548E-4,0
1505067095351,true,1769.381,0,-0.02988,-0.03117,-0.00205,3.013E-4,3.244E-4,0.001456,2.327E-4,3.627E-4,0.02628,-0.05188,-7.813E-4,-1.226E-4,0.001373,-4.684E-4,0.00196,2.579E-4,0
1505067095387,true,1769.438,0,-0.02923,-0.03132,-0.002063,3.047E-4,3.345E-4,0.001458,2.274E-4,3.608E-4,0.027,-0.05258,-7.817E-4,-1.185E-4,0.001389,-4.693E-4,0.001973,2.602E-4,0
1505067095543,true,1769.509,0,-0.02902,-0.03073,-0.002061,3.052E-4,3.547E-4,0.001461,2.285E-4,3.593E-4,0.02758,-0.05313,-7.671E-4,-1.169E-4,0.001401,-4.658E-4,0.001998,2.591E-4,0
1505067095579,true,1769.567,0,-0.02885,-0.03026,-0.002049,3.036E-4,3.785E-4,0.001463,2.496E-4,3.57E-4,0.02698,-0.05274,-7.396E-4,-1.202E-4,0.001422,-4.648E-4,0.002034,2.533E-4,0
1505067095615,true,1769.624,0,-0.02965,-0.03002,-0.002045,3.048E-4,3.877E-4,0.001465,2.603E-4,3.585E-4,0.02618,-0.05204,-7.254E-4,-1.2E-4,0.001442,-4.655E-4,0.002069,2.481E-4,0
1505067095651,true,1769.682,0,-0.03033,-0.03067,-0.002026,3.025E-4,4.059E-4,0.001463,2.686E-4,3.579E-4,0.02603,-0.0517,-7.104E-4,-1.204E-4,0.001462,-4.687E-4,0.002081,2.483E-4,0
1505067095687,true,1769.739,0,-0.03008,-0.03139,-0.002018,3.002E-4,4.18E-4,0.001459,2.721E-4,3.546E-4,0.0267,-0.05223,-7.166E-4,-1.18E-4,0.001484,-4.751E-4,0.00209,2.46E-4,0
1505067095818,true,1769.783,0,-0.0295,-0.03121,-0.002024,2.961E-4,4.141E-4,0.001454,2.657E-4,3.512E-4,0.02775,-0.05326,-7.237E-4,-1.196E-4,0.001479,-4.792E-4,0.002094,2.436E-4,0
1505067095854,true,1769.841,0,-0.02881,-0.03087,-0.002051,2.941E-4,3.966E-4,0.001451,2.517E-4,3.472E-4,0.02795,-0.05359,-7.403E-4,-1.201E-4,0.001446,-4.791E-4,0.00208,2.37E-4,0
1505067095890,true,1769.898,0,-0.02849,-0.03035,-0.002079,2.895E-4,3.509E-4,0.001444,2.395E-4,3.423E-4,0.0272,-0.05298,-7.683E-4,-1.243E-4,0.001399,-4.799E-4,0.002041,2.322E-4,0
1505067095926,true,1769.956,0,-0.02921,-0.03035,-0.002125,2.854E-4,2.679E-4,0.001443,2.012E-4,3.422E-4,0.02655,-0.05239,-8.164E-4,-1.27E-4,0.001347,-4.818E-4,0.00198,2.348E-4,0
1505067095962,true,1770.013,0,-0.02976,-0.03095,-0.002184,2.845E-4,1.917E-4,0.001438,1.522E-4,3.429E-4,0.02637,-0.05199,-8.875E-4,-1.257E-4,0.001285,-4.855E-4,0.001911,2.335E-4,0
1505067096118,true,1770.084,0,-0.02913,-0.03138,-0.002258,2.946E-4,9.444E-5,0.00145,7.886E-5,3.515E-4,0.02697,-0.0526,-9.655E-4,-1.141E-4,0.001212,-4.787E-4,0.001842,2.455E-4,0
1505067096154,true,1770.142,0,-0.02881,-0.03102,-0.002291,2.994E-4,7.225E-5,0.001457,5.231E-5,3.513E-4,0.02765,-0.05343,-9.822E-4,-1.094E-4,0.001199,-4.75E-4,0.001841,2.464E-4,0
1505067096190,true,1770.199,0,-0.02837,-0.03058,-0.002299,3.008E-4,8.144E-5,0.001458,4.979E-5,3.523E-4,0.0273,-0.05329,-9.807E-4,-1.06E-4,0.001207,-4.7E-4,0.001857,2.465E-4,0
1505067096226,true,1770.257,0,-0.02914,-0.03016,-0.002293,3.022E-4,8.733E-5,0.00146,6.32E-5,3.508E-4,0.02647,-0.05259,-9.627E-4,-1.053E-4,0.001223,-4.634E-4,0.001884,2.456E-4,0
1505067096262,true,1770.314,0,-0.03032,-0.03048,-0.002281,3.025E-4,1.136E-4,0.001456,7.615E-5,3.505E-4,0.02615,-0.05218,-9.455E-4,-1.051E-4,0.00126,-4.653E-4,0.0019,2.48E-4,0
1505067096418,true,1770.384,0,-0.0304,-0.03121,-0.002273,3.033E-4,1.426E-4,0.001454,7.964E-5,3.512E-4,0.02651,-0.05242,-9.321E-4,-1.048E-4,0.001284,-4.669E-4,0.001913,2.499E-4,0
1505067096454,true,1770.442,0,-0.02922,-0.03144,-0.002279,3.072E-4,1.576E-4,0.001457,7.573E-5,3.519E-4,0.0275,-0.0534,-9.194E-4,-1.044E-4,0.001306,-4.713E-4,0.001935,2.495E-4,0
1505067096490,true,1770.499,0,-0.02893,-0.03097,-0.002277,3.048E-4,1.709E-4,0.001458,7.637E-5,3.508E-4,0.0281,-0.054,-9.083E-4,-1.064E-4,0.001309,-4.711E-4,0.001946,2.483E-4,0
1505067096526,true,1770.557,0,-0.02837,-0.03057,-0.002277,3.014E-4,1.683E-4,0.001454,7.483E-5,3.493E-4,0.02759,-0.05361,-9.107E-4,-1.083E-4,0.0013,-4.724E-4,0.001945,2.432E-4,0
1505067096562,true,1770.614,0,-0.02921,-0.03043,-0.002292,2.987E-4,1.36E-4,0.001451,5.714E-5,3.506E-4,0.02687,-0.05292,-9.271E-4,-1.109E-4,0.001277,-4.753E-4,0.00192,2.394E-4,0
1505067096693,true,1770.659,0,-0.02993,-0.03083,-0.002316,2.952E-4,7.992E-5,0.001448,4.139E-5,3.466E-4,0.02643,-0.05227,-9.609E-4,-1.117E-4,0.001237,-4.792E-4,0.001871,2.385E-4,0
1505067096729,true,1770.717,0,-0.02965,-0.03136,-0.002362,2.949E-4,2.191E-5,0.001444,-7.347E-6,3.465E-4,0.02694,-0.05275,-0.001018,-1.086E-4,0.001185,-4.855E-4,0.001818,2.371E-4,0
1505067096765,true,1770.774,0,-0.029,-0.03111,-0.002428,2.942E-4,-5.375E-5,0.001442,-6.761E-5,3.475E-4,0.02783,-0.05377,-0.001085,-1.087E-4,0.001114,-4.87E-4,0.001756,2.364E-4,0
1505067096801,true,1770.832,0,-0.02899,-0.03067,-0.002501,3.037E-4,-1.489E-4,0.001457,-1.268E-4,3.542E-4,0.02777,-0.05394,-0.001151,-9.993E-5,0.00103,-4.739E-4,0.001688,2.437E-4,0
1505067096837,true,1770.889,0,-0.02927,-0.03018,-0.002524,3.075E-4,-1.838E-4,0.001467,-1.505E-4,3.593E-4,0.0267,-0.05316,-0.001162,-9.744E-5,0.001012,-4.65E-4,0.001691,2.449E-4,0
1505067096993,true,1770.959,0,-0.03007,-0.03042,-0.002526,3.114E-4,-1.839E-4,0.001468,-1.552E-4,3.631E-4,0.02614,-0.05264,-0.001154,-9.65E-5,0.001029,-4.628E-4,0.001698,2.485E-4,0
1505067097029,true,1771.017,0,-0.03044,-0.03123,-0.002521,3.164E-4,-1.723E-4,0.001469,-1.51E-4,3.636E-4,0.0262,-0.05248,-0.001146,-9.304E-5,0.001051,-4.613E-4,0.001709,2.526E-4,0
1505067097065,true,1771.074,0,-0.02978,-0.03161,-0.002513,3.202E-4,-1.416E-4,0.001471,-1.51E-4,3.65E-4,0.02735,-0.0535,-0.001133,-8.877E-5,0.001073,-4.606E-4,0.001737,2.523E-4,0
1505067097101,true,1771.132,0,-0.02938,-0.03099,-0.002509,3.219E-4,-1.189E-4,0.001474,-1.434E-4,3.65E-4,0.0282,-0.0543,-0.001116,-8.671E-5,0.001084,-4.569E-4,0.001758,2.543E-4,0
1505067097137,true,1771.189,0,-0.02876,-0.03062,-0.002507,3.234E-4,-1.023E-4,0.001473,-1.273E-4,3.629E-4,0.02777,-0.05401,-0.001105,-8.64E-5,0.00109,-4.534E-4,0.001789,2.48E-4,0
1505067097267,true,1771.234,0,-0.0294,-0.03004,-0.0025,3.242E-4,-1.045E-4,0.001473,-1.282E-4,3.628E-4,0.0269,-0.05324,-0.001089,-9.028E-5,0.001095,-4.545E-4,0.001796,2.482E-4,0
1505067097304,true,1771.292,0,-0.03028,-0.03035,-0.0025,3.233E-4,-1.112E-4,0.001468,-1.297E-4,3.611E-4,0.02645,-0.05264,-0.001098,-8.813E-5,0.00109,-4.57E-4,0.001781,2.464E-4,0
1505067097340,true,1771.349,0,-0.02995,-0.03108,-0.002509,3.221E-4,-1.457E-4,0.001468,-1.634E-4,3.647E-4,0.02663,-0.05281,-0.001123,-8.789E-5,0.001067,-4.619E-4,0.001748,2.472E-4,0
1505067097376,true,1771.407,0,-0.02921,-0.03112,-0.00254,3.211E-4,-1.918E-4,0.001471,-1.971E-4,3.616E-4,0.02751,-0.05373,-0.001163,-8.671E-5,0.001018,-4.645E-4,0.001714,2.431E-4,0
1505067097412,true,1771.464,0,-0.0286,-0.03083,-0.002586,3.181E-4,-2.562E-4,0.001473,-2.345E-4,3.587E-4,0.02767,-0.0541,-0.00121,-8.79E-5,9.517E-4,-4.634E-4,0.001663,2.399E-4,0
1505067097543,true,1771.51,0,-0.02854,-0.03047,-0.002643,3.23E-4,-3.41E-4,0.00148,-2.82E-4,3.624E-4,0.02668,-0.05348,-0.001271,-8.732E-5,8.676E-4,-4.567E-4,0.001595,2.41E-4,0
1505067097579,true,1771.568,0,-0.02966,-0.03047,-0.002684,3.332E-4,-4.132E-4,0.001496,-3.245E-4,3.694E-4,0.02597,-0.0528,-0.001301,-8.1E-5,8.3E-4,-4.462E-4,0.001555,2.509E-4,0
1505067097615,true,1771.625,0,-0.03033,-0.03119,-0.002694,3.375E-4,-4.241E-4,0.001502,-3.353E-4,3.752E-4,0.0259,-0.05256,-0.001309,-7.461E-5,8.412E-4,-4.436E-4,0.001556,2.569E-4,0
1505067097651,true,1771.683,0,-0.02976,-0.03174,-0.002698,3.432E-4,-4.105E-4,0.001508,-3.409E-4,3.795E-4,0.02679,-0.05327,-0.001313,-6.683E-5,8.588E-4,-4.415E-4,0.001569,2.627E-4,0
1505067097687,true,1771.74,0,-0.02936,-0.03131,-0.002695,3.479E-4,-3.878E-4,0.001513,-3.333E-4,3.789E-4,0.02785,-0.0543,-0.001293,-6.269E-5,8.743E-4,-4.359E-4,0.001605,2.629E-4,0
1505067097843,true,1771.809,0,-0.02888,-0.03072,-0.002681,3.491E-4,-3.575E-4,0.001514,-3.175E-4,3.774E-4,0.02772,-0.05426,-0.001273,-6.098E-5,8.849E-4,-4.302E-4,0.001621,2.638E-4,0
1505067097879,true,1771.867,0,-0.02927,-0.03015,-0.002664,3.516E-4,-3.39E-4,0.001516,-3.087E-4,3.803E-4,0.02681,-0.05347,-0.001254,-5.967E-5,9.004E-4,-4.271E-4,0.001645,2.633E-4,0
1505067097915,true,1771.924,0,-0.03016,-0.03026,-0.002651,3.542E-4,-3.204E-4,0.001515,-3.001E-4,3.821E-4,0.02628,-0.05274,-0.001244,-5.815E-5,9.263E-4,-4.292E-4,0.001656,2.648E-4,0
1505067097951,true,1771.982,0,-0.03023,-0.03102,-0.002639,3.561E-4,-3.033E-4,0.001511,-3.0E-4,3.849E-4,0.02639,-0.05261,-0.001241,-5.71E-5,9.36E-4,-4.319E-4,0.001647,2.68E-4,0
1505067097987,true,1772.039,0,-0.02921,-0.03125,-0.002651,3.566E-4,-3.096E-4,0.00151,-3.226E-4,3.854E-4,0.02725,-0.05349,-0.001257,-5.367E-5,9.273E-4,-4.367E-4,0.001637,2.662E-4,0
1505067098142,true,1772.108,0,-0.02878,-0.03082,-0.002675,3.547E-4,-3.418E-4,0.001512,-3.374E-4,3.824E-4,0.02777,-0.05411,-0.00128,-5.282E-5,8.901E-4,-4.376E-4,0.001612,2.634E-4,0
1505067098178,true,1772.166,0,-0.02878,-0.03048,-0.002705,3.521E-4,-4.002E-4,0.001516,-3.695E-4,3.861E-4,0.02707,-0.05366,-0.001317,-5.529E-5,8.381E-4,-4.362E-4,0.001571,2.612E-4,0
1505067098214,true,1772.223,0,-0.02946,-0.03043,-0.002739,3.497E-4,-4.728E-4,0.001515,-4.08E-4,3.891E-4,0.0262,-0.05299,-0.001374,-5.595E-5,7.802E-4,-4.348E-4,0.001509,2.616E-4,0
1505067098250,true,1772.281,0,-0.03024,-0.03112,-0.002803,3.589E-4,-5.712E-4,0.001529,-4.613E-4,3.965E-4,0.02604,-0.05279,-0.001448,-4.46E-5,7.114E-4,-4.245E-4,0.001431,2.736E-4,0
1505067098286,true,1772.338,0,-0.03002,-0.03183,-0.002828,3.701E-4,-6.002E-4,0.001541,-4.83E-4,4.016E-4,0.02652,-0.05331,-0.001477,-3.215E-5,6.994E-4,-4.191E-4,0.001411,2.837E-4,0
1505067098417,true,1772.383,0,-0.02919,-0.03182,-0.002841,3.777E-4,-5.846E-4,0.001544,-4.832E-4,4.015E-4,0.02767,-0.05437,-0.001475,-2.572E-5,7.103E-4,-4.14E-4,0.00143,2.891E-4,0
1505067098453,true,1772.441,0,-0.02893,-0.03117,-0.002833,3.825E-4,-5.587E-4,0.001552,-4.7E-4,4.032E-4,0.02792,-0.05471,-0.001459,-1.976E-5,7.265E-4,-4.075E-4,0.001455,2.929E-4,0
1505067098489,true,1772.498,0,-0.02897,-0.03056,-0.002807,3.844E-4,-5.324E-4,0.001555,-4.468E-4,4.057E-4,0.02703,-0.0539,-0.001435,-1.686E-5,7.617E-4,-4.028E-4,0.001496,2.892E-4,0
1505067098525,true,1772.556,0,-0.03008,-0.03042,-0.002782,3.876E-4,-5.038E-4,0.001556,-4.306E-4,4.099E-4,0.02642,-0.0531,-0.001406,-1.605E-5,7.985E-4,-3.996E-4,0.001519,2.923E-4,0
1505067098561,true,1772.613,0,-0.03054,-0.03109,-0.002763,3.907E-4,-4.658E-4,0.001556,-4.141E-4,4.125E-4,0.02624,-0.05265,-0.001382,-1.387E-5,8.381E-4,-4.01E-4,0.001532,2.962E-4,0
1505067098692,true,1772.659,0,-0.02996,-0.03144,-0.002749,3.934E-4,-4.27E-4,0.001556,-4.038E-4,4.144E-4,0.02709,-0.05333,-0.001367,-9.873E-6,8.683E-4,-4.026E-4,0.001551,2.989E-4,0
1505067098729,true,1772.717,0,-0.02952,-0.03112,-0.002746,3.953E-4,-4.026E-4,0.001554,-3.944E-4,4.121E-4,0.02788,-0.05416,-0.001359,-7.174E-6,8.754E-4,-4.018E-4,0.001561,2.978E-4,0
1505067098765,true,1772.774,0,-0.02928,-0.03078,-0.002748,3.942E-4,-4.036E-4,0.001556,-3.917E-4,4.104E-4,0.02765,-0.05401,-0.001358,-8.138E-6,8.663E-4,-4.012E-4,0.001557,2.939E-4,0
1505067098801,true,1772.832,0,-0.03001,-0.03046,-0.002754,3.924E-4,-4.382E-4,0.001557,-4.08E-4,4.131E-4,0.02688,-0.05334,-0.001379,-9.333E-6,8.319E-4,-3.979E-4,0.001527,2.938E-4,0
1505067098837,true,1772.889,0,-0.03103,-0.03088,-0.002779,3.944E-4,-4.863E-4,0.001556,-4.369E-4,4.182E-4,0.02642,-0.05291,-0.00142,-7.482E-6,7.894E-4,-3.965E-4,0.001477,2.955E-4,0
1505067098993,true,1772.959,0,-0.03113,-0.03175,-0.00281,3.939E-4,-5.472E-4,0.001558,-4.751E-4,4.213E-4,0.02667,-0.05314,-0.001477,-3.935E-6,7.311E-4,-3.942E-4,0.001415,2.983E-4,0
1505067099028,true,1773.017,0,-0.03045,-0.03195,-0.002871,4.037E-4,-6.275E-4,0.001574,-5.312E-4,4.284E-4,0.02768,-0.05428,-0.001548,1.01E-5,6.609E-4,-3.837E-4,0.001349,3.088E-4,0
1505067099065,true,1773.074,0,-0.03023,-0.03144,-0.002897,4.114E-4,-6.509E-4,0.001586,-5.51E-4,4.329E-4,0.02831,-0.05502,-0.001558,1.842E-5,6.441E-4,-3.726E-4,0.001335,3.178E-4,0
1505067099101,true,1773.132,0,-0.03017,-0.0308,-0.002897,4.179E-4,-6.407E-4,0.001593,-5.382E-4,4.365E-4,0.0276,-0.05452,-0.001549,2.251E-5,6.556E-4,-3.619E-4,0.001356,3.195E-4,0
1505067099137,true,1773.189,0,-0.03117,-0.0304,-0.00288,4.249E-4,-6.108E-4,0.001596,-5.252E-4,4.415E-4,0.02679,-0.05382,-0.001528,2.663E-5,6.871E-4,-3.554E-4,0.001371,3.289E-4,0
1505067099292,true,1773.259,0,-0.03201,-0.03089,-0.002854,4.288E-4,-5.652E-4,0.001593,-4.996E-4,4.466E-4,0.02655,-0.05328,-0.001509,3.324E-5,7.294E-4,-3.524E-4,0.0014,3.346E-4,0
1505067099328,true,1773.317,0,-0.03166,-0.03146,-0.002822,4.323E-4,-5.146E-4,0.001593,-4.831E-4,4.5E-4,0.02701,-0.05364,-0.00149,3.931E-5,7.655E-4,-3.51E-4,0.001427,3.401E-4,0
1505067099364,true,1773.374,0,-0.03108,-0.03122,-0.002802,4.371E-4,-4.712E-4,0.001596,-4.651E-4,4.485E-4,0.02803,-0.0546,-0.001457,4.217E-5,7.996E-4,-3.483E-4,0.001466,3.39E-4,0
1505067099400,true,1773.432,0,-0.03066,-0.03086,-0.002775,4.399E-4,-4.314E-4,0.001596,-4.414E-4,4.494E-4,0.02796,-0.05465,-0.001435,4.499E-5,8.207E-4,-3.44E-4,0.001497,3.35E-4,0
1505067099436,true,1773.489,0,-0.03086,-0.03048,-0.002753,4.403E-4,-4.153E-4,0.001599,-4.287E-4,4.535E-4,0.02679,-0.0536,-0.001422,4.673E-5,8.219E-4,-3.381E-4,0.001514,3.32E-4,0
1505067099566,true,1773.533,0,-0.03185,-0.03065,-0.002744,4.404E-4,-4.119E-4,0.001598,-4.176E-4,4.547E-4,0.02645,-0.05326,-0.001421,4.637E-5,8.248E-4,-3.372E-4,0.001502,3.341E-4,0
1505067099603,true,1773.591,0,-0.03257,-0.03129,-0.002742,4.387E-4,-4.274E-4,0.001595,-4.3E-4,4.574E-4,0.02662,-0.05319,-0.001436,4.611E-5,7.982E-4,-3.36E-4,0.001469,3.384E-4,0
1505067099639,true,1773.648,0,-0.03177,-0.03178,-0.002771,4.413E-4,-4.591E-4,0.001593,-4.524E-4,4.591E-4,0.02751,-0.05411,-0.001468,4.945E-5,7.636E-4,-3.363E-4,0.001429,3.413E-4,0
1505067099675,true,1773.706,0,-0.03136,-0.03143,-0.002804,4.391E-4,-4.976E-4,0.00159,-4.847E-4,4.584E-4,0.02832,-0.05506,-0.001505,4.819E-5,7.071E-4,-3.332E-4,0.001381,3.435E-4,0
1505067099711,true,1773.763,0,-0.0309,-0.03111,-0.002859,4.465E-4,-5.739E-4,0.0016,-5.158E-4,4.621E-4,0.02794,-0.05479,-0.001565,5.654E-5,6.324E-4,-3.224E-4,0.001327,3.472E-4,0
1505067099867,true,1773.834,0,-0.03177,-0.03048,-0.002882,4.578E-4,-6.306E-4,0.001615,-5.444E-4,4.731E-4,0.02678,-0.05389,-0.001582,6.27E-5,6.072E-4,-3.086E-4,0.001305,3.563E-4,0
1505067099904,true,1773.892,0,-0.03268,-0.03085,-0.002874,4.659E-4,-6.218E-4,0.001619,-5.397E-4,4.798E-4,0.02606,-0.05303,-0.001568,6.707E-5,6.305E-4,-3.019E-4,0.001308,3.67E-4,0
1505067099940,true,1773.949,0,-0.03275,-0.03142,-0.002856,4.719E-4,-5.871E-4,0.001623,-5.3E-4,4.831E-4,0.02647,-0.0532,-0.001547,7.373E-5,6.646E-4,-2.976E-4,0.001326,3.754E-4,0
1505067099976,true,1774.007,0,-0.03184,-0.0315,-0.002836,4.775E-4,-5.402E-4,0.001628,-5.147E-4,4.863E-4,0.02726,-0.054,-0.001518,7.974E-5,7.094E-4,-2.97E-4,0.001369,3.771E-4,0
1505067100012,true,1774.064,0,-0.0315,-0.03105,-0.00281,4.797E-4,-4.839E-4,0.001629,-4.882E-4,4.835E-4,0.02749,-0.05432,-0.001483,8.229E-5,7.482E-4,-2.937E-4,0.001412,3.762E-4,0
1505067100142,true,1774.109,0,-0.03141,-0.03057,-0.002771,4.801E-4,-4.441E-4,0.001629,-4.649E-4,4.857E-4,0.02674,-0.05375,-0.001449,8.373E-5,7.85E-4,-2.921E-4,0.001453,3.74E-4,0
1505067100178,true,1774.167,0,-0.03215,-0.03059,-0.002745,4.817E-4,-4.052E-4,0.001624,-4.362E-4,4.903E-4,0.02622,-0.05316,-0.001418,8.314E-5,8.103E-4,-2.909E-4,0.001475,3.733E-4,0
1505067100214,true,1774.224,0,-0.03259,-0.03134,-0.002715,4.79E-4,-3.804E-4,0.001621,-4.266E-4,4.937E-4,0.02619,-0.05281,-0.001402,8.213E-5,8.272E-4,-2.917E-4,0.001473,3.771E-4,0
1505067100250,true,1774.282,0,-0.03185,-0.03194,-0.002713,4.79E-4,-3.689E-4,0.001617,-4.329E-4,4.951E-4,0.02714,-0.05362,-0.001409,8.501E-5,8.234E-4,-2.931E-4,0.001462,3.784E-4,0
1505067100286,true,1774.339,0,-0.03088,-0.03175,-0.002729,4.778E-4,-3.778E-4,0.001614,-4.373E-4,4.928E-4,0.02824,-0.05468,-0.001419,8.674E-5,7.914E-4,-2.899E-4,0.001446,3.791E-4,0
1505067100442,true,1774.409,0,-0.03021,-0.03136,-0.002752,4.766E-4,-4.036E-4,0.001612,-4.532E-4,4.937E-4,0.02815,-0.05476,-0.001443,8.769E-5,7.498E-4,-2.853E-4,0.001415,3.778E-4,0
1505067100478,true,1774.467,0,-0.03046,-0.03083,-0.002777,4.749E-4,-4.515E-4,0.00161,-4.773E-4,4.972E-4,0.02722,-0.05404,-0.001474,8.575E-5,6.99E-4,-2.853E-4,0.00137,3.783E-4,0
1505067100514,true,1774.524,0,-0.03142,-0.03091,-0.002817,4.79E-4,-5.172E-4,0.001611,-5.197E-4,5.052E-4,0.02666,-0.05343,-0.001525,8.859E-5,6.364E-4,-2.784E-4,0.0013,3.874E-4,0
1505067100550,true,1774.582,0,-0.0316,-0.03159,-0.002844,4.885E-4,-5.558E-4,0.001619,-5.434E-4,5.131E-4,0.02671,-0.05322,-0.00155,9.746E-5,6.134E-4,-2.695E-4,0.001273,3.992E-4,0
1505067100587,true,1774.639,0,-0.03088,-0.03189,-0.00284,4.928E-4,-5.27E-4,0.001622,-5.454E-4,5.183E-4,0.02734,-0.05388,-0.001541,1.028E-4,6.304E-4,-2.635E-4,0.001282,4.076E-4,0
1505067100717,true,1774.684,0,-0.03051,-0.03136,-0.002832,4.973E-4,-4.956E-4,0.001625,-5.282E-4,5.175E-4,0.02794,-0.05454,-0.001514,1.067E-4,6.562E-4,-2.572E-4,0.001314,4.134E-4,0
1505067100753,true,1774.742,0,-0.0303,-0.03091,-0.002804,4.97E-4,-4.501E-4,0.001623,-5.005E-4,5.19E-4,0.02734,-0.05403,-0.001478,1.089E-4,6.887E-4,-2.521E-4,0.001358,4.128E-4,0
1505067100789,true,1774.799,0,-0.03104,-0.0306,-0.002772,4.979E-4,-4.139E-4,0.00162,-4.612E-4,5.176E-4,0.02657,-0.05328,-0.001439,1.081E-4,7.228E-4,-2.494E-4,0.001387,4.163E-4,0
1505067100825,true,1774.857,0,-0.03182,-0.03106,-0.002747,4.996E-4,-3.77E-4,0.001618,-4.337E-4,5.218E-4,0.02638,-0.05276,-0.001411,1.074E-4,7.621E-4,-2.497E-4,0.001408,4.212E-4,0
1505067100861,true,1774.914,0,-0.0314,-0.03173,-0.00272,5.001E-4,-3.47E-4,0.001619,-4.124E-4,5.24E-4,0.02709,-0.05322,-0.001392,1.11E-4,7.896E-4,-2.515E-4,0.001434,4.211E-4,0
1505067101017,true,1774.984,0,-0.03057,-0.03164,-0.002706,4.988E-4,-3.176E-4,0.001615,-4.016E-4,5.22E-4,0.02818,-0.05424,-0.001378,1.131E-4,8.03E-4,-2.536E-4,0.001437,4.212E-4,0
1505067101053,true,1775.042,0,-0.0302,-0.03097,-0.002709,4.978E-4,-2.99E-4,0.001608,-3.886E-4,5.19E-4,0.0285,-0.05453,-0.001375,1.134E-4,7.971E-4,-2.539E-4,0.001435,4.172E-4,0
1505067101089,true,1775.099,0,-0.02972,-0.03047,-0.002711,4.953E-4,-3.145E-4,0.001605,-3.924E-4,5.195E-4,0.0277,-0.05383,-0.001382,1.106E-4,7.74E-4,-2.559E-4,0.001415,4.139E-4,0
1505067101125,true,1775.157,0,-0.03039,-0.03043,-0.002731,4.948E-4,-3.56E-4,0.001605,-4.064E-4,5.182E-4,0.02699,-0.05307,-0.001405,1.081E-4,7.343E-4,-2.537E-4,0.001367,4.16E-4,0
1505067101161,true,1775.214,0,-0.03057,-0.03109,-0.002761,4.948E-4,-4.017E-4,0.0016,-4.426E-4,5.212E-4,0.02678,-0.05263,-0.001451,1.09E-4,6.801E-4,-2.544E-4,0.0013,4.24E-4,0
1505067101293,true,1775.26,0,-0.02989,-0.03145,-0.002817,5.012E-4,-4.684E-4,0.001608,-4.836E-4,5.225E-4,0.02735,-0.05319,-0.001514,1.198E-4,6.167E-4,-2.466E-4,0.001235,4.346E-4,0
1505067101329,true,1775.318,0,-0.02935,-0.031,-0.002845,5.076E-4,-4.929E-4,0.001616,-5.053E-4,5.259E-4,0.02818,-0.05396,-0.001529,1.29E-4,6.029E-4,-2.406E-4,0.001234,4.378E-4,0
1505067101365,true,1775.375,0,-0.02941,-0.03049,-0.00284,5.11E-4,-4.781E-4,0.001625,-4.884E-4,5.268E-4,0.02775,-0.05368,-0.001517,1.327E-4,6.187E-4,-2.341E-4,0.001264,4.381E-4,0
1505067101401,true,1775.433,0,-0.02983,-0.03,-0.002821,5.143E-4,-4.457E-4,0.001628,-4.562E-4,5.297E-4,0.02695,-0.05291,-0.001483,1.323E-4,6.503E-4,-2.294E-4,0.001297,4.39E-4,0
1505067101437,true,1775.49,0,-0.03074,-0.03038,-0.002785,5.143E-4,-4.105E-4,0.001627,-4.285E-4,5.333E-4,0.02664,-0.05243,-0.001449,1.342E-4,6.931E-4,-2.266E-4,0.00133,4.429E-4,0
1505067101593,true,1775.56,0,-0.03054,-0.03112,-0.002752,5.154E-4,-3.641E-4,0.001627,-4.044E-4,5.33E-4,0.02713,-0.05272,-0.001423,1.393E-4,7.368E-4,-2.306E-4,0.001361,4.478E-4,0
1505067101628,true,1775.618,0,-0.02958,-0.03131,-0.002721,5.153E-4,-3.114E-4,0.001625,-3.857E-4,5.336E-4,0.02824,-0.05374,-0.001392,1.4E-4,7.664E-4,-2.296E-4,0.001396,4.495E-4,0
1505067101664,true,1775.675,0,-0.02902,-0.03075,-0.002701,5.15E-4,-2.658E-4,0.001622,-3.578E-4,5.294E-4,0.02891,-0.05434,-0.001355,1.387E-4,7.896E-4,-2.291E-4,0.001424,4.493E-4,0
1505067101700,true,1775.733,0,-0.02839,-0.03026,-0.002676,5.113E-4,-2.433E-4,0.00162,-3.337E-4,5.302E-4,0.02814,-0.05364,-0.001332,1.366E-4,7.928E-4,-2.281E-4,0.001435,4.464E-4,0
1505067101736,true,1775.79,0,-0.02903,-0.02994,-0.002663,5.099E-4,-2.466E-4,0.001616,-3.267E-4,5.298E-4,0.02737,-0.05283,-0.001324,1.328E-4,7.892E-4,-2.276E-4,0.001431,4.464E-4,0
1505067101893,true,1775.859,0,-0.02973,-0.03041,-0.002667,5.093E-4,-2.622E-4,0.001612,-3.333E-4,5.306E-4,0.02686,-0.05209,-0.001341,1.333E-4,7.69E-4,-2.305E-4,0.001401,4.462E-4,0
1505067101929,true,1775.917,0,-0.02913,-0.03108,-0.002686,5.09E-4,-2.928E-4,0.001607,-3.506E-4,5.279E-4,0.02741,-0.05251,-0.001373,1.353E-4,7.397E-4,-2.338E-4,0.001364,4.465E-4,0
1505067101965,true,1775.974,0,-0.02858,-0.03079,-0.002713,5.043E-4,-3.418E-4,0.001606,-3.783E-4,5.225E-4,0.02818,-0.0534,-0.00141,1.343E-4,6.882E-4,-2.344E-4,0.001328,4.464E-4,0
1505067102001,true,1776.032,0,-0.02825,-0.03026,-0.00276,5.053E-4,-4.044E-4,0.001609,-4.079E-4,5.198E-4,0.02807,-0.05353,-0.001468,1.38E-4,6.165E-4,-2.278E-4,0.001277,4.444E-4,0
1505067102037,true,1776.089,0,-0.02863,-0.02978,-0.002795,5.141E-4,-4.719E-4,0.001625,-4.438E-4,5.275E-4,0.0272,-0.05276,-0.001495,1.451E-4,5.651E-4,-2.132E-4,0.001253,4.493E-4,0
1505067102142,true,1776.109,0,-0.02961,-0.03004,-0.002788,5.195E-4,-4.717E-4,0.001632,-4.274E-4,5.273E-4,0.02662,-0.05217,-0.001483,1.473E-4,5.704E-4,-2.045E-4,0.00126,4.562E-4,0
1505067102178,true,1776.167,0,-0.03021,-0.03072,-0.002771,5.246E-4,-4.403E-4,0.001632,-4.042E-4,5.268E-4,0.02667,-0.05195,-0.00146,1.509E-4,6.044E-4,-2.018E-4,0.001282,4.66E-4,0
1505067102214,true,1776.224,0,-0.02934,-0.03107,-0.002744,5.27E-4,-3.902E-4,0.001635,-3.827E-4,5.273E-4,0.02769,-0.05289,-0.001429,1.581E-4,6.453E-4,-1.99E-4,0.001324,4.695E-4,0
1505067102250,true,1776.282,0,-0.02846,-0.03074,-0.002705,5.258E-4,-3.318E-4,0.001632,-3.48E-4,5.214E-4,0.02855,-0.05367,-0.001387,1.58E-4,6.826E-4,-1.957E-4,0.001374,4.697E-4,0
1505067102286,true,1776.339,0,-0.02791,-0.03014,-0.002668,5.254E-4,-2.841E-4,0.001634,-3.136E-4,5.19E-4,0.0281,-0.05335,-0.001336,1.549E-4,7.157E-4,-1.935E-4,0.001414,4.67E-4,0
1505067102442,true,1776.41,0,-0.02867,-0.0296,-0.002622,5.241E-4,-2.553E-4,0.001635,-2.823E-4,5.214E-4,0.02732,-0.05253,-0.001298,1.522E-4,7.447E-4,-1.928E-4,0.001451,4.629E-4,0
1505067102479,true,1776.468,0,-0.02935,-0.03004,-0.002591,5.244E-4,-2.301E-4,0.001632,-2.51E-4,5.185E-4,0.02674,-0.05174,-0.001267,1.481E-4,7.721E-4,-1.961E-4,0.001456,4.667E-4,0
1505067102515,true,1776.525,0,-0.02923,-0.03069,-0.002566,5.219E-4,-2.095E-4,0.001628,-2.421E-4,5.164E-4,0.02704,-0.05187,-0.001259,1.493E-4,7.798E-4,-1.997E-4,0.001453,4.663E-4,0
1505067102551,true,1776.583,0,-0.02843,-0.03072,-0.002563,5.21E-4,-2.096E-4,0.001625,-2.4E-4,5.117E-4,0.02783,-0.05271,-0.001263,1.479E-4,7.721E-4,-2.049E-4,0.001443,4.635E-4,0
1505067102587,true,1776.64,0,-0.02799,-0.03031,-0.002574,5.179E-4,-2.298E-4,0.001622,-2.407E-4,5.042E-4,0.02812,-0.0532,-0.001281,1.463E-4,7.333E-4,-2.034E-4,0.001423,4.597E-4,0
1505067102743,true,1776.71,0,-0.0278,-0.03009,-0.002594,5.142E-4,-2.738E-4,0.001623,-2.553E-4,5.03E-4,0.02722,-0.05265,-0.001309,1.447E-4,6.826E-4,-2.001E-4,0.001392,4.525E-4,0
1505067102778,true,1776.768,0,-0.0286,-0.0303,-0.002623,5.136E-4,-3.329E-4,0.001617,-2.818E-4,5.044E-4,0.0266,-0.05223,-0.00135,1.41E-4,6.281E-4,-1.989E-4,0.001343,4.516E-4,0
1505067102815,true,1776.825,0,-0.02958,-0.03089,-0.002678,5.209E-4,-4.058E-4,0.001625,-3.278E-4,5.128E-4,0.02647,-0.05195,-0.001414,1.513E-4,5.64E-4,-1.891E-4,0.001266,4.653E-4,0
1505067102851,true,1776.883,0,-0.029,-0.03148,-0.002684,5.267E-4,-4.168E-4,0.001632,-3.449E-4,5.171E-4,0.02719,-0.05268,-0.001415,1.566E-4,5.582E-4,-1.842E-4,0.001265,4.744E-4,0
1505067102887,true,1776.94,0,-0.02864,-0.03103,-0.002673,5.323E-4,-3.88E-4,0.001635,-3.341E-4,5.165E-4,0.02816,-0.05357,-0.001391,1.615E-4,5.811E-4,-1.781E-4,0.001291,4.801E-4,0
1505067103043,true,1777.009,0,-0.02836,-0.03049,-0.00264,5.337E-4,-3.425E-4,0.001638,-3.059E-4,5.178E-4,0.02813,-0.0536,-0.001345,1.616E-4,6.106E-4,-1.699E-4,0.00134,4.798E-4,0
1505067103078,true,1777.067,0,-0.02866,-0.02983,-0.002599,5.361E-4,-2.967E-4,0.001639,-2.708E-4,5.192E-4,0.02706,-0.05258,-0.001295,1.587E-4,6.529E-4,-1.667E-4,0.00139,4.767E-4,0
1505067103114,true,1777.124,0,-0.02946,-0.02989,-0.002559,5.381E-4,-2.562E-4,0.00164,-2.339E-4,5.199E-4,0.02653,-0.0519,-0.001252,1.567E-4,6.92E-4,-1.65E-4,0.001416,4.8E-4,0
1505067103150,true,1777.182,0,-0.02992,-0.03043,-0.002516,5.399E-4,-2.059E-4,0.001636,-2.09E-4,5.198E-4,0.02665,-0.05176,-0.001223,1.593E-4,7.363E-4,-1.678E-4,0.001443,4.809E-4,0
1505067103186,true,1777.239,0,-0.02954,-0.03043,-0.002488,5.391E-4,-1.678E-4,0.001635,-1.832E-4,5.155E-4,0.02733,-0.05246,-0.001197,1.602E-4,7.698E-4,-1.722E-4,0.001471,4.8E-4,0
1505067103318,true,1777.285,0,-0.02911,-0.03002,-0.002465,5.351E-4,-1.428E-4,0.001632,-1.635E-4,5.095E-4,0.02788,-0.05308,-0.001178,1.589E-4,7.779E-4,-1.73E-4,0.00148,4.785E-4,0
1505067103353,true,1777.343,0,-0.02898,-0.02961,-0.002451,5.309E-4,-1.436E-4,0.001631,-1.537E-4,5.085E-4,0.02729,-0.05267,-0.001171,1.562E-4,7.595E-4,-1.708E-4,0.001467,4.742E-4,0
1505067103390,true,1777.4,0,-0.02997,-0.02923,-0.002455,5.299E-4,-1.715E-4,0.001628,-1.624E-4,5.078E-4,0.02648,-0.05196,-0.001186,1.539E-4,7.284E-4,-1.691E-4,0.00143,4.749E-4,0
1505067103426,true,1777.458,0,-0.03068,-0.0298,-0.002469,5.28E-4,-2.152E-4,0.001625,-1.865E-4,5.094E-4,0.02618,-0.05154,-0.001226,1.544E-4,6.897E-4,-1.693E-4,0.001379,4.774E-4,0
1505067103462,true,1777.515,0,-0.03018,-0.03055,-0.002498,5.275E-4,-2.635E-4,0.001623,-2.221E-4,5.088E-4,0.02687,-0.05211,-0.001271,1.557E-4,6.376E-4,-1.708E-4,0.001328,4.793E-4,0
1505067103592,true,1777.56,0,-0.02955,-0.03041,-0.002548,5.295E-4,-3.386E-4,0.001628,-2.617E-4,5.072E-4,0.0279,-0.05319,-0.001334,1.593E-4,5.685E-4,-1.657E-4,0.001265,4.819E-4,0
1505067103629,true,1777.618,0,-0.02889,-0.02994,-0.002596,5.401E-4,-4.038E-4,0.001646,-2.894E-4,5.114E-4,0.0281,-0.05355,-0.001363,1.665E-4,5.168E-4,-1.511E-4,0.001229,4.877E-4,0
1505067103665,true,1777.675,0,-0.02849,-0.02949,-0.002587,5.437E-4,-4.033E-4,0.001653,-2.831E-4,5.157E-4,0.02723,-0.05287,-0.001345,1.679E-4,5.284E-4,-1.448E-4,0.001246,4.9E-4,0
1505067103700,true,1777.733,0,-0.02946,-0.02934,-0.002558,5.457E-4,-3.816E-4,0.001656,-2.587E-4,5.16E-4,0.02661,-0.05211,-0.00132,1.704E-4,5.634E-4,-1.406E-4,0.001262,4.983E-4,0
1505067103737,true,1777.79,0,-0.03003,-0.02983,-0.002519,5.472E-4,-3.508E-4,0.001659,-2.393E-4,5.172E-4,0.02617,-0.05143,-0.00129,1.75E-4,6.115E-4,-1.398E-4,0.001289,5.028E-4,0
1505067103893,true,1777.86,0,-0.02959,-0.03022,-0.002485,5.491E-4,-3.053E-4,0.001662,-2.06E-4,5.113E-4,0.02665,-0.05187,-0.001264,1.791E-4,6.55E-4,-1.422E-4,0.001325,5.035E-4,0
1505067103929,true,1777.918,0,-0.02918,-0.02972,-0.002454,5.497E-4,-2.638E-4,0.001664,-1.917E-4,5.079E-4,0.02733,-0.05252,-0.001233,1.814E-4,6.894E-4,-1.428E-4,0.001362,5.014E-4,0
1505067103965,true,1777.975,0,-0.02884,-0.02926,-0.002429,5.489E-4,-2.257E-4,0.001665,-1.734E-4,5.08E-4,0.02707,-0.05241,-0.001203,1.809E-4,7.052E-4,-1.401E-4,0.001391,4.989E-4,0
