1520441689179,true,1656.401,0,0.029856,0.010989,0.015913,7.8265E-4,0.0094193,-7.5626E-5,0.0095537,-5.4663E-5,0.013591,0.013557,0.014449,7.4682E-4,0.011949,4.8861E-4,0.0096061,2.0001E-4,1
1520441689236,true,1656.458,0,0.030112,0.010755,0.015916,7.8825E-4,0.0094522,-7.7241E-5,0.0095187,-5.6467E-5,0.013947,0.013388,0.014424,7.5984E-4,0.011997,4.7092E-4,0.0096097,2.0446E-4,1
1520441689294,true,1656.516,0,0.030579,0.010908,0.015888,7.9324E-4,0.0094866,-7.543E-5,0.0095072,-6.748E-5,0.014413,0.013016,0.014428,7.6768E-4,0.012011,4.693E-4,0.0096524,1.9893E-4,1
1520441689351,true,1656.573,0,0.030917,0.011065,0.015891,7.8925E-4,0.0095117,-7.3022E-5,0.0095334,-7.7617E-5,0.014032,0.013123,0.014444,7.697E-4,0.011982,4.8298E-4,0.0097059,1.8114E-4,1
1520441689422,true,1656.644,0,0.030626,0.011301,0.015927,7.8497E-4,0.009497,-7.1035E-5,0.0095669,-7.9132E-5,0.013223,0.0135,0.014466,7.6358E-4,0.011972,4.9402E-4,0.0097494,1.6818E-4,1
1520441689480,true,1656.702,0,0.02969,0.011243,0.015955,7.8442E-4,0.009477,-7.5559E-5,0.0095948,-8.0012E-5,0.013152,0.013666,0.014466,7.6509E-4,0.011994,4.9922E-4,0.0097394,1.7684E-4,1
1520441689537,true,1656.759,0,0.029492,0.01086,0.015981,7.8338E-4,0.009497,-8.1523E-5,0.0095855,-7.5766E-5,0.013778,0.013503,0.014446,7.7189E-4,0.012024,4.9327E-4,0.0097134,1.9248E-4,1
1520441689595,true,1656.817,0,0.030285,0.010746,0.015962,7.8826E-4,0.0095203,-8.1086E-5,0.00956,-8.1173E-5,0.014767,0.012941,0.014437,7.7974E-4,0.012054,4.8282E-4,0.0097244,1.9994E-4,1
1520441689652,true,1656.874,0,0.031099,0.011021,0.015939,7.8557E-4,0.0095358,-7.8919E-5,0.0095585,-9.1239E-5,0.015427,0.012551,0.014458,7.7927E-4,0.012032,4.9118E-4,0.0097547,1.9525E-4,1
1520441689723,true,1656.945,0,0.031919,0.011278,0.015953,7.8008E-4,0.0095272,-7.4452E-5,0.00958,-9.6179E-5,0.014809,0.012938,0.014494,7.6896E-4,0.012006,5.0151E-4,0.0097823,1.8363E-4,1
1520441689781,true,1657.003,0,0.031582,0.011573,0.01599,7.8034E-4,0.0094923,-7.4778E-5,0.0095939,-9.6931E-5,0.014073,0.013489,0.01453,7.5867E-4,0.01202,5.0467E-4,0.0097771,1.8284E-4,1
1520441689838,true,1657.06,0,0.030841,0.011431,0.016031,7.8268E-4,0.0094925,-8.3077E-5,0.0096054,-9.8565E-5,0.01384,0.013956,0.014535,7.6128E-4,0.012061,4.9674E-4,0.0097437,1.9536E-4,1
1520441689896,true,1657.118,0,0.030971,0.011087,0.016059,7.8905E-4,0.0095311,-8.8036E-5,0.0095866,-9.9713E-5,0.014171,0.013919,0.014522,7.7559E-4,0.012121,4.7926E-4,0.0097464,2.03E-4,1
1520441689953,true,1657.175,0,0.031593,0.011092,0.016049,7.9474E-4,0.0095784,-8.5367E-5,0.0095706,-1.0923E-4,0.014782,0.013502,0.014528,7.8682E-4,0.012158,4.7252E-4,0.0098028,1.9715E-4,1
1520441689997,true,1657.219,0,0.031904,0.011268,0.016051,7.9162E-4,0.0096183,-8.1842E-5,0.0096081,-1.2447E-4,0.0146,0.013485,0.01456,7.8837E-4,0.012145,4.8551E-4,0.0098691,1.8125E-4,1
1520441690055,true,1657.277,0,0.032018,0.011451,0.016092,7.883E-4,0.009624,-7.7088E-5,0.0096451,-1.2578E-4,0.013818,0.013861,0.014599,7.8014E-4,0.012141,4.9782E-4,0.0099329,1.6418E-4,1
1520441690112,true,1657.334,0,0.031251,0.011447,0.016129,7.9095E-4,0.0096093,-7.835E-5,0.0096816,-1.2435E-4,0.013568,0.014107,0.014624,7.7598E-4,0.012172,5.032E-4,0.0099422,1.6861E-4,1
1520441690170,true,1657.392,0,0.030642,0.011115,0.016173,7.8876E-4,0.0096318,-8.5602E-5,0.0096933,-1.2127E-4,0.014072,0.014106,0.014612,7.8447E-4,0.012209,4.9668E-4,0.0099214,1.8578E-4,1
1520441690227,true,1657.449,0,0.03129,0.010831,0.016176,7.9106E-4,0.009665,-8.4095E-5,0.0096763,-1.2281E-4,0.015001,0.013616,0.014602,7.9171E-4,0.012248,4.8476E-4,0.0099347,1.9427E-4,1
1520441690298,true,1657.52,0,0.032095,0.011087,0.016151,7.9259E-4,0.0096959,-8.2304E-5,0.009676,-1.3437E-4,0.015931,0.013074,0.014638,7.8951E-4,0.012245,4.8642E-4,0.0099664,1.9462E-4,1
1520441690356,true,1657.578,0,0.03284,0.011373,0.016163,7.8558E-4,0.009707,-8.0447E-5,0.0096993,-1.4031E-4,0.015553,0.013288,0.014682,7.7912E-4,0.012211,5.0053E-4,0.010009,1.8139E-4,1
1520441690413,true,1657.635,0,0.032553,0.011804,0.016208,7.8345E-4,0.0096803,-7.7791E-5,0.0097171,-1.3757E-4,0.014644,0.01389,0.014731,7.6738E-4,0.012219,5.0446E-4,0.010024,1.7571E-4,1
1520441690471,true,1657.693,0,0.031622,0.011781,0.016257,7.8549E-4,0.0096793,-8.5006E-5,0.0097425,-1.389E-4,0.014293,0.01435,0.014746,7.6767E-4,0.012274,4.9598E-4,0.0099971,1.8787E-4,1
1520441690528,true,1657.75,0,0.031461,0.011387,0.016307,7.8658E-4,0.0097207,-9.1816E-5,0.0097324,-1.3791E-4,0.014428,0.014424,0.014733,7.803E-4,0.012339,4.7813E-4,0.0099927,1.9441E-4,1
1520441690572,true,1657.794,0,0.032073,0.011242,0.016309,7.9164E-4,0.0097679,-9.0395E-5,0.0097122,-1.4439E-4,0.014942,0.013995,0.014735,7.9091E-4,0.012391,4.6301E-4,0.01004,1.9116E-4,1
1520441690630,true,1657.852,0,0.032337,0.011453,0.016302,7.8968E-4,0.0098231,-9.004E-5,0.0097303,-1.5585E-4,0.01506,0.013755,0.01476,7.9514E-4,0.012386,4.7045E-4,0.010108,1.744E-4,1
1520441690687,true,1657.909,0,0.032532,0.011582,0.016333,7.84E-4,0.0098366,-8.2863E-5,0.0097722,-1.5724E-4,0.014369,0.014033,0.014796,7.9067E-4,0.012375,4.8139E-4,0.010177,1.553E-4,1
1520441690745,true,1657.967,0,0.031669,0.011716,0.01637,7.8413E-4,0.0098237,-8.3636E-5,0.0098088,-1.5573E-4,0.013875,0.014292,0.014831,7.813E-4,0.012398,4.8594E-4,0.010197,1.539E-4,1
1520441690802,true,1658.024,0,0.030883,0.011423,0.016403,7.8243E-4,0.0098286,-9.0643E-5,0.0098344,-1.53E-4,0.014187,0.014353,0.014827,7.8385E-4,0.012431,4.8035E-4,0.010174,1.678E-4,1
1520441690873,true,1658.095,0,0.031176,0.01106,0.016414,7.8507E-4,0.0098681,-9.698E-5,0.0098139,-1.5134E-4,0.014969,0.013955,0.014809,7.9043E-4,0.012465,4.659E-4,0.010175,1.7679E-4,1
1520441690931,true,1658.153,0,0.032129,0.011131,0.016387,7.8511E-4,0.0098874,-9.4993E-5,0.0098001,-1.6004E-4,0.015964,0.013321,0.014821,7.9013E-4,0.012468,4.6158E-4,0.010205,1.7675E-4,1
1520441690988,true,1658.21,0,0.032754,0.011413,0.016378,7.7793E-4,0.0099066,-9.402E-5,0.0098165,-1.664E-4,0.015867,0.013341,0.014862,7.799E-4,0.01243,4.7147E-4,0.010235,1.6562E-4,1
1520441691046,true,1658.268,0,0.032944,0.011776,0.016411,7.7467E-4,0.0098792,-9.0566E-5,0.00983,-1.6256E-4,0.014901,0.013922,0.014904,7.6616E-4,0.012415,4.787E-4,0.010253,1.5584E-4,1
1520441691103,true,1658.325,0,0.032176,0.011821,0.016456,7.7514E-4,0.0098612,-9.5765E-5,0.009852,-1.6346E-4,0.014271,0.014472,0.014931,7.5763E-4,0.01245,4.7387E-4,0.010227,1.6333E-4,1
1520441691147,true,1658.369,0,0.031566,0.011535,0.016496,7.7532E-4,0.0098883,-1.0533E-4,0.0098399,-1.5922E-4,0.01439,0.014686,0.014922,7.6393E-4,0.012503,4.5679E-4,0.010207,1.7036E-4,1
1520441691205,true,1658.427,0,0.031976,0.011331,0.016497,7.7861E-4,0.0099317,-1.0679E-4,0.0098089,-1.6187E-4,0.014816,0.014316,0.014907,7.7458E-4,0.012555,4.3869E-4,0.010238,1.6679E-4,1
1520441691262,true,1658.484,0,0.032288,0.011527,0.016467,7.7901E-4,0.0099648,-1.0642E-4,0.009815,-1.7503E-4,0.015203,0.013912,0.014916,7.8001E-4,0.012552,4.416E-4,0.01029,1.5371E-4,1
1520441691320,true,1658.542,0,0.032563,0.011646,0.01647,7.727E-4,0.0099778,-1.0284E-4,0.0098545,-1.8244E-4,0.014604,0.014101,0.014939,7.7444E-4,0.012524,4.5303E-4,0.01034,1.3471E-4,1
1520441691377,true,1658.599,0,0.031963,0.011854,0.016498,7.7013E-4,0.0099558,-1.0237E-4,0.0098896,-1.817E-4,0.014006,0.014362,0.014964,7.6236E-4,0.012521,4.599E-4,0.010358,1.2632E-4,1
1520441691447,true,1658.669,0,0.031056,0.011647,0.016524,7.6622E-4,0.0099446,-1.1197E-4,0.0099147,-1.8066E-4,0.014157,0.014452,0.014956,7.616E-4,0.012541,4.569E-4,0.010323,1.3947E-4,1
1520441691505,true,1658.727,0,0.031074,0.011235,0.016527,7.6565E-4,0.0099627,-1.1976E-4,0.0098937,-1.7752E-4,0.014861,0.014143,0.014924,7.6784E-4,0.012561,4.4221E-4,0.010297,1.5029E-4,1
1520441691562,true,1658.784,0,0.032083,0.011165,0.016493,7.6594E-4,0.0099765,-1.2034E-4,0.0098621,-1.849E-4,0.015774,0.013546,0.014916,7.692E-4,0.012563,4.3266E-4,0.010308,1.5229E-4,1
1520441691620,true,1658.842,0,0.032822,0.011442,0.01646,7.5811E-4,0.0099811,-1.1892E-4,0.0098618,-1.9362E-4,0.016002,0.013345,0.014938,7.6317E-4,0.012521,4.3674E-4,0.010316,1.4463E-4,1
1520441691677,true,1658.899,0,0.033247,0.011775,0.016478,7.5079E-4,0.0099565,-1.1665E-4,0.0098799,-1.9852E-4,0.015064,0.013893,0.014974,7.4801E-4,0.012491,4.409E-4,0.010335,1.2715E-4,1
1520441691722,true,1658.944,0,0.032577,0.01194,0.016517,7.4651E-4,0.0099256,-1.23E-4,0.0098912,-1.9949E-4,0.014333,0.014425,0.014997,7.3637E-4,0.012508,4.3737E-4,0.010313,1.2674E-4,1
1520441691780,true,1659.002,0,0.031845,0.011689,0.01655,7.4473E-4,0.0099338,-1.3597E-4,0.0098824,-1.9765E-4,0.01416,0.014821,0.014975,7.4007E-4,0.012549,4.2296E-4,0.01027,1.3635E-4,1
1520441691837,true,1659.059,0,0.032137,0.011387,0.016548,7.4761E-4,0.0099641,-1.3942E-4,0.0098496,-2.0227E-4,0.014506,0.014597,0.014944,7.4829E-4,0.012591,4.0276E-4,0.010269,1.3557E-4,1
1520441691895,true,1659.117,0,0.032477,0.011551,0.016509,7.4739E-4,0.0099911,-1.3736E-4,0.0098248,-2.1172E-4,0.015038,0.014148,0.014933,7.5334E-4,0.012581,4.0155E-4,0.010307,1.2539E-4,1
1520441691952,true,1659.174,0,0.032702,0.011703,0.0165,7.3769E-4,0.010001,-1.3379E-4,0.0098516,-2.2118E-4,0.014738,0.014142,0.014939,7.4973E-4,0.012537,4.1426E-4,0.010351,1.054E-4,1
1520441692023,true,1659.245,0,0.032369,0.011968,0.01652,7.2859E-4,0.0099676,-1.3046E-4,0.0098776,-2.216E-4,0.013982,0.014492,0.014956,7.3743E-4,0.012518,4.2164E-4,0.01037,9.1825E-5,1
1520441692081,true,1659.303,0,0.031447,0.011873,0.016528,7.2571E-4,0.0099365,-1.3835E-4,0.0098999,-2.2089E-4,0.013941,0.014652,0.014947,7.3151E-4,0.01252,4.2264E-4,0.010326,1.0188E-4,1
1520441692138,true,1659.36,0,0.031182,0.0115,0.016529,7.2323E-4,0.0099361,-1.4703E-4,0.0098866,-2.174E-4,0.014593,0.014514,0.014909,7.3683E-4,0.012524,4.1259E-4,0.010274,1.1676E-4,1
1520441692196,true,1659.418,0,0.03206,0.011388,0.016487,7.2599E-4,0.009943,-1.4842E-4,0.0098432,-2.1919E-4,0.015462,0.013974,0.014885,7.371E-4,0.012529,3.979E-4,0.010265,1.2138E-4,1
1520441692253,true,1659.475,0,0.032908,0.011705,0.016448,7.2325E-4,0.0099435,-1.4758E-4,0.0098346,-2.3104E-4,0.015927,0.013661,0.0149,7.3328E-4,0.012488,4.0282E-4,0.010273,1.1521E-4,1
1520441692297,true,1659.519,0,0.033585,0.012043,0.016458,7.1624E-4,0.0099235,-1.4332E-4,0.0098559,-2.3955E-4,0.015226,0.01412,0.014927,7.2226E-4,0.012452,4.0978E-4,0.010291,9.8866E-5,1
1520441692355,true,1659.577,0,0.033163,0.012376,0.016493,7.1273E-4,0.0098891,-1.4586E-4,0.0098731,-2.4366E-4,0.014375,0.014728,0.014959,7.0919E-4,0.012461,4.0717E-4,0.01028,9.5523E-5,1
1520441692412,true,1659.634,0,0.032413,0.012248,0.016528,7.112E-4,0.0098834,-1.5569E-4,0.00988,-2.4498E-4,0.014141,0.015192,0.014948,7.1117E-4,0.012502,3.9658E-4,0.010236,1.0453E-4,1
1520441692470,true,1659.692,0,0.032497,0.011896,0.01654,7.1238E-4,0.0099135,-1.6114E-4,0.0098476,-2.4698E-4,0.014464,0.015108,0.014914,7.2187E-4,0.012545,3.7686E-4,0.010224,1.0723E-4,1
1520441692527,true,1659.749,0,0.033137,0.011877,0.016514,7.1226E-4,0.0099397,-1.5894E-4,0.0098182,-2.5567E-4,0.015049,0.014654,0.014898,7.2931E-4,0.012559,3.6624E-4,0.01026,9.8683E-5,1
1520441692597,true,1659.819,0,0.033521,0.012054,0.016497,7.056E-4,0.0099601,-1.5784E-4,0.0098383,-2.6862E-4,0.014956,0.014573,0.014905,7.2762E-4,0.01252,3.7793E-4,0.010302,8.3192E-5,1
1520441692655,true,1659.877,0,0.033679,0.012281,0.016507,6.9956E-4,0.0099357,-1.5336E-4,0.0098727,-2.7201E-4,0.014171,0.014939,0.014916,7.1803E-4,0.012483,3.9015E-4,0.010332,6.6816E-5,1
1520441692712,true,1659.934,0,0.032954,0.012292,0.016525,6.9599E-4,0.0098958,-1.5489E-4,0.0098916,-2.6835E-4,0.013983,0.015157,0.014918,7.0793E-4,0.012486,3.9377E-4,0.0103,7.4007E-5,1
1520441692770,true,1659.992,0,0.03241,0.011992,0.016537,6.9501E-4,0.0098874,-1.6241E-4,0.0098799,-2.6118E-4,0.014479,0.015191,0.014885,7.1325E-4,0.012495,3.871E-4,0.010257,8.6883E-5,1
1520441692827,true,1660.049,0,0.033139,0.011792,0.016514,7.0029E-4,0.0098993,-1.6166E-4,0.0098432,-2.6265E-4,0.015381,0.014793,0.01486,7.2157E-4,0.012511,3.7454E-4,0.010244,9.403E-5,1
1520441692872,true,1660.094,0,0.034022,0.012123,0.016492,6.9757E-4,0.0099157,-1.5996E-4,0.0098253,-2.7077E-4,0.016111,0.014396,0.014881,7.1961E-4,0.012499,3.7561E-4,0.010259,9.214E-5,1
1520441692930,true,1660.152,0,0.034785,0.012468,0.016507,6.8927E-4,0.009917,-1.5647E-4,0.0098382,-2.7692E-4,0.015605,0.014741,0.014925,7.0795E-4,0.01247,3.8404E-4,0.010287,7.882E-5,1
1520441692987,true,1660.209,0,0.03462,0.012893,0.016554,6.8617E-4,0.0098884,-1.5467E-4,0.0098546,-2.7997E-4,0.014711,0.015401,0.014968,6.9432E-4,0.012481,3.8292E-4,0.010296,7.1526E-5,1
1520441693045,true,1660.267,0,0.033841,0.012855,0.016597,6.869E-4,0.009875,-1.6211E-4,0.0098706,-2.8231E-4,0.014325,0.015926,0.014981,6.9245E-4,0.012534,3.715E-4,0.01027,7.6186E-5,1
1520441693102,true,1660.324,0,0.033632,0.012494,0.016637,6.876E-4,0.0099109,-1.7E-4,0.0098561,-2.8158E-4,0.014509,0.016017,0.014957,7.0369E-4,0.012579,3.5534E-4,0.010257,8.0238E-5,1
1520441693173,true,1660.395,0,0.034217,0.012398,0.016624,6.922E-4,0.0099444,-1.6821E-4,0.0098363,-2.8844E-4,0.015046,0.015624,0.014947,7.1063E-4,0.012618,3.4088E-4,0.010292,7.5818E-5,1
1520441693231,true,1660.453,0,0.034575,0.012614,0.016598,6.9225E-4,0.0099759,-1.6572E-4,0.0098477,-3.0046E-4,0.01534,0.015347,0.014958,7.133E-4,0.012594,3.478E-4,0.010345,5.9232E-5,1
1520441693288,true,1660.51,0,0.034917,0.012754,0.016612,6.8632E-4,0.0099671,-1.5836E-4,0.0098822,-3.0188E-4,0.014719,0.01563,0.014977,7.0527E-4,0.012563,3.6125E-4,0.010395,3.7434E-5,1
1520441693346,true,1660.568,0,0.034305,0.0129,0.016631,6.863E-4,0.0099345,-1.6045E-4,0.0099098,-3.0079E-4,0.01431,0.015911,0.015001,6.9202E-4,0.012563,3.6721E-4,0.010388,3.592E-5,1
1520441693403,true,1660.625,0,0.033564,0.01267,0.016643,6.9133E-4,0.0099201,-1.6706E-4,0.0099191,-2.9555E-4,0.014636,0.016039,0.014984,6.9386E-4,0.012575,3.6417E-4,0.010342,5.1349E-5,1
1520441693473,true,1660.695,0,0.03401,0.012334,0.01664,6.9753E-4,0.0099383,-1.7043E-4,0.009899,-2.9613E-4,0.015418,0.015728,0.014961,7.0156E-4,0.012603,3.4932E-4,0.010327,6.039E-5,1
1520441693531,true,1660.753,0,0.035148,0.01246,0.016613,7.0197E-4,0.0099538,-1.6844E-4,0.0098801,-3.0419E-4,0.016285,0.015229,0.014979,6.9984E-4,0.012613,3.4269E-4,0.010347,5.8745E-5,1
1520441693588,true,1660.81,0,0.035971,0.012772,0.016605,7.0058E-4,0.009975,-1.6966E-4,0.0098921,-3.1316E-4,0.016126,0.015304,0.015024,6.8796E-4,0.01259,3.4978E-4,0.010377,4.4277E-5,1
1520441693646,true,1660.868,0,0.03612,0.013121,0.01665,6.97E-4,0.0099478,-1.6624E-4,0.0099102,-3.1303E-4,0.015185,0.015939,0.015067,6.7438E-4,0.012588,3.5307E-4,0.010394,3.015E-5,1
1520441693703,true,1660.925,0,0.035339,0.013171,0.016689,6.9814E-4,0.0099235,-1.7014E-4,0.0099264,-3.1386E-4,0.014632,0.016459,0.015092,6.6499E-4,0.012623,3.4859E-4,0.01037,3.4142E-5,1
1520441693748,true,1660.97,0,0.034745,0.012866,0.016722,7.0113E-4,0.0099424,-1.7865E-4,0.009913,-3.1066E-4,0.014668,0.016705,0.015072,6.7271E-4,0.012667,3.3156E-4,0.010344,3.834E-5,1
1520441693806,true,1661.028,0,0.035138,0.012623,0.016703,7.0812E-4,0.0099745,-1.7946E-4,0.0098761,-3.1291E-4,0.015151,0.016333,0.015052,6.7978E-4,0.012705,3.1491E-4,0.010364,3.2569E-5,1
1520441693863,true,1661.085,0,0.035593,0.012731,0.016658,7.1014E-4,0.0099978,-1.7831E-4,0.00987,-3.2287E-4,0.015641,0.015867,0.015057,6.7977E-4,0.012687,3.1586E-4,0.010407,1.7816E-5,1
1520441693921,true,1661.143,0,0.035902,0.012858,0.01665,7.0514E-4,0.0099961,-1.7355E-4,0.009893,-3.2821E-4,0.015185,0.015964,0.015073,6.7139E-4,0.012636,3.2862E-4,0.010447,-4.0713E-6,1
1520441693978,true,1661.2,0,0.035347,0.013043,0.016653,7.0407E-4,0.0099549,-1.738E-4,0.0099122,-3.2777E-4,0.014641,0.016178,0.015085,6.579E-4,0.01261,3.347E-4,0.010443,-1.1905E-5,1
1520441694047,true,1661.269,0,0.034432,0.012866,0.016643,7.0871E-4,0.0099212,-1.7876E-4,0.0099239,-3.2472E-4,0.014775,0.016267,0.015065,6.5655E-4,0.012606,3.3251E-4,0.010381,9.2474E-7,1
1520441694105,true,1661.327,0,0.034402,0.012458,0.016625,7.1589E-4,0.0099282,-1.842E-4,0.009896,-3.2343E-4,0.015515,0.015993,0.015027,6.6364E-4,0.012618,3.1903E-4,0.010332,1.2628E-5,1
1520441694162,true,1661.384,0,0.035275,0.012472,0.016579,7.2125E-4,0.0099335,-1.8159E-4,0.009857,-3.3002E-4,0.016359,0.015411,0.015018,6.6481E-4,0.012617,3.083E-4,0.010322,1.5167E-5,1
1520441694220,true,1661.442,0,0.035839,0.01281,0.016546,7.2013E-4,0.0099423,-1.8306E-4,0.0098542,-3.4032E-4,0.016478,0.015247,0.015048,6.5524E-4,0.012578,3.1331E-4,0.010328,4.6905E-6,1
1520441694277,true,1661.499,0,0.036091,0.013145,0.016562,7.1437E-4,0.0099102,-1.7994E-4,0.0098569,-3.4146E-4,0.015522,0.015767,0.015073,6.3976E-4,0.012544,3.1641E-4,0.010341,-1.2192E-5,1
1520441694322,true,1661.544,0,0.035328,0.01326,0.016582,7.1572E-4,0.0098675,-1.8245E-4,0.0098569,-3.4371E-4,0.014725,0.016251,0.015087,6.2648E-4,0.012558,3.1031E-4,0.010306,-1.3978E-5,1
1520441694380,true,1661.602,0,0.034441,0.012946,0.016594,7.1754E-4,0.009857,-1.9259E-4,0.0098404,-3.4263E-4,0.014529,0.016554,0.01505,6.3118E-4,0.012585,2.9419E-4,0.010251,-8.707E-6,1
1520441694437,true,1661.659,0,0.034598,0.012562,0.016558,7.2578E-4,0.0098679,-1.941E-4,0.0097964,-3.4636E-4,0.014923,0.016189,0.014999,6.3966E-4,0.012604,2.7473E-4,0.010234,-1.0981E-5,1
1520441694495,true,1661.717,0,0.035021,0.012559,0.016494,7.2792E-4,0.0098695,-1.9208E-4,0.009764,-3.567E-4,0.015511,0.01557,0.014973,6.4161E-4,0.012579,2.7035E-4,0.010248,-2.0908E-5,1
1520441694552,true,1661.774,0,0.035251,0.012648,0.016449,7.2158E-4,0.0098648,-1.8954E-4,0.0097677,-3.6373E-4,0.015234,0.015447,0.014961,6.3728E-4,0.012511,2.8437E-4,0.010268,-4.1305E-5,1
1520441694598,true,1661.82,0,0.034901,0.01283,0.016435,7.1676E-4,0.0098098,-1.8714E-4,0.0097715,-3.6287E-4,0.014474,0.015673,0.014952,6.2305E-4,0.012455,2.9313E-4,0.01026,-5.4027E-5,1
1520441694656,true,1661.878,0,0.033908,0.012723,0.016416,7.1886E-4,0.0097573,-1.9281E-4,0.0097695,-3.6045E-4,0.014431,0.015732,0.014925,6.1725E-4,0.012436,2.9365E-4,0.010195,-4.5851E-5,1
1520441694713,true,1661.935,0,0.033571,0.012305,0.016398,7.2012E-4,0.0097403,-2.0079E-4,0.0097349,-3.5782E-4,0.015015,0.015556,0.014879,6.2089E-4,0.012428,2.8147E-4,0.01013,-3.363E-5,1
1520441694771,true,1661.993,0,0.03429,0.012155,0.016341,7.2669E-4,0.0097317,-2.0194E-4,0.0096783,-3.6301E-4,0.015825,0.015002,0.014842,6.2424E-4,0.012426,2.6417E-4,0.0101,-2.8844E-5,1
1520441694828,true,1662.05,0,0.034902,0.012445,0.016278,7.2709E-4,0.0097212,-2.0246E-4,0.0096493,-3.7566E-4,0.01622,0.01462,0.01485,6.1554E-4,0.012381,2.6393E-4,0.010088,-3.6563E-5,1
1520441694898,true,1662.12,0,0.035473,0.012678,0.01626,7.2078E-4,0.0096791,-1.9773E-4,0.0096442,-3.8219E-4,0.015407,0.014985,0.014859,6.0207E-4,0.012327,2.6998E-4,0.010081,-5.2337E-5,1
1520441694956,true,1662.178,0,0.034724,0.012942,0.016261,7.2054E-4,0.0096167,-1.9929E-4,0.0096251,-3.8228E-4,0.01443,0.015541,0.014867,5.8701E-4,0.012313,2.6769E-4,0.010047,-5.9585E-5,1
1520441695013,true,1662.235,0,0.033735,0.012704,0.016249,7.2196E-4,0.0095814,-2.0877E-4,0.0096018,-3.8102E-4,0.014119,0.015873,0.014827,5.8778E-4,0.012324,2.5663E-4,0.0099824,-5.2495E-5,1
1520441695071,true,1662.293,0,0.033599,0.012279,0.016208,7.2828E-4,0.0095783,-2.133E-4,0.0095518,-3.8196E-4,0.014333,0.01569,0.014764,5.9721E-4,0.012329,2.3861E-4,0.0099452,-5.0081E-5,1
1520441695128,true,1662.35,0,0.034095,0.012184,0.016132,7.3148E-4,0.0095675,-2.1119E-4,0.0094962,-3.8862E-4,0.014942,0.015111,0.014722,6.0036E-4,0.01231,2.2911E-4,0.0099423,-5.6407E-5,1
1520441695197,true,1662.419,0,0.034366,0.012274,0.016065,7.2514E-4,0.0095484,-2.0778E-4,0.009484,-3.9633E-4,0.014942,0.014863,0.0147,5.9731E-4,0.01224,2.3831E-4,0.009952,-7.3475E-5,1
1520441695255,true,1662.477,0,0.034399,0.012424,0.01603,7.1956E-4,0.0094873,-2.0166E-4,0.0094761,-3.9295E-4,0.014195,0.015102,0.014684,5.8594E-4,0.012177,2.4742E-4,0.0099517,-8.9199E-5,1
1520441695312,true,1662.534,0,0.033487,0.012455,0.016002,7.2136E-4,0.0094117,-2.0298E-4,0.0094653,-3.8926E-4,0.013938,0.01527,0.014661,5.7695E-4,0.01215,2.5048E-4,0.009898,-8.3252E-5,1
1520441695370,true,1662.592,0,0.03294,0.012094,0.015981,7.2149E-4,0.0093814,-2.1058E-4,0.009433,-3.8188E-4,0.014363,0.015289,0.014618,5.7975E-4,0.01214,2.4143E-4,0.0098168,-6.6657E-5,1
1520441695427,true,1662.649,0,0.03356,0.011844,0.015924,7.2855E-4,0.0093634,-2.1047E-4,0.0093688,-3.8124E-4,0.015182,0.014833,0.014579,5.8355E-4,0.01214,2.2537E-4,0.0097818,-5.974E-5,1
1520441695473,true,1662.695,0,0.034313,0.012107,0.015859,7.2798E-4,0.0093441,-2.0901E-4,0.0093223,-3.8786E-4,0.015839,0.014394,0.014576,5.8022E-4,0.012108,2.2278E-4,0.0097769,-6.4055E-5,1
1520441695531,true,1662.753,0,0.034914,0.012395,0.015827,7.2362E-4,0.0093155,-2.0496E-4,0.0093088,-3.9238E-4,0.015255,0.014692,0.014588,5.7045E-4,0.012059,2.2791E-4,0.0097768,-7.697E-5,1
1520441695588,true,1662.81,0,0.034646,0.012727,0.015833,7.208E-4,0.0092604,-2.043E-4,0.0092969,-3.9219E-4,0.014204,0.015358,0.014601,5.5686E-4,0.012042,2.2824E-4,0.00976,-8.787E-5,1
1520441695646,true,1662.868,0,0.033637,0.012672,0.015826,7.23E-4,0.0092134,-2.0963E-4,0.009287,-3.9159E-4,0.01375,0.015769,0.014587,5.5188E-4,0.012061,2.2005E-4,0.0097059,-8.1499E-5,1
1520441695703,true,1662.925,0,0.033324,0.012258,0.01581,7.2676E-4,0.0092041,-2.121E-4,0.0092431,-3.8796E-4,0.013953,0.015785,0.014525,5.6388E-4,0.012078,2.0373E-4,0.0096661,-7.5476E-5,1
1520441695773,true,1662.995,0,0.033804,0.012076,0.015739,7.3272E-4,0.0091963,-2.075E-4,0.0091926,-3.9033E-4,0.014554,0.015302,0.014478,5.7282E-4,0.012081,1.9057E-4,0.0096639,-7.6332E-5,1
1520441695831,true,1663.053,0,0.034104,0.01221,0.015659,7.3226E-4,0.009178,-2.0299E-4,0.0091802,-4.022E-4,0.014811,0.014937,0.014461,5.7384E-4,0.012032,1.9818E-4,0.0096822,-8.949E-5,1
1520441695888,true,1663.11,0,0.034374,0.012298,0.01562,7.2246E-4,0.0091228,-1.9783E-4,0.0091762,-4.0266E-4,0.014218,0.015117,0.014454,5.6422E-4,0.011967,2.1369E-4,0.0096895,-1.0302E-4,1
1520441695946,true,1663.168,0,0.033632,0.01241,0.015577,7.2189E-4,0.009039,-1.9984E-4,0.0091569,-3.9517E-4,0.013821,0.015346,0.014441,5.557E-4,0.011931,2.226E-4,0.00965,-9.8137E-5,1
1520441696003,true,1663.225,0,0.032753,0.012225,0.01554,7.2632E-4,0.0089814,-2.0465E-4,0.0091237,-3.8454E-4,0.014148,0.015474,0.014414,5.5681E-4,0.011927,2.1925E-4,0.0095796,-7.7837E-5,1
1520441696048,true,1663.27,0,0.033202,0.011911,0.015495,7.3345E-4,0.0089576,-2.0215E-4,0.0090603,-3.7372E-4,0.014891,0.015204,0.014373,5.6787E-4,0.011937,2.0604E-4,0.0095387,-6.1127E-5,1
1520441696106,true,1663.328,0,0.03419,0.012043,0.015424,7.3971E-4,0.0089389,-1.961E-4,0.0090116,-3.7425E-4,0.015741,0.014773,0.014379,5.7034E-4,0.011924,2.0457E-4,0.0095441,-5.5499E-5,1
1520441696163,true,1663.385,0,0.034866,0.012344,0.01538,7.4032E-4,0.0089273,-1.9054E-4,0.0089965,-3.7358E-4,0.015559,0.014959,0.014406,5.6854E-4,0.011894,2.1508E-4,0.0095576,-6.0701E-5,1
1520441696221,true,1663.443,0,0.035028,0.01267,0.015384,7.3934E-4,0.0088796,-1.8289E-4,0.0089905,-3.6711E-4,0.014552,0.015731,0.014439,5.5938E-4,0.011884,2.2472E-4,0.0095733,-6.5279E-5,1
1520441696278,true,1663.5,0,0.034163,0.012761,0.015386,7.4511E-4,0.0088307,-1.824E-4,0.008982,-3.6135E-4,0.014045,0.016348,0.014455,5.5843E-4,0.011916,2.2801E-4,0.0095529,-5.2661E-5,1
1520441696348,true,1663.57,0,0.033621,0.012417,0.015382,7.511E-4,0.0088301,-1.8627E-4,0.0089532,-3.5322E-4,0.014195,0.016636,0.01443,5.7299E-4,0.011961,2.2312E-4,0.0095249,-3.3011E-5,1
1520441696406,true,1663.628,0,0.034016,0.012116,0.015331,7.6152E-4,0.0088352,-1.8106E-4,0.0089009,-3.5334E-4,0.014842,0.016278,0.014401,5.8813E-4,0.011995,2.1803E-4,0.0095517,-2.2566E-5,1
1520441696463,true,1663.685,0,0.034355,0.012169,0.015262,7.6486E-4,0.0088253,-1.7463E-4,0.0088733,-3.6037E-4,0.015495,0.015818,0.014404,5.9443E-4,0.011988,2.2954E-4,0.0095977,-2.2822E-5,1
1520441696521,true,1663.743,0,0.034636,0.012187,0.015222,7.6405E-4,0.008792,-1.6746E-4,0.0088704,-3.6189E-4,0.01512,0.015952,0.014417,5.9038E-4,0.011956,2.4846E-4,0.0096374,-2.6085E-5,1
1520441696578,true,1663.8,0,0.03394,0.012321,0.01519,7.6854E-4,0.0087219,-1.6424E-4,0.00886,-3.5758E-4,0.014632,0.016201,0.014428,5.8299E-4,0.011942,2.6398E-4,0.0096435,-1.9122E-5,1
1520441696623,true,1663.845,0,0.032871,0.012064,0.015163,7.7533E-4,0.0086648,-1.6849E-4,0.0088383,-3.5362E-4,0.014785,0.016371,0.014416,5.8575E-4,0.011963,2.699E-4,0.0096037,8.5112E-6,1
1520441696681,true,1663.903,0,0.032595,0.011625,0.015136,7.8406E-4,0.0086439,-1.6885E-4,0.0087784,-3.4808E-4,0.015406,0.016284,0.014389,5.9594E-4,0.011988,2.6523E-4,0.0095842,3.2671E-5,1
1520441696738,true,1663.96,0,0.033304,0.011526,0.015076,7.9214E-4,0.0086239,-1.623E-4,0.0087093,-3.5147E-4,0.01634,0.015818,0.014399,5.9974E-4,0.012006,2.6156E-4,0.0096009,4.7127E-5,1
1520441696796,true,1664.018,0,0.033746,0.011765,0.015021,7.9741E-4,0.008606,-1.5622E-4,0.0086795,-3.5777E-4,0.016562,0.015675,0.014425,5.9982E-4,0.011986,2.7347E-4,0.0096302,4.7481E-5,1
1520441696853,true,1664.075,0,0.033895,0.011963,0.015018,7.9969E-4,0.0085586,-1.4576E-4,0.0086608,-3.5733E-4,0.015584,0.016257,0.014454,5.9269E-4,0.011965,2.8773E-4,0.009661,4.157E-5,1
1520441696923,true,1664.145,0,0.032868,0.012026,0.015028,8.0685E-4,0.0085045,-1.4221E-4,0.0086328,-3.5041E-4,0.014844,0.016765,0.014474,5.8713E-4,0.011995,2.8932E-4,0.0096554,4.6806E-5,1
1520441696981,true,1664.203,0,0.031817,0.011631,0.015031,8.1331E-4,0.008488,-1.459E-4,0.0085968,-3.4263E-4,0.01468,0.017062,0.014452,5.9599E-4,0.012035,2.8242E-4,0.0096229,6.4251E-5,1
1520441697038,true,1664.26,0,0.031809,0.011186,0.014999,8.2551E-4,0.0084944,-1.4056E-4,0.0085411,-3.3824E-4,0.015103,0.016745,0.014412,6.0838E-4,0.012062,2.7385E-4,0.0096365,6.8587E-5,1
1520441697096,true,1664.318,0,0.03188,0.011191,0.014935,8.3432E-4,0.0084888,-1.2904E-4,0.0084946,-3.3998E-4,0.015717,0.016182,0.0144,6.1303E-4,0.012051,2.7806E-4,0.0096696,6.7897E-5,1
1520441697153,true,1664.375,0,0.03199,0.011265,0.014896,8.356E-4,0.0084724,-1.1867E-4,0.0084885,-3.3834E-4,0.015536,0.016081,0.0144,6.1054E-4,0.011999,2.9631E-4,0.0096974,5.8875E-5,1
1520441697198,true,1664.42,0,0.03163,0.011435,0.014887,8.3887E-4,0.0084147,-1.0623E-4,0.0084804,-3.2689E-4,0.01493,0.016324,0.014407,6.0086E-4,0.011958,3.1371E-4,0.0097052,5.3673E-5,1
1520441697256,true,1664.478,0,0.030593,0.011359,0.014885,8.4509E-4,0.0083591,-1.0282E-4,0.0084799,-3.1746E-4,0.014968,0.016424,0.014405,5.9578E-4,0.01196,3.1632E-4,0.0096571,7.0365E-5,1
1520441697313,true,1664.535,0,0.030292,0.010922,0.014885,8.5309E-4,0.0083411,-1.0274E-4,0.0084458,-3.0744E-4,0.015568,0.01629,0.014378,6.0051E-4,0.011974,3.08E-4,0.0096069,8.9363E-5,1
1520441697371,true,1664.593,0,0.031022,0.010743,0.014847,8.6508E-4,0.0083354,-9.3848E-5,0.0083851,-3.0264E-4,0.01636,0.015775,0.014361,6.0445E-4,0.01199,2.9607E-4,0.0095986,9.8356E-5,1
1520441697428,true,1664.65,0,0.031659,0.010983,0.014806,8.7081E-4,0.0083416,-8.9316E-5,0.0083532,-3.0496E-4,0.016754,0.015429,0.014376,6.0232E-4,0.011961,3.006E-4,0.0096115,9.4825E-5,1
1520441697498,true,1664.72,0,0.032014,0.01124,0.014813,8.7027E-4,0.0083173,-7.8626E-5,0.0083484,-3.0217E-4,0.015922,0.015835,0.014402,5.9199E-4,0.011927,3.0732E-4,0.0096336,7.9507E-5,1
1520441697556,true,1664.778,0,0.031322,0.011495,0.014843,8.7472E-4,0.0082704,-7.1341E-5,0.0083405,-2.9316E-4,0.014989,0.016327,0.014422,5.8145E-4,0.011923,3.1027E-4,0.0096263,7.3774E-5,1
1520441697613,true,1664.835,0,0.030257,0.011262,0.014864,8.8017E-4,0.0082463,-7.0914E-5,0.0083338,-2.8581E-4,0.01465,0.016657,0.014398,5.8397E-4,0.011944,3.0372E-4,0.0095809,8.3074E-5,1
1520441697671,true,1664.893,0,0.030056,0.010808,0.014854,8.9188E-4,0.00826,-6.5547E-5,0.0082888,-2.7558E-4,0.014943,0.016404,0.01435,5.9577E-4,0.011961,2.9062E-4,0.0095577,8.6826E-5,1
1520441697728,true,1664.95,0,0.030499,0.010692,0.014801,9.0159E-4,0.0082594,-5.2641E-5,0.0082369,-2.6956E-4,0.015629,0.015731,0.014318,6.0269E-4,0.011949,2.8586E-4,0.00957,8.1819E-5,1
1520441697800,true,1665.022,0,0.030803,0.010801,0.014747,9.0843E-4,0.008259,-3.933E-5,0.0082383,-2.6605E-4,0.015623,0.015456,0.014308,6.0303E-4,0.01188,3.0214E-4,0.0095857,6.8231E-5,1
1520441697858,true,1665.08,0,0.030955,0.01096,0.014753,9.0949E-4,0.0082172,-2.4135E-5,0.0082571,-2.55E-4,0.014927,0.015644,0.014309,5.9242E-4,0.011825,3.1738E-4,0.0095973,5.4267E-5,1
1520441697915,true,1665.137,0,0.030136,0.010998,0.014765,9.1374E-4,0.0081678,-1.887E-5,0.0082683,-2.4223E-4,0.014696,0.01574,0.014309,5.8313E-4,0.011813,3.2184E-4,0.0095541,6.1861E-5,1
1520441697973,true,1665.195,0,0.029551,0.010654,0.014776,9.1798E-4,0.0081495,-1.9464E-5,0.0082507,-2.2468E-4,0.015102,0.01566,0.014271,5.8657E-4,0.011813,3.1474E-4,0.0094817,7.9487E-5,1
1520441698030,true,1665.252,0,0.030098,0.010401,0.014759,9.2719E-4,0.0081532,-1.4762E-5,0.0082027,-2.1448E-4,0.015855,0.01513,0.014234,5.9165E-4,0.011808,3.0086E-4,0.009445,8.7188E-5,1
1520441698074,true,1665.296,0,0.030761,0.010623,0.014718,9.3288E-4,0.0081474,-3.9656E-6,0.0081705,-2.1327E-4,0.016403,0.014621,0.014234,5.8961E-4,0.011773,3.003E-4,0.0094378,8.4467E-5,1
1520441698132,true,1665.354,0,0.031207,0.010887,0.014717,9.2954E-4,0.008131,8.8524E-6,0.0081737,-2.0874E-4,0.015806,0.014775,0.014242,5.8296E-4,0.011712,3.0996E-4,0.0094378,6.9702E-5,1
1520441698189,true,1665.411,0,0.030783,0.01122,0.014737,9.3243E-4,0.0080902,1.6745E-5,0.0081714,-1.9657E-4,0.014735,0.015266,0.014256,5.6909E-4,0.011683,3.1304E-4,0.0094152,6.0187E-5,1
1520441698247,true,1665.469,0,0.029695,0.011129,0.01476,9.3604E-4,0.0080536,1.8878E-5,0.0081761,-1.8462E-4,0.014332,0.01552,0.014226,5.6938E-4,0.011688,3.0892E-4,0.0093485,6.8088E-5,1
1520441698304,true,1665.526,0,0.029244,0.010711,0.014763,9.3935E-4,0.0080535,2.2505E-5,0.008146,-1.6831E-4,0.014496,0.015393,0.014168,5.8111E-4,0.011688,2.9854E-4,0.0092969,7.2884E-5,1
1520441698349,true,1665.571,0,0.029716,0.010513,0.014706,9.5096E-4,0.0080581,3.2616E-5,0.0081048,-1.6043E-4,0.015129,0.014694,0.014116,5.9235E-4,0.011669,2.9164E-4,0.0092889,7.2044E-5,1
1520441698407,true,1665.629,0,0.030004,0.01064,0.014643,9.5688E-4,0.008055,4.6142E-5,0.0081058,-1.5739E-4,0.015419,0.0142,0.014098,5.9604E-4,0.011599,3.0482E-4,0.0092947,6.2544E-5,1
1520441698464,true,1665.686,0,0.030339,0.010761,0.014637,9.555E-4,0.0080333,5.9802E-5,0.0081353,-1.4741E-4,0.014829,0.014269,0.014093,5.8836E-4,0.011532,3.2115E-4,0.0092951,5.1363E-5,1
1520441698522,true,1665.744,0,0.029708,0.010907,0.014648,9.5842E-4,0.0079854,6.6465E-5,0.0081532,-1.3308E-4,0.014411,0.014402,0.014094,5.7764E-4,0.011496,3.3171E-4,0.0092584,5.4128E-5,1
1520441698579,true,1665.801,0,0.028953,0.010684,0.014654,9.6264E-4,0.0079585,6.5129E-5,0.0081535,-1.1743E-4,0.014655,0.014404,0.014064,5.7828E-4,0.011481,3.3216E-4,0.0091862,7.3695E-5,1
1520441698649,true,1665.871,0,0.029346,0.010334,0.014639,9.7072E-4,0.0079611,6.7082E-5,0.0081199,-1.0587E-4,0.015279,0.014034,0.01402,5.8772E-4,0.011483,3.2125E-4,0.0091392,8.5433E-5,1
1520441698707,true,1665.929,0,0.030129,0.010471,0.014592,9.7859E-4,0.0079649,7.5702E-5,0.0080817,-1.0331E-4,0.015958,0.013493,0.014011,5.9052E-4,0.011461,3.1907E-4,0.0091242,9.0266E-5,1
1520441698764,true,1665.986,0,0.030695,0.010707,0.014562,9.784E-4,0.0079563,8.4618E-5,0.0080839,-1.0215E-4,0.015665,0.013478,0.014025,5.8494E-4,0.011405,3.3011E-4,0.0091229,7.9984E-5,1
1520441698822,true,1666.044,0,0.030622,0.010977,0.014576,9.7723E-4,0.0079121,9.4298E-5,0.0080896,-9.2929E-5,0.01459,0.01399,0.014026,5.7737E-4,0.011369,3.3785E-4,0.0091173,6.8319E-5,1
1520441698879,true,1666.101,0,0.029571,0.010965,0.014578,9.8305E-4,0.0078757,9.3201E-5,0.0080945,-8.2672E-5,0.013918,0.01433,0.014011,5.73E-4,0.011369,3.383E-4,0.0090682,7.347E-5,1
1520441698948,true,1666.17,0,0.028754,0.010517,0.014571,9.8781E-4,0.007866,9.4971E-5,0.0080737,-6.9349E-5,0.013945,0.014345,0.013948,5.8576E-4,0.011368,3.3207E-4,0.0090061,8.7285E-5,1
1520441699006,true,1666.228,0,0.02892,0.010167,0.014523,9.9627E-4,0.0078692,1.0183E-4,0.0080293,-6.0531E-5,0.014505,0.013741,0.013883,5.9907E-4,0.01136,3.2377E-4,0.0089919,9.0978E-5,1
1520441699063,true,1666.285,0,0.029071,0.010243,0.014448,0.0010009,0.0078535,1.154E-4,0.008006,-5.5047E-5,0.015041,0.013071,0.013847,6.0611E-4,0.011298,3.3625E-4,0.0089847,8.8845E-5,1
1520441699121,true,1666.343,0,0.029207,0.010307,0.014412,0.0010005,0.0078288,1.2969E-4,0.0080224,-4.7569E-5,0.014611,0.012992,0.013831,6.0411E-4,0.011221,3.5831E-4,0.0089874,8.1884E-5,1
1520441699178,true,1666.4,0,0.028593,0.01051,0.014408,0.0010018,0.0077788,1.3543E-4,0.0080345,-3.5313E-5,0.014007,0.013115,0.013829,5.9376E-4,0.011182,3.7101E-4,0.0089641,8.3952E-5,1
1520441699224,true,1666.446,0,0.027642,0.010327,0.014398,0.0010075,0.0077368,1.328E-4,0.0080415,-2.4967E-5,0.014084,0.013122,0.013796,5.9249E-4,0.01117,3.7205E-4,0.0088858,1.0521E-4,1
1520441699282,true,1666.504,0,0.027582,0.0099217,0.014381,0.0010117,0.0077285,1.3302E-4,0.0080044,-1.1961E-5,0.014645,0.012834,0.013749,6.0018E-4,0.011162,3.6335E-4,0.0088115,1.2608E-4,1
1520441699339,true,1666.561,0,0.028357,0.0098804,0.014324,0.0010194,0.007715,1.4186E-4,0.0079566,-7.8647E-6,0.015315,0.012288,0.013721,6.0442E-4,0.011145,3.5623E-4,0.0087911,1.3358E-4,1
1520441699397,true,1666.619,0,0.028711,0.010187,0.014271,0.0010217,0.0077127,1.4832E-4,0.007938,-7.6757E-6,0.015261,0.012113,0.013722,6.0283E-4,0.011092,3.678E-4,0.0087916,1.2629E-4,1
1520441699454,true,1666.676,0,0.028881,0.010438,0.014262,0.0010223,0.0076773,1.5862E-4,0.0079356,1.1845E-6,0.014131,0.012608,0.013721,5.9505E-4,0.011043,3.7937E-4,0.0087902,1.1549E-4,1
1520441699499,true,1666.721,0,0.027971,0.010576,0.014258,0.0010266,0.0076316,1.614E-4,0.0079341,1.2169E-5,0.01322,0.013063,0.013707,5.9011E-4,0.011036,3.8225E-4,0.0087447,1.1878E-4,1
1520441699557,true,1666.779,0,0.027012,0.01027,0.014244,0.0010317,0.0076096,1.5946E-4,0.0079159,2.8489E-5,0.012946,0.013295,0.01365,5.9804E-4,0.011034,3.7883E-4,0.0086874,1.314E-4,1
1520441699614,true,1666.836,0,0.027088,0.0098543,0.01419,0.0010409,0.0076132,1.6466E-4,0.0078698,4.1094E-5,0.013307,0.012917,0.013579,6.1318E-4,0.01103,3.6899E-4,0.0086611,1.3722E-4,1
1520441699672,true,1666.894,0,0.027437,0.0098796,0.014106,0.0010463,0.0076059,1.7652E-4,0.007832,4.7778E-5,0.013902,0.012299,0.013532,6.2177E-4,0.010985,3.7502E-4,0.0086673,1.3227E-4,1
1520441699729,true,1666.951,0,0.027688,0.010026,0.014054,0.0010455,0.0075955,1.87E-4,0.0078507,5.1748E-5,0.013689,0.012174,0.013513,6.2088E-4,0.010909,3.9628E-4,0.0086669,1.2426E-4,1
1520441699799,true,1667.021,0,0.027573,0.010232,0.014035,0.0010453,0.0075451,1.9678E-4,0.0078629,6.5229E-5,0.012995,0.012441,0.013502,6.1265E-4,0.010857,4.1158E-4,0.0086587,1.1853E-4,1
1520441699857,true,1667.079,0,0.026725,0.010201,0.014019,0.0010501,0.0074933,1.9877E-4,0.007872,7.8066E-5,0.013004,0.012545,0.013482,6.077E-4,0.010839,4.1814E-4,0.0085933,1.3513E-4,1
1520441699914,true,1667.136,0,0.026508,0.009832,0.013997,0.0010538,0.0074799,1.9635E-4,0.0078389,9.4868E-5,0.013546,0.012453,0.013426,6.1708E-4,0.010832,4.0958E-4,0.0085235,1.5332E-4,1
1520441699972,true,1667.194,0,0.027367,0.009708,0.013942,0.0010614,0.0074701,2.043E-4,0.0077939,1.0089E-4,0.014208,0.012001,0.01339,6.2195E-4,0.010824,3.9986E-4,0.0084883,1.6338E-4,1
1520441700029,true,1667.251,0,0.027919,0.010058,0.013881,0.0010628,0.0074641,2.1067E-4,0.0077739,9.997E-5,0.014534,0.011729,0.013381,6.2275E-4,0.010777,4.0634E-4,0.0084811,1.6134E-4,1
1520441700074,true,1667.296,0,0.028392,0.010315,0.01386,0.0010592,0.0074296,2.2422E-4,0.0077736,1.0518E-4,0.013611,0.01217,0.013382,6.1605E-4,0.010731,4.1734E-4,0.0084833,1.4808E-4,1
1520441700132,true,1667.354,0,0.027847,0.010586,0.013856,0.0010604,0.0073708,2.3226E-4,0.0077738,1.1458E-4,0.012602,0.012726,0.013372,6.0842E-4,0.010718,4.1947E-4,0.008455,1.4525E-4,1
1520441700189,true,1667.411,0,0.026936,0.010387,0.013846,0.0010638,0.0073384,2.3176E-4,0.0077663,1.2707E-4,0.012266,0.013112,0.013324,6.134E-4,0.010723,4.1458E-4,0.0083857,1.6001E-4,1
1520441700247,true,1667.469,0,0.026915,0.0099758,0.013809,0.0010716,0.0073392,2.3577E-4,0.0077174,1.4219E-4,0.012546,0.012968,0.013252,6.2864E-4,0.010719,4.0498E-4,0.0083446,1.6882E-4,1
1520441700304,true,1667.526,0,0.027535,0.0098947,0.013737,0.0010793,0.0073305,2.4936E-4,0.0076834,1.4829E-4,0.013175,0.01245,0.013207,6.3975E-4,0.010694,4.0709E-4,0.0083505,1.69E-4,1
1520441700374,true,1667.596,0,0.027882,0.010101,0.01368,0.0010781,0.0073184,2.6238E-4,0.0076883,1.5323E-4,0.013276,0.012213,0.013194,6.42E-4,0.010623,4.2732E-4,0.0083641,1.6158E-4,1
1520441700432,true,1667.654,0,0.028162,0.010303,0.013662,0.001075,0.0072809,2.7497E-4,0.007705,1.6575E-4,0.012638,0.012513,0.013187,6.3524E-4,0.010564,4.4502E-4,0.0083698,1.5287E-4,1
1520441700489,true,1667.711,0,0.027461,0.010418,0.01366,0.0010755,0.0072262,2.7726E-4,0.007716,1.7677E-4,0.012477,0.012695,0.013176,6.2798E-4,0.010543,4.5378E-4,0.0083201,1.6571E-4,1
1520441700547,true,1667.769,0,0.026947,0.010136,0.013651,0.0010774,0.0072068,2.7427E-4,0.0077024,1.906E-4,0.012851,0.012792,0.013135,6.3314E-4,0.010542,4.4894E-4,0.0082503,1.8573E-4,1
1520441700604,true,1667.826,0,0.027531,0.0099435,0.013616,0.0010834,0.0072023,2.8005E-4,0.0076512,2.0037E-4,0.013551,0.012405,0.013096,6.4071E-4,0.01055,4.3492E-4,0.0082093,1.9751E-4,1
1520441700675,true,1667.897,0,0.028296,0.010206,0.013556,0.0010882,0.0071924,2.8923E-4,0.0076153,2.003E-4,0.014144,0.012019,0.013084,6.4468E-4,0.010527,4.346E-4,0.008199,1.9779E-4,1
1520441700733,true,1667.955,0,0.028896,0.010454,0.013535,0.0010833,0.007176,2.9944E-4,0.0076176,2.0143E-4,0.013507,0.012319,0.013085,6.3985E-4,0.010477,4.4552E-4,0.0081972,1.8776E-4,1
1520441700790,true,1668.012,0,0.028608,0.010754,0.013534,0.0010845,0.0071267,3.0842E-4,0.0076157,2.1069E-4,0.012384,0.012929,0.013082,6.3286E-4,0.010453,4.5152E-4,0.0081957,1.7839E-4,1
1520441700848,true,1668.07,0,0.027563,0.010676,0.013531,0.00109,0.0070888,3.0931E-4,0.0076188,2.1987E-4,0.011923,0.013346,0.013052,6.3538E-4,0.010464,4.5001E-4,0.0081446,1.8932E-4,1
1520441700905,true,1668.127,0,0.027168,0.010291,0.013521,0.0010959,0.007088,3.1281E-4,0.0075846,2.3555E-4,0.012127,0.01333,0.012993,6.5234E-4,0.010477,4.4164E-4,0.0081003,2.0356E-4,1
1520441700949,true,1668.171,0,0.027687,0.010127,0.01348,0.0011017,0.0070999,3.2269E-4,0.0075528,2.3901E-4,0.012726,0.012814,0.012956,6.6297E-4,0.010481,4.3587E-4,0.0081123,2.056E-4,1
1520441701007,true,1668.229,0,0.028103,0.010255,0.013423,0.0011041,0.0071132,3.3161E-4,0.0075511,2.3896E-4,0.013081,0.012435,0.012947,6.6792E-4,0.010441,4.4955E-4,0.0081414,1.9875E-4,1
1520441701064,true,1668.286,0,0.028564,0.010378,0.01341,0.0011011,0.0070915,3.4288E-4,0.0075786,2.4336E-4,0.012556,0.01262,0.012949,6.6294E-4,0.01039,4.666E-4,0.0081671,1.8835E-4,1
1520441701122,true,1668.344,0,0.028026,0.010553,0.013422,0.0011025,0.0070451,3.4887E-4,0.0075949,2.5177E-4,0.012142,0.012862,0.012958,6.5277E-4,0.010375,4.7565E-4,0.0081425,1.955E-4,1
1520441701179,true,1668.401,0,0.027385,0.010343,0.013418,0.0011082,0.0070349,3.4375E-4,0.0076004,2.5947E-4,0.012408,0.012994,0.012934,6.5631E-4,0.010378,4.7655E-4,0.0080851,2.1629E-4,1
1520441701250,true,1668.472,0,0.027731,0.010019,0.013403,0.0011157,0.007044,3.4656E-4,0.0075625,2.6687E-4,0.013097,0.012732,0.012894,6.6678E-4,0.010397,4.6449E-4,0.0080569,2.2969E-4,1
1520441701308,true,1668.53,0,0.028622,0.010132,0.013361,0.001123,0.0070524,3.5332E-4,0.0075254,2.6476E-4,0.013807,0.012283,0.01289,6.6991E-4,0.010391,4.6048E-4,0.0080539,2.3788E-4,1
1520441701365,true,1668.587,0,0.02911,0.01042,0.01334,0.0011219,0.0070612,3.5949E-4,0.007526,2.6282E-4,0.013511,0.012371,0.012907,6.6824E-4,0.010357,4.7146E-4,0.0080727,2.306E-4,1
1520441701423,true,1668.645,0,0.029169,0.010721,0.013358,0.0011212,0.0070366,3.6757E-4,0.0075362,2.679E-4,0.012465,0.012964,0.012912,6.6306E-4,0.01034,4.7951E-4,0.0080826,2.2198E-4,1
1520441701480,true,1668.702,0,0.028197,0.01074,0.013371,0.0011293,0.0070066,3.6957E-4,0.0075482,2.751E-4,0.01187,0.013388,0.012905,6.6413E-4,0.010357,4.8409E-4,0.0080612,2.2767E-4,1
1520441701524,true,1668.746,0,0.027446,0.010368,0.01339,0.0011369,0.007019,3.6909E-4,0.0075396,2.8617E-4,0.011941,0.013519,0.012873,6.7745E-4,0.01039,4.7892E-4,0.0080381,2.3793E-4,1
1520441701582,true,1668.804,0,0.027714,0.010072,0.013364,0.0011478,0.0070451,3.7842E-4,0.0075123,2.9012E-4,0.01254,0.013021,0.012842,6.9246E-4,0.010418,4.715E-4,0.0080596,2.4232E-4,1
1520441701639,true,1668.861,0,0.028059,0.010173,0.013331,0.0011512,0.0070672,3.8854E-4,0.0075149,2.8615E-4,0.013107,0.012507,0.012842,6.9802E-4,0.010399,4.8321E-4,0.0081039,2.3949E-4,1
1520441701697,true,1668.919,0,0.028464,0.010272,0.013326,0.0011501,0.0070688,3.9983E-4,0.0075493,2.8682E-4,0.012749,0.012539,0.012858,6.9503E-4,0.010355,5.0575E-4,0.0081479,2.2946E-4,1
1520441701754,true,1668.976,0,0.028035,0.010472,0.013351,0.0011518,0.0070495,4.0292E-4,0.0075763,2.9384E-4,0.012246,0.012774,0.012883,6.859E-4,0.010351,5.1599E-4,0.0081567,2.3292E-4,1
1520441701825,true,1669.047,0,0.027228,0.010331,0.013364,0.0011588,0.0070383,3.9814E-4,0.0075955,3.0068E-4,0.012441,0.012901,0.012887,6.8517E-4,0.010369,5.1936E-4,0.0081138,2.5673E-4,1
1520441701883,true,1669.105,0,0.027245,0.0099599,0.013379,0.0011651,0.0070563,3.9784E-4,0.0075725,3.0815E-4,0.013031,0.012717,0.012868,6.9429E-4,0.010398,5.1081E-4,0.0080807,2.7635E-4,1
1520441701940,true,1669.162,0,0.028145,0.0099312,0.013354,0.0011732,0.0070746,4.0605E-4,0.007532,3.0929E-4,0.013756,0.012222,0.012868,6.9785E-4,0.01042,5.0267E-4,0.0080989,2.845E-4,1
1520441701998,true,1669.22,0,0.028582,0.010231,0.013332,0.0011752,0.0070942,4.1035E-4,0.0075296,3.0418E-4,0.013789,0.0121,0.01289,6.98E-4,0.010395,5.1213E-4,0.0081208,2.8146E-4,1
1520441702055,true,1669.277,0,0.028845,0.010489,0.013354,0.0011751,0.0070804,4.203E-4,0.0075548,3.044E-4,0.012735,0.012625,0.01291,6.9244E-4,0.010378,5.2445E-4,0.008152,2.7123E-4,1
1520441702101,true,1669.323,0,0.027888,0.010631,0.013377,0.0011827,0.0070603,4.2113E-4,0.0075726,3.0898E-4,0.011908,0.013104,0.01292,6.8823E-4,0.010388,5.3307E-4,0.008146,2.7312E-4,1
1520441702159,true,1669.381,0,0.026913,0.010327,0.013398,0.0011909,0.0070757,4.1783E-4,0.0075784,3.2021E-4,0.011841,0.013322,0.01289,7.0211E-4,0.01042,5.3273E-4,0.0081093,2.9124E-4,1
1520441702216,true,1669.438,0,0.026899,0.0099578,0.013395,0.0012027,0.0071171,4.2223E-4,0.007561,3.2724E-4,0.01238,0.012967,0.012853,7.1809E-4,0.010455,5.2606E-4,0.0081222,2.9824E-4,1
1520441702274,true,1669.496,0,0.027272,0.010013,0.013365,0.0012099,0.0071539,4.3077E-4,0.0075608,3.2424E-4,0.013156,0.012343,0.012855,7.2681E-4,0.010456,5.3265E-4,0.0081694,2.9855E-4,1
1520441702331,true,1669.553,0,0.027591,0.010173,0.013356,0.0012103,0.0071733,4.4022E-4,0.0076019,3.2146E-4,0.013068,0.012226,0.012877,7.2702E-4,0.010416,5.5547E-4,0.0082219,2.9063E-4,1
1520441702400,true,1669.622,0,0.027553,0.010424,0.013391,0.0012111,0.0071543,4.484E-4,0.0076373,3.283E-4,0.012537,0.012478,0.012902,7.2135E-4,0.010399,5.7259E-4,0.0082527,2.8955E-4,1
1520441702458,true,1669.68,0,0.026747,0.01045,0.013422,0.0012178,0.0071411,4.4625E-4,0.0076715,3.331E-4,0.012612,0.012664,0.012919,7.1855E-4,0.010411,5.825E-4,0.0082359,3.072E-4,1
1520441702515,true,1669.737,0,0.026522,0.010143,0.013458,0.0012219,0.007168,4.4283E-4,0.0076726,3.4224E-4,0.013157,0.012689,0.012909,7.2698E-4,0.010437,5.7913E-4,0.0081971,3.3146E-4,1
1520441702573,true,1669.795,0,0.027325,0.01008,0.013458,0.0012306,0.0071972,4.4662E-4,0.0076462,3.4393E-4,0.013863,0.01232,0.012913,7.3354E-4,0.010472,5.7162E-4,0.0081989,3.4616E-4,1
1520441702630,true,1669.852,0,0.027943,0.010426,0.013442,0.0012349,0.0072302,4.5248E-4,0.0076505,3.3732E-4,0.014226,0.012083,0.012947,7.331E-4,0.010467,5.7989E-4,0.0082277,3.4699E-4,1
1520441702701,true,1669.923,0,0.028466,0.010711,0.013467,0.0012326,0.007246,4.5929E-4,0.0076774,3.3838E-4,0.013478,0.012527,0.012978,7.2905E-4,0.010445,5.9416E-4,0.0082685,3.3618E-4,1
1520441702759,true,1669.981,0,0.027924,0.011049,0.01351,0.001236,0.0072367,4.6287E-4,0.0077019,3.4564E-4,0.012541,0.013122,0.013001,7.2383E-4,0.010463,6.0165E-4,0.0082729,3.3746E-4,1
1520441702816,true,1670.038,0,0.027008,0.010866,0.013547,0.0012433,0.0072454,4.6201E-4,0.0077316,3.517E-4,0.0123,0.013514,0.012997,7.3105E-4,0.0105,6.0225E-4,0.0082548,3.5247E-4,1
1520441702874,true,1670.096,0,0.026995,0.010483,0.013567,0.0012534,0.007295,4.6237E-4,0.0077255,3.5992E-4,0.012728,0.013365,0.012972,7.4748E-4,0.010545,5.9633E-4,0.0082606,3.6514E-4,1
1520441702931,true,1670.153,0,0.02763,0.010462,0.013552,0.0012609,0.0073377,4.7126E-4,0.007723,3.5749E-4,0.013529,0.012833,0.012968,7.5951E-4,0.010561,5.993E-4,0.0083058,3.699E-4,1
1520441702950,true,1670.172,0,0.028149,0.010659,0.013545,0.0012622,0.0073793,4.7708E-4,0.0077632,3.5222E-4,0.013836,0.012609,0.01299,7.6294E-4,0.010534,6.1821E-4,0.0083596,3.6564E-4,1
1520441703008,true,1670.23,0,0.028541,0.010901,0.01358,0.0012588,0.0073784,4.867E-4,0.0078103,3.5697E-4,0.013284,0.012955,0.013024,7.5551E-4,0.010511,6.366E-4,0.0084059,3.6038E-4,1
1520441703065,true,1670.287,0,0.027979,0.011046,0.013617,0.0012628,0.0073619,4.8707E-4,0.0078443,3.6308E-4,0.013125,0.013236,0.013058,7.4921E-4,0.010528,6.4629E-4,0.008396,3.7389E-4,1
1520441703123,true,1670.345,0,0.027652,0.010813,0.013664,0.0012637,0.0073775,4.8251E-4,0.0078618,3.7217E-4,0.013551,0.013431,0.013053,7.5621E-4,0.010566,6.4198E-4,0.0083614,3.9701E-4,1
1520441703180,true,1670.402,0,0.028425,0.010663,0.013686,0.0012696,0.0074206,4.8317E-4,0.0078386,3.7539E-4,0.014295,0.013168,0.013046,7.6662E-4,0.01061,6.2876E-4,0.008367,4.0923E-4,1
1520441703250,true,1670.472,0,0.029406,0.010957,0.013678,0.0012725,0.0074616,4.8606E-4,0.0078365,3.6777E-4,0.014964,0.012863,0.013073,7.703E-4,0.010615,6.316E-4,0.0083986,4.1111E-4,1
1520441703308,true,1670.53,0,0.030138,0.011267,0.013699,0.0012687,0.0074903,4.902E-4,0.0078713,3.6288E-4,0.014326,0.013298,0.013106,7.685E-4,0.010604,6.4367E-4,0.0084374,4.0222E-4,1
1520441703365,true,1670.587,0,0.030033,0.011603,0.013744,0.0012686,0.0074789,4.9676E-4,0.0078964,3.6781E-4,0.013242,0.013991,0.01313,7.6281E-4,0.010614,6.5056E-4,0.0084595,3.9704E-4,1
1520441703423,true,1670.645,0,0.029199,0.011566,0.013782,0.001276,0.0074836,4.9475E-4,0.0079251,3.7393E-4,0.012833,0.014492,0.013127,7.6807E-4,0.010644,6.5304E-4,0.0084401,4.0975E-4,1
1520441703480,true,1670.702,0,0.029001,0.011202,0.013817,0.0012819,0.0075262,4.9325E-4,0.0079265,3.8188E-4,0.013082,0.014593,0.013097,7.8654E-4,0.010686,6.4637E-4,0.0084332,4.2417E-4,1
1520441703550,true,1670.772,0,0.029731,0.011054,0.013819,0.0012886,0.0075765,4.9935E-4,0.0079188,3.8361E-4,0.013826,0.014131,0.01309,7.9949E-4,0.010719,6.4249E-4,0.0084743,4.2878E-4,1
1520441703608,true,1670.83,0,0.030441,0.011268,0.013815,0.0012883,0.0076252,5.0358E-4,0.0079453,3.7932E-4,0.014375,0.013793,0.013109,8.0514E-4,0.010708,6.5558E-4,0.0085275,4.2487E-4,1
1520441703665,true,1670.887,0,0.031124,0.011492,0.013844,0.0012844,0.0076358,5.1264E-4,0.0079925,3.8227E-4,0.013989,0.014041,0.013136,8.0297E-4,0.010683,6.725E-4,0.0085818,4.1585E-4,1
1520441703723,true,1670.945,0,0.030767,0.01179,0.013892,0.0012856,0.0076271,5.1255E-4,0.0080295,3.8817E-4,0.013638,0.014385,0.013178,7.93E-4,0.010701,6.7964E-4,0.0085943,4.2244E-4,1
1520441703780,true,1671.002,0,0.030333,0.011626,0.013943,0.0012869,0.0076421,5.0689E-4,0.0080564,3.9323E-4,0.013869,0.014685,0.013186,7.948E-4,0.010741,6.7763E-4,0.0085728,4.4224E-4,1
1520441703825,true,1671.047,0,0.030954,0.011339,0.013972,0.0012912,0.0076882,5.0292E-4,0.0080421,3.9659E-4,0.014489,0.014585,0.013178,8.0279E-4,0.010796,6.6103E-4,0.0085684,4.5738E-4,1
1520441703883,true,1671.105,0,0.032072,0.011503,0.01397,0.001296,0.0077281,5.0582E-4,0.0080327,3.8968E-4,0.015262,0.014245,0.013192,8.0789E-4,0.010826,6.5383E-4,0.0085991,4.6248E-4,1
1520441703940,true,1671.162,0,0.032858,0.011778,0.013986,0.0012919,0.0077617,5.1045E-4,0.0080589,3.8277E-4,0.015003,0.014433,0.013224,8.0708E-4,0.010817,6.6145E-4,0.0086488,4.5117E-4,1
1520441703998,true,1671.22,0,0.033103,0.012063,0.014036,0.0012883,0.0077698,5.1281E-4,0.008089,3.8472E-4,0.013958,0.015103,0.013252,8.0194E-4,0.010817,6.6975E-4,0.0086913,4.372E-4,1
1520441704055,true,1671.277,0,0.03232,0.012117,0.01407,0.0012946,0.0077635,5.1016E-4,0.0081117,3.9038E-4,0.013401,0.01558,0.013259,8.0099E-4,0.010857,6.7099E-4,0.0086855,4.4189E-4,1
1520441704125,true,1671.347,0,0.031798,0.011755,0.014119,0.0012956,0.0078012,5.0437E-4,0.0081202,3.984E-4,0.013545,0.015784,0.013234,8.1438E-4,0.010907,6.6226E-4,0.0086738,4.524E-4,1
1520441704183,true,1671.405,0,0.03226,0.011509,0.014122,0.0013038,0.0078563,5.0626E-4,0.0081093,4.0085E-4,0.014221,0.015377,0.013209,8.2979E-4,0.010951,6.5298E-4,0.0087064,4.5661E-4,1
1520441704240,true,1671.462,0,0.032832,0.011656,0.014107,0.0013058,0.0079068,5.1015E-4,0.0081293,3.9427E-4,0.014976,0.014887,0.013218,8.3673E-4,0.010953,6.5959E-4,0.0087612,4.5251E-4,1
1520441704298,true,1671.52,0,0.033406,0.011835,0.014131,0.0013007,0.0079272,5.1957E-4,0.0081728,3.9535E-4,0.014715,0.014995,0.013252,8.3046E-4,0.010925,6.7587E-4,0.0088145,4.4092E-4,1
1520441704355,true,1671.577,0,0.033236,0.012129,0.014179,0.001301,0.007921,5.2167E-4,0.0082093,4.0116E-4,0.014237,0.015338,0.013295,8.1761E-4,0.010928,6.8699E-4,0.0088352,4.4055E-4,1
1520441704400,true,1671.622,0,0.032619,0.012042,0.014224,0.0013049,0.0079233,5.1591E-4,0.0082438,4.062E-4,0.014352,0.015646,0.013312,8.1687E-4,0.010969,6.8339E-4,0.008812,4.5711E-4,1
1520441704458,true,1671.68,0,0.032826,0.011734,0.014267,0.0013079,0.0079575,5.1052E-4,0.0082359,4.1092E-4,0.014918,0.015591,0.013306,8.2479E-4,0.011016,6.7067E-4,0.0087977,4.7266E-4,1
1520441704515,true,1671.737,0,0.033894,0.011753,0.014266,0.0013134,0.0079952,5.1286E-4,0.0082122,4.0767E-4,0.015672,0.015195,0.013317,8.293E-4,0.011049,6.592E-4,0.0088291,4.7564E-4,1
1520441704573,true,1671.795,0,0.034482,0.01209,0.014269,0.0013112,0.0080361,5.143E-4,0.0082327,3.9864E-4,0.01571,0.015159,0.013345,8.3024E-4,0.011044,6.6393E-4,0.0088741,4.645E-4,1
1520441704630,true,1671.852,0,0.034875,0.012368,0.014308,0.0013067,0.0080404,5.2136E-4,0.0082692,3.9668E-4,0.014685,0.015753,0.013381,8.2252E-4,0.011048,6.6829E-4,0.0089181,4.4908E-4,1
1520441704700,true,1671.922,0,0.034056,0.012531,0.01435,0.0013083,0.0080322,5.1935E-4,0.0083021,3.9848E-4,0.013866,0.016286,0.013408,8.162E-4,0.011075,6.6937E-4,0.0089315,4.4588E-4,1
1520441704758,true,1671.98,0,0.0332,0.012261,0.014384,0.001313,0.0080498,5.1531E-4,0.0083237,4.0424E-4,0.013824,0.016555,0.013387,8.2553E-4,0.011108,6.6676E-4,0.0089169,4.5479E-4,1
1520441704815,true,1672.037,0,0.033421,0.011888,0.014394,0.0013207,0.0080933,5.174E-4,0.0083154,4.0927E-4,0.014325,0.016257,0.013358,8.395E-4,0.011153,6.5488E-4,0.0089326,4.6E-4,1
1520441704873,true,1672.095,0,0.03389,0.011958,0.014382,0.0013228,0.0081386,5.2227E-4,0.0083249,4.0477E-4,0.015163,0.015662,0.013368,8.4609E-4,0.011163,6.5539E-4,0.0089877,4.5589E-4,1
1520441704930,true,1672.152,0,0.034419,0.012095,0.014386,0.0013192,0.0081728,5.284E-4,0.0083673,4.0241E-4,0.015145,0.015565,0.013393,8.4446E-4,0.011135,6.704E-4,0.009043,4.4138E-4,1
1520441704976,true,1672.198,0,0.034366,0.012392,0.014431,0.0013166,0.0081651,5.3306E-4,0.0084076,4.0553E-4,0.014585,0.015873,0.013434,8.347E-4,0.01113,6.8085E-4,0.0090768,4.3233E-4,1
1520441705034,true,1672.256,0,0.033472,0.012465,0.014478,0.0013164,0.0081559,5.2789E-4,0.008446,4.1079E-4,0.014529,0.016121,0.013462,8.2899E-4,0.011158,6.8095E-4,0.0090632,4.4274E-4,1
1520441705091,true,1672.313,0,0.033257,0.01216,0.014521,0.0013181,0.0081923,5.1841E-4,0.0084487,4.1598E-4,0.015046,0.016149,0.013467,8.3479E-4,0.011205,6.6879E-4,0.0090366,4.5851E-4,1
1520441705149,true,1672.371,0,0.034063,0.012102,0.014532,0.0013237,0.0082309,5.1878E-4,0.008432,4.1291E-4,0.015739,0.015768,0.013477,8.4085E-4,0.011256,6.5131E-4,0.009053,4.6465E-4,1
1520441705206,true,1672.428,0,0.034716,0.012396,0.014537,0.0013213,0.0082719,5.2138E-4,0.0084448,4.0304E-4,0.016102,0.015512,0.013518,8.39E-4,0.011259,6.5144E-4,0.0090975,4.5522E-4,1
1520441705275,true,1672.497,0,0.035252,0.012636,0.014566,0.0013167,0.0082867,5.2922E-4,0.0084825,4.0035E-4,0.015307,0.015977,0.013559,8.3353E-4,0.011253,6.5876E-4,0.0091561,4.3405E-4,1
1520441705333,true,1672.555,0,0.034606,0.012937,0.014612,0.0013175,0.0082757,5.2984E-4,0.0085143,4.0481E-4,0.014349,0.016522,0.013597,8.2578E-4,0.011275,6.6123E-4,0.0091794,4.2601E-4,1
1520441705390,true,1672.612,0,0.033606,0.012747,0.014655,0.0013182,0.0082859,5.2185E-4,0.0085475,4.057E-4,0.014239,0.016794,0.013592,8.3215E-4,0.011315,6.5546E-4,0.0091601,4.3333E-4,1
1520441705448,true,1672.67,0,0.033431,0.012329,0.01467,0.0013241,0.0083251,5.1897E-4,0.0085379,4.1109E-4,0.014655,0.016617,0.013557,8.4715E-4,0.011353,6.4182E-4,0.0091618,4.3628E-4,1
1520441705505,true,1672.727,0,0.034092,0.01223,0.014643,0.0013291,0.0083643,5.2314E-4,0.008538,4.0806E-4,0.015521,0.015996,0.013553,8.5702E-4,0.01136,6.3854E-4,0.009209,4.3276E-4,1
1520441705576,true,1672.798,0,0.03457,0.01238,0.014635,0.0013274,0.0084003,5.266E-4,0.0085737,4.0558E-4,0.015747,0.015747,0.013582,8.5735E-4,0.011323,6.5547E-4,0.0092614,4.198E-4,1
1520441705634,true,1672.856,0,0.03491,0.012617,0.014673,0.0013203,0.008409,5.2894E-4,0.008623,4.0852E-4,0.01519,0.016043,0.013619,8.4985E-4,0.011308,6.6708E-4,0.0093042,4.0831E-4,1
1520441705691,true,1672.913,0,0.034238,0.012759,0.014719,0.00132,0.0083968,5.2392E-4,0.0086637,4.117E-4,0.015046,0.0163,0.013654,8.4206E-4,0.011322,6.7114E-4,0.0092941,4.1474E-4,1
1520441705749,true,1672.971,0,0.03378,0.012534,0.014761,0.001321,0.0084135,5.1533E-4,0.0086819,4.1622E-4,0.015372,0.016488,0.013661,8.444E-4,0.011365,6.5916E-4,0.009256,4.294E-4,1
1520441705806,true,1673.028,0,0.034443,0.012308,0.014785,0.001325,0.0084609,5.0985E-4,0.0086618,4.1482E-4,0.01599,0.01622,0.013664,8.5071E-4,0.011413,6.4189E-4,0.0092659,4.3292E-4,1
1520441705851,true,1673.073,0,0.035186,0.012536,0.014786,0.0013227,0.0085062,5.0914E-4,0.008658,4.039E-4,0.016572,0.015842,0.013702,8.5139E-4,0.011429,6.3491E-4,0.009306,4.2518E-4,1
1520441705909,true,1673.131,0,0.03573,0.012786,0.01482,0.0013139,0.0085363,5.1036E-4,0.0086919,3.9563E-4,0.016004,0.016097,0.013741,8.4638E-4,0.011411,6.4213E-4,0.0093552,4.0583E-4,1
1520441705966,true,1673.188,0,0.035381,0.013097,0.014872,0.0013082,0.0085324,5.1126E-4,0.0087191,3.9794E-4,0.014912,0.016698,0.013779,8.3643E-4,0.011423,6.4383E-4,0.0093929,3.8855E-4,1
1520441706024,true,1673.246,0,0.034397,0.01298,0.014917,0.001307,0.0085314,5.0332E-4,0.0087502,3.9802E-4,0.014557,0.017039,0.01379,8.3535E-4,0.011462,6.3877E-4,0.0093782,3.927E-4,1
1520441706081,true,1673.303,0,0.034017,0.012525,0.014948,0.0013061,0.0085641,4.9791E-4,0.0087499,4.0315E-4,0.014865,0.01698,0.013752,8.4969E-4,0.011501,6.2482E-4,0.0093684,3.9737E-4,1
1520441706151,true,1673.373,0,0.034592,0.012299,0.014925,0.0013097,0.0085924,4.9942E-4,0.0087293,4.0195E-4,0.015664,0.016363,0.013736,8.5748E-4,0.011517,6.157E-4,0.0093977,3.9344E-4,1
1520441706209,true,1673.431,0,0.035053,0.01247,0.014891,0.0013083,0.0086197,5.0076E-4,0.0087486,3.9527E-4,0.016197,0.015911,0.013752,8.6092E-4,0.011494,6.2269E-4,0.0094417,3.8228E-4,1
1520441706266,true,1673.488,0,0.03561,0.012634,0.014914,0.0013013,0.0086191,5.0611E-4,0.0087912,3.9583E-4,0.015771,0.016104,0.013788,8.4996E-4,0.011453,6.3743E-4,0.0094786,3.6854E-4,1
1520441706324,true,1673.546,0,0.035097,0.012847,0.014955,0.0012975,0.0086019,5.0137E-4,0.0088253,3.973E-4,0.015331,0.016412,0.01383,8.3738E-4,0.011465,6.3935E-4,0.0094764,3.7061E-4,1
1520441706381,true,1673.603,0,0.034523,0.012642,0.015,0.0012946,0.0086162,4.8767E-4,0.0088549,3.9864E-4,0.015512,0.016636,0.013844,8.3465E-4,0.011493,6.3399E-4,0.0094368,3.8378E-4,1
1520441706426,true,1673.648,0,0.034926,0.01233,0.015025,0.0012944,0.0086527,4.7797E-4,0.0088371,3.9953E-4,0.016119,0.016451,0.013836,8.4213E-4,0.011537,6.1431E-4,0.0094255,3.898E-4,1
1520441706484,true,1673.706,0,0.035772,0.012425,0.01502,0.0012942,0.0086916,4.7508E-4,0.008821,3.9116E-4,0.016762,0.016052,0.013855,8.4458E-4,0.011566,6.0018E-4,0.0094524,3.8663E-4,1
1520441706541,true,1673.763,0,0.036254,0.012711,0.015032,0.001287,0.0087323,4.7167E-4,0.0088481,3.7733E-4,0.016451,0.01616,0.013891,8.4044E-4,0.011552,6.0338E-4,0.0094957,3.6861E-4,1
1520441706599,true,1673.821,0,0.036236,0.012992,0.01508,0.0012773,0.0087302,4.7217E-4,0.0088762,3.7388E-4,0.015335,0.016745,0.013924,8.3096E-4,0.011555,6.045E-4,0.0095357,3.494E-4,1
1520441706656,true,1673.878,0,0.035269,0.012991,0.015115,0.0012758,0.0087233,4.6308E-4,0.0088999,3.747E-4,0.014823,0.017098,0.013939,8.2553E-4,0.011584,6.0091E-4,0.009529,3.4501E-4,1
1520441706701,true,1673.923,0,0.034508,0.012614,0.015139,0.0012742,0.0087496,4.497E-4,0.0089002,3.7909E-4,0.014932,0.017211,0.013913,8.3392E-4,0.011617,5.8822E-4,0.0095114,3.4808E-4,1
1520441706759,true,1673.981,0,0.034841,0.012253,0.015123,0.0012755,0.008783,4.452E-4,0.0088749,3.7812E-4,0.015609,0.016671,0.01388,8.4442E-4,0.011644,5.7296E-4,0.0095203,3.4447E-4,1
1520441706816,true,1674.038,0,0.035267,0.012359,0.015076,0.0012746,0.0087977,4.4586E-4,0.008875,3.7074E-4,0.01637,0.016057,0.01388,8.4604E-4,0.011615,5.752E-4,0.0095493,3.3407E-4,1
1520441706874,true,1674.096,0,0.035787,0.01247,0.015059,0.0012687,0.0087939,4.4952E-4,0.0089002,3.7125E-4,0.016083,0.016063,0.013896,8.3969E-4,0.011566,5.8796E-4,0.0095725,3.1941E-4,1
1520441706931,true,1674.153,0,0.035435,0.012749,0.015091,0.0012605,0.0087664,4.4596E-4,0.0089348,3.7203E-4,0.015429,0.016415,0.013926,8.2642E-4,0.01156,5.9191E-4,0.0095699,3.1427E-4,1
1520441707002,true,1674.224,0,0.034752,0.012609,0.015117,0.0012575,0.008752,4.3501E-4,0.0089601,3.7382E-4,0.01547,0.016632,0.013937,8.1922E-4,0.011579,5.8613E-4,0.009529,3.2396E-4,1
1520441707060,true,1674.282,0,0.034799,0.012242,0.015149,0.0012523,0.0087763,4.2463E-4,0.0089433,3.7513E-4,0.015941,0.016555,0.013927,8.2213E-4,0.011617,5.6684E-4,0.0094907,3.3372E-4,1
1520441707117,true,1674.339,0,0.035589,0.012241,0.015137,0.001253,0.0088065,4.1928E-4,0.0089178,3.6907E-4,0.016598,0.016118,0.013932,8.2436E-4,0.011647,5.479E-4,0.0094991,3.3246E-4,1
1520441707175,true,1674.397,0,0.03609,0.012477,0.015122,0.0012482,0.0088315,4.1703E-4,0.0089364,3.5511E-4,0.016609,0.016007,0.013968,8.213E-4,0.011637,5.4657E-4,0.0095306,3.1899E-4,1
1520441707232,true,1674.454,0,0.036391,0.012696,0.015151,0.0012379,0.0088279,4.1906E-4,0.0089638,3.5098E-4,0.015584,0.016507,0.014005,8.1045E-4,0.011623,5.5035E-4,0.009572,2.968E-4,1
1520441707301,true,1674.523,0,0.03549,0.012816,0.015184,0.0012351,0.008813,4.1231E-4,0.0089913,3.4987E-4,0.014839,0.016924,0.01403,7.9926E-4,0.011647,5.4725E-4,0.0095713,2.893E-4,1
1520441707359,true,1674.581,0,0.03461,0.012456,0.015208,0.0012317,0.0088218,3.996E-4,0.008999,3.5323E-4,0.014834,0.017104,0.014003,8.0577E-4,0.011675,5.3738E-4,0.0095378,2.9385E-4,1
1520441707416,true,1674.638,0,0.034701,0.01205,0.015194,0.0012336,0.0088508,3.9403E-4,0.008976,3.5452E-4,0.015375,0.016709,0.013965,8.1697E-4,0.011704,5.2177E-4,0.0095344,2.924E-4,1
1520441707474,true,1674.696,0,0.035184,0.012045,0.015153,0.0012303,0.0088704,3.9266E-4,0.0089614,3.4642E-4,0.016168,0.016061,0.013958,8.1982E-4,0.011692,5.1932E-4,0.0095587,2.8359E-4,1
1520441707531,true,1674.753,0,0.035628,0.012225,0.01512,0.0012217,0.0088729,3.9305E-4,0.0089851,3.4241E-4,0.016127,0.015932,0.013967,8.1446E-4,0.01164,5.319E-4,0.0095756,2.6875E-4,1
1520441707576,true,1674.798,0,0.035592,0.012505,0.015127,0.0012168,0.0088395,3.9217E-4,0.00901,3.4559E-4,0.015504,0.016198,0.013987,8.0319E-4,0.01161,5.3957E-4,0.0095803,2.5879E-4,1
1520441707634,true,1674.856,0,0.034692,0.012581,0.015148,0.0012128,0.0088099,3.8195E-4,0.0090317,3.4928E-4,0.015394,0.016433,0.014008,7.9278E-4,0.01162,5.3667E-4,0.0095322,2.6804E-4,1
1520441707691,true,1674.913,0,0.034403,0.012262,0.015166,0.0012119,0.0088177,3.7085E-4,0.0090198,3.5753E-4,0.01573,0.016471,0.013999,7.9679E-4,0.011647,5.2198E-4,0.0094792,2.7997E-4,1
1520441707749,true,1674.971,0,0.035088,0.012151,0.015154,0.0012135,0.008845,3.6668E-4,0.0089897,3.5475E-4,0.016356,0.01611,0.013992,8.0115E-4,0.011678,5.0303E-4,0.0094678,2.8318E-4,1
1520441707806,true,1675.028,0,0.03564,0.012452,0.015134,0.0012089,0.0088712,3.6345E-4,0.0089963,3.4084E-4,0.016658,0.015846,0.014018,7.9904E-4,0.011674,4.9967E-4,0.0094898,2.7251E-4,1
1520441707852,true,1675.074,0,0.036127,0.01263,0.015148,0.0012004,0.0088784,3.6344E-4,0.0090205,3.3691E-4,0.015822,0.016246,0.014052,7.9023E-4,0.011657,5.0392E-4,0.0095214,2.5335E-4,1
1520441707910,true,1675.132,0,0.035428,0.012877,0.015187,0.0011943,0.0088589,3.603E-4,0.0090442,3.3612E-4,0.014905,0.016721,0.014081,7.8014E-4,0.011668,5.05E-4,0.0095254,2.4232E-4,1
1520441707967,true,1675.189,0,0.034455,0.012622,0.015204,0.0011937,0.0088537,3.4978E-4,0.0090674,3.3525E-4,0.014779,0.016932,0.014064,7.8487E-4,0.011691,4.9892E-4,0.0094843,2.4882E-4,1
1520441708025,true,1675.247,0,0.03431,0.012163,0.015214,0.0011909,0.0088771,3.4393E-4,0.0090482,3.377E-4,0.015229,0.01669,0.014026,7.9576E-4,0.011718,4.8395E-4,0.0094697,2.5345E-4,1
1520441708082,true,1675.304,0,0.034895,0.012075,0.015172,0.0011907,0.008896,3.4249E-4,0.009028,3.3347E-4,0.01603,0.016029,0.014007,8.0024E-4,0.011721,4.7675E-4,0.0094817,2.5151E-4,1
1520441708152,true,1675.374,0,0.035446,0.012211,0.015131,0.0011839,0.0089048,3.415E-4,0.0090414,3.264E-4,0.016378,0.015682,0.014016,7.9635E-4,0.011668,4.8932E-4,0.0094944,2.4094E-4,1
1520441708210,true,1675.432,0,0.035807,0.012428,0.01513,0.0011733,0.0088725,3.4271E-4,0.0090608,3.2895E-4,0.015758,0.015965,0.014033,7.8353E-4,0.011619,5.0217E-4,0.0095021,2.282E-4,1
1520441708267,true,1675.489,0,0.035169,0.012564,0.015133,0.0011704,0.0088227,3.3442E-4,0.0090731,3.3127E-4,0.015361,0.016259,0.014043,7.7069E-4,0.011607,5.0562E-4,0.0094479,2.3471E-4,1
1520441708325,true,1675.547,0,0.03457,0.012345,0.01514,0.0011721,0.0088012,3.2514E-4,0.009056,3.4031E-4,0.015553,0.016454,0.014022,7.7425E-4,0.01162,4.9469E-4,0.0093758,2.5146E-4,1
1520441708382,true,1675.604,0,0.035072,0.012148,0.01513,0.0011746,0.0088075,3.2259E-4,0.0090118,3.439E-4,0.016081,0.016195,0.014001,7.799E-4,0.011646,4.7704E-4,0.0093526,2.5684E-4,1
1520441708427,true,1675.649,0,0.035662,0.012403,0.015104,0.001173,0.0088229,3.2163E-4,0.0089917,3.3663E-4,0.016646,0.015834,0.014017,7.8037E-4,0.011647,4.7195E-4,0.0093635,2.5337E-4,1
1520441708485,true,1675.707,0,0.036114,0.012657,0.015108,0.0011636,0.0088278,3.2396E-4,0.0090166,3.3097E-4,0.016039,0.016125,0.014046,7.7537E-4,0.011622,4.7873E-4,0.0093964,2.3538E-4,1
1520441708542,true,1675.764,0,0.035836,0.012921,0.01514,0.0011596,0.0088066,3.2374E-4,0.0090428,3.3252E-4,0.014953,0.016694,0.014076,7.6538E-4,0.011621,4.8114E-4,0.0094156,2.1944E-4,1
1520441708600,true,1675.822,0,0.034824,0.012829,0.015165,0.0011592,0.0087911,3.1642E-4,0.0090708,3.3244E-4,0.014653,0.01703,0.014081,7.6312E-4,0.011656,4.7626E-4,0.0093917,2.2306E-4,1
1520441708657,true,1675.879,0,0.034455,0.012426,0.015183,0.001159,0.0088091,3.0982E-4,0.0090671,3.3549E-4,0.014989,0.016956,0.014049,7.7468E-4,0.011683,4.6457E-4,0.0093652,2.3051E-4,1
1520441708727,true,1675.949,0,0.034943,0.012268,0.015154,0.0011606,0.0088264,3.104E-4,0.0090465,3.3151E-4,0.015844,0.016357,0.014028,7.8258E-4,0.011701,4.5434E-4,0.0093765,2.3074E-4,1
1520441708785,true,1676.007,0,0.035525,0.012466,0.015114,0.0011555,0.0088391,3.0965E-4,0.0090546,3.2213E-4,0.016408,0.015906,0.014043,7.8051E-4,0.011667,4.6166E-4,0.0093964,2.227E-4,1
1520441708842,true,1676.064,0,0.036108,0.012697,0.015113,0.0011454,0.0088112,3.135E-4,0.0090801,3.209E-4,0.016033,0.016088,0.014066,7.6968E-4,0.011613,4.756E-4,0.0094109,2.1229E-4,1
1520441708900,true,1676.122,0,0.035681,0.012972,0.015131,0.00114,0.0087673,3.0867E-4,0.009098,3.2208E-4,0.015509,0.016489,0.014092,7.5472E-4,0.011601,4.8008E-4,0.0093837,2.1338E-4,1
1520441708957,true,1676.179,0,0.035015,0.012867,0.015138,0.0011389,0.008737,2.9576E-4,0.0091018,3.2683E-4,0.015607,0.016793,0.01408,7.5217E-4,0.011612,4.7294E-4,0.009316,2.2896E-4,1
1520441709026,true,1676.248,0,0.035402,0.012565,0.015131,0.0011408,0.0087363,2.9158E-4,0.00906,3.3116E-4,0.01608,0.016688,0.014045,7.6094E-4,0.01163,4.573E-4,0.0092719,2.4131E-4,1
1520441709084,true,1676.306,0,0.036225,0.012705,0.015096,0.0011417,0.0087441,2.9238E-4,0.0090248,3.2725E-4,0.016725,0.0163,0.014046,7.6382E-4,0.011635,4.4988E-4,0.0092792,2.4091E-4,1
1520441709141,true,1676.363,0,0.036842,0.012973,0.015087,0.0011354,0.0087575,2.9357E-4,0.0090336,3.2005E-4,0.01639,0.016453,0.01407,7.613E-4,0.011612,4.5521E-4,0.0093108,2.2324E-4,1
1520441709199,true,1676.421,0,0.036912,0.013263,0.015118,0.0011301,0.008736,2.9685E-4,0.0090552,3.2053E-4,0.015279,0.017039,0.014103,7.4986E-4,0.011602,4.6071E-4,0.0093378,2.0514E-4,1
1520441709256,true,1676.478,0,0.035909,0.013323,0.015144,0.0011293,0.0087108,2.913E-4,0.0090793,3.2129E-4,0.014682,0.01748,0.014112,7.4427E-4,0.011619,4.6119E-4,0.0093288,2.043E-4,1
1520441709302,true,1676.524,0,0.03518,0.012961,0.015166,0.0011277,0.0087202,2.8267E-4,0.0090813,3.2625E-4,0.014839,0.017595,0.014085,7.5436E-4,0.011644,4.5344E-4,0.0092998,2.1191E-4,1
1520441709360,true,1676.582,0,0.035548,0.012669,0.015147,0.0011301,0.0087406,2.7964E-4,0.0090584,3.2637E-4,0.015592,0.017125,0.014056,7.6367E-4,0.011673,4.4246E-4,0.0093112,2.1273E-4,1
1520441709417,true,1676.639,0,0.036162,0.012832,0.015104,0.0011276,0.0087522,2.8091E-4,0.0090616,3.1698E-4,0.016352,0.016557,0.014064,7.6545E-4,0.011652,4.472E-4,0.0093429,2.0667E-4,1
1520441709475,true,1676.697,0,0.036711,0.013038,0.015092,0.0011185,0.0087445,2.8092E-4,0.009092,3.1388E-4,0.016109,0.016633,0.014085,7.5784E-4,0.0116,4.5877E-4,0.0093664,1.9319E-4,1
1520441709532,true,1676.754,0,0.03645,0.013373,0.015105,0.0011121,0.0087052,2.7829E-4,0.0091063,3.1653E-4,0.015529,0.016967,0.014115,7.4152E-4,0.011585,4.6208E-4,0.0093658,1.8506E-4,1
1520441709601,true,1676.823,0,0.035725,0.013313,0.015115,0.0011113,0.0086639,2.6887E-4,0.0091099,3.1938E-4,0.015434,0.017297,0.014115,7.3719E-4,0.011599,4.5565E-4,0.0093085,1.9774E-4,1
1520441709659,true,1676.881,0,0.035722,0.012979,0.015121,0.0011068,0.0086603,2.6104E-4,0.0090753,3.2201E-4,0.015704,0.017338,0.014079,7.4421E-4,0.011624,4.3976E-4,0.0092599,2.083E-4,1
1520441709716,true,1676.938,0,0.036491,0.012973,0.015078,0.0011111,0.0086558,2.6387E-4,0.0090291,3.186E-4,0.016238,0.016982,0.014063,7.4998E-4,0.011639,4.25E-4,0.0092549,2.0897E-4,1
1520441709774,true,1676.996,0,0.037012,0.013231,0.015043,0.0011096,0.0086599,2.6567E-4,0.0090178,3.1192E-4,0.016204,0.016901,0.014082,7.4881E-4,0.011616,4.291E-4,0.0092739,1.983E-4,1
1520441709831,true,1677.053,0,0.037323,0.013471,0.015054,0.0011036,0.008638,2.7119E-4,0.0090403,3.1004E-4,0.015238,0.017417,0.014098,7.4286E-4,0.01159,4.3903E-4,0.009312,1.7927E-4,1
1520441709877,true,1677.099,0,0.036413,0.013613,0.015081,0.0011013,0.0086035,2.7003E-4,0.0090642,3.1014E-4,0.014483,0.017851,0.014113,7.3518E-4,0.011606,4.4102E-4,0.0093187,1.7111E-4,1
1520441709935,true,1677.157,0,0.035467,0.013296,0.015099,0.0010998,0.0086044,2.6037E-4,0.0090721,3.1517E-4,0.014527,0.018088,0.014092,7.3961E-4,0.011631,4.3459E-4,0.0092902,1.7972E-4,1
1520441709992,true,1677.214,0,0.035718,0.012858,0.015096,0.0011009,0.0086211,2.5889E-4,0.0090482,3.1649E-4,0.015186,0.017669,0.014057,7.4991E-4,0.011661,4.2239E-4,0.0092884,1.8301E-4,1
1520441710050,true,1677.272,0,0.036377,0.012908,0.015055,0.0011005,0.0086369,2.5883E-4,0.0090356,3.0884E-4,0.016134,0.01701,0.014056,7.5281E-4,0.011651,4.2339E-4,0.009313,1.8073E-4,1
1520441710107,true,1677.329,0,0.036903,0.013149,0.01504,0.0010913,0.0086361,2.6078E-4,0.009057,3.028E-4,0.016167,0.016907,0.014075,7.4675E-4,0.0116,4.3823E-4,0.009339,1.6943E-4,1
1520441710177,true,1677.399,0,0.036925,0.013523,0.015059,0.0010821,0.0085976,2.6217E-4,0.0090725,3.0626E-4,0.015544,0.017261,0.014102,7.3188E-4,0.011568,4.5041E-4,0.0093412,1.6262E-4,1
1520441710235,true,1677.457,0,0.03621,0.013594,0.015075,0.0010791,0.0085532,2.5563E-4,0.0090835,3.0923E-4,0.015367,0.017581,0.014108,7.2449E-4,0.011583,4.4808E-4,0.0092945,1.7505E-4,1
1520441710292,true,1677.514,0,0.035896,0.013339,0.015091,0.0010745,0.0085499,2.4516E-4,0.0090622,3.1383E-4,0.015682,0.017723,0.014084,7.2732E-4,0.011605,4.3526E-4,0.0092426,1.8864E-4,1
1520441710350,true,1677.572,0,0.036561,0.013249,0.015061,0.001078,0.0085532,2.4451E-4,0.0090146,3.1243E-4,0.016272,0.017404,0.014062,7.3354E-4,0.011628,4.1858E-4,0.0092289,1.9159E-4,1
1520441710407,true,1677.629,0,0.037041,0.01355,0.015022,0.0010769,0.0085537,2.4795E-4,0.0089973,3.0751E-4,0.016559,0.01713,0.014074,7.3369E-4,0.011614,4.2038E-4,0.0092552,1.819E-4,1
1520441710452,true,1677.674,0,0.037353,0.013811,0.015023,0.00107,0.0085408,2.5502E-4,0.0090176,3.0336E-4,0.015695,0.017527,0.01409,7.299E-4,0.011593,4.2785E-4,0.0092988,1.6169E-4,1
1520441710510,true,1677.732,0,0.03672,0.014033,0.01505,0.0010676,0.0085057,2.5759E-4,0.0090411,3.0361E-4,0.014779,0.018028,0.014119,7.1883E-4,0.011606,4.2916E-4,0.0093169,1.512E-4,1
1520441710567,true,1677.789,0,0.035755,0.013782,0.015077,0.0010655,0.0084948,2.4951E-4,0.0090638,3.0735E-4,0.014607,0.01829,0.014102,7.2225E-4,0.011639,4.2461E-4,0.0092956,1.5884E-4,1
1520441710625,true,1677.847,0,0.035623,0.013333,0.015082,0.0010665,0.0085183,2.4562E-4,0.0090465,3.1192E-4,0.015075,0.018052,0.014068,7.3252E-4,0.011665,4.1487E-4,0.0092923,1.6508E-4,1
1520441710682,true,1677.904,0,0.03627,0.013248,0.015056,0.0010652,0.0085351,2.4878E-4,0.0090267,3.0758E-4,0.015989,0.017395,0.014056,7.3753E-4,0.011674,4.0893E-4,0.0093165,1.6794E-4,1
1520441710752,true,1677.974,0,0.036782,0.013467,0.015025,0.001061,0.0085472,2.4994E-4,0.009047,2.9873E-4,0.016387,0.017092,0.014078,7.3276E-4,0.011635,4.2266E-4,0.0093543,1.5868E-4,1
1520441710810,true,1678.032,0,0.037227,0.013725,0.015045,0.0010524,0.0085243,2.5109E-4,0.0090778,2.9945E-4,0.015815,0.017408,0.014107,7.2004E-4,0.011601,4.3465E-4,0.0093822,1.4649E-4,1
1520441710867,true,1678.089,0,0.036643,0.013885,0.015073,0.0010482,0.0084882,2.451E-4,0.0090871,3.0299E-4,0.015536,0.017707,0.014129,7.0783E-4,0.011612,4.3464E-4,0.0093558,1.5352E-4,1
1520441710925,true,1678.147,0,0.036096,0.013633,0.015097,0.0010455,0.0084825,2.3448E-4,0.0090748,3.0785E-4,0.015739,0.017934,0.014115,7.1026E-4,0.01164,4.2357E-4,0.0093033,1.6999E-4,1
1520441710982,true,1678.204,0,0.036634,0.013402,0.015089,0.0010461,0.0084987,2.3051E-4,0.0090346,3.0787E-4,0.016277,0.017673,0.014087,7.1722E-4,0.011675,4.0359E-4,0.0092842,1.7644E-4,1
1520441711052,true,1678.274,0,0.037229,0.013638,0.015048,0.0010462,0.0085087,2.3363E-4,0.0090076,3.0112E-4,0.016819,0.017274,0.014083,7.2063E-4,0.011671,3.985E-4,0.0093037,1.7122E-4,1
1520441711110,true,1678.332,0,0.037634,0.013872,0.015043,0.0010394,0.0085147,2.3896E-4,0.0090216,2.9451E-4,0.016256,0.017488,0.014098,7.1897E-4,0.011642,4.0878E-4,0.009339,1.5523E-4,1
1520441711167,true,1678.389,0,0.037126,0.014191,0.015076,0.0010342,0.0084912,2.4214E-4,0.0090453,2.9566E-4,0.01522,0.018028,0.014125,7.1028E-4,0.011648,4.1239E-4,0.0093757,1.4111E-4,1
1520441711225,true,1678.447,0,0.036063,0.014085,0.0151,0.0010358,0.0084735,2.3865E-4,0.0090683,2.9876E-4,0.014962,0.018286,0.014124,7.0939E-4,0.011685,4.1093E-4,0.0093579,1.485E-4,1
1520441711282,true,1678.504,0,0.035682,0.013634,0.015125,0.0010347,0.0084915,2.3502E-4,0.0090694,3.0148E-4,0.015434,0.018138,0.01409,7.2222E-4,0.011725,4.0067E-4,0.0093434,1.6032E-4,1
1520441711327,true,1678.549,0,0.036343,0.013406,0.015105,0.0010376,0.0085112,2.3855E-4,0.0090493,3.0097E-4,0.016271,0.017541,0.014074,7.3095E-4,0.011751,3.9114E-4,0.0093705,1.6398E-4,1
1520441711385,true,1678.607,0,0.036984,0.013568,0.015076,0.0010362,0.0085333,2.3991E-4,0.0090623,2.9172E-4,0.016933,0.017042,0.014093,7.3122E-4,0.011727,3.9806E-4,0.0094097,1.5885E-4,1
1520441711442,true,1678.664,0,0.037682,0.013809,0.015097,0.0010258,0.0085234,2.4401E-4,0.0090962,2.8988E-4,0.016476,0.017259,0.014135,7.1817E-4,0.011695,4.1132E-4,0.0094467,1.4783E-4,1
1520441711500,true,1678.722,0,0.037256,0.014091,0.015139,0.0010213,0.0084911,2.4164E-4,0.009121,2.9107E-4,0.015967,0.017654,0.014175,7.0265E-4,0.011701,4.1539E-4,0.0094482,1.5028E-4,1
1520441711557,true,1678.779,0,0.036601,0.013955,0.015171,0.0010204,0.0084889,2.3057E-4,0.0091222,2.9558E-4,0.01596,0.018028,0.014176,7.0186E-4,0.011739,4.0666E-4,0.0094002,1.6993E-4,1
1520441711601,true,1678.823,0,0.036972,0.013631,0.015182,0.0010244,0.0085057,2.29E-4,0.0090892,2.9739E-4,0.016392,0.017923,0.014159,7.0615E-4,0.011781,3.8797E-4,0.0093832,1.803E-4,1
1520441711659,true,1678.881,0,0.037799,0.013727,0.015154,0.0010267,0.0085264,2.3033E-4,0.0090527,2.9208E-4,0.016987,0.017504,0.014164,7.0852E-4,0.011802,3.7771E-4,0.0094054,1.793E-4,1
1520441711716,true,1678.938,0,0.038153,0.013993,0.015131,0.0010244,0.0085453,2.3122E-4,0.0090513,2.8703E-4,0.016644,0.017573,0.014181,7.067E-4,0.01178,3.8502E-4,0.0094411,1.6482E-4,1
1520441711774,true,1678.996,0,0.038103,0.014222,0.015155,0.0010207,0.0085289,2.3596E-4,0.0090687,2.9042E-4,0.015517,0.018119,0.014196,6.9979E-4,0.01177,3.9309E-4,0.0094829,1.4772E-4,1
1520441711831,true,1679.053,0,0.037093,0.014232,0.015186,0.0010206,0.0085105,2.3395E-4,0.0090944,2.9308E-4,0.014984,0.018462,0.014208,6.9553E-4,0.011798,3.9438E-4,0.0094784,1.4956E-4,1
1520441711902,true,1679.124,0,0.036338,0.01386,0.015209,0.0010221,0.0085223,2.291E-4,0.0090947,3.0168E-4,0.015247,0.018501,0.014181,7.052E-4,0.01183,3.8788E-4,0.0094625,1.6052E-4,1
1520441711960,true,1679.182,0,0.036715,0.01355,0.015196,0.0010261,0.0085507,2.2972E-4,0.0090807,3.0145E-4,0.016061,0.017932,0.014157,7.1338E-4,0.011866,3.7627E-4,0.0094867,1.6412E-4,1
1520441712017,true,1679.239,0,0.037396,0.013677,0.015167,0.0010236,0.008573,2.3328E-4,0.0090815,2.9404E-4,0.01691,0.017293,0.014167,7.1488E-4,0.011858,3.8021E-4,0.009524,1.6148E-4,1
1520441712075,true,1679.297,0,0.037995,0.013861,0.015172,0.0010139,0.0085774,2.3593E-4,0.0091095,2.908E-4,0.016672,0.017328,0.014206,7.0473E-4,0.011824,3.9445E-4,0.0095626,1.5056E-4,1
1520441712132,true,1679.354,0,0.037781,0.014191,0.015206,0.0010088,0.0085535,2.3389E-4,0.0091376,2.9132E-4,0.016047,0.017679,0.014238,6.9053E-4,0.01183,3.9691E-4,0.0095754,1.4724E-4,1
1520441712176,true,1679.398,0,0.037085,0.014081,0.015242,0.001006,0.0085385,2.2373E-4,0.0091496,2.9331E-4,0.015922,0.017988,0.014248,6.8487E-4,0.011859,3.9193E-4,0.0095357,1.6148E-4,1
1520441712234,true,1679.456,0,0.03704,0.01374,0.01527,0.001004,0.0085574,2.1602E-4,0.0091204,2.9736E-4,0.016233,0.018001,0.014229,6.9076E-4,0.011901,3.7556E-4,0.0095079,1.732E-4,1
1520441712291,true,1679.513,0,0.037799,0.013688,0.015253,0.0010066,0.0085774,2.157E-4,0.0090851,2.9212E-4,0.016767,0.017585,0.014224,6.9396E-4,0.01193,3.6091E-4,0.009526,1.7341E-4,1
1520441712349,true,1679.571,0,0.038251,0.013887,0.015224,0.001004,0.0085991,2.1638E-4,0.0090821,2.8313E-4,0.016765,0.017434,0.014233,6.9249E-4,0.011917,3.631E-4,0.0095519,1.6421E-4,1
1520441712406,true,1679.628,0,0.038449,0.014069,0.015233,9.9772E-4,0.0085823,2.2355E-4,0.0090947,2.8291E-4,0.015727,0.017881,0.014243,6.8594E-4,0.011885,3.7353E-4,0.0095847,1.4756E-4,1
1520441712476,true,1679.698,0,0.037566,0.014143,0.015253,9.9777E-4,0.0085573,2.2266E-4,0.0091193,2.8297E-4,0.014916,0.018244,0.014253,6.7884E-4,0.011892,3.7827E-4,0.0095864,1.4567E-4,1
1520441712534,true,1679.756,0,0.036603,0.013781,0.015269,9.9808E-4,0.008561,2.1377E-4,0.0091379,2.8667E-4,0.015035,0.018336,0.014224,6.8604E-4,0.011919,3.7529E-4,0.0095601,1.5865E-4,1
1520441712591,true,1679.813,0,0.036735,0.013336,0.015258,0.0010028,0.0085867,2.131E-4,0.0091127,2.8902E-4,0.015739,0.017897,0.014193,6.9494E-4,0.011954,3.6385E-4,0.009567,1.6532E-4,1
1520441712649,true,1679.871,0,0.037387,0.013361,0.015219,0.0010028,0.0086134,2.147E-4,0.0091005,2.8297E-4,0.016697,0.017212,0.014196,6.9631E-4,0.011953,3.6281E-4,0.0095947,1.6545E-4,1
1520441712706,true,1679.928,0,0.037882,0.013561,0.015207,9.9519E-4,0.0086235,2.1707E-4,0.0091285,2.7586E-4,0.016747,0.017022,0.014227,6.8802E-4,0.011916,3.7565E-4,0.0096296,1.5507E-4,1
1520441712751,true,1679.973,0,0.038006,0.013844,0.015234,9.8772E-4,0.0086062,2.1609E-4,0.0091554,2.7724E-4,0.016065,0.017393,0.014265,6.7253E-4,0.011893,3.849E-4,0.0096529,1.4758E-4,1
1520441712809,true,1680.031,0,0.03715,0.013928,0.015266,9.8452E-4,0.0085758,2.081E-4,0.009175,2.7595E-4,0.01576,0.017756,0.014285,6.6221E-4,0.011916,3.8294E-4,0.0096231,1.5742E-4,1
1520441712866,true,1680.088,0,0.036684,0.013657,0.015287,9.8389E-4,0.0085833,1.9914E-4,0.0091592,2.8079E-4,0.015978,0.017907,0.014266,6.6586E-4,0.011946,3.6906E-4,0.0095812,1.7224E-4,1
1520441712924,true,1680.146,0,0.037337,0.013451,0.015272,9.8445E-4,0.0086087,1.9677E-4,0.0091142,2.7918E-4,0.016493,0.017581,0.014252,6.6862E-4,0.011986,3.485E-4,0.0095832,1.7756E-4,1
1520441712981,true,1680.203,0,0.037745,0.01368,0.015239,9.8225E-4,0.0086256,1.9767E-4,0.0090975,2.6977E-4,0.016806,0.017246,0.01426,6.6772E-4,0.011977,3.4867E-4,0.0096112,1.6781E-4,1
1520441713052,true,1680.274,0,0.037994,0.013837,0.015228,9.7771E-4,0.0086237,2.0237E-4,0.0091089,2.6761E-4,0.015987,0.017523,0.014268,6.6191E-4,0.011944,3.5946E-4,0.0096463,1.496E-4,1
1520441713110,true,1680.332,0,0.0373,0.01401,0.01525,9.7718E-4,0.0085959,2.0321E-4,0.0091289,2.7094E-4,0.015103,0.017949,0.014288,6.5106E-4,0.011942,3.6629E-4,0.0096597,1.4381E-4,1
1520441713167,true,1680.389,0,0.036187,0.013765,0.015271,9.7619E-4,0.0085939,1.9538E-4,0.0091532,2.7364E-4,0.01499,0.018134,0.014276,6.5208E-4,0.01197,3.6453E-4,0.0096314,1.5595E-4,1
1520441713225,true,1680.447,0,0.03607,0.013259,0.015275,9.7783E-4,0.0086197,1.9148E-4,0.0091378,2.7887E-4,0.015579,0.017821,0.014242,6.6258E-4,0.011993,3.5491E-4,0.0096342,1.6209E-4,1
1520441713282,true,1680.504,0,0.03672,0.013174,0.015236,9.8058E-4,0.0086411,1.9326E-4,0.0091169,2.7584E-4,0.01653,0.017114,0.014234,6.6565E-4,0.012,3.4933E-4,0.0096669,1.6339E-4,1
1520441713326,true,1680.548,0,0.037329,0.013378,0.015204,9.7581E-4,0.0086564,1.9485E-4,0.0091331,2.6793E-4,0.016846,0.016797,0.014258,6.6109E-4,0.011969,3.5936E-4,0.0096979,1.5702E-4,1
1520441713384,true,1680.606,0,0.037763,0.013645,0.015219,9.6851E-4,0.0086346,1.991E-4,0.0091628,2.6773E-4,0.016215,0.01713,0.014292,6.4611E-4,0.011942,3.6945E-4,0.0097308,1.4484E-4,1
1520441713441,true,1680.663,0,0.037045,0.013844,0.015249,9.6755E-4,0.0086008,1.9459E-4,0.0091734,2.6949E-4,0.015754,0.017525,0.014319,6.323E-4,0.011959,3.7011E-4,0.0096996,1.5462E-4,1
1520441713499,true,1680.721,0,0.036433,0.013608,0.015275,9.6488E-4,0.0086028,1.8265E-4,0.0091648,2.7384E-4,0.015845,0.017778,0.014306,6.3378E-4,0.011991,3.5675E-4,0.0096458,1.723E-4,1
1520441713556,true,1680.778,0,0.036845,0.013347,0.015265,9.6739E-4,0.0086244,1.7947E-4,0.0091273,2.7218E-4,0.016322,0.017555,0.014281,6.4098E-4,0.012029,3.3822E-4,0.0096505,1.7569E-4,1
1520441713627,true,1680.849,0,0.037337,0.013525,0.015232,9.6663E-4,0.0086394,1.8023E-4,0.0091028,2.6259E-4,0.016811,0.017155,0.014284,6.4397E-4,0.01203,3.3311E-4,0.0096767,1.7E-4,1
1520441713685,true,1680.907,0,0.037559,0.013746,0.01522,9.5966E-4,0.0086451,1.8208E-4,0.0091179,2.5491E-4,0.016163,0.017381,0.014291,6.4117E-4,0.011997,3.4255E-4,0.0097151,1.5107E-4,1
1520441713742,true,1680.964,0,0.037133,0.013983,0.015231,9.5761E-4,0.0086155,1.867E-4,0.0091307,2.5789E-4,0.01515,0.017883,0.014301,6.3414E-4,0.011979,3.498E-4,0.0097436,1.3609E-4,1
1520441713800,true,1681.022,0,0.036062,0.013874,0.015244,9.6014E-4,0.0085996,1.8099E-4,0.009147,2.6207E-4,0.014823,0.018145,0.014293,6.3357E-4,0.012002,3.4861E-4,0.0097173,1.4529E-4,1
1520441713857,true,1681.079,0,0.035592,0.013434,0.015254,9.6199E-4,0.0086215,1.7552E-4,0.0091381,2.7E-4,0.01527,0.018038,0.014253,6.4557E-4,0.012027,3.416E-4,0.0096938,1.5845E-4,1
1520441713903,true,1681.125,0,0.036199,0.013256,0.015224,9.6625E-4,0.0086506,1.7745E-4,0.0091158,2.6931E-4,0.016216,0.017404,0.014232,6.5316E-4,0.012046,3.3372E-4,0.0097142,1.6367E-4,1
1520441713961,true,1681.183,0,0.036879,0.013417,0.015185,9.6722E-4,0.0086693,1.7821E-4,0.0091194,2.627E-4,0.016862,0.016915,0.014253,6.5198E-4,0.012014,3.4554E-4,0.0097481,1.6007E-4,1
1520441714018,true,1681.24,0,0.037508,0.013673,0.015193,9.6095E-4,0.008657,1.8543E-4,0.0091525,2.604E-4,0.016353,0.017144,0.014286,6.4181E-4,0.011985,3.5586E-4,0.0097828,1.4808E-4,1
1520441714076,true,1681.298,0,0.037098,0.013954,0.015231,9.5646E-4,0.0086258,1.8241E-4,0.0091687,2.6376E-4,0.01569,0.017618,0.014326,6.2636E-4,0.011992,3.5914E-4,0.0097735,1.5063E-4,1
1520441714133,true,1681.355,0,0.036381,0.013807,0.015263,9.5577E-4,0.0086187,1.7287E-4,0.0091759,2.6348E-4,0.015658,0.017981,0.01432,6.2612E-4,0.012022,3.5012E-4,0.0097367,1.6471E-4,1
1520441714202,true,1681.424,0,0.036653,0.013472,0.015279,9.5892E-4,0.008647,1.679E-4,0.0091433,2.6403E-4,0.016081,0.017913,0.014303,6.3232E-4,0.01207,3.3047E-4,0.0097179,1.7324E-4,1
1520441714260,true,1681.482,0,0.037341,0.013546,0.015257,9.6307E-4,0.0086707,1.7038E-4,0.0091166,2.5455E-4,0.016602,0.017511,0.014301,6.3731E-4,0.012094,3.1872E-4,0.009747,1.7051E-4,1
1520441714317,true,1681.539,0,0.037683,0.013792,0.015251,9.5793E-4,0.0086939,1.7194E-4,0.0091228,2.4467E-4,0.01627,0.017576,0.014314,6.3635E-4,0.012071,3.2612E-4,0.0097906,1.5452E-4,1
1520441714375,true,1681.597,0,0.037615,0.014027,0.015273,9.5127E-4,0.008676,1.7626E-4,0.0091403,2.4568E-4,0.015295,0.018066,0.014329,6.2813E-4,0.012052,3.3447E-4,0.0098352,1.3428E-4,1
1520441714432,true,1681.654,0,0.036624,0.014034,0.015284,9.5286E-4,0.0086451,1.7311E-4,0.0091515,2.4873E-4,0.014817,0.01838,0.014324,6.2233E-4,0.012058,3.3898E-4,0.0098189,1.3526E-4,1
1520441714503,true,1681.725,0,0.035967,0.01364,0.015295,9.5456E-4,0.0086483,1.6806E-4,0.0091497,2.5687E-4,0.015082,0.018437,0.014284,6.3135E-4,0.012075,3.3204E-4,0.0097863,1.4691E-4,1
1520441714561,true,1681.783,0,0.036423,0.013354,0.015276,9.586E-4,0.0086677,1.7009E-4,0.0091255,2.5918E-4,0.015961,0.017901,0.014255,6.4158E-4,0.012096,3.2111E-4,0.009792,1.5389E-4,1
1520441714618,true,1681.84,0,0.0371,0.013563,0.015242,9.5888E-4,0.0086864,1.7273E-4,0.0091239,2.5178E-4,0.016865,0.017306,0.014266,6.4214E-4,0.012078,3.2487E-4,0.0098191,1.5346E-4,1
1520441714676,true,1681.898,0,0.037806,0.01384,0.015249,9.514E-4,0.0086922,1.7701E-4,0.0091504,2.4657E-4,0.016642,0.017399,0.014299,6.3277E-4,0.012042,3.3916E-4,0.0098515,1.4267E-4,1
1520441714733,true,1681.955,0,0.037674,0.014247,0.015286,9.4947E-4,0.0086586,1.8117E-4,0.0091722,2.4738E-4,0.015926,0.017878,0.014336,6.1827E-4,0.012039,3.4415E-4,0.00986,1.3948E-4,1
1520441714777,true,1681.999,0,0.036989,0.014218,0.015328,9.4796E-4,0.0086468,1.7294E-4,0.0091874,2.4677E-4,0.015752,0.018293,0.014353,6.119E-4,0.012077,3.359E-4,0.0098229,1.5261E-4,1
1520441714835,true,1682.057,0,0.037016,0.013864,0.01536,9.4866E-4,0.0086713,1.6747E-4,0.0091722,2.4498E-4,0.016067,0.01839,0.014336,6.1959E-4,0.012124,3.1979E-4,0.0098048,1.6206E-4,1
1520441714892,true,1682.114,0,0.037757,0.013819,0.015348,9.518E-4,0.0087035,1.6897E-4,0.0091384,2.3612E-4,0.016618,0.018044,0.014325,6.2825E-4,0.012159,3.0532E-4,0.0098343,1.6051E-4,1
1520441714950,true,1682.172,0,0.038214,0.014052,0.015332,9.4804E-4,0.0087318,1.6887E-4,0.0091405,2.2399E-4,0.016616,0.017906,0.014337,6.3195E-4,0.012148,3.0952E-4,0.0098788,1.4605E-4,1
1520441715007,true,1682.229,0,0.038546,0.014216,0.015355,9.3991E-4,0.0087258,1.7466E-4,0.0091603,2.2144E-4,0.015693,0.018328,0.014358,6.2418E-4,0.01213,3.2011E-4,0.0099251,1.2671E-4,1
1520441715053,true,1682.275,0,0.037738,0.014316,0.015378,9.3871E-4,0.0086955,1.763E-4,0.0091793,2.2048E-4,0.015105,0.018659,0.014366,6.1537E-4,0.012137,3.2585E-4,0.0099296,1.2214E-4,1
1520441715111,true,1682.333,0,0.036882,0.013996,0.015396,9.3766E-4,0.0086904,1.695E-4,0.0091798,2.2382E-4,0.015214,0.018788,0.014331,6.2024E-4,0.012153,3.2115E-4,0.0098918,1.3284E-4,1
1520441715168,true,1682.39,0,0.037177,0.013577,0.015382,9.4402E-4,0.0087135,1.6838E-4,0.0091481,2.2902E-4,0.015989,0.018346,0.014285,6.331E-4,0.012169,3.1222E-4,0.0098844,1.4078E-4,1
1520441715226,true,1682.448,0,0.037975,0.013662,0.015345,9.4614E-4,0.0087362,1.7215E-4,0.0091295,2.2253E-4,0.016962,0.01768,0.014279,6.3552E-4,0.012164,3.1028E-4,0.0099064,1.416E-4,1
1520441715283,true,1682.505,0,0.038696,0.013876,0.015332,9.4133E-4,0.0087453,1.7501E-4,0.0091509,2.1639E-4,0.016962,0.017615,0.014308,6.2772E-4,0.012116,3.2473E-4,0.0099321,1.3218E-4,1
1520441715352,true,1682.574,0,0.038901,0.014226,0.015367,9.3646E-4,0.0087208,1.7649E-4,0.0091683,2.1761E-4,0.016158,0.018103,0.014347,6.1357E-4,0.012096,3.3359E-4,0.0099595,1.207E-4,1
1520441715410,true,1682.632,0,0.038214,0.014288,0.015403,9.3442E-4,0.0086932,1.7221E-4,0.0091821,2.1768E-4,0.015822,0.018536,0.014371,6.0464E-4,0.012123,3.2945E-4,0.0099257,1.3037E-4,1
1520441715467,true,1682.689,0,0.037767,0.014026,0.015434,9.3613E-4,0.0087082,1.6402E-4,0.0091644,2.1943E-4,0.016093,0.018715,0.014363,6.0644E-4,0.012169,3.1299E-4,0.0098869,1.4288E-4,1
1520441715525,true,1682.747,0,0.038469,0.013836,0.015429,9.42E-4,0.0087372,1.6388E-4,0.0091262,2.1315E-4,0.016629,0.018375,0.014355,6.1234E-4,0.012208,2.9748E-4,0.0098956,1.4473E-4,1
1520441715582,true,1682.804,0,0.038952,0.01405,0.015406,9.4055E-4,0.0087652,1.6464E-4,0.0091166,2.0001E-4,0.016921,0.018059,0.014364,6.1519E-4,0.012206,2.9817E-4,0.0099238,1.3699E-4,1
1520441715653,true,1682.875,0,0.039272,0.014215,0.015417,9.3351E-4,0.0087735,1.693E-4,0.0091314,1.9162E-4,0.016165,0.01833,0.014384,6.0937E-4,0.012177,3.0985E-4,0.0099711,1.163E-4,1
1520441715711,true,1682.933,0,0.038535,0.014432,0.015444,9.2968E-4,0.0087478,1.7079E-4,0.0091433,1.9419E-4,0.015398,0.018716,0.014395,6.0068E-4,0.012178,3.1509E-4,0.0099858,1.0846E-4,1
1520441715768,true,1682.99,0,0.037543,0.014165,0.015457,9.2791E-4,0.0087322,1.6382E-4,0.0091589,1.947E-4,0.015427,0.018834,0.014375,6.0108E-4,0.012198,3.1056E-4,0.0099519,1.1857E-4,1
1520441715826,true,1683.048,0,0.037486,0.013695,0.015446,9.3163E-4,0.0087419,1.6044E-4,0.0091292,1.9948E-4,0.01608,0.01849,0.014321,6.153E-4,0.012208,3.0293E-4,0.0099194,1.319E-4,1
1520441715883,true,1683.105,0,0.038359,0.013561,0.015406,9.3577E-4,0.0087545,1.6516E-4,0.0090979,1.9587E-4,0.017109,0.017795,0.014305,6.2149E-4,0.012205,2.9933E-4,0.0099389,1.3328E-4,1
1520441715927,true,1683.149,0,0.038979,0.013796,0.015379,9.3183E-4,0.0087714,1.6492E-4,0.0091051,1.8856E-4,0.017401,0.017535,0.014323,6.1771E-4,0.012164,3.1219E-4,0.009961,1.2716E-4,1
1520441715985,true,1683.207,0,0.039481,0.014102,0.015394,9.2751E-4,0.0087521,1.6741E-4,0.009124,1.861E-4,0.016669,0.017947,0.014353,6.0724E-4,0.012135,3.2323E-4,0.0099874,1.1588E-4,1
1520441716042,true,1683.264,0,0.038845,0.014282,0.015428,9.2723E-4,0.0087201,1.6476E-4,0.0091318,1.8657E-4,0.01611,0.018435,0.014381,5.9501E-4,0.01215,3.2331E-4,0.0099586,1.2255E-4,1
1520441716100,true,1683.322,0,0.038223,0.01404,0.015457,9.2979E-4,0.0087187,1.5772E-4,0.0091155,1.9049E-4,0.016134,0.018777,0.014368,5.9898E-4,0.012191,3.0983E-4,0.0099059,1.3929E-4,1
1520441716157,true,1683.379,0,0.038665,0.013749,0.01546,9.3383E-4,0.0087544,1.5436E-4,0.0090756,1.8798E-4,0.016586,0.01855,0.014342,6.0949E-4,0.012237,2.9009E-4,0.0099055,1.4172E-4,1
1520441716228,true,1683.45,0,0.039194,0.013908,0.015433,9.3532E-4,0.0087847,1.5681E-4,0.0090527,1.7826E-4,0.017053,0.018144,0.014349,6.1136E-4,0.012247,2.8591E-4,0.0099431,1.3432E-4,1
1520441716286,true,1683.508,0,0.039421,0.014162,0.01543,9.3115E-4,0.0087993,1.5988E-4,0.0090707,1.696E-4,0.016543,0.018281,0.014364,6.085E-4,0.012216,2.9723E-4,0.0099835,1.177E-4,1
1520441716343,true,1683.565,0,0.039058,0.014422,0.015453,9.2752E-4,0.0087797,1.643E-4,0.0090938,1.6981E-4,0.015637,0.018697,0.014376,6.0112E-4,0.012207,3.0545E-4,0.010009,1.0458E-4,1
1520441716401,true,1683.623,0,0.037977,0.014283,0.015467,9.2727E-4,0.0087592,1.5942E-4,0.0091088,1.7054E-4,0.01546,0.018891,0.014372,5.9858E-4,0.012226,3.078E-4,0.009979,1.1449E-4,1
1520441716458,true,1683.68,0,0.037577,0.013827,0.015462,9.3127E-4,0.008769,1.5617E-4,0.0090866,1.7789E-4,0.016049,0.018702,0.014326,6.1058E-4,0.012236,3.0237E-4,0.0099434,1.2814E-4,1
1520441716504,true,1683.726,0,0.038202,0.013644,0.015422,9.391E-4,0.0087835,1.6007E-4,0.0090532,1.7841E-4,0.017009,0.018064,0.0143,6.2026E-4,0.012244,2.9725E-4,0.0099515,1.347E-4,1
1520441716562,true,1683.784,0,0.038872,0.013868,0.015388,9.3886E-4,0.0088044,1.6137E-4,0.0090522,1.7145E-4,0.017625,0.017604,0.014318,6.1884E-4,0.012213,3.065E-4,0.0099754,1.3087E-4,1
1520441716619,true,1683.841,0,0.039448,0.014176,0.015404,9.3248E-4,0.0087968,1.6577E-4,0.0090737,1.6933E-4,0.017122,0.017857,0.014349,6.0883E-4,0.012174,3.198E-4,0.0099998,1.2155E-4,1
1520441716677,true,1683.899,0,0.038969,0.014499,0.015443,9.3084E-4,0.0087712,1.6492E-4,0.0090903,1.708E-4,0.016415,0.018366,0.014385,5.9705E-4,0.012183,3.2194E-4,0.009996,1.2278E-4,1
1520441716734,true,1683.956,0,0.03823,0.014379,0.015483,9.3026E-4,0.0087709,1.5756E-4,0.009101,1.7076E-4,0.016286,0.018783,0.014391,5.9735E-4,0.012224,3.1309E-4,0.0099515,1.3917E-4,1
1520441716803,true,1684.025,0,0.038423,0.014043,0.015505,9.359E-4,0.0088039,1.5353E-4,0.009071,1.7292E-4,0.016677,0.018729,0.014374,6.0636E-4,0.01227,2.9767E-4,0.009942,1.4668E-4,1
1520441716861,true,1684.083,0,0.039069,0.014101,0.015488,9.4056E-4,0.0088381,1.5829E-4,0.0090421,1.6525E-4,0.017224,0.018334,0.014381,6.1078E-4,0.012294,2.8876E-4,0.0099762,1.4443E-4,1
1520441716918,true,1684.14,0,0.039405,0.014327,0.015478,9.3885E-4,0.0088689,1.6229E-4,0.0090588,1.553E-4,0.016943,0.018354,0.014403,6.1054E-4,0.012268,3.0165E-4,0.010024,1.293E-4,1
1520441716976,true,1684.198,0,0.039369,0.014523,0.015499,9.3619E-4,0.0088571,1.7059E-4,0.0090833,1.5687E-4,0.01591,0.018855,0.014426,6.0418E-4,0.012257,3.1214E-4,0.010074,1.105E-4,1
1520441717033,true,1684.255,0,0.038318,0.014542,0.015529,9.3412E-4,0.0088406,1.6828E-4,0.0091094,1.573E-4,0.015482,0.019117,0.014437,5.9908E-4,0.01227,3.1831E-4,0.010061,1.1432E-4,1
1520441717077,true,1684.299,0,0.0376,0.014146,0.015543,9.3701E-4,0.0088494,1.6386E-4,0.0091096,1.6393E-4,0.015877,0.019097,0.014407,6.0664E-4,0.01229,3.1405E-4,0.010023,1.2957E-4,1
1520441717135,true,1684.357,0,0.038055,0.013874,0.015512,9.4419E-4,0.008866,1.67E-4,0.0090731,1.681E-4,0.01689,0.01848,0.014374,6.1511E-4,0.012309,3.038E-4,0.010016,1.3863E-4,1
1520441717192,true,1684.414,0,0.038725,0.014101,0.01547,9.4821E-4,0.0088729,1.7358E-4,0.0090651,1.5984E-4,0.017843,0.017872,0.014379,6.1689E-4,0.012281,3.1116E-4,0.010035,1.3872E-4,1
1520441717250,true,1684.472,0,0.039501,0.01437,0.015481,9.4124E-4,0.008875,1.7956E-4,0.0090894,1.5742E-4,0.017568,0.018004,0.014417,6.0796E-4,0.012241,3.264E-4,0.010071,1.2698E-4,1
1520441717307,true,1684.529,0,0.039316,0.014801,0.015521,9.4095E-4,0.0088467,1.8349E-4,0.0091134,1.5972E-4,0.01683,0.018513,0.014465,5.932E-4,0.012242,3.3274E-4,0.010077,1.2546E-4,1
1520441717378,true,1684.6,0,0.038551,0.01478,0.01556,9.4385E-4,0.0088336,1.7975E-4,0.009131,1.6113E-4,0.016558,0.01898,0.01449,5.884E-4,0.012279,3.2808E-4,0.010046,1.3745E-4,1
1520441717436,true,1684.658,0,0.038546,0.01445,0.015602,9.4835E-4,0.0088643,1.7672E-4,0.0091128,1.639E-4,0.016761,0.019119,0.014484,5.9792E-4,0.01233,3.1209E-4,0.010025,1.4937E-4,1
1520441717493,true,1684.715,0,0.039334,0.014383,0.015604,9.5327E-4,0.0089055,1.7841E-4,0.0090877,1.5736E-4,0.017334,0.01876,0.014491,6.0585E-4,0.012374,3.0022E-4,0.010057,1.4836E-4,1
1520441717551,true,1684.773,0,0.039766,0.014615,0.015598,9.5297E-4,0.0089469,1.8389E-4,0.0090996,1.4678E-4,0.017358,0.018594,0.014523,6.0571E-4,0.012365,3.0838E-4,0.010114,1.348E-4,1
1520441717608,true,1684.83,0,0.040033,0.014793,0.015632,9.4887E-4,0.0089525,1.9305E-4,0.0091333,1.4559E-4,0.016488,0.018999,0.014554,5.9958E-4,0.012347,3.2092E-4,0.01017,1.1799E-4,1
1520441717654,true,1684.876,0,0.039255,0.014872,0.015673,9.4903E-4,0.0089361,1.941E-4,0.009166,1.4726E-4,0.015928,0.019337,0.014581,5.9121E-4,0.012366,3.2762E-4,0.010182,1.158E-4,1
1520441717712,true,1684.934,0,0.038441,0.014549,0.015697,9.531E-4,0.0089466,1.8654E-4,0.00918,1.5311E-4,0.016136,0.019423,0.014571,5.944E-4,0.012394,3.255E-4,0.010153,1.313E-4,1
1520441717769,true,1684.991,0,0.038724,0.01416,0.015697,9.5845E-4,0.0089781,1.8654E-4,0.0091616,1.562E-4,0.016942,0.018994,0.014542,6.0374E-4,0.012419,3.1579E-4,0.010148,1.3981E-4,1
1520441717827,true,1685.049,0,0.039586,0.014213,0.015662,9.6068E-4,0.0089922,1.9095E-4,0.0091465,1.5089E-4,0.017986,0.018339,0.014548,6.0512E-4,0.012412,3.1608E-4,0.010171,1.4086E-4,1
1520441717884,true,1685.106,0,0.040374,0.014477,0.015653,9.5612E-4,0.0089992,1.9594E-4,0.0091685,1.4877E-4,0.017996,0.018296,0.01457,5.997E-4,0.012362,3.3099E-4,0.010186,1.3489E-4,1
1520441717953,true,1685.175,0,0.040611,0.014858,0.015683,9.5361E-4,0.0089747,2.0224E-4,0.0091906,1.5289E-4,0.017162,0.01879,0.014605,5.8812E-4,0.012344,3.3988E-4,0.010198,1.284E-4,1
1520441718011,true,1685.233,0,0.039929,0.014926,0.015727,9.5525E-4,0.0089542,1.98E-4,0.0092122,1.5402E-4,0.016751,0.019259,0.014633,5.8124E-4,0.012375,3.3886E-4,0.010167,1.3971E-4,1
1520441718068,true,1685.29,0,0.039551,0.014597,0.01577,9.5694E-4,0.0089749,1.9273E-4,0.0092053,1.5713E-4,0.016892,0.01947,0.01462,5.8947E-4,0.012424,3.2428E-4,0.010137,1.5432E-4,1
1520441718126,true,1685.348,0,0.040135,0.014421,0.015774,9.6205E-4,0.0090114,1.9559E-4,0.0091728,1.5488E-4,0.017343,0.019157,0.014612,5.9932E-4,0.012473,3.0606E-4,0.010151,1.5775E-4,1
1520441718183,true,1685.405,0,0.040627,0.014607,0.015765,9.6201E-4,0.0090434,2.0036E-4,0.0091733,1.4313E-4,0.017704,0.018815,0.014631,6.0465E-4,0.012479,3.0741E-4,0.010198,1.4861E-4,1
1520441718229,true,1685.451,0,0.040919,0.014793,0.015781,9.5811E-4,0.0090514,2.1031E-4,0.0091997,1.398E-4,0.016995,0.019066,0.014653,6.033E-4,0.012465,3.1954E-4,0.010252,1.3113E-4,1
1520441718287,true,1685.509,0,0.040299,0.014961,0.015817,9.5604E-4,0.0090339,2.1526E-4,0.0092276,1.4205E-4,0.016243,0.019395,0.014678,5.9258E-4,0.012469,3.2835E-4,0.010271,1.2528E-4,1
1520441718344,true,1685.566,0,0.039349,0.014692,0.015848,9.5501E-4,0.0090277,2.0989E-4,0.0092503,1.4335E-4,0.016269,0.019512,0.014668,5.9539E-4,0.012494,3.2672E-4,0.010242,1.3741E-4,1
1520441718402,true,1685.624,0,0.039309,0.01424,0.015857,9.5776E-4,0.0090525,2.0686E-4,0.0092392,1.4551E-4,0.016888,0.019205,0.014632,6.0593E-4,0.012515,3.1669E-4,0.01022,1.4976E-4,1
1520441718459,true,1685.681,0,0.040154,0.014143,0.015825,9.6079E-4,0.0090659,2.1215E-4,0.0092143,1.4157E-4,0.017925,0.018495,0.01462,6.0976E-4,0.012515,3.1102E-4,0.010229,1.5423E-4,1
1520441718503,true,1685.725,0,0.040834,0.014377,0.01579,9.5843E-4,0.0090741,2.1514E-4,0.0092144,1.3619E-4,0.018222,0.018208,0.014635,6.0668E-4,0.012465,3.223E-4,0.010239,1.483E-4,1
1520441718561,true,1685.783,0,0.041343,0.014667,0.015801,9.5438E-4,0.0090479,2.2297E-4,0.0092314,1.3741E-4,0.017411,0.018667,0.01466,5.9579E-4,0.012431,3.3089E-4,0.010247,1.3976E-4,1
1520441718618,true,1685.84,0,0.040628,0.014856,0.015834,9.5607E-4,0.0090153,2.2195E-4,0.0092503,1.3881E-4,0.016734,0.019165,0.01469,5.8413E-4,0.012443,3.3122E-4,0.010214,1.4798E-4,1
1520441718676,true,1685.898,0,0.039809,0.014616,0.015866,9.5577E-4,0.0090312,2.1115E-4,0.0092438,1.4293E-4,0.01668,0.019505,0.014674,5.8983E-4,0.01248,3.1873E-4,0.01016,1.6405E-4,1
1520441718733,true,1685.955,0,0.040075,0.014311,0.015868,9.627E-4,0.0090671,2.096E-4,0.0092105,1.4146E-4,0.017059,0.019254,0.014653,5.9788E-4,0.012523,2.9919E-4,0.010158,1.6623E-4,1
1520441718804,true,1686.026,0,0.040531,0.014411,0.015838,9.6557E-4,0.0090964,2.1252E-4,0.0091977,1.303E-4,0.017527,0.018783,0.014656,6.041E-4,0.012527,2.9635E-4,0.010192,1.5963E-4,1
1520441718862,true,1686.084,0,0.040768,0.014563,0.015835,9.5952E-4,0.0091133,2.1784E-4,0.009216,1.259E-4,0.01702,0.018874,0.014667,6.0478E-4,0.012493,3.0781E-4,0.010243,1.4055E-4,1
1520441718919,true,1686.141,0,0.040303,0.014755,0.015863,9.5593E-4,0.0090933,2.2368E-4,0.00924,1.2726E-4,0.016125,0.019214,0.014684,5.9577E-4,0.012479,3.1805E-4,0.010272,1.2497E-4,1
1520441718977,true,1686.199,0,0.039197,0.014609,0.015873,9.5875E-4,0.0090845,2.1727E-4,0.0092632,1.2832E-4,0.016002,0.019335,0.014684,5.9162E-4,0.012496,3.2001E-4,0.010247,1.3207E-4,1
1520441719034,true,1686.256,0,0.038693,0.014197,0.01588,9.5915E-4,0.0091036,2.0939E-4,0.0092527,1.3209E-4,0.016491,0.019135,0.014638,6.0295E-4,0.012508,3.1208E-4,0.010206,1.4589E-4,1
1520441719103,true,1686.325,0,0.039403,0.013953,0.015841,9.6262E-4,0.009117,2.1022E-4,0.0092117,1.3275E-4,0.017505,0.01843,0.01461,6.0926E-4,0.012519,3.0166E-4,0.0102,1.5315E-4,1
