1520441509161,true,1476.383,0,0.029833,0.010636,0.014494,9.9486E-4,0.0085546,7.6199E-5,0.0088982,7.0849E-5,0.011835,0.010973,0.013294,2.8842E-4,0.01064,2.829E-4,0.0083443,-3.1696E-5,0
1520441509218,true,1476.44,0,0.029284,0.010894,0.014501,9.9528E-4,0.0085107,7.8125E-5,0.0088924,7.2944E-5,0.010823,0.011439,0.013299,2.8275E-4,0.010628,2.853E-4,0.0083376,-4.2302E-5,0
1520441509276,true,1476.498,0,0.028175,0.010766,0.014506,0.0010003,0.008493,7.273E-5,0.0088921,7.52E-5,0.010412,0.011717,0.013278,2.8788E-4,0.010645,2.8214E-4,0.0083004,-3.6768E-5,0
1520441509333,true,1476.555,0,0.027848,0.0103,0.014505,0.0010029,0.0085133,6.605E-5,0.008869,7.9522E-5,0.010617,0.011551,0.013235,3.0211E-4,0.010671,2.7144E-4,0.0082826,-3.2751E-5,0
1520441509379,true,1476.601,0,0.028254,0.010125,0.014465,0.001009,0.0085286,6.8818E-5,0.0088405,7.5704E-5,0.011321,0.01094,0.013212,3.1035E-4,0.010673,2.6737E-4,0.0083089,-3.506E-5,0
1520441509437,true,1476.659,0,0.028589,0.010195,0.014417,0.0010087,0.0085412,6.8579E-5,0.0088534,6.7168E-5,0.011664,0.010528,0.013222,3.1008E-4,0.010628,2.7992E-4,0.0083349,-4.5142E-5,0
1520441509494,true,1476.716,0,0.02899,0.010267,0.014422,9.9993E-4,0.008522,7.0617E-5,0.0088734,6.8143E-5,0.011247,0.010617,0.013234,3.0253E-4,0.010577,2.921E-4,0.0083605,-5.7878E-5,0
1520441509552,true,1476.774,0,0.028406,0.010382,0.014426,0.0010012,0.008479,6.6486E-5,0.0088873,6.8369E-5,0.01099,0.010764,0.013251,2.9273E-4,0.010569,2.9671E-4,0.0083234,-5.1763E-5,0
1520441509609,true,1476.831,0,0.027859,0.010121,0.014433,0.0010024,0.0084556,5.7843E-5,0.0088792,7.1354E-5,0.01122,0.010855,0.013233,2.9611E-4,0.010584,2.8976E-4,0.0082653,-3.3255E-5,0
1520441509679,true,1476.901,0,0.028249,0.0098597,0.01442,0.0010071,0.008463,5.2874E-5,0.0088388,6.9901E-5,0.011868,0.010542,0.013208,3.0331E-4,0.010601,2.7296E-4,0.0082314,-2.2914E-5,0
1520441509737,true,1476.959,0,0.028885,0.010043,0.014379,0.0010094,0.0084713,5.0861E-5,0.0088001,6.0895E-5,0.012367,0.010123,0.013216,3.0517E-4,0.010596,2.6699E-4,0.0082346,-2.4434E-5,0
1520441509794,true,1477.016,0,0.029226,0.010286,0.014369,0.0010022,0.008469,4.9766E-5,0.0087971,5.1615E-5,0.011897,0.010274,0.013235,3.0057E-4,0.01056,2.7334E-4,0.0082459,-3.9246E-5,0
1520441509852,true,1477.074,0,0.028966,0.010542,0.014383,0.0010021,0.0084283,5.3299E-5,0.0087954,5.3429E-5,0.010736,0.010833,0.013246,2.9286E-4,0.010537,2.7841E-4,0.0082586,-5.5314E-5,0
1520441509909,true,1477.131,0,0.027881,0.010487,0.014406,0.0010045,0.0083968,5.1283E-5,0.0088014,5.4784E-5,0.010208,0.011204,0.013244,2.933E-4,0.010554,2.7729E-4,0.0082377,-5.1998E-5,0
1520441509980,true,1477.202,0,0.027231,0.010089,0.014422,0.001007,0.0084132,4.4614E-5,0.0087823,6.0018E-5,0.010379,0.0112,0.013204,3.0871E-4,0.010576,2.6992E-4,0.0082155,-4.4783E-5,0
1520441510038,true,1477.26,0,0.027499,0.009818,0.014392,0.0010124,0.0084341,4.6197E-5,0.0087543,5.6699E-5,0.011008,0.010697,0.013182,3.1929E-4,0.010593,2.6156E-4,0.0082372,-4.5E-5,0
1520441510095,true,1477.317,0,0.027915,0.0098486,0.014349,0.0010111,0.0084525,4.8305E-5,0.0087604,4.6226E-5,0.011594,0.010165,0.013185,3.2542E-4,0.010564,2.7097E-4,0.0082714,-5.3484E-5,0
1520441510153,true,1477.375,0,0.028279,0.0098852,0.014339,0.0010041,0.0084396,5.2216E-5,0.0087874,4.2893E-5,0.011244,0.010173,0.013206,3.1892E-4,0.010517,2.8517E-4,0.0083058,-6.86E-5,0
1520441510210,true,1477.432,0,0.02775,0.010021,0.014355,9.9917E-4,0.0083923,5.0966E-5,0.008798,4.6583E-5,0.010876,0.010299,0.013229,3.0803E-4,0.0105,2.9163E-4,0.0082923,-6.8582E-5,0
1520441510229,true,1477.451,0,0.026972,0.0097667,0.014364,9.9855E-4,0.008355,4.4011E-5,0.0087962,4.9786E-5,0.011042,0.010357,0.013226,3.0564E-4,0.01051,2.8625E-4,0.0082363,-5.1877E-5,0
1520441510287,true,1477.509,0,0.027125,0.0093254,0.014362,9.9821E-4,0.0083568,3.7192E-5,0.0087538,4.8405E-5,0.011622,0.010093,0.013199,3.1275E-4,0.010524,2.706E-4,0.0081938,-3.9516E-5,0
1520441510344,true,1477.566,0,0.027742,0.0093052,0.014322,9.9913E-4,0.0083494,3.6848E-5,0.0087013,4.1095E-5,0.012234,0.0095847,0.013202,3.1258E-4,0.010525,2.5764E-4,0.0081883,-3.7441E-5,0
1520441510402,true,1477.624,0,0.028014,0.0095681,0.014287,9.9432E-4,0.0083421,3.9114E-5,0.0086876,3.2002E-5,0.011975,0.0095869,0.013222,3.1033E-4,0.010484,2.6381E-4,0.0081989,-4.9508E-5,0
1520441510459,true,1477.681,0,0.027999,0.0098069,0.014296,9.895E-4,0.0083028,4.4364E-5,0.0086794,3.2509E-5,0.010868,0.01015,0.013244,3.0202E-4,0.010453,2.7185E-4,0.0082078,-6.5769E-5,0
1520441510529,true,1477.751,0,0.026925,0.0098738,0.014318,9.9105E-4,0.0082627,4.1993E-5,0.0086835,3.4088E-5,0.010134,0.010571,0.013259,2.9852E-4,0.010475,2.7017E-4,0.0081883,-6.5468E-5,0
1520441510587,true,1477.809,0,0.025921,0.0095234,0.014333,9.9183E-4,0.0082634,3.2606E-5,0.0086739,3.7915E-5,0.01014,0.01073,0.013228,3.1175E-4,0.010509,2.6009E-4,0.0081573,-5.7373E-5,0
1520441510644,true,1477.866,0,0.025994,0.0091151,0.014313,9.9574E-4,0.0082877,3.1215E-5,0.008633,3.7539E-5,0.010739,0.01027,0.013196,3.2453E-4,0.01053,2.4987E-4,0.0081636,-5.5792E-5,0
1520441510702,true,1477.924,0,0.026143,0.0091687,0.014266,9.969E-4,0.0083014,3.3717E-5,0.0086224,2.6118E-5,0.011465,0.0096256,0.013194,3.319E-4,0.010516,2.5383E-4,0.008195,-6.1517E-5,0
1520441510759,true,1477.981,0,0.02632,0.0092729,0.014243,9.911E-4,0.0082957,3.7441E-5,0.0086332,2.5249E-5,0.011311,0.0094869,0.013211,3.2967E-4,0.010465,2.7012E-4,0.0082292,-7.5463E-5,0
1520441510829,true,1478.051,0,0.025959,0.0094833,0.014258,9.8521E-4,0.0082544,3.8699E-5,0.0086444,3.0415E-5,0.010668,0.0097842,0.013229,3.2122E-4,0.010437,2.8084E-4,0.0082341,-8.029E-5,0
1520441510887,true,1478.109,0,0.024993,0.0094213,0.014261,9.863E-4,0.0082139,3.0975E-5,0.0086504,3.5703E-5,0.010694,0.0099424,0.013235,3.187E-4,0.010445,2.827E-4,0.0081887,-6.5969E-5,0
1520441510944,true,1478.166,0,0.024769,0.0090773,0.014272,9.8624E-4,0.0082094,2.4795E-5,0.0086168,4.2816E-5,0.011207,0.0098711,0.013209,3.2815E-4,0.010461,2.7168E-4,0.0081412,-5.009E-5,0
1520441511002,true,1478.224,0,0.025653,0.0089739,0.01424,9.8756E-4,0.0082098,2.5895E-5,0.0085675,4.0714E-5,0.01197,0.0093928,0.013207,3.3243E-4,0.010473,2.6004E-4,0.0081369,-4.3777E-5,0
1520441511059,true,1478.281,0,0.026194,0.0092589,0.014201,9.8456E-4,0.0082085,2.6699E-5,0.0085487,3.0662E-5,0.012087,0.0092387,0.013228,3.2955E-4,0.010451,2.6203E-4,0.0081511,-5.1913E-5,0
1520441511104,true,1478.326,0,0.026583,0.0094592,0.0142,9.8006E-4,0.008177,3.41E-5,0.0085541,2.8998E-5,0.011115,0.0097431,0.013251,3.2518E-4,0.010419,2.706E-4,0.0081729,-6.7131E-5,0
1520441511162,true,1478.384,0,0.025812,0.009683,0.014225,9.7954E-4,0.0081333,3.3982E-5,0.0085583,3.0187E-5,0.010194,0.010271,0.013276,3.1927E-4,0.010431,2.731E-4,0.0081673,-7.0257E-5,0
1520441511219,true,1478.441,0,0.024801,0.009447,0.014247,9.7842E-4,0.0081238,2.6956E-5,0.0085559,3.6058E-5,0.0099246,0.010651,0.013257,3.2869E-4,0.010467,2.6583E-4,0.0081372,-6.1313E-5,0
1520441511277,true,1478.499,0,0.024692,0.0090737,0.01424,9.8179E-4,0.0081412,2.5542E-5,0.0085157,4.3112E-5,0.010319,0.010406,0.013217,3.4585E-4,0.010497,2.5515E-4,0.0081406,-5.7522E-5,0
1520441511334,true,1478.556,0,0.02525,0.0090249,0.014188,9.856E-4,0.0081519,3.0973E-5,0.0084903,3.9119E-5,0.010985,0.0098781,0.013207,3.5642E-4,0.010496,2.5599E-4,0.0081777,-6.0198E-5,0
1520441511404,true,1478.626,0,0.025589,0.0091872,0.014154,9.8168E-4,0.008156,3.6743E-5,0.0085053,3.6596E-5,0.01098,0.0097395,0.01322,3.5991E-4,0.010449,2.7411E-4,0.0082158,-7.0922E-5,0
1520441511462,true,1478.684,0,0.02566,0.0094625,0.014166,9.751E-4,0.0081141,4.5218E-5,0.0085264,4.1918E-5,0.010366,0.010088,0.013242,3.5354E-4,0.010415,2.9007E-4,0.0082431,-7.9102E-5,0
1520441511519,true,1478.741,0,0.024976,0.0095319,0.014185,9.7324E-4,0.0080704,4.1777E-5,0.0085453,4.6445E-5,0.010318,0.010327,0.013258,3.4758E-4,0.010416,2.9796E-4,0.0082119,-6.4363E-5,0
1520441511577,true,1478.799,0,0.024632,0.0093038,0.014193,9.7288E-4,0.0080606,3.4098E-5,0.0085267,5.6502E-5,0.01079,0.010446,0.013235,3.5576E-4,0.010434,2.9062E-4,0.0081548,-4.156E-5,0
1520441511634,true,1478.856,0,0.025538,0.0091716,0.014172,9.7699E-4,0.0080651,3.4062E-5,0.0084814,5.7691E-5,0.011598,0.010142,0.013218,3.6465E-4,0.010459,2.7676E-4,0.0081381,-2.8242E-5,0
1520441511680,true,1478.902,0,0.026323,0.0095558,0.014132,9.7936E-4,0.0080702,3.7079E-5,0.0084549,5.1593E-5,0.012152,0.0098924,0.013229,3.7009E-4,0.010447,2.771E-4,0.0081526,-2.7639E-5,0
1520441511738,true,1478.96,0,0.027047,0.0099097,0.014145,9.7237E-4,0.0080611,4.4986E-5,0.0084677,4.9988E-5,0.011437,0.010402,0.013263,3.6661E-4,0.010422,2.8962E-4,0.008185,-3.809E-5,0
1520441511795,true,1479.017,0,0.026825,0.01031,0.014179,9.7046E-4,0.008033,4.7626E-5,0.0084857,5.3684E-5,0.010346,0.01115,0.013294,3.6079E-4,0.010435,2.9497E-4,0.0081991,-4.0852E-5,0
1520441511853,true,1479.075,0,0.025963,0.010271,0.01421,9.7123E-4,0.0080259,4.1407E-5,0.008498,6.0703E-5,0.010028,0.011669,0.013296,3.6766E-4,0.010474,2.9264E-4,0.0081779,-2.8725E-5,0
1520441511910,true,1479.132,0,0.025888,0.0099402,0.014225,9.7428E-4,0.008058,3.5476E-5,0.008479,6.7546E-5,0.010359,0.011735,0.013268,3.8485E-4,0.010516,2.8197E-4,0.0081742,-1.9183E-5,0
1520441511979,true,1479.201,0,0.026616,0.0098741,0.014196,9.7793E-4,0.0080764,4.1587E-5,0.0084566,6.5348E-5,0.011123,0.011274,0.013253,4.0064E-4,0.010537,2.78E-4,0.0082108,-1.6043E-5,0
1520441512037,true,1479.259,0,0.027222,0.010099,0.014163,9.7525E-4,0.0080964,4.5719E-5,0.0084715,6.002E-5,0.011454,0.011033,0.013269,4.0486E-4,0.010508,2.9249E-4,0.0082575,-2.3421E-5,0
1520441512094,true,1479.316,0,0.027823,0.010346,0.014174,9.6929E-4,0.008073,5.4725E-5,0.0085014,6.2835E-5,0.010923,0.01139,0.013293,4.0112E-4,0.010479,3.0884E-4,0.0083003,-3.1947E-5,0
1520441512152,true,1479.374,0,0.027382,0.010579,0.014186,9.6897E-4,0.0080304,5.3488E-5,0.0085183,7.0563E-5,0.010746,0.011749,0.013318,3.9431E-4,0.01048,3.166E-4,0.0082883,-2.1425E-5,0
1520441512209,true,1479.431,0,0.027054,0.010418,0.014207,9.6852E-4,0.0080145,4.5423E-5,0.0085149,8.0977E-5,0.011127,0.012018,0.013308,3.9852E-4,0.0105,3.1343E-4,0.0082404,1.9424E-6,0
1520441512255,true,1479.477,0,0.027846,0.010205,0.014196,9.7334E-4,0.0080232,4.4434E-5,0.0084708,8.6471E-5,0.011915,0.011866,0.013286,4.0879E-4,0.010525,3.0273E-4,0.0082184,1.972E-5,0
1520441512313,true,1479.535,0,0.02898,0.010474,0.014166,9.7682E-4,0.0080297,4.8415E-5,0.008447,8.2046E-5,0.012667,0.01155,0.013306,4.1269E-4,0.010526,3.0253E-4,0.0082369,2.5212E-5,0
1520441512370,true,1479.592,0,0.02973,0.010869,0.014164,9.7192E-4,0.0080361,5.2316E-5,0.0084556,7.7615E-5,0.012393,0.011856,0.01335,4.1037E-4,0.010504,3.133E-4,0.0082733,1.7634E-5,0
1520441512428,true,1479.65,0,0.029832,0.011283,0.014201,9.6825E-4,0.0080105,5.7571E-5,0.0084734,8.0229E-5,0.011356,0.012627,0.013396,4.0185E-4,0.010509,3.1844E-4,0.0083101,9.2922E-6,0
1520441512485,true,1479.707,0,0.02908,0.011333,0.01424,9.6942E-4,0.0079866,5.7494E-5,0.0084944,8.1218E-5,0.010825,0.013242,0.013415,4.0231E-4,0.010556,3.15E-4,0.0083038,1.6969E-5,0
1520441512554,true,1479.776,0,0.028672,0.011042,0.014267,9.7147E-4,0.0080046,5.4277E-5,0.0084776,8.6669E-5,0.011037,0.013439,0.013401,4.1573E-4,0.010607,3.0588E-4,0.0082976,2.6879E-5,0
1520441512612,true,1479.834,0,0.029299,0.010856,0.014255,9.7476E-4,0.0080348,5.8275E-5,0.008445,8.4222E-5,0.011748,0.01306,0.013387,4.3065E-4,0.010649,2.9495E-4,0.0083356,2.9077E-5,0
1520441512669,true,1479.891,0,0.029921,0.011041,0.014218,9.7511E-4,0.0080498,6.4172E-5,0.0084453,7.3915E-5,0.012335,0.012676,0.013407,4.3654E-4,0.010638,3.0455E-4,0.0083981,2.2805E-5,0
1520441512727,true,1479.949,0,0.030534,0.01122,0.014217,9.7007E-4,0.0080397,7.2335E-5,0.0084663,7.1734E-5,0.011929,0.012888,0.013444,4.2856E-4,0.010607,3.2319E-4,0.0084521,1.0486E-5,0
1520441512784,true,1480.006,0,0.030226,0.011474,0.014248,9.6544E-4,0.0080078,7.2388E-5,0.0084714,7.9211E-5,0.011586,0.013177,0.013476,4.1729E-4,0.010606,3.3224E-4,0.0084596,1.4791E-5,0
1520441512855,true,1480.077,0,0.029603,0.011348,0.014262,9.6557E-4,0.0079797,6.7594E-5,0.0084773,8.3298E-5,0.011922,0.013374,0.013476,4.1898E-4,0.010629,3.3254E-4,0.0084261,3.4928E-5,0
1520441512913,true,1480.135,0,0.03002,0.011015,0.014259,9.6964E-4,0.0079886,6.5778E-5,0.0084369,8.9332E-5,0.01269,0.013185,0.013454,4.2962E-4,0.010656,3.2095E-4,0.0083998,5.2781E-5,0
1520441512970,true,1480.192,0,0.031113,0.011139,0.014228,9.756E-4,0.0079949,7.0931E-5,0.008386,8.8723E-5,0.013539,0.012768,0.013469,4.3261E-4,0.010679,3.1188E-4,0.0084144,6.2032E-5,0
1520441513028,true,1480.25,0,0.031869,0.011527,0.01422,9.7308E-4,0.0080146,7.5345E-5,0.0083855,8.2926E-5,0.013543,0.012831,0.013521,4.2904E-4,0.010666,3.2089E-4,0.0084504,5.574E-5,0
1520441513085,true,1480.307,0,0.032372,0.011869,0.014258,9.6778E-4,0.0079983,8.2263E-5,0.0083945,8.4915E-5,0.01254,0.013532,0.013567,4.2057E-4,0.010665,3.2876E-4,0.0084975,4.2961E-5,0
1520441513130,true,1480.352,0,0.031638,0.012039,0.014304,9.6912E-4,0.0079739,8.2883E-5,0.0084061,8.8044E-5,0.01192,0.014121,0.013605,4.1399E-4,0.010708,3.294E-4,0.0085065,4.4646E-5,0
1520441513188,true,1480.41,0,0.030919,0.011743,0.014332,9.7321E-4,0.0079865,7.9671E-5,0.0084007,9.2329E-5,0.012007,0.014404,0.013599,4.2246E-4,0.010764,3.1846E-4,0.0084916,5.545E-5,0
1520441513245,true,1480.467,0,0.031227,0.011455,0.014334,9.7964E-4,0.0080196,8.3338E-5,0.0083687,9.3036E-5,0.012568,0.014082,0.013582,4.37E-4,0.010817,3.0591E-4,0.0085223,5.9767E-5,0
1520441513303,true,1480.525,0,0.031785,0.011592,0.01431,9.8146E-4,0.008044,9.0845E-5,0.0083595,8.3392E-5,0.01326,0.013596,0.013601,4.4201E-4,0.010822,3.1194E-4,0.0085825,5.3041E-5,0
1520441513360,true,1480.582,0,0.03235,0.011749,0.014305,9.7818E-4,0.0080584,9.8159E-5,0.008376,8.1548E-5,0.013075,0.013603,0.013635,4.3935E-4,0.010796,3.305E-4,0.0086415,4.0995E-5,0
1520441513430,true,1480.652,0,0.032216,0.012018,0.014331,9.7585E-4,0.0080275,1.0402E-4,0.0083938,8.4412E-5,0.012563,0.013888,0.013673,4.2821E-4,0.01079,3.4258E-4,0.0086754,3.5584E-5,0
1520441513488,true,1480.71,0,0.031478,0.011938,0.014352,9.7673E-4,0.0080026,9.931E-5,0.0084043,8.8585E-5,0.012653,0.014099,0.01368,4.2631E-4,0.010809,3.474E-4,0.0086513,4.9899E-5,0
1520441513545,true,1480.767,0,0.031382,0.011589,0.014361,9.7888E-4,0.0080115,9.496E-5,0.0083699,9.7302E-5,0.013337,0.013963,0.013657,4.3349E-4,0.010833,3.3895E-4,0.0086152,6.9143E-5,0
1520441513603,true,1480.825,0,0.032308,0.011546,0.014334,9.8588E-4,0.0080147,1.0146E-4,0.0083165,9.8151E-5,0.014183,0.013486,0.013647,4.4291E-4,0.010857,3.3057E-4,0.0086254,7.8297E-5,0
1520441513660,true,1480.882,0,0.033061,0.011884,0.014314,9.8484E-4,0.008026,1.073E-4,0.0082997,9.4267E-5,0.014534,0.013289,0.013684,4.4119E-4,0.010844,3.3872E-4,0.0086549,7.5587E-5,0
1520441513705,true,1480.927,0,0.033578,0.012205,0.014344,9.8137E-4,0.0080192,1.1631E-4,0.0083142,9.3002E-5,0.013668,0.013839,0.013731,4.3237E-4,0.01083,3.4909E-4,0.0086993,6.2054E-5,0
1520441513763,true,1480.985,0,0.033,0.012481,0.014391,9.832E-4,0.0079989,1.1797E-4,0.0083262,9.7141E-5,0.01281,0.014437,0.013771,4.2364E-4,0.010861,3.5095E-4,0.0087113,6.0744E-5,0
1520441513820,true,1481.042,0,0.032116,0.012278,0.014429,9.8648E-4,0.0080042,1.1341E-4,0.0083238,1.0315E-4,0.012625,0.014791,0.013764,4.3021E-4,0.01091,3.4447E-4,0.0086894,7.2952E-5,0
1520441513878,true,1481.1,0,0.032144,0.011884,0.014446,9.9222E-4,0.0080394,1.1545E-4,0.0083043,1.0536E-4,0.01303,0.014582,0.013739,4.4327E-4,0.010963,3.3181E-4,0.0087037,7.6284E-5,0
1520441513935,true,1481.157,0,0.032702,0.011866,0.014418,9.9694E-4,0.0080726,1.2076E-4,0.0082785,1.0093E-4,0.013795,0.013985,0.013738,4.5221E-4,0.010982,3.3041E-4,0.0087545,7.2152E-5,0
1520441513980,true,1481.202,0,0.033041,0.012061,0.014404,9.9239E-4,0.0080964,1.2457E-4,0.0082983,9.46E-5,0.013813,0.013836,0.013756,4.5391E-4,0.010949,3.4667E-4,0.008813,5.632E-5,0
1520441514038,true,1481.26,0,0.033146,0.0123,0.014425,9.875E-4,0.0080707,1.3263E-4,0.0083181,1.0054E-4,0.013125,0.014166,0.013778,4.4622E-4,0.010925,3.6197E-4,0.0088544,4.3355E-5,0
1520441514095,true,1481.317,0,0.032428,0.012285,0.014449,9.8635E-4,0.0080378,1.3169E-4,0.0083351,1.0597E-4,0.013026,0.014347,0.013783,4.4044E-4,0.010936,3.6757E-4,0.0088295,5.4801E-5,0
1520441514153,true,1481.375,0,0.032036,0.011973,0.01446,9.8798E-4,0.0080358,1.2663E-4,0.008315,1.1664E-4,0.013588,0.014328,0.013757,4.4652E-4,0.010955,3.613E-4,0.0087791,7.3483E-5,0
1520441514210,true,1481.432,0,0.032849,0.011768,0.014442,9.9405E-4,0.0080409,1.323E-4,0.008273,1.2374E-4,0.014387,0.013922,0.013733,4.5487E-4,0.010983,3.4768E-4,0.0087674,8.4459E-5,0
1520441514281,true,1481.503,0,0.033594,0.012134,0.014418,9.9368E-4,0.0080562,1.354E-4,0.0082568,1.18E-4,0.01504,0.013523,0.013756,4.5465E-4,0.010973,3.4991E-4,0.0087921,8.2298E-5,0
1520441514339,true,1481.561,0,0.034183,0.01244,0.014431,9.8814E-4,0.0080553,1.4264E-4,0.0082725,1.1765E-4,0.01438,0.013897,0.013783,4.481E-4,0.010945,3.6015E-4,0.0088206,6.9244E-5,0
1520441514396,true,1481.618,0,0.03386,0.01278,0.014472,9.8573E-4,0.0080295,1.4633E-4,0.0082841,1.2262E-4,0.013355,0.014523,0.013813,4.3814E-4,0.010945,3.6484E-4,0.0088279,6.1996E-5,0
1520441514454,true,1481.676,0,0.032853,0.01269,0.014506,9.8755E-4,0.0080204,1.4083E-4,0.0082958,1.2793E-4,0.012978,0.01495,0.013806,4.4072E-4,0.010984,3.5878E-4,0.0087939,7.1437E-5,0
1520441514511,true,1481.733,0,0.032611,0.012277,0.014523,9.9E-4,0.008048,1.369E-4,0.0082693,1.3465E-4,0.013251,0.014889,0.013766,4.5559E-4,0.011021,3.4609E-4,0.0087788,7.6743E-5,0
1520441514580,true,1481.802,0,0.033131,0.012108,0.014497,9.9248E-4,0.0080683,1.4369E-4,0.0082401,1.3381E-4,0.013837,0.014363,0.013745,4.6411E-4,0.011038,3.3673E-4,0.0088072,7.3132E-5,0
1520441514638,true,1481.86,0,0.033454,0.01224,0.014465,9.8892E-4,0.0080883,1.4764E-4,0.0082469,1.284E-4,0.014054,0.014033,0.013742,4.673E-4,0.010995,3.5061E-4,0.0088452,5.9797E-5,0
1520441514695,true,1481.917,0,0.033706,0.012405,0.014473,9.8096E-4,0.0080668,1.5728E-4,0.0082739,1.3196E-4,0.0134,0.014293,0.013749,4.5921E-4,0.010949,3.6555E-4,0.0088724,4.5219E-5,0
1520441514753,true,1481.975,0,0.032948,0.012528,0.014481,9.7855E-4,0.0080238,1.5852E-4,0.0082912,1.41E-4,0.013112,0.014477,0.013752,4.4822E-4,0.010932,3.7483E-4,0.0088472,4.8661E-5,0
1520441514810,true,1482.032,0,0.032286,0.012216,0.014481,9.7802E-4,0.0080062,1.5136E-4,0.0082819,1.5169E-4,0.013506,0.014511,0.013718,4.5268E-4,0.010935,3.6891E-4,0.0087826,6.7661E-5,0
1520441514855,true,1482.077,0,0.03281,0.011885,0.014471,9.8072E-4,0.008013,1.5113E-4,0.0082476,1.5785E-4,0.014319,0.014101,0.013683,4.5983E-4,0.010954,3.5535E-4,0.0087445,7.9572E-5,0
1520441514913,true,1482.135,0,0.033637,0.012091,0.014435,9.8176E-4,0.0080212,1.5368E-4,0.0082253,1.5126E-4,0.015019,0.01358,0.013687,4.5973E-4,0.010943,3.5232E-4,0.008749,7.7731E-5,0
1520441514970,true,1482.192,0,0.034226,0.012388,0.014426,9.7426E-4,0.008023,1.5696E-4,0.0082333,1.4829E-4,0.014706,0.013672,0.013709,4.5403E-4,0.010902,3.6117E-4,0.0087616,6.6437E-5,0
1520441515028,true,1482.25,0,0.034116,0.01275,0.014458,9.6851E-4,0.0079833,1.6139E-4,0.0082474,1.525E-4,0.013621,0.014271,0.01373,4.4269E-4,0.010888,3.6423E-4,0.0087686,5.4118E-5,0
1520441515085,true,1482.307,0,0.033199,0.012723,0.014495,9.6718E-4,0.0079519,1.5745E-4,0.0082513,1.577E-4,0.013067,0.014689,0.013725,4.3836E-4,0.010908,3.6037E-4,0.0087344,5.7326E-5,0
1520441515131,true,1482.353,0,0.032562,0.012377,0.014522,9.6511E-4,0.0079656,1.5038E-4,0.0082288,1.6541E-4,0.013122,0.014806,0.013685,4.4833E-4,0.010936,3.4778E-4,0.0086992,6.4849E-5,0
1520441515189,true,1482.411,0,0.03294,0.012132,0.014495,9.687E-4,0.0079861,1.5374E-4,0.0081904,1.6506E-4,0.013699,0.01431,0.013646,4.5978E-4,0.010955,3.3489E-4,0.0087064,6.4922E-5,0
1520441515246,true,1482.468,0,0.033289,0.012226,0.014448,9.6678E-4,0.0080007,1.5848E-4,0.0081851,1.5688E-4,0.014139,0.013819,0.013644,4.6146E-4,0.010929,3.4033E-4,0.0087378,5.3203E-5,0
1520441515304,true,1482.526,0,0.033649,0.012339,0.014438,9.573E-4,0.0079891,1.6471E-4,0.0082029,1.5985E-4,0.013631,0.01392,0.013647,4.544E-4,0.010869,3.582E-4,0.0087635,3.5561E-5,0
1520441515361,true,1482.583,0,0.033109,0.012507,0.014444,9.5207E-4,0.0079436,1.6807E-4,0.0082191,1.676E-4,0.013066,0.014175,0.013648,4.4384E-4,0.01084,3.6827E-4,0.0087447,3.3633E-5,0
1520441515431,true,1482.653,0,0.032328,0.01231,0.014439,9.5356E-4,0.0079088,1.6335E-4,0.008225,1.7535E-4,0.013297,0.014253,0.013624,4.4398E-4,0.010838,3.6669E-4,0.0086797,5.1709E-5,0
1520441515489,true,1482.711,0,0.032552,0.011908,0.014432,9.5643E-4,0.007911,1.6085E-4,0.008197,1.8414E-4,0.013946,0.013996,0.01359,4.5092E-4,0.010856,3.5372E-4,0.0086395,6.3485E-5,0
1520441515546,true,1482.768,0,0.033525,0.01197,0.014405,9.5702E-4,0.007918,1.6543E-4,0.008164,1.8336E-4,0.01484,0.013458,0.013589,4.5132E-4,0.010857,3.4509E-4,0.0086447,6.6043E-5,0
1520441515604,true,1482.826,0,0.034141,0.012334,0.01439,9.5298E-4,0.0079274,1.6862E-4,0.0081694,1.781E-4,0.014886,0.013382,0.013619,4.4483E-4,0.010827,3.5038E-4,0.0086552,5.66E-5,0
1520441515661,true,1482.883,0,0.034528,0.012647,0.01442,9.4606E-4,0.0079045,1.7429E-4,0.0081841,1.7998E-4,0.013819,0.014025,0.013652,4.3154E-4,0.010806,3.5596E-4,0.0086739,4.1691E-5,0
1520441515706,true,1482.928,0,0.033716,0.012791,0.014449,9.4666E-4,0.00788,1.7137E-4,0.0081968,1.8224E-4,0.013054,0.014538,0.013671,4.2311E-4,0.010833,3.5226E-4,0.0086557,4.0287E-5,0
1520441515764,true,1482.986,0,0.032975,0.012475,0.01448,9.4632E-4,0.007892,1.6276E-4,0.008192,1.857E-4,0.01307,0.014791,0.013644,4.3212E-4,0.010876,3.393E-4,0.0086186,4.7661E-5,0
1520441515821,true,1483.043,0,0.033152,0.01216,0.014474,9.5166E-4,0.007922,1.6528E-4,0.0081579,1.8556E-4,0.013542,0.014456,0.013614,4.4391E-4,0.010918,3.2341E-4,0.008623,4.8955E-5,0
1520441515879,true,1483.101,0,0.033597,0.012223,0.014443,9.4978E-4,0.0079444,1.6956E-4,0.0081452,1.773E-4,0.014165,0.013914,0.013608,4.481E-4,0.010905,3.2576E-4,0.0086594,3.9802E-5,0
1520441515936,true,1483.158,0,0.03388,0.012386,0.014428,9.439E-4,0.0079503,1.7259E-4,0.0081666,1.7418E-4,0.013839,0.013915,0.01362,4.4369E-4,0.010862,3.4202E-4,0.0086997,2.2445E-5,0
1520441516005,true,1483.227,0,0.033514,0.012656,0.014446,9.3773E-4,0.0079181,1.7408E-4,0.0081898,1.7896E-4,0.013174,0.014214,0.013638,4.3269E-4,0.010838,3.5141E-4,0.0087122,1.2766E-5,0
1520441516063,true,1483.285,0,0.0327,0.012536,0.014457,9.3692E-4,0.0078897,1.6831E-4,0.0082081,1.8293E-4,0.013265,0.014312,0.013633,4.2754E-4,0.01084,3.5327E-4,0.0086669,2.562E-5,0
1520441516120,true,1483.342,0,0.032544,0.01215,0.014459,9.3613E-4,0.0078891,1.6407E-4,0.008181,1.9368E-4,0.0139,0.014157,0.013599,4.3329E-4,0.010854,3.4242E-4,0.0086182,3.8895E-5,0
1520441516178,true,1483.4,0,0.033592,0.012016,0.014424,9.4244E-4,0.0078882,1.7008E-4,0.0081382,1.9611E-4,0.014812,0.013642,0.013592,4.3643E-4,0.010866,3.3159E-4,0.0086033,4.7906E-5,0
1520441516235,true,1483.457,0,0.034377,0.012347,0.014397,9.4069E-4,0.0079008,1.721E-4,0.0081365,1.91E-4,0.015243,0.013337,0.013624,4.3267E-4,0.010837,3.3905E-4,0.0086179,4.2638E-5,0
1520441516305,true,1483.527,0,0.034988,0.012658,0.014421,9.3429E-4,0.0078939,1.7753E-4,0.0081618,1.9142E-4,0.014358,0.013871,0.01366,4.2431E-4,0.010812,3.4781E-4,0.0086458,2.7336E-5,0
1520441516363,true,1483.585,0,0.034425,0.012933,0.014469,9.3286E-4,0.0078691,1.7641E-4,0.0081838,1.9523E-4,0.013448,0.014461,0.013701,4.1324E-4,0.010842,3.4678E-4,0.0086482,2.3057E-5,0
1520441516420,true,1483.642,0,0.03348,0.012753,0.014508,9.3385E-4,0.0078758,1.682E-4,0.0081995,1.9862E-4,0.013201,0.014887,0.013701,4.1711E-4,0.010886,3.3963E-4,0.0086148,3.3777E-5,0
1520441516478,true,1483.7,0,0.033503,0.012384,0.014523,9.3911E-4,0.0079189,1.6465E-4,0.0081798,2.0065E-4,0.013539,0.014738,0.01368,4.3021E-4,0.010929,3.2549E-4,0.0086189,3.6604E-5,0
1520441516535,true,1483.757,0,0.034101,0.012386,0.014497,9.4306E-4,0.0079583,1.679E-4,0.0081708,1.9139E-4,0.0142,0.01426,0.013677,4.3978E-4,0.010946,3.2245E-4,0.0086666,3.0439E-5,0
1520441516581,true,1483.803,0,0.034479,0.012561,0.014489,9.3995E-4,0.0079838,1.7082E-4,0.0081922,1.868E-4,0.014182,0.014116,0.013703,4.3952E-4,0.010919,3.3843E-4,0.0087178,1.4115E-5,0
1520441516639,true,1483.861,0,0.034642,0.012755,0.014516,9.3352E-4,0.0079728,1.7542E-4,0.0082277,1.9027E-4,0.013454,0.01449,0.013727,4.3097E-4,0.0109,3.5024E-4,0.0087593,-1.2147E-6,0
1520441516696,true,1483.918,0,0.03387,0.012772,0.014539,9.3488E-4,0.0079455,1.7291E-4,0.0082587,1.9371E-4,0.013341,0.014711,0.013748,4.2182E-4,0.010914,3.5642E-4,0.0087414,5.7348E-6,0
1520441516754,true,1483.976,0,0.033396,0.012449,0.014559,9.3592E-4,0.0079512,1.6625E-4,0.0082587,1.9953E-4,0.013969,0.014678,0.013727,4.2882E-4,0.010932,3.4903E-4,0.0086963,2.5378E-5,0
1520441516811,true,1484.033,0,0.034233,0.012209,0.014541,9.4264E-4,0.0079696,1.6543E-4,0.008231,2.0137E-4,0.014883,0.014237,0.013709,4.3555E-4,0.010951,3.3704E-4,0.008684,3.5216E-5,0
1520441516880,true,1484.102,0,0.035056,0.012501,0.014512,9.4378E-4,0.0079801,1.671E-4,0.0082203,1.9539E-4,0.015573,0.013799,0.013727,4.3687E-4,0.010934,3.3927E-4,0.0086953,3.3642E-5,0
1520441516938,true,1484.16,0,0.035723,0.012815,0.014528,9.354E-4,0.0079842,1.7306E-4,0.0082466,1.9488E-4,0.015009,0.014137,0.013768,4.2918E-4,0.010901,3.5003E-4,0.008719,2.1846E-5,0
1520441516995,true,1484.217,0,0.035452,0.013154,0.014574,9.3313E-4,0.0079626,1.7664E-4,0.008273,1.9865E-4,0.014087,0.014737,0.013812,4.1836E-4,0.010912,3.5449E-4,0.008725,1.5657E-5,0
1520441517053,true,1484.275,0,0.034547,0.013027,0.014617,9.3537E-4,0.0079539,1.7217E-4,0.0082986,2.0328E-4,0.013727,0.015194,0.013817,4.211E-4,0.010957,3.4825E-4,0.0086907,2.4382E-5,0
1520441517110,true,1484.332,0,0.034287,0.012606,0.014647,9.3796E-4,0.0079876,1.6835E-4,0.008297,2.0705E-4,0.013943,0.015173,0.013789,4.3524E-4,0.011005,3.3503E-4,0.0086753,3.0442E-5,0
1520441517156,true,1484.378,0,0.034819,0.01244,0.014635,9.4173E-4,0.008022,1.7319E-4,0.0082794,2.0511E-4,0.014503,0.014675,0.01379,4.4561E-4,0.011034,3.2463E-4,0.0087066,2.8539E-5,0
1520441517214,true,1484.436,0,0.035134,0.012595,0.01462,9.3833E-4,0.0080524,1.7693E-4,0.0083071,1.978E-4,0.014708,0.014356,0.013811,4.4908E-4,0.011006,3.3884E-4,0.0087535,1.5854E-5,0
1520441517271,true,1484.493,0,0.035378,0.012716,0.014637,9.3513E-4,0.0080459,1.8378E-4,0.0083526,1.996E-4,0.014062,0.01461,0.013831,4.4385E-4,0.010976,3.5626E-4,0.0088031,-2.5629E-6,0
1520441517329,true,1484.551,0,0.034544,0.012823,0.01467,9.3221E-4,0.008012,1.8203E-4,0.0083911,2.0254E-4,0.013755,0.014783,0.013849,4.3691E-4,0.010977,3.647E-4,0.0087966,-1.4086E-6,0
1520441517386,true,1484.608,0,0.033817,0.012486,0.014686,9.3271E-4,0.0080109,1.7181E-4,0.0084062,2.0956E-4,0.014141,0.014823,0.013832,4.4117E-4,0.010995,3.6041E-4,0.0087478,1.6129E-5,0
1520441517456,true,1484.678,0,0.034287,0.012094,0.014679,9.3463E-4,0.0080283,1.6761E-4,0.0083849,2.136E-4,0.014984,0.0144,0.013803,4.4963E-4,0.011008,3.4827E-4,0.0087245,2.6107E-5,0
1520441517514,true,1484.736,0,0.035174,0.012225,0.014636,9.3447E-4,0.008027,1.7001E-4,0.0083623,2.0948E-4,0.015842,0.013832,0.013811,4.4866E-4,0.010991,3.4584E-4,0.0087186,2.9709E-5,0
1520441517571,true,1484.793,0,0.035769,0.012474,0.01462,9.2857E-4,0.0080185,1.7505E-4,0.0083737,2.0559E-4,0.015454,0.013911,0.013827,4.4487E-4,0.010942,3.5685E-4,0.008725,1.8601E-5,0
1520441517629,true,1484.851,0,0.035609,0.012804,0.014646,9.2577E-4,0.0079902,1.7658E-4,0.00839,2.094E-4,0.014363,0.014534,0.013851,4.3434E-4,0.010926,3.6029E-4,0.0087287,7.1365E-6,0
1520441517686,true,1484.908,0,0.034584,0.012788,0.014675,9.2713E-4,0.0079625,1.7202E-4,0.0084067,2.1391E-4,0.013803,0.01498,0.01386,4.2993E-4,0.010951,3.5655E-4,0.0086848,1.4732E-5,0
1520441517731,true,1484.953,0,0.033885,0.012384,0.014698,9.2686E-4,0.0079777,1.6554E-4,0.0083991,2.1905E-4,0.013803,0.015115,0.013826,4.4157E-4,0.010981,3.4402E-4,0.0086439,2.3504E-5,0
1520441517789,true,1485.011,0,0.034035,0.012131,0.014674,9.3224E-4,0.0080071,1.668E-4,0.0083673,2.2001E-4,0.014312,0.014636,0.013795,4.5443E-4,0.011013,3.2766E-4,0.0086561,2.0757E-5,0
1520441517846,true,1485.068,0,0.034195,0.012215,0.014641,9.2851E-4,0.0080329,1.691E-4,0.0083732,2.1351E-4,0.01474,0.014111,0.013797,4.5811E-4,0.010991,3.3163E-4,0.0086858,1.0984E-5,0
1520441517904,true,1485.126,0,0.034352,0.012284,0.014633,9.2281E-4,0.0080285,1.7433E-4,0.0084121,2.1188E-4,0.014215,0.014177,0.013805,4.524E-4,0.01094,3.4868E-4,0.0087176,-5.7687E-6,0
1520441517961,true,1485.183,0,0.033582,0.012421,0.01464,9.2073E-4,0.007992,1.7452E-4,0.0084338,2.183E-4,0.013698,0.014343,0.013818,4.4063E-4,0.010927,3.5492E-4,0.0087086,-9.3822E-6,0
1520441518032,true,1485.254,0,0.032598,0.012133,0.014646,9.177E-4,0.007969,1.6427E-4,0.0084455,2.2477E-4,0.013897,0.014324,0.013799,4.3937E-4,0.010925,3.539E-4,0.0086424,9.926E-6,0
1520441518090,true,1485.312,0,0.032576,0.011647,0.014633,9.1927E-4,0.0079726,1.5722E-4,0.0084169,2.2957E-4,0.014686,0.013899,0.013755,4.4805E-4,0.010931,3.4074E-4,0.0085923,2.3802E-5,0
1520441518147,true,1485.369,0,0.033498,0.011563,0.014577,9.2226E-4,0.0079643,1.5744E-4,0.0083761,2.2653E-4,0.015609,0.013234,0.013745,4.4807E-4,0.01092,3.3118E-4,0.0085759,2.888E-5,0
1520441518205,true,1485.427,0,0.033968,0.011808,0.014527,9.1885E-4,0.0079596,1.5714E-4,0.0083668,2.1902E-4,0.015606,0.013051,0.013756,4.4225E-4,0.010866,3.3795E-4,0.0085711,1.8481E-5,0
1520441518262,true,1485.484,0,0.034145,0.012086,0.014522,9.1549E-4,0.0079184,1.6152E-4,0.0083779,2.1931E-4,0.01456,0.013572,0.013771,4.3093E-4,0.010828,3.4385E-4,0.0085589,7.1736E-6,0
1520441518331,true,1485.553,0,0.033211,0.012181,0.014543,9.1349E-4,0.0078679,1.5842E-4,0.0083866,2.2099E-4,0.013739,0.014057,0.013773,4.2334E-4,0.010834,3.4234E-4,0.0085224,9.4908E-6,0
1520441518389,true,1485.611,0,0.032339,0.011831,0.01456,9.112E-4,0.0078656,1.474E-4,0.0083747,2.2612E-4,0.013563,0.014316,0.013736,4.3035E-4,0.010858,3.3043E-4,0.0084717,1.8778E-5,0
1520441518446,true,1485.668,0,0.032397,0.011463,0.014536,9.1536E-4,0.007887,1.4548E-4,0.0083407,2.2555E-4,0.013908,0.013976,0.013692,4.4157E-4,0.010883,3.1381E-4,0.0084648,1.9785E-5,0
1520441518504,true,1485.726,0,0.032692,0.011473,0.014476,9.1808E-4,0.0078985,1.4808E-4,0.0083274,2.1657E-4,0.014435,0.013372,0.013669,4.4837E-4,0.010868,3.1219E-4,0.0084841,1.4394E-5,0
1520441518561,true,1485.783,0,0.032845,0.011537,0.014447,9.1175E-4,0.0078924,1.5312E-4,0.0083537,2.0752E-4,0.014049,0.013316,0.013668,4.4584E-4,0.01081,3.2736E-4,0.0085131,-2.8311E-6,0
1520441518607,true,1485.829,0,0.032289,0.011721,0.014442,9.0655E-4,0.0078547,1.5379E-4,0.0083709,2.111E-4,0.013311,0.013535,0.01367,4.3529E-4,0.010776,3.3786E-4,0.0085169,-1.3338E-5,0
1520441518665,true,1485.887,0,0.031269,0.011552,0.014436,9.0476E-4,0.0078098,1.4971E-4,0.0083805,2.1411E-4,0.013333,0.013556,0.01365,4.2955E-4,0.010772,3.3809E-4,0.0084579,6.5704E-7,0
1520441518722,true,1485.944,0,0.0309,0.011102,0.01442,9.0396E-4,0.007799,1.4288E-4,0.0083538,2.1948E-4,0.013985,0.013283,0.013605,4.3565E-4,0.010769,3.279E-4,0.0083988,1.4582E-5,0
1520441518780,true,1486.002,0,0.031603,0.010914,0.014359,9.075E-4,0.0077915,1.4352E-4,0.0083063,2.1576E-4,0.014841,0.012643,0.01357,4.3823E-4,0.010761,3.1617E-4,0.0083691,2.3603E-5,0
1520441518837,true,1486.059,0,0.032183,0.011199,0.014297,9.0239E-4,0.0077794,1.4312E-4,0.0082871,2.0496E-4,0.01521,0.012265,0.013572,4.3234E-4,0.010711,3.1978E-4,0.008353,2.0039E-5,0
1520441518881,true,1486.103,0,0.032545,0.011486,0.014266,8.9663E-4,0.0077391,1.4784E-4,0.0082876,2.0127E-4,0.014308,0.012666,0.013573,4.2264E-4,0.010646,3.3039E-4,0.0083332,1.1366E-5,0
1520441518939,true,1486.161,0,0.031825,0.011713,0.014266,8.967E-4,0.0076821,1.4822E-4,0.008286,2.0242E-4,0.013282,0.013257,0.01358,4.0935E-4,0.010636,3.3126E-4,0.0082992,1.1218E-5,0
1520441518996,true,1486.218,0,0.03089,0.011472,0.014269,8.9867E-4,0.0076606,1.4027E-4,0.0082786,2.034E-4,0.012955,0.013596,0.013547,4.1209E-4,0.010663,3.1948E-4,0.0082432,2.2535E-5,0
1520441519054,true,1486.276,0,0.030873,0.011057,0.014248,9.0326E-4,0.0076731,1.3691E-4,0.0082327,2.0564E-4,0.013153,0.013461,0.013494,4.2568E-4,0.010691,3.0292E-4,0.0082215,2.6728E-5,0
1520441519111,true,1486.333,0,0.031375,0.011002,0.014195,9.0526E-4,0.0076799,1.4193E-4,0.0082004,1.9685E-4,0.013641,0.012941,0.013466,4.3389E-4,0.010689,2.9772E-4,0.008245,2.0559E-5,0
1520441519181,true,1486.403,0,0.031589,0.011143,0.01415,9.0154E-4,0.007687,1.4642E-4,0.0082104,1.8792E-4,0.013413,0.01281,0.013455,4.3412E-4,0.010636,3.1183E-4,0.0082755,5.9252E-6,0
1520441519239,true,1486.461,0,0.031465,0.011321,0.014145,8.9561E-4,0.0076451,1.5381E-4,0.0082293,1.8867E-4,0.012614,0.013101,0.013454,4.2603E-4,0.010596,3.2302E-4,0.0082941,-8.1467E-6,0
1520441519296,true,1486.518,0,0.030537,0.011316,0.01414,8.9322E-4,0.0075978,1.5081E-4,0.0082445,1.9075E-4,0.012406,0.013252,0.013445,4.1747E-4,0.010588,3.2751E-4,0.0082584,-1.6227E-6,0
1520441519354,true,1486.576,0,0.029933,0.010969,0.014128,8.9141E-4,0.0075827,1.4422E-4,0.0082291,1.9529E-4,0.012874,0.013214,0.0134,4.246E-4,0.010586,3.217E-4,0.0081971,1.6391E-5,0
1520441519411,true,1486.633,0,0.030534,0.010719,0.014077,8.9405E-4,0.0075807,1.4325E-4,0.0081784,1.9575E-4,0.013763,0.012688,0.013358,4.3004E-4,0.010588,3.0912E-4,0.0081712,2.5119E-5,0
1520441519455,true,1486.677,0,0.031266,0.010986,0.014015,8.9172E-4,0.0075698,1.4521E-4,0.0081462,1.8702E-4,0.014474,0.012193,0.013351,4.2884E-4,0.010553,3.1073E-4,0.008169,2.3787E-5,0
1520441519513,true,1486.735,0,0.0318,0.011294,0.013984,8.8546E-4,0.0075392,1.5199E-4,0.0081407,1.826E-4,0.013961,0.012435,0.013357,4.1866E-4,0.010493,3.2187E-4,0.0081685,1.3049E-5,0
1520441519570,true,1486.792,0,0.0314,0.011668,0.013984,8.8338E-4,0.0074794,1.6008E-4,0.0081347,1.8355E-4,0.012872,0.013062,0.013373,4.0409E-4,0.010473,3.2547E-4,0.0081515,7.4884E-6,0
1520441519628,true,1486.85,0,0.030441,0.011574,0.013992,8.834E-4,0.0074533,1.5171E-4,0.0081254,1.8515E-4,0.012421,0.013528,0.013351,4.0566E-4,0.010493,3.1938E-4,0.0080981,2.0082E-5,0
1520441519685,true,1486.907,0,0.030128,0.01121,0.013985,8.859E-4,0.007463,1.4629E-4,0.0080847,1.8954E-4,0.012466,0.013605,0.013303,4.1851E-4,0.010512,3.0612E-4,0.0080645,2.746E-5,0
1520441519756,true,1486.978,0,0.030623,0.011061,0.013941,8.8956E-4,0.0074754,1.5111E-4,0.0080427,1.8417E-4,0.012953,0.013122,0.013275,4.2546E-4,0.010525,2.9621E-4,0.0080842,2.4693E-5,0
1520441519814,true,1487.036,0,0.03082,0.011242,0.013894,8.8738E-4,0.0074868,1.5708E-4,0.0080372,1.7708E-4,0.013002,0.012828,0.013273,4.2687E-4,0.010487,3.0793E-4,0.0081178,1.3203E-5,0
1520441519871,true,1487.093,0,0.031013,0.011364,0.013882,8.8248E-4,0.0074684,1.6471E-4,0.0080543,1.793E-4,0.012216,0.013072,0.013269,4.2254E-4,0.010443,3.251E-4,0.0081567,-5.2801E-6,0
1520441519929,true,1487.151,0,0.030145,0.011471,0.013878,8.8315E-4,0.0074251,1.6406E-4,0.0080622,1.8501E-4,0.011785,0.013268,0.013267,4.1573E-4,0.010427,3.3435E-4,0.0081434,-3.7466E-6,0
1520441519986,true,1487.208,0,0.029332,0.011161,0.013868,8.8398E-4,0.0074071,1.5842E-4,0.0080554,1.9018E-4,0.012065,0.013311,0.013231,4.1789E-4,0.010432,3.3046E-4,0.0080855,1.5363E-5,0
1520441520056,true,1487.278,0,0.029814,0.010782,0.01383,8.8938E-4,0.0074084,1.5791E-4,0.0080081,1.9517E-4,0.012892,0.012897,0.013188,4.2643E-4,0.010437,3.1948E-4,0.0080581,2.8162E-5,0
1520441520114,true,1487.336,0,0.030723,0.010902,0.013764,8.9146E-4,0.0073973,1.6288E-4,0.0079649,1.9221E-4,0.013772,0.012328,0.013176,4.2702E-4,0.010413,3.1808E-4,0.0080533,3.2417E-5,0
1520441520171,true,1487.393,0,0.031418,0.011251,0.013719,8.8828E-4,0.0073796,1.6873E-4,0.0079492,1.9048E-4,0.013557,0.012397,0.013188,4.1978E-4,0.010352,3.3169E-4,0.0080532,2.6576E-5,0
1520441520229,true,1487.451,0,0.031452,0.011633,0.013729,8.8285E-4,0.0073384,1.7225E-4,0.0079425,1.9632E-4,0.012541,0.013027,0.013207,4.0685E-4,0.010328,3.3941E-4,0.0080519,1.9673E-5,0
1520441520286,true,1487.508,0,0.030589,0.011638,0.013739,8.845E-4,0.0073026,1.6708E-4,0.0079363,2.0232E-4,0.012016,0.01353,0.01321,4.0153E-4,0.010353,3.3591E-4,0.0080123,2.7689E-5,0
1520441520331,true,1487.553,0,0.03001,0.011324,0.013747,8.854E-4,0.007313,1.6098E-4,0.0079002,2.1193E-4,0.012048,0.013727,0.013174,4.1052E-4,0.010384,3.2281E-4,0.007974,3.9552E-5,0
1520441520389,true,1487.611,0,0.030399,0.011079,0.01371,8.9312E-4,0.0073329,1.6522E-4,0.0078479,2.1247E-4,0.012498,0.013339,0.013137,4.2092E-4,0.010405,3.1052E-4,0.0079836,4.1514E-5,0
1520441520446,true,1487.668,0,0.030695,0.011236,0.01366,8.9397E-4,0.0073502,1.7085E-4,0.0078294,2.0684E-4,0.012835,0.01293,0.01313,4.2489E-4,0.010383,3.1642E-4,0.0080202,3.1453E-5,0
1520441520504,true,1487.726,0,0.030951,0.011313,0.013639,8.8942E-4,0.0073407,1.7806E-4,0.0078462,2.0814E-4,0.012242,0.013081,0.01313,4.2167E-4,0.010331,3.3548E-4,0.0080598,1.3906E-5,0
1520441520561,true,1487.783,0,0.03038,0.011452,0.013642,8.8661E-4,0.0073023,1.8051E-4,0.0078561,2.1545E-4,0.011608,0.013339,0.01313,4.1315E-4,0.01031,3.4786E-4,0.0080569,1.188E-5,0
1520441520633,true,1487.855,0,0.029505,0.011199,0.013638,8.8625E-4,0.0072819,1.7308E-4,0.0078623,2.2262E-4,0.011825,0.013399,0.013103,4.1285E-4,0.010304,3.5196E-4,0.0080081,2.9256E-5,0
1520441520691,true,1487.913,0,0.029548,0.010782,0.013615,8.8696E-4,0.0072857,1.6964E-4,0.0078213,2.3102E-4,0.012653,0.013049,0.013056,4.2289E-4,0.010309,3.4239E-4,0.0079663,4.4678E-5,0
1520441520748,true,1487.97,0,0.030523,0.010748,0.013562,8.8765E-4,0.0072805,1.7422E-4,0.0077773,2.3006E-4,0.013595,0.012433,0.013038,4.2406E-4,0.010292,3.3883E-4,0.0079596,5.4724E-5,0
1520441520806,true,1488.028,0,0.031237,0.011045,0.013507,8.8818E-4,0.0072679,1.8032E-4,0.0077587,2.2815E-4,0.013733,0.012253,0.013047,4.2079E-4,0.010233,3.5289E-4,0.0079558,5.2137E-5,0
1520441520863,true,1488.085,0,0.031742,0.011348,0.013514,8.8159E-4,0.0072326,1.8821E-4,0.007755,2.3235E-4,0.012798,0.012814,0.013071,4.1065E-4,0.010197,3.6273E-4,0.007966,4.1724E-5,0
1520441520906,true,1488.128,0,0.030975,0.011493,0.013529,8.8302E-4,0.0071959,1.8753E-4,0.0077543,2.3589E-4,0.012096,0.013348,0.013084,4.0147E-4,0.010203,3.6414E-4,0.0079331,4.8422E-5,0
1520441520964,true,1488.186,0,0.030269,0.011201,0.013538,8.8486E-4,0.0071948,1.8185E-4,0.0077321,2.4177E-4,0.011953,0.013687,0.013053,4.0651E-4,0.010233,3.5409E-4,0.0078828,6.1225E-5,0
1520441521021,true,1488.243,0,0.030467,0.010902,0.013514,8.925E-4,0.0072122,1.8558E-4,0.0076776,2.4681E-4,0.012236,0.013435,0.013008,4.1929E-4,0.010253,3.4223E-4,0.0078708,6.6137E-5,0
1520441521079,true,1488.301,0,0.030855,0.010959,0.013463,8.9452E-4,0.007229,1.9208E-4,0.0076515,2.4153E-4,0.012748,0.012932,0.012992,4.2484E-4,0.010238,3.4422E-4,0.007895,6.1417E-5,0
1520441521136,true,1488.358,0,0.03109,0.011078,0.013436,8.8971E-4,0.0072272,2.0095E-4,0.007668,2.3876E-4,0.012375,0.012918,0.012982,4.2445E-4,0.010181,3.6252E-4,0.0079289,4.636E-5,0
1520441521207,true,1488.429,0,0.030623,0.011276,0.013437,8.852E-4,0.0071887,2.0838E-4,0.0076796,2.4552E-4,0.011556,0.013194,0.012976,4.1733E-4,0.010146,3.7784E-4,0.0079407,3.765E-5,0
1520441521265,true,1488.487,0,0.029588,0.011137,0.013434,8.8534E-4,0.0071477,2.0595E-4,0.007694,2.5095E-4,0.011528,0.013264,0.012949,4.1692E-4,0.010137,3.836E-4,0.0078921,5.2639E-5,0
1520441521322,true,1488.544,0,0.02923,0.010735,0.013419,8.8687E-4,0.0071393,2.0266E-4,0.0076704,2.5946E-4,0.01217,0.013035,0.012894,4.2697E-4,0.010133,3.7844E-4,0.0078318,7.2536E-5,0
1520441521380,true,1488.602,0,0.030086,0.010558,0.013365,8.9217E-4,0.0071399,2.0752E-4,0.0076175,2.6325E-4,0.013129,0.012434,0.012857,4.3208E-4,0.010121,3.7254E-4,0.007808,8.427E-5,0
1520441521437,true,1488.659,0,0.0308,0.010882,0.01331,8.9425E-4,0.0071356,2.1419E-4,0.0076013,2.6092E-4,0.013574,0.012054,0.012863,4.3203E-4,0.010077,3.8062E-4,0.0078029,8.489E-5,0
1520441521481,true,1488.703,0,0.031358,0.011182,0.013304,8.9016E-4,0.0071096,2.2446E-4,0.0076084,2.616E-4,0.012863,0.012437,0.012881,4.2278E-4,0.010033,3.9184E-4,0.0078072,7.8253E-5,0
1520441521539,true,1488.761,0,0.030836,0.01145,0.013327,8.8868E-4,0.0070705,2.2706E-4,0.007615,2.6587E-4,0.012022,0.01299,0.012897,4.1316E-4,0.010036,3.9406E-4,0.0077844,8.0965E-5,0
1520441521596,true,1488.818,0,0.030002,0.011249,0.013346,8.9037E-4,0.0070606,2.2089E-4,0.0076099,2.7032E-4,0.011789,0.013377,0.012873,4.1701E-4,0.010065,3.8552E-4,0.0077246,9.785E-5,0
1520441521654,true,1488.876,0,0.029937,0.010882,0.013338,8.9665E-4,0.0070797,2.2316E-4,0.0075689,2.7536E-4,0.012036,0.013258,0.012834,4.281E-4,0.010088,3.716E-4,0.0077047,1.0432E-4,0
1520441521711,true,1488.933,0,0.030386,0.010842,0.013294,9.0088E-4,0.0070943,2.3091E-4,0.0075365,2.7033E-4,0.01259,0.012743,0.012808,4.3677E-4,0.010083,3.7013E-4,0.0077249,1.0205E-4,0
1520441521782,true,1489.004,0,0.030605,0.010968,0.013268,8.9632E-4,0.0071113,2.3698E-4,0.0075501,2.651E-4,0.01244,0.012609,0.012799,4.398E-4,0.010034,3.8489E-4,0.0077561,8.9161E-5,0
1520441521840,true,1489.062,0,0.03045,0.011156,0.013269,8.9269E-4,0.0070842,2.4533E-4,0.0075736,2.6812E-4,0.011599,0.012915,0.012791,4.3488E-4,0.0099866,4.0235E-4,0.007786,7.4953E-5,0
1520441521897,true,1489.119,0,0.029434,0.011138,0.013266,8.9439E-4,0.0070474,2.4411E-4,0.0075949,2.711E-4,0.011347,0.013059,0.012775,4.3022E-4,0.0099745,4.1107E-4,0.0077443,8.4101E-5,0
1520441521955,true,1489.177,0,0.028748,0.010762,0.013259,8.9625E-4,0.0070326,2.3966E-4,0.0075852,2.8041E-4,0.011885,0.012949,0.012721,4.3866E-4,0.0099699,4.0758E-4,0.0076823,1.055E-4,0
1520441522012,true,1489.234,0,0.029311,0.010504,0.013216,9.0733E-4,0.0070331,2.4485E-4,0.0075393,2.867E-4,0.012815,0.01239,0.012682,4.4694E-4,0.0099767,3.9824E-4,0.0076592,1.1895E-4,0
1520441522056,true,1489.278,0,0.030152,0.010733,0.013178,9.0833E-4,0.0070427,2.5074E-4,0.0075236,2.8167E-4,0.013548,0.011889,0.012688,4.4735E-4,0.0099493,4.045E-4,0.0076701,1.2016E-4,0
1520441522114,true,1489.336,0,0.030866,0.011034,0.013175,9.0409E-4,0.0070346,2.5988E-4,0.0075458,2.8004E-4,0.013129,0.012075,0.012709,4.416E-4,0.009904,4.2083E-4,0.007689,1.1086E-4,0
1520441522171,true,1489.393,0,0.03058,0.011403,0.013206,9.0476E-4,0.0070058,2.6367E-4,0.0075575,2.8579E-4,0.012174,0.012661,0.01273,4.3145E-4,0.0098936,4.2851E-4,0.007681,1.1085E-4,0
1520441522229,true,1489.451,0,0.029679,0.01134,0.013232,9.1116E-4,0.0069907,2.5984E-4,0.0075704,2.894E-4,0.011785,0.013114,0.012723,4.3156E-4,0.0099229,4.2434E-4,0.007633,1.2469E-4,0
1520441522286,true,1489.508,0,0.029377,0.010993,0.013254,9.1828E-4,0.007014,2.5884E-4,0.0075435,2.9777E-4,0.011994,0.013148,0.012686,4.4605E-4,0.0099559,4.1206E-4,0.0076054,1.3832E-4,0
1520441522357,true,1489.579,0,0.030002,0.01084,0.013231,9.2719E-4,0.007048,2.6522E-4,0.0075106,2.9595E-4,0.012479,0.012715,0.01266,4.5975E-4,0.0099771,4.045E-4,0.0076269,1.3931E-4,0
1520441522415,true,1489.637,0,0.030262,0.011019,0.013205,9.2769E-4,0.0070797,2.7096E-4,0.007521,2.9077E-4,0.01251,0.012475,0.012668,4.6364E-4,0.0099501,4.1806E-4,0.0076639,1.3218E-4,0
1520441522472,true,1489.694,0,0.030459,0.011151,0.013215,9.2382E-4,0.0070727,2.8124E-4,0.0075604,2.9059E-4,0.011791,0.012747,0.012672,4.6084E-4,0.0099115,4.3596E-4,0.0077086,1.1895E-4,0
1520441522530,true,1489.752,0,0.029744,0.011238,0.013237,9.2422E-4,0.0070499,2.7943E-4,0.007595,2.9403E-4,0.011391,0.012985,0.012673,4.5613E-4,0.0099062,4.4657E-4,0.0076978,1.2385E-4,0
1520441522587,true,1489.809,0,0.028995,0.010914,0.01325,9.2852E-4,0.0070405,2.7695E-4,0.0076066,3.0424E-4,0.011742,0.013074,0.012641,4.6444E-4,0.0099091,4.4926E-4,0.0076541,1.4606E-4,0
1520441522632,true,1489.854,0,0.029353,0.010566,0.013249,9.3587E-4,0.0070664,2.7718E-4,0.0075858,3.0971E-4,0.012603,0.012675,0.012612,4.7632E-4,0.0099271,4.426E-4,0.007636,1.6261E-4,0
1520441522690,true,1489.912,0,0.030273,0.010703,0.013223,9.4174E-4,0.0070972,2.7929E-4,0.0075739,3.0578E-4,0.013589,0.012098,0.01262,4.7833E-4,0.0099229,4.4523E-4,0.0076547,1.7047E-4,0
1520441522747,true,1489.969,0,0.031045,0.011024,0.013225,9.3935E-4,0.0071156,2.8566E-4,0.0076053,2.9962E-4,0.013495,0.012153,0.012652,4.7393E-4,0.0098927,4.5726E-4,0.0076857,1.638E-4,0
1520441522805,true,1490.027,0,0.031213,0.01141,0.01327,9.3766E-4,0.0071,2.9077E-4,0.0076314,3.042E-4,0.012602,0.012744,0.01269,4.6184E-4,0.009887,4.6499E-4,0.0077049,1.5893E-4,0
1520441522862,true,1490.084,0,0.030377,0.011512,0.013318,9.4138E-4,0.0070901,2.868E-4,0.0076577,3.0732E-4,0.012023,0.013311,0.012712,4.5635E-4,0.0099234,4.6277E-4,0.0076767,1.7145E-4,0
1520441522932,true,1490.154,0,0.029929,0.011176,0.013365,9.4611E-4,0.0071251,2.7883E-4,0.0076516,3.1486E-4,0.012105,0.013597,0.012692,4.6645E-4,0.0099713,4.5137E-4,0.007649,1.8658E-4,0
1520441522990,true,1490.212,0,0.030301,0.01101,0.013363,9.549E-4,0.0071656,2.8306E-4,0.0076297,3.1345E-4,0.01262,0.013249,0.012671,4.7823E-4,0.010016,4.3826E-4,0.0076719,1.8974E-4,0
1520441523047,true,1490.269,0,0.030671,0.011218,0.01335,9.5415E-4,0.0072049,2.8735E-4,0.0076418,3.0463E-4,0.013011,0.012866,0.012682,4.8332E-4,0.010011,4.4397E-4,0.0077209,1.8293E-4,0
1520441523105,true,1490.327,0,0.030972,0.011369,0.01337,9.4655E-4,0.0072279,2.9413E-4,0.0076826,3.0277E-4,0.012414,0.013075,0.012695,4.8122E-4,0.0099766,4.6108E-4,0.0077668,1.6814E-4,0
1520441523162,true,1490.384,0,0.030345,0.011581,0.0134,9.4844E-4,0.0072119,2.9704E-4,0.0077223,3.0785E-4,0.011818,0.013329,0.012711,4.7335E-4,0.0099681,4.7147E-4,0.0077793,1.6678E-4,0
1520441523206,true,1490.428,0,0.029474,0.011346,0.013433,9.5187E-4,0.0072118,2.9371E-4,0.0077607,3.1367E-4,0.011987,0.013432,0.012704,4.7507E-4,0.0099843,4.7513E-4,0.0077422,1.8634E-4,0
1520441523264,true,1490.486,0,0.029624,0.010932,0.013454,9.5771E-4,0.007245,2.9211E-4,0.007755,3.2208E-4,0.012764,0.013152,0.012674,4.8741E-4,0.010007,4.6919E-4,0.0077292,2.0404E-4,0
1520441523321,true,1490.543,0,0.0306,0.010907,0.013439,9.6325E-4,0.0072825,2.9434E-4,0.0077457,3.1833E-4,0.013727,0.012561,0.012686,4.8842E-4,0.01002,4.646E-4,0.0077501,2.1358E-4,0
1520441523379,true,1490.601,0,0.031444,0.011203,0.013442,9.6008E-4,0.0073194,2.9505E-4,0.0077702,3.1269E-4,0.014001,0.012383,0.012722,4.8391E-4,0.0099942,4.7487E-4,0.0077824,2.0926E-4,0
1520441523436,true,1490.658,0,0.032054,0.011524,0.013491,9.5478E-4,0.0073251,2.9964E-4,0.0078065,3.1456E-4,0.013209,0.012888,0.012764,4.7114E-4,0.009985,4.8247E-4,0.0078173,1.9761E-4,0
1520441523507,true,1490.729,0,0.031344,0.011739,0.013548,9.5608E-4,0.0073181,2.9438E-4,0.0078296,3.2034E-4,0.012549,0.013447,0.012799,4.5995E-4,0.01001,4.8313E-4,0.0078089,2.0122E-4,0
1520441523565,true,1490.787,0,0.03067,0.011471,0.013604,9.5641E-4,0.0073485,2.8643E-4,0.0078442,3.2419E-4,0.012458,0.013832,0.01279,4.658E-4,0.010059,4.7088E-4,0.0077743,2.1497E-4,0
1520441523622,true,1490.844,0,0.0309,0.011201,0.013623,9.6119E-4,0.0074005,2.8442E-4,0.0078288,3.219E-4,0.012793,0.013616,0.012765,4.7797E-4,0.010111,4.532E-4,0.0077855,2.1879E-4,0
1520441523680,true,1490.902,0,0.031362,0.011319,0.013608,9.6298E-4,0.0074487,2.8623E-4,0.007827,3.12E-4,0.01326,0.013141,0.012765,4.826E-4,0.010116,4.5201E-4,0.0078311,2.1086E-4,0
1520441523737,true,1490.959,0,0.031572,0.01145,0.013614,9.5685E-4,0.0074771,2.8949E-4,0.0078685,3.0551E-4,0.01279,0.013214,0.012777,4.803E-4,0.010084,4.6668E-4,0.0078863,1.9206E-4,0
1520441523807,true,1491.029,0,0.031264,0.011639,0.01364,9.5735E-4,0.0074602,2.9475E-4,0.0079035,3.1151E-4,0.011998,0.013511,0.012792,4.7049E-4,0.010063,4.7987E-4,0.0079139,1.8389E-4,0
1520441523865,true,1491.087,0,0.03032,0.011515,0.013669,9.5966E-4,0.0074587,2.8905E-4,0.0079465,3.1416E-4,0.012014,0.013582,0.012796,4.6701E-4,0.010083,4.837E-4,0.0078949,1.9538E-4,0
1520441523922,true,1491.144,0,0.030018,0.01108,0.013696,9.6022E-4,0.0074888,2.8434E-4,0.0079533,3.2113E-4,0.01265,0.013386,0.012766,4.7542E-4,0.010103,4.7596E-4,0.0078741,2.1064E-4,0
1520441523980,true,1491.202,0,0.030747,0.010935,0.013689,9.6222E-4,0.0075269,2.8379E-4,0.0079415,3.1929E-4,0.013618,0.012753,0.012759,4.7969E-4,0.010124,4.6729E-4,0.0078888,2.1757E-4,0
1520441524037,true,1491.259,0,0.031475,0.011218,0.013672,9.6006E-4,0.0075619,2.8187E-4,0.0079532,3.126E-4,0.014171,0.012352,0.012786,4.7713E-4,0.010109,4.7164E-4,0.0079157,2.1445E-4,0
1520441524082,true,1491.304,0,0.032137,0.011517,0.013704,9.5237E-4,0.0075723,2.8269E-4,0.0079896,3.0987E-4,0.013501,0.012713,0.012824,4.6496E-4,0.010078,4.7992E-4,0.0079465,2.0109E-4,0
1520441524140,true,1491.362,0,0.031579,0.011819,0.01375,9.5122E-4,0.007557,2.8074E-4,0.0080206,3.0946E-4,0.012588,0.013289,0.012862,4.5087E-4,0.010093,4.8037E-4,0.0079454,1.9823E-4,0
1520441524197,true,1491.419,0,0.030731,0.011657,0.013796,9.5077E-4,0.0075724,2.681E-4,0.0080408,3.0982E-4,0.01233,0.013696,0.012856,4.5069E-4,0.010132,4.7048E-4,0.0079044,2.0962E-4,0
1520441524255,true,1491.477,0,0.030777,0.011291,0.013821,9.5332E-4,0.0076157,2.6252E-4,0.0080209,3.1116E-4,0.012605,0.013599,0.012821,4.6235E-4,0.010173,4.5322E-4,0.0078969,2.1423E-4,0
1520441524312,true,1491.534,0,0.031338,0.011269,0.013799,9.5473E-4,0.007653,2.6389E-4,0.0080049,3.0393E-4,0.013164,0.013136,0.012808,4.6971E-4,0.010186,4.4604E-4,0.0079326,2.0828E-4,0
1520441524358,true,1491.58,0,0.031643,0.011421,0.013782,9.5327E-4,0.0076875,2.6504E-4,0.0080302,2.9736E-4,0.013048,0.013012,0.012812,4.7094E-4,0.010151,4.5948E-4,0.0079759,1.9192E-4,0
1520441524416,true,1491.638,0,0.0316,0.011617,0.013809,9.5026E-4,0.0076915,2.682E-4,0.0080745,2.9969E-4,0.012202,0.013379,0.012823,4.6676E-4,0.010126,4.7418E-4,0.0080278,1.7436E-4,0
1520441524473,true,1491.695,0,0.030651,0.011628,0.013844,9.5082E-4,0.0076863,2.6436E-4,0.0081246,3.018E-4,0.011944,0.013573,0.012828,4.6469E-4,0.010137,4.8089E-4,0.0080252,1.7965E-4,0
1520441524531,true,1491.753,0,0.03007,0.011231,0.01387,9.5269E-4,0.0077125,2.5473E-4,0.0081472,3.0751E-4,0.01252,0.013488,0.012806,4.7251E-4,0.010161,4.7692E-4,0.0080026,1.9559E-4,0
1520441524588,true,1491.81,0,0.030668,0.01094,0.013868,9.5585E-4,0.0077563,2.4867E-4,0.0081327,3.0793E-4,0.013432,0.012932,0.012782,4.8057E-4,0.010189,4.6569E-4,0.0080147,2.0243E-4,0
1520441524657,true,1491.879,0,0.031494,0.011134,0.01384,9.5697E-4,0.0077928,2.469E-4,0.0081374,2.9785E-4,0.014295,0.012355,0.012797,4.8253E-4,0.010178,4.6796E-4,0.0080411,2.0176E-4,0
1520441524715,true,1491.937,0,0.032333,0.011344,0.013855,9.4722E-4,0.0078047,2.4847E-4,0.0081735,2.9126E-4,0.013945,0.012495,0.012835,4.7256E-4,0.010151,4.787E-4,0.008065,1.9291E-4,0
1520441524772,true,1491.994,0,0.032008,0.011735,0.013897,9.4467E-4,0.0077919,2.4529E-4,0.0082006,2.9036E-4,0.012958,0.013066,0.012868,4.6023E-4,0.010161,4.8079E-4,0.0080742,1.8739E-4,0
1520441524830,true,1492.052,0,0.031157,0.011666,0.013937,9.4606E-4,0.0077928,2.3592E-4,0.008226,2.8787E-4,0.012611,0.013478,0.012871,4.5988E-4,0.010204,4.7362E-4,0.0080403,1.9906E-4,0
1520441524887,true,1492.109,0,0.030957,0.011276,0.013968,9.4734E-4,0.007833,2.2724E-4,0.0082114,2.9071E-4,0.01281,0.013551,0.012833,4.7433E-4,0.010253,4.5825E-4,0.0080247,2.0763E-4,0
1520441524933,true,1492.155,0,0.031521,0.011168,0.013956,9.495E-4,0.0078689,2.295E-4,0.0081952,2.808E-4,0.013303,0.01314,0.012816,4.8396E-4,0.010285,4.4699E-4,0.0080619,2.0376E-4,0
1520441524991,true,1492.213,0,0.031788,0.011373,0.013933,9.4869E-4,0.0079021,2.3054E-4,0.0082118,2.6934E-4,0.01339,0.012891,0.012815,4.912E-4,0.010257,4.5958E-4,0.0081079,1.9232E-4,0
1520441525048,true,1492.27,0,0.031995,0.011492,0.013951,9.4473E-4,0.0079045,2.3717E-4,0.0082529,2.6641E-4,0.01257,0.013216,0.012826,4.9031E-4,0.010227,4.7754E-4,0.0081657,1.7365E-4,0
1520441525106,true,1492.328,0,0.031208,0.011596,0.013988,9.4449E-4,0.0078908,2.3589E-4,0.0083018,2.6733E-4,0.012027,0.013501,0.012838,4.8867E-4,0.01024,4.8595E-4,0.0081768,1.7345E-4,0
1520441525163,true,1492.385,0,0.030359,0.011306,0.014021,9.441E-4,0.0079096,2.2577E-4,0.0083343,2.7211E-4,0.012363,0.013548,0.012822,4.9659E-4,0.010268,4.8496E-4,0.0081491,1.8994E-4,0
1520441525232,true,1492.454,0,0.030755,0.010913,0.014028,9.4787E-4,0.0079479,2.2111E-4,0.0083289,2.7293E-4,0.013276,0.013112,0.012798,5.0835E-4,0.0103,4.7424E-4,0.0081543,2.0079E-4,0
1520441525290,true,1492.512,0,0.031792,0.010989,0.014012,9.4946E-4,0.0079846,2.2132E-4,0.0083271,2.6669E-4,0.014292,0.012499,0.012815,5.1078E-4,0.010312,4.7321E-4,0.0081856,2.054E-4,0
1520441525347,true,1492.569,0,0.032559,0.011296,0.014014,9.4536E-4,0.0080088,2.2379E-4,0.0083611,2.581E-4,0.014252,0.012499,0.012859,5.0512E-4,0.010285,4.8575E-4,0.00823,1.9523E-4,0
1520441525405,true,1492.627,0,0.032729,0.011693,0.014065,9.3773E-4,0.0080018,2.2323E-4,0.0083968,2.5744E-4,0.013408,0.013079,0.012905,4.936E-4,0.010289,4.9223E-4,0.0082659,1.8524E-4,0
1520441525462,true,1492.684,0,0.031959,0.011772,0.014119,9.3668E-4,0.0079988,2.1284E-4,0.0084225,2.5574E-4,0.012912,0.01359,0.012927,4.9061E-4,0.010331,4.8763E-4,0.0082441,1.9656E-4,0
1520441525534,true,1492.756,0,0.031537,0.011495,0.014167,9.3465E-4,0.0080304,2.0282E-4,0.008425,2.556E-4,0.013021,0.013833,0.012913,5.0056E-4,0.010381,4.7461E-4,0.0082193,2.0825E-4,0
1520441525592,true,1492.814,0,0.032089,0.011282,0.014164,9.3876E-4,0.0080741,2.0101E-4,0.008405,2.4982E-4,0.013496,0.013515,0.0129,5.1242E-4,0.01043,4.5918E-4,0.0082405,2.0941E-4,0
1520441525649,true,1492.871,0,0.032478,0.011463,0.014141,9.4053E-4,0.0081176,2.0174E-4,0.0084158,2.3613E-4,0.013825,0.013168,0.012909,5.1972E-4,0.010424,4.6411E-4,0.0082854,1.9929E-4,0
1520441525707,true,1492.929,0,0.032813,0.011581,0.014157,9.3484E-4,0.0081276,2.0858E-4,0.0084595,2.3046E-4,0.013205,0.013386,0.012927,5.2098E-4,0.010401,4.7985E-4,0.0083413,1.8289E-4,0
1520441525764,true,1492.986,0,0.032229,0.0118,0.014204,9.3206E-4,0.0081235,2.0907E-4,0.0085111,2.286E-4,0.012498,0.013721,0.012952,5.1599E-4,0.010405,4.9205E-4,0.0083703,1.7895E-4,0
1520441525808,true,1493.03,0,0.03131,0.011604,0.014241,9.3203E-4,0.0081292,2.0028E-4,0.0085582,2.2807E-4,0.012679,0.01383,0.012955,5.1923E-4,0.010442,4.9094E-4,0.0083595,1.9282E-4,0
1520441525866,true,1493.088,0,0.031324,0.011204,0.014271,9.3355E-4,0.0081777,1.9362E-4,0.0085619,2.2987E-4,0.013422,0.013539,0.012937,5.2951E-4,0.01048,4.8154E-4,0.0083597,2.0576E-4,0
1520441525923,true,1493.145,0,0.032287,0.011166,0.014259,9.3625E-4,0.0082223,1.9135E-4,0.008563,2.2135E-4,0.014492,0.012889,0.012947,5.349E-4,0.010501,4.7662E-4,0.0083847,2.144E-4,0
1520441525981,true,1493.203,0,0.033034,0.011472,0.014258,9.3147E-4,0.0082617,1.8809E-4,0.0085928,2.0834E-4,0.014775,0.012692,0.012992,5.3114E-4,0.010485,4.8593E-4,0.0084231,2.0843E-4,0
1520441526038,true,1493.26,0,0.033668,0.011796,0.014307,9.2311E-4,0.0082626,1.8966E-4,0.0086297,2.05E-4,0.013974,0.013199,0.013036,5.2044E-4,0.010477,4.957E-4,0.008459,1.9724E-4,0
1520441526108,true,1493.33,0,0.033039,0.011995,0.014362,9.2286E-4,0.0082489,1.8284E-4,0.0086636,2.0339E-4,0.013328,0.013743,0.013076,5.1095E-4,0.010513,4.961E-4,0.0084528,2.004E-4,0
1520441526166,true,1493.388,0,0.032323,0.01177,0.014412,9.2268E-4,0.0082706,1.7124E-4,0.0086765,2.0458E-4,0.013259,0.014103,0.01307,5.1776E-4,0.010569,4.8119E-4,0.0084248,2.1232E-4,0
1520441526223,true,1493.445,0,0.032616,0.011499,0.014423,9.2772E-4,0.0083177,1.6402E-4,0.0086523,2.0163E-4,0.013672,0.013857,0.013047,5.2986E-4,0.010625,4.6244E-4,0.0084411,2.1382E-4,0
1520441526281,true,1493.503,0,0.033081,0.011621,0.0144,9.2828E-4,0.0083565,1.6572E-4,0.0086442,1.9055E-4,0.014096,0.013444,0.013052,5.3708E-4,0.010635,4.6007E-4,0.0084851,2.0519E-4,0
1520441526338,true,1493.56,0,0.033379,0.011734,0.014399,9.2256E-4,0.0083791,1.6785E-4,0.0086702,1.834E-4,0.013651,0.013504,0.013065,5.374E-4,0.010605,4.7486E-4,0.0085413,1.8543E-4,0
1520441526383,true,1493.605,0,0.033052,0.011948,0.014436,9.1742E-4,0.008368,1.6966E-4,0.0087078,1.845E-4,0.012879,0.01385,0.013084,5.3134E-4,0.010598,4.8569E-4,0.008578,1.7324E-4,0
1520441526441,true,1493.663,0,0.032031,0.011846,0.014466,9.1745E-4,0.0083665,1.6064E-4,0.0087468,1.8454E-4,0.012772,0.013976,0.013085,5.3216E-4,0.010624,4.8995E-4,0.0085617,1.822E-4,0
1520441526498,true,1493.72,0,0.031737,0.011393,0.014493,9.1699E-4,0.0083971,1.5177E-4,0.0087559,1.8747E-4,0.013378,0.013787,0.013062,5.4147E-4,0.010651,4.8223E-4,0.0085336,1.9672E-4,0
1520441526556,true,1493.778,0,0.032461,0.011205,0.014483,9.1846E-4,0.0084394,1.4704E-4,0.0087432,1.8058E-4,0.014377,0.013154,0.013053,5.4741E-4,0.010673,4.7292E-4,0.0085395,2.0564E-4,0
1520441526613,true,1493.835,0,0.033168,0.011471,0.014462,9.1535E-4,0.0084769,1.4196E-4,0.0087638,1.6663E-4,0.014966,0.012715,0.01308,5.4615E-4,0.010654,4.7872E-4,0.0085697,2.0033E-4,0
1520441526683,true,1493.905,0,0.033772,0.011739,0.01449,9.0587E-4,0.0084771,1.4407E-4,0.0087942,1.6302E-4,0.014382,0.013019,0.013119,5.3558E-4,0.010628,4.8798E-4,0.0085954,1.8856E-4,0
1520441526741,true,1493.963,0,0.033251,0.012049,0.014538,9.0178E-4,0.0084629,1.3985E-4,0.008824,1.5974E-4,0.013566,0.013538,0.013151,5.2286E-4,0.010642,4.8817E-4,0.0085831,1.8791E-4,0
1520441526798,true,1494.02,0,0.032406,0.011873,0.014582,8.9921E-4,0.0084714,1.2549E-4,0.0088332,1.6156E-4,0.01335,0.013927,0.013144,5.2522E-4,0.010684,4.7731E-4,0.0085362,2.029E-4,0
1520441526856,true,1494.078,0,0.032454,0.011465,0.014598,9.022E-4,0.0085078,1.1756E-4,0.0088096,1.6043E-4,0.013608,0.013783,0.013113,5.3839E-4,0.010729,4.5867E-4,0.00852,2.0948E-4,0
1520441526913,true,1494.135,0,0.032998,0.01144,0.014569,9.0424E-4,0.0085365,1.1861E-4,0.0087863,1.5142E-4,0.014048,0.013302,0.013099,5.4705E-4,0.010747,4.4771E-4,0.0085454,2.034E-4,0
1520441526958,true,1494.18,0,0.033098,0.011602,0.014544,9.0036E-4,0.0085619,1.191E-4,0.0088066,1.4114E-4,0.013822,0.013188,0.013105,5.4861E-4,0.010704,4.6029E-4,0.008586,1.8561E-4,0
1520441527016,true,1494.238,0,0.032931,0.011755,0.014562,8.956E-4,0.0085487,1.2178E-4,0.0088398,1.3893E-4,0.012902,0.013519,0.013111,5.455E-4,0.010671,4.741E-4,0.0086254,1.6714E-4,0
1520441527073,true,1494.295,0,0.031919,0.011712,0.014582,8.9457E-4,0.0085286,1.1559E-4,0.0088727,1.3836E-4,0.01252,0.013712,0.013116,5.4007E-4,0.010676,4.8058E-4,0.0086028,1.7154E-4,0
1520441527131,true,1494.353,0,0.031189,0.011304,0.014599,8.9314E-4,0.0085429,1.038E-4,0.0088845,1.4024E-4,0.012961,0.013637,0.013082,5.4722E-4,0.010693,4.7549E-4,0.0085669,1.8431E-4,0
1520441527188,true,1494.41,0,0.031659,0.010984,0.014581,8.9636E-4,0.0085676,1.0076E-4,0.008861,1.3912E-4,0.013889,0.013058,0.013051,5.5399E-4,0.01071,4.6387E-4,0.0085558,1.9488E-4,0
1520441527258,true,1494.48,0,0.032336,0.011183,0.01455,8.9392E-4,0.0085833,1.0098E-4,0.0088488,1.3092E-4,0.014749,0.012474,0.013066,5.5277E-4,0.010688,4.6539E-4,0.0085697,1.9227E-4,0
1520441527316,true,1494.538,0,0.033102,0.011432,0.014555,8.8508E-4,0.0085938,9.8354E-5,0.0088825,1.2156E-4,0.014424,0.012592,0.013096,5.4503E-4,0.01064,4.7915E-4,0.0085845,1.8378E-4,0
1520441527373,true,1494.595,0,0.032832,0.011827,0.014601,8.7633E-4,0.0085698,9.457E-5,0.0089018,1.2101E-4,0.013525,0.013114,0.013127,5.3258E-4,0.010629,4.8271E-4,0.0085754,1.7869E-4,0
1520441527431,true,1494.653,0,0.031877,0.011807,0.014635,8.7452E-4,0.00855,8.3593E-5,0.0089117,1.1992E-4,0.013151,0.01357,0.01313,5.2895E-4,0.010653,4.7689E-4,0.0085275,1.8832E-4,0
1520441527488,true,1494.71,0,0.031546,0.011444,0.014653,8.7651E-4,0.0085679,7.6353E-5,0.00889,1.1965E-4,0.013313,0.013632,0.013093,5.4028E-4,0.01069,4.5907E-4,0.0084897,1.9589E-4,0
1520441527534,true,1494.756,0,0.03208,0.011337,0.014624,8.7935E-4,0.0085864,7.7384E-5,0.0088626,1.1035E-4,0.013849,0.013151,0.013068,5.4924E-4,0.010706,4.4558E-4,0.0084992,1.9384E-4,0
1520441527592,true,1494.814,0,0.032346,0.011499,0.014587,8.7729E-4,0.0086003,7.9212E-5,0.0088631,9.9166E-5,0.013934,0.012852,0.013065,5.5362E-4,0.010664,4.5435E-4,0.0085216,1.8019E-4,0
1520441527649,true,1494.871,0,0.032525,0.011604,0.014591,8.7121E-4,0.0085838,8.4674E-5,0.0088897,9.6075E-5,0.013085,0.01314,0.013062,5.5314E-4,0.010621,4.681E-4,0.0085511,1.6285E-4,0
1520441527707,true,1494.929,0,0.031655,0.011676,0.014608,8.7122E-4,0.0085554,8.2868E-5,0.0089201,9.6914E-5,0.012562,0.013368,0.013069,5.466E-4,0.010615,4.7567E-4,0.0085391,1.6285E-4,0
1520441527764,true,1494.986,0,0.030835,0.011337,0.014626,8.6982E-4,0.0085464,7.5444E-5,0.0089359,1.0105E-4,0.01283,0.013386,0.013034,5.5543E-4,0.010623,4.7449E-4,0.0084967,1.7688E-4,0
1520441527808,true,1495.03,0,0.031037,0.010948,0.01462,8.7214E-4,0.0085682,7.0172E-5,0.0089106,1.0315E-4,0.013689,0.012915,0.012997,5.6663E-4,0.010632,4.6479E-4,0.0084747,1.8721E-4,0
1520441527866,true,1495.088,0,0.031832,0.011021,0.014583,8.7257E-4,0.0085818,6.9698E-5,0.0088899,9.7187E-5,0.014629,0.012274,0.012997,5.6912E-4,0.010615,4.6491E-4,0.0084798,1.8919E-4,0
1520441527923,true,1495.145,0,0.032573,0.011285,0.014566,8.6753E-4,0.008589,6.8443E-5,0.0089119,8.8291E-5,0.014592,0.012217,0.013019,5.6325E-4,0.010566,4.7846E-4,0.0084913,1.8221E-4,0
1520441527981,true,1495.203,0,0.032756,0.011634,0.0146,8.6247E-4,0.0085636,6.7403E-5,0.0089332,8.8593E-5,0.013742,0.012723,0.013049,5.5136E-4,0.010539,4.8549E-4,0.0085001,1.7254E-4,0
1520441528038,true,1495.26,0,0.03192,0.011717,0.014634,8.6143E-4,0.0085367,5.8551E-5,0.0089477,8.7545E-5,0.013181,0.01321,0.013068,5.4277E-4,0.010558,4.8034E-4,0.0084485,1.815E-4,0
1520441528109,true,1495.331,0,0.031358,0.011393,0.014661,8.621E-4,0.0085466,4.7369E-5,0.0089276,8.9517E-5,0.013179,0.013439,0.013036,5.5419E-4,0.010583,4.6973E-4,0.0083956,1.947E-4,0
1520441528167,true,1495.389,0,0.031749,0.011164,0.014644,8.677E-4,0.008569,4.5576E-5,0.0088864,8.5803E-5,0.013609,0.013112,0.013004,5.6472E-4,0.010605,4.5469E-4,0.0083899,1.9707E-4,0
1520441528224,true,1495.446,0,0.032026,0.011345,0.014607,8.6679E-4,0.008586,4.5827E-5,0.0088767,7.2536E-5,0.013899,0.012729,0.012991,5.719E-4,0.010581,4.5672E-4,0.0084119,1.8606E-4,0
1520441528282,true,1495.504,0,0.032183,0.011471,0.014596,8.6097E-4,0.0085738,5.2485E-5,0.008894,6.9903E-5,0.013181,0.012926,0.012986,5.7087E-4,0.010521,4.7384E-4,0.0084408,1.6688E-4,0
1520441528339,true,1495.561,0,0.031507,0.011645,0.014606,8.6107E-4,0.0085359,5.419E-5,0.0089199,7.1442E-5,0.012324,0.013243,0.012994,5.6377E-4,0.010501,4.8453E-4,0.0084373,1.6155E-4,0
1520441528408,true,1495.63,0,0.030475,0.011392,0.014613,8.6319E-4,0.0085196,4.5409E-5,0.0089439,7.2565E-5,0.012376,0.013343,0.012974,5.6716E-4,0.010505,4.8722E-4,0.0083898,1.7432E-4,0
1520441528466,true,1495.688,0,0.030312,0.010943,0.014616,8.656E-4,0.0085305,4.1893E-5,0.0089263,7.6525E-5,0.013125,0.012975,0.012939,5.786E-4,0.010522,4.7593E-4,0.0083599,1.8525E-4,0
1520441528523,true,1495.745,0,0.031083,0.010831,0.014581,8.6769E-4,0.0085428,4.1996E-5,0.0088973,7.1648E-5,0.014162,0.012258,0.01293,5.8415E-4,0.010518,4.6977E-4,0.0083622,1.9013E-4,0
1520441528581,true,1495.803,0,0.031754,0.011005,0.014553,8.6448E-4,0.008551,3.906E-5,0.0089059,6.2633E-5,0.014451,0.011928,0.012954,5.7927E-4,0.010475,4.7919E-4,0.0083697,1.8259E-4,0
1520441528638,true,1495.86,0,0.0322,0.011253,0.014573,8.5735E-4,0.0085288,3.749E-5,0.0089219,6.2041E-5,0.01362,0.012357,0.012977,5.6978E-4,0.010436,4.882E-4,0.0083845,1.6888E-4,0
1520441528684,true,1495.906,0,0.03145,0.011406,0.014606,8.5634E-4,0.0084912,3.13E-5,0.0089287,6.1724E-5,0.012964,0.012797,0.013005,5.5726E-4,0.010446,4.8587E-4,0.0083524,1.7069E-4,0
1520441528742,true,1495.964,0,0.030685,0.011126,0.014629,8.5812E-4,0.0084956,1.6581E-5,0.0089175,6.4288E-5,0.012827,0.013103,0.012988,5.619E-4,0.010478,4.7394E-4,0.008292,1.828E-4,0
1520441528799,true,1496.021,0,0.030865,0.010807,0.014615,8.6435E-4,0.0085212,9.9506E-6,0.0088762,6.1903E-5,0.013119,0.012834,0.012953,5.7458E-4,0.010514,4.5375E-4,0.0082806,1.8277E-4,0
1520441528857,true,1496.079,0,0.031172,0.010886,0.014576,8.6447E-4,0.0085395,1.0001E-5,0.0088455,5.3168E-5,0.01357,0.012335,0.012946,5.8062E-4,0.010508,4.5043E-4,0.008306,1.7273E-4,0
1520441528914,true,1496.136,0,0.031283,0.010982,0.014564,8.548E-4,0.0085389,1.3452E-5,0.0088615,4.4299E-5,0.013023,0.01235,0.012948,5.7885E-4,0.010461,4.6338E-4,0.0083369,1.5347E-4,0
1520441528984,true,1496.206,0,0.03076,0.011084,0.014566,8.5155E-4,0.0085002,1.3948E-5,0.0088758,4.5903E-5,0.012065,0.012602,0.012943,5.7314E-4,0.010431,4.7289E-4,0.0083514,1.3671E-4,0
1520441529042,true,1496.264,0,0.02956,0.010826,0.014567,8.5209E-4,0.0084598,6.7945E-6,0.0088922,4.6639E-5,0.011862,0.012598,0.012927,5.7189E-4,0.010428,4.7693E-4,0.0083148,1.4209E-4,0
1520441529099,true,1496.321,0,0.028863,0.010285,0.014563,8.5198E-4,0.0084577,-1.8179E-6,0.0088727,5.0964E-5,0.012352,0.012249,0.012876,5.8422E-4,0.010428,4.6806E-4,0.0082649,1.537E-4,0
1520441529157,true,1496.379,0,0.029128,0.0099913,0.014527,8.5288E-4,0.0084605,-3.7115E-6,0.0088334,4.3616E-5,0.013236,0.01143,0.012844,5.9142E-4,0.010425,4.5647E-4,0.008252,1.5739E-4,0
1520441529214,true,1496.436,0,0.029483,0.010104,0.014476,8.4877E-4,0.0084561,-6.1687E-6,0.0088238,3.1258E-5,0.013804,0.010764,0.01285,5.8854E-4,0.010384,4.6062E-4,0.0082492,1.5104E-4,0
1520441529259,true,1496.481,0,0.029851,0.010243,0.01447,8.4212E-4,0.0084221,-4.4656E-6,0.0088311,2.6609E-5,0.013088,0.010914,0.012867,5.776E-4,0.010327,4.7109E-4,0.0082484,1.3779E-4,0
1520441529317,true,1496.539,0,0.029058,0.010449,0.014493,8.3684E-4,0.0083692,-9.517E-6,0.0088286,2.5217E-5,0.012258,0.011218,0.012892,5.6155E-4,0.010316,4.7009E-4,0.0082203,1.325E-4,0
1520441529374,true,1496.596,0,0.027955,0.010215,0.014513,8.353E-4,0.0083408,-2.1077E-5,0.0088238,2.3993E-5,0.011946,0.011476,0.012884,5.5993E-4,0.010342,4.5616E-4,0.0081552,1.4119E-4,0
1520441529432,true,1496.654,0,0.027793,0.0097453,0.01451,8.3741E-4,0.0083479,-2.9988E-5,0.0087769,2.256E-5,0.012076,0.011284,0.012847,5.6896E-4,0.01037,4.3545E-4,0.0081159,1.4522E-4,0
1520441529489,true,1496.711,0,0.028082,0.0096564,0.014465,8.3912E-4,0.0083629,-3.5198E-5,0.0087265,1.4194E-5,0.012407,0.010708,0.012826,5.7477E-4,0.010369,4.2374E-4,0.0081215,1.3723E-4,0
1520441529559,true,1496.781,0,0.028012,0.009722,0.014425,8.3295E-4,0.0083719,-3.9664E-5,0.0087242,2.8815E-6,0.012042,0.010503,0.012822,5.7226E-4,0.010314,4.3252E-4,0.0081474,1.1561E-4,0
1520441529617,true,1496.839,0,0.027684,0.0097558,0.014419,8.241E-4,0.0083271,-3.7256E-5,0.0087342,-1.2067E-6,0.011046,0.010721,0.012813,5.6371E-4,0.010258,4.4338E-4,0.0081648,9.2407E-5,0
1520441529674,true,1496.896,0,0.026472,0.0095754,0.014408,8.2313E-4,0.0082614,-4.148E-5,0.0087343,-1.7031E-6,0.010554,0.010766,0.012783,5.6075E-4,0.01024,4.4572E-4,0.0081192,9.4056E-5,0
1520441529732,true,1496.954,0,0.025433,0.0090802,0.014386,8.2431E-4,0.0082335,-4.9788E-5,0.0087151,1.3382E-6,0.010861,0.010543,0.012732,5.6676E-4,0.01023,4.4105E-4,0.0080474,1.0688E-4,0
1520441529789,true,1497.011,0,0.02554,0.0086978,0.014336,8.2741E-4,0.0082257,-5.3033E-5,0.0086728,-2.5166E-6,0.011612,0.0098387,0.012685,5.7426E-4,0.010229,4.2811E-4,0.0080285,1.0971E-4,0
1520441529834,true,1497.056,0,0.025939,0.0087519,0.014277,8.2305E-4,0.0082099,-5.4315E-5,0.0086452,-1.3275E-5,0.01237,0.0090771,0.012675,5.738E-4,0.010184,4.2922E-4,0.0080251,1.0597E-4,0
1520441529892,true,1497.114,0,0.026313,0.0088805,0.014259,8.1067E-4,0.0081837,-5.4476E-5,0.0086529,-2.1454E-5,0.012044,0.0089718,0.012684,5.6393E-4,0.010116,4.4154E-4,0.008031,8.9575E-5,0
1520441529949,true,1497.171,0,0.025808,0.0091756,0.014273,8.0152E-4,0.0081213,-5.7911E-5,0.0086495,-2.372E-5,0.011126,0.0092743,0.012701,5.4866E-4,0.010093,4.4122E-4,0.0080062,8.0592E-5,0
1520441530007,true,1497.229,0,0.024629,0.0090834,0.014278,7.9968E-4,0.0080755,-6.8558E-5,0.0086467,-2.6886E-5,0.01075,0.0095233,0.012688,5.4352E-4,0.010105,4.3359E-4,0.007936,8.7617E-5,0
1520441530064,true,1497.286,0,0.02423,0.0086371,0.014286,7.9489E-4,0.0080706,-7.9345E-5,0.0085954,-2.562E-5,0.010855,0.0094311,0.012644,5.508E-4,0.010123,4.1364E-4,0.0078755,9.4425E-5,0
1520441530134,true,1497.356,0,0.024515,0.0084539,0.014245,7.9425E-4,0.0080759,-8.4799E-5,0.0085362,-3.4253E-5,0.011182,0.0089275,0.012608,5.5806E-4,0.010132,3.9709E-4,0.0078719,8.8277E-5,0
1520441530192,true,1497.414,0,0.024468,0.0085305,0.014193,7.8781E-4,0.0080739,-8.6353E-5,0.0085184,-4.8132E-5,0.011116,0.00858,0.012596,5.5872E-4,0.010087,4.0071E-4,0.0078794,7.2455E-5,0
1520441530249,true,1497.471,0,0.024323,0.0086017,0.014177,7.784E-4,0.0080431,-8.4971E-5,0.0085211,-5.2463E-5,0.010153,0.008768,0.012581,5.5263E-4,0.010026,4.1357E-4,0.0078955,4.9565E-5,0
1520441530307,true,1497.529,0,0.023279,0.0085648,0.014168,7.7461E-4,0.0079807,-8.9279E-5,0.0085229,-5.1334E-5,0.0094226,0.0089433,0.012559,5.4374E-4,0.0099956,4.1846E-4,0.0078667,4.461E-5,0
1520441530364,true,1497.586,0,0.02217,0.0081688,0.01414,7.7331E-4,0.0079458,-1.0054E-4,0.0085118,-4.9175E-5,0.0095299,0.0088771,0.012504,5.4981E-4,0.0099828,4.1462E-4,0.0077947,5.9505E-5,0
1520441530435,true,1497.657,0,0.02215,0.0076647,0.014096,7.7514E-4,0.007938,-1.0552E-4,0.0084646,-4.8783E-5,0.010312,0.0082969,0.01245,5.5858E-4,0.0099713,4.0493E-4,0.0077565,6.7348E-5,0
1520441530493,true,1497.715,0,0.022771,0.0075651,0.014033,7.6973E-4,0.0079252,-1.0668E-4,0.0084233,-5.748E-5,0.011254,0.0074878,0.012427,5.5961E-4,0.0099328,4.0409E-4,0.0077478,6.6631E-5,0
1520441530550,true,1497.772,0,0.023187,0.0076751,0.013986,7.5996E-4,0.0078994,-1.0723E-4,0.0084226,-6.8177E-5,0.01122,0.0072237,0.012432,5.5149E-4,0.0098574,4.1869E-4,0.0077417,5.5322E-5,0
1520441530608,true,1497.83,0,0.023042,0.0079401,0.013983,7.4952E-4,0.0078347,-1.0581E-4,0.0084112,-6.745E-5,0.010373,0.0075184,0.012451,5.3311E-4,0.009804,4.2714E-4,0.0077208,4.5793E-5,0
1520441530665,true,1497.887,0,0.022137,0.0078893,0.013987,7.4556E-4,0.0077753,-1.1408E-4,0.0084021,-6.9256E-5,0.0098209,0.0078269,0.012448,5.243E-4,0.0097961,4.2353E-4,0.0076507,5.5086E-5,0
1520441530709,true,1497.931,0,0.021347,0.0075458,0.01399,7.4277E-4,0.0077543,-1.2619E-4,0.0083564,-6.6945E-5,0.0097965,0.0079436,0.012402,5.3175E-4,0.0098094,4.0719E-4,0.0075774,6.5452E-5,0
1520441530767,true,1497.989,0,0.02167,0.0072333,0.013953,7.4326E-4,0.0077499,-1.2932E-4,0.0082957,-7.3716E-5,0.010159,0.0075303,0.012364,5.3857E-4,0.0098276,3.886E-4,0.007557,6.6195E-5,0
1520441530824,true,1498.046,0,0.021807,0.0073237,0.013895,7.375E-4,0.0077423,-1.2976E-4,0.0082651,-8.9536E-5,0.010371,0.0070334,0.01235,5.4169E-4,0.0097906,3.8921E-4,0.0075639,5.195E-5,0
1520441530882,true,1498.104,0,0.021764,0.0073103,0.013862,7.2726E-4,0.0077121,-1.2562E-4,0.0082654,-9.611E-5,0.0095804,0.0070989,0.012338,5.3824E-4,0.0097275,4.0077E-4,0.0075865,2.6739E-5,0
1520441530939,true,1498.161,0,0.020816,0.0073599,0.013849,7.2015E-4,0.0076484,-1.2843E-4,0.0082638,-9.6319E-5,0.0086724,0.0072711,0.012321,5.2831E-4,0.009686,4.0956E-4,0.0075706,1.6993E-5,0
1520441531010,true,1498.232,0,0.019359,0.007067,0.013821,7.1659E-4,0.0075939,-1.3846E-4,0.0082579,-9.6988E-5,0.0085736,0.0072273,0.012267,5.3049E-4,0.0096577,4.13E-4,0.0074954,3.1295E-5,0
1520441531068,true,1498.29,0,0.018922,0.0065946,0.013771,7.2046E-4,0.0075634,-1.4152E-4,0.0082102,-9.2065E-5,0.0091422,0.006811,0.012189,5.4307E-4,0.0096345,4.066E-4,0.0074328,4.5618E-5,0
1520441531125,true,1498.347,0,0.019496,0.0065068,0.0137,7.2282E-4,0.0075443,-1.3738E-4,0.0081595,-9.6343E-5,0.010094,0.0061258,0.01215,5.5144E-4,0.0096082,4.0479E-4,0.0074155,5.4532E-5,0
1520441531183,true,1498.405,0,0.020169,0.0067421,0.013651,7.1487E-4,0.0075381,-1.3577E-4,0.0081554,-1.0384E-4,0.010439,0.0058431,0.012157,5.4744E-4,0.0095446,4.1856E-4,0.0074204,5.0403E-5,0
1520441531240,true,1498.462,0,0.020782,0.0069649,0.013651,7.0599E-4,0.0074922,-1.3064E-4,0.0081635,-1.0405E-4,0.0097619,0.0062075,0.012181,5.3467E-4,0.0094968,4.326E-4,0.0074196,4.3955E-5,0
1520441531284,true,1498.506,0,0.020155,0.0071212,0.013665,7.0362E-4,0.0074329,-1.3352E-4,0.0081699,-1.0421E-4,0.009133,0.0066554,0.012201,5.2203E-4,0.0094987,4.3405E-4,0.0073764,5.2103E-5,0
1520441531342,true,1498.564,0,0.019479,0.006813,0.01368,7.0047E-4,0.0074176,-1.4585E-4,0.0081548,-1.0098E-4,0.0090395,0.0069669,0.012182,5.2504E-4,0.0095185,4.2416E-4,0.007308,6.9572E-5,0
1520441531399,true,1498.621,0,0.019737,0.0064626,0.013659,7.0446E-4,0.0074297,-1.5049E-4,0.0081035,-1.0332E-4,0.0093762,0.0067103,0.012146,5.354E-4,0.0095437,4.0891E-4,0.0072891,7.4216E-5,0
1520441531457,true,1498.679,0,0.020037,0.0065433,0.013615,7.0355E-4,0.0074357,-1.4896E-4,0.0080653,-1.1448E-4,0.0097503,0.0062775,0.01214,5.3977E-4,0.0095361,4.0568E-4,0.0073059,7.0011E-5,0
1520441531514,true,1498.736,0,0.020115,0.0066575,0.013588,6.9561E-4,0.007432,-1.4385E-4,0.0080706,-1.2226E-4,0.0091795,0.0063568,0.012144,5.4033E-4,0.0094821,4.2228E-4,0.0073313,5.3053E-5,0
1520441531559,true,1498.781,0,0.019646,0.006828,0.013588,6.9084E-4,0.0073899,-1.3962E-4,0.0080814,-1.2052E-4,0.0082179,0.0067347,0.012149,5.3258E-4,0.0094497,4.3606E-4,0.0073456,4.046E-5,0
1520441531617,true,1498.839,0,0.018527,0.0066718,0.013583,6.9036E-4,0.0073481,-1.445E-4,0.0080924,-1.1719E-4,0.007901,0.0069289,0.012125,5.3385E-4,0.0094478,4.4259E-4,0.0072963,5.1251E-5,0
1520441531674,true,1498.896,0,0.017957,0.0062193,0.013572,6.889E-4,0.0073338,-1.4779E-4,0.0080665,-1.0869E-4,0.0083334,0.0067548,0.012071,5.4619E-4,0.0094444,4.4167E-4,0.0072374,7.0126E-5,0
1520441531732,true,1498.954,0,0.018456,0.0059905,0.013512,6.941E-4,0.0073257,-1.4504E-4,0.0080263,-1.1055E-4,0.009256,0.0061185,0.012028,5.5847E-4,0.0094297,4.394E-4,0.0072198,8.2885E-5,0
1520441531789,true,1499.011,0,0.018981,0.006236,0.013452,6.9333E-4,0.0073173,-1.4144E-4,0.0080134,-1.1676E-4,0.0098844,0.0056692,0.012027,5.6265E-4,0.0093809,4.5221E-4,0.0072291,8.4364E-5,0
1520441531860,true,1499.082,0,0.01963,0.006522,0.01344,6.8819E-4,0.007287,-1.3201E-4,0.0080327,-1.1777E-4,0.0093608,0.0059704,0.01205,5.566E-4,0.0093242,4.7243E-4,0.0072467,7.7547E-5,0
1520441531918,true,1499.14,0,0.019298,0.0068536,0.013467,6.8701E-4,0.0072393,-1.3152E-4,0.0080466,-1.1366E-4,0.0086855,0.0064487,0.012088,5.4484E-4,0.0093195,4.809E-4,0.0072281,8.2665E-5,0
1520441531975,true,1499.197,0,0.018547,0.0067676,0.013497,6.8809E-4,0.0072205,-1.4093E-4,0.0080464,-1.0999E-4,0.0086023,0.006862,0.012087,5.4689E-4,0.0093378,4.7983E-4,0.0071799,1.0318E-4,0
1520441532033,true,1499.255,0,0.018735,0.0064434,0.013512,6.9254E-4,0.0072401,-1.4439E-4,0.0080089,-1.0575E-4,0.0088772,0.006885,0.012064,5.6082E-4,0.0093761,4.6539E-4,0.0071558,1.1647E-4,0
1520441532090,true,1499.312,0,0.0194,0.0064879,0.013485,6.9702E-4,0.0072613,-1.3834E-4,0.0079729,-1.0936E-4,0.0093554,0.0065905,0.012064,5.7087E-4,0.0094035,4.5869E-4,0.0071815,1.1977E-4,0
1520441532160,true,1499.382,0,0.019644,0.0067474,0.013471,6.9298E-4,0.0072836,-1.3378E-4,0.0079863,-1.1501E-4,0.0090753,0.0066616,0.012082,5.761E-4,0.0093907,4.6921E-4,0.0072286,1.0606E-4,0
1520441532218,true,1499.44,0,0.01976,0.0069596,0.013485,6.9095E-4,0.0072711,-1.2616E-4,0.0080108,-1.103E-4,0.0080872,0.0071943,0.012101,5.7323E-4,0.0093683,4.8667E-4,0.0072789,9.1327E-5,0
1520441532275,true,1499.497,0,0.018823,0.0070059,0.013502,6.9361E-4,0.0072414,-1.265E-4,0.0080372,-1.0577E-4,0.0077434,0.0074734,0.012107,5.7366E-4,0.0093805,4.9948E-4,0.0072696,9.9789E-5,0
1520441532333,true,1499.555,0,0.018122,0.0066695,0.013515,6.9547E-4,0.0072403,-1.3114E-4,0.0080404,-9.8532E-5,0.0081357,0.0075097,0.012075,5.8619E-4,0.0093902,5.0119E-4,0.0072352,1.1771E-4,0
1520441532390,true,1499.612,0,0.018574,0.0063898,0.01349,7.003E-4,0.0072546,-1.2624E-4,0.0080067,-9.3824E-5,0.0090639,0.0070247,0.01204,6.0005E-4,0.0094045,4.9598E-4,0.0072278,1.315E-4,0
1520441532435,true,1499.657,0,0.01936,0.0065816,0.013442,7.0344E-4,0.0072596,-1.1897E-4,0.0079879,-9.654E-5,0.010014,0.0064837,0.01204,6.0738E-4,0.0093734,5.0836E-4,0.007248,1.3591E-4,0
1520441532493,true,1499.715,0,0.020103,0.0068834,0.013433,6.9976E-4,0.0072542,-1.1066E-4,0.00801,-9.8298E-5,0.009799,0.0066551,0.01207,6.0374E-4,0.0093232,5.3186E-4,0.0072692,1.3446E-4,0
1520441532550,true,1499.772,0,0.020139,0.0073084,0.013465,6.9964E-4,0.0072171,-1.0474E-4,0.008028,-8.977E-5,0.009064,0.007211,0.012111,5.9436E-4,0.0093225,5.4213E-4,0.0072782,1.3485E-4,0
1520441532608,true,1499.83,0,0.019505,0.0073504,0.013504,7.0267E-4,0.0071967,-1.0772E-4,0.008044,-8.3865E-5,0.0088766,0.0076927,0.012131,5.9449E-4,0.0093582,5.4371E-4,0.0072376,1.5417E-4,0
1520441532665,true,1499.887,0,0.019441,0.0071346,0.013534,7.0894E-4,0.0072267,-1.1349E-4,0.0080242,-7.7014E-5,0.0091576,0.0079355,0.012121,6.0801E-4,0.009405,5.3523E-4,0.0072111,1.7201E-4,0
1520441532709,true,1499.931,0,0.020308,0.00714,0.013527,7.1644E-4,0.007265,-1.072E-4,0.0079948,-7.8719E-5,0.0097627,0.0076939,0.012127,6.1965E-4,0.0094435,5.2777E-4,0.0072382,1.7519E-4,0
1520441532767,true,1499.989,0,0.020825,0.0074861,0.013517,7.1821E-4,0.007304,-1.0185E-4,0.0080012,-8.4955E-5,0.0099432,0.0076179,0.012151,6.2828E-4,0.00944,5.3887E-4,0.007294,1.6675E-4,0
1520441532824,true,1500.046,0,0.021309,0.0077067,0.013544,7.1292E-4,0.0073161,-9.414E-5,0.0080383,-8.5144E-5,0.0091025,0.008091,0.012175,6.2905E-4,0.0094237,5.5558E-4,0.0073519,1.5048E-4,0
1520441532882,true,1500.104,0,0.020633,0.0079102,0.013576,7.1412E-4,0.007289,-8.8396E-5,0.0080754,-8.1403E-5,0.0084498,0.0085337,0.012192,6.2709E-4,0.0094345,5.6737E-4,0.007368,1.5109E-4,0
1520441532939,true,1500.161,0,0.019936,0.0076766,0.013598,7.1752E-4,0.0072911,-9.2131E-5,0.0080896,-7.1647E-5,0.008628,0.0087554,0.012176,6.3589E-4,0.0094586,5.7038E-4,0.0073443,1.688E-4,0
1520441533010,true,1500.232,0,0.020241,0.0073277,0.013593,7.2386E-4,0.0073158,-9.0468E-5,0.0080651,-6.2391E-5,0.0094617,0.0084136,0.012137,6.5452E-4,0.0094823,5.6305E-4,0.007331,1.8546E-4,0
1520441533068,true,1500.29,0,0.021127,0.0074293,0.013544,7.3159E-4,0.0073274,-8.1495E-5,0.0080467,-6.3613E-5,0.010573,0.0078369,0.012127,6.6545E-4,0.0094686,5.701E-4,0.0073472,1.9633E-4,0
1520441533125,true,1500.347,0,0.022011,0.0077247,0.01353,7.2974E-4,0.0073349,-7.3129E-5,0.008063,-6.2863E-5,0.010727,0.0078012,0.012155,6.6446E-4,0.0094221,5.9321E-4,0.0073732,1.9669E-4,0
1520441533183,true,1500.405,0,0.022462,0.0081521,0.013564,7.2644E-4,0.0073149,-6.7304E-5,0.0080894,-5.7098E-5,0.010089,0.0083341,0.012194,6.5621E-4,0.0094071,6.0843E-4,0.0073967,1.9312E-4,0
1520441533240,true,1500.462,0,0.021946,0.0083498,0.013602,7.3137E-4,0.0072934,-7.0168E-5,0.0081097,-5.1542E-5,0.0098134,0.0088206,0.012221,6.5071E-4,0.0094303,6.132E-4,0.0073614,2.1047E-4,0
1520441533286,true,1500.508,0,0.02165,0.0082005,0.013643,7.3444E-4,0.0073089,-7.5368E-5,0.0080957,-4.0532E-5,0.010018,0.0091715,0.01221,6.6302E-4,0.0094704,6.0505E-4,0.0073218,2.3149E-4,0
1520441533344,true,1500.566,0,0.02241,0.0080834,0.013649,7.4321E-4,0.0073405,-7.224E-5,0.0080613,-3.8229E-5,0.010542,0.0090131,0.012202,6.7475E-4,0.0095178,5.9122E-4,0.0073317,2.3899E-4,0
1520441533401,true,1500.623,0,0.023038,0.0083326,0.013629,7.45E-4,0.0073791,-6.7545E-5,0.0080575,-4.4743E-5,0.010913,0.008802,0.012222,6.8035E-4,0.0095157,5.9894E-4,0.0073668,2.362E-4,0
1520441533459,true,1500.681,0,0.023454,0.0085716,0.013645,7.399E-4,0.0073966,-5.8699E-5,0.0080926,-4.7827E-5,0.010226,0.0091703,0.012246,6.808E-4,0.009491,6.1446E-4,0.0074135,2.224E-4,0
1520441533516,true,1500.738,0,0.022924,0.0088711,0.013675,7.4136E-4,0.0073768,-5.1746E-5,0.0081194,-4.2564E-5,0.0094363,0.0095964,0.012265,6.7602E-4,0.0094923,6.2754E-4,0.0074385,2.1447E-4,0
1520441533585,true,1500.807,0,0.022018,0.0087176,0.01369,7.4633E-4,0.0073635,-5.4196E-5,0.0081421,-3.5956E-5,0.0093987,0.0098384,0.012244,6.8135E-4,0.0095166,6.3009E-4,0.0074105,2.2876E-4,0
1520441533643,true,1500.865,0,0.022027,0.0083048,0.013691,7.5037E-4,0.0073819,-5.3656E-5,0.0081237,-2.7471E-5,0.010053,0.0096035,0.012197,6.9659E-4,0.0095331,6.2558E-4,0.0073865,2.4338E-4,0
1520441533700,true,1500.922,0,0.022833,0.0082333,0.01365,7.5809E-4,0.0073971,-4.5595E-5,0.0080925,-2.5932E-5,0.011121,0.0089613,0.012177,7.0629E-4,0.0095284,6.2612E-4,0.0073965,2.5145E-4,0
1520441533758,true,1500.98,0,0.023561,0.0084762,0.013616,7.5711E-4,0.0074134,-3.9516E-5,0.0081133,-3.2159E-5,0.011499,0.0086768,0.012197,7.0485E-4,0.0094855,6.4394E-4,0.007423,2.4811E-4,0
1520441533815,true,1501.037,0,0.024317,0.0087411,0.01363,7.5267E-4,0.0073933,-3.1281E-5,0.0081395,-2.8174E-5,0.010865,0.0090509,0.012226,6.9522E-4,0.0094471,6.6004E-4,0.0074381,2.4355E-4,0
1520441533885,true,1501.107,0,0.023942,0.0089381,0.013661,7.535E-4,0.007359,-3.1753E-5,0.008156,-2.1575E-5,0.010452,0.0094277,0.012256,6.8385E-4,0.0094586,6.6314E-4,0.0074154,2.5014E-4,0
1520441533943,true,1501.165,0,0.02339,0.0087678,0.013691,7.5675E-4,0.0073568,-3.7261E-5,0.0081475,-1.2957E-5,0.01058,0.0097576,0.012244,6.8829E-4,0.0094877,6.5649E-4,0.0073623,2.7023E-4,0
1520441534000,true,1501.222,0,0.023882,0.008525,0.013698,7.6307E-4,0.007385,-3.8295E-5,0.0081096,-9.5599E-6,0.011038,0.0095967,0.012223,6.9782E-4,0.0095318,6.398E-4,0.007349,2.8037E-4,0
1520441534058,true,1501.28,0,0.024556,0.0086719,0.013668,7.6853E-4,0.0074096,-3.49E-5,0.0080853,-1.7011E-5,0.011514,0.0092306,0.012224,7.0304E-4,0.0095396,6.37E-4,0.0073708,2.7714E-4,0
1520441534115,true,1501.337,0,0.024893,0.0089045,0.01366,7.673E-4,0.0074292,-2.7779E-5,0.0081005,-2.0923E-5,0.010979,0.0094191,0.012239,7.0248E-4,0.0095046,6.5149E-4,0.0074108,2.6164E-4,0
1520441534160,true,1501.382,0,0.02456,0.0092256,0.013687,7.6514E-4,0.0074121,-2.0765E-5,0.0081157,-1.3911E-5,0.0098846,0.0099585,0.012247,6.9781E-4,0.0094929,6.6279E-4,0.0074403,2.4713E-4,0
1520441534218,true,1501.44,0,0.023563,0.0091493,0.013715,7.6587E-4,0.0073988,-2.2878E-5,0.0081369,-9.2654E-6,0.0095031,0.010257,0.01223,6.9815E-4,0.0095023,6.6883E-4,0.0074132,2.5624E-4,0
1520441534275,true,1501.497,0,0.023096,0.008769,0.013721,7.6797E-4,0.0074109,-2.4279E-5,0.0081238,1.8833E-6,0.0099636,0.010194,0.012183,7.0988E-4,0.0095174,6.6253E-4,0.0073817,2.7001E-4,0
1520441534333,true,1501.555,0,0.023805,0.0085268,0.013678,7.7734E-4,0.0074272,-1.6725E-5,0.0080859,8.4154E-6,0.010922,0.0095994,0.01215,7.2106E-4,0.0095245,6.5887E-4,0.0073812,2.8106E-4,0
1520441534390,true,1501.612,0,0.024524,0.0087671,0.013644,7.7596E-4,0.0074448,-8.8516E-6,0.008086,7.0906E-6,0.011723,0.0090967,0.012157,7.2413E-4,0.0094935,6.6894E-4,0.0074033,2.8088E-4,0
1520441534460,true,1501.682,0,0.025387,0.008983,0.013646,7.7227E-4,0.0074392,1.6166E-7,0.008117,8.7742E-6,0.011367,0.0093127,0.012178,7.1733E-4,0.0094496,6.8668E-4,0.0074318,2.727E-4,0
1520441534518,true,1501.74,0,0.025158,0.0093251,0.013676,7.7164E-4,0.0074075,2.6118E-6,0.0081446,1.3425E-5,0.01085,0.0097432,0.01221,7.0334E-4,0.0094478,6.9265E-4,0.0074206,2.7666E-4,0
1520441534575,true,1501.797,0,0.024639,0.0092219,0.01371,7.7271E-4,0.0073986,-4.6748E-6,0.0081529,2.0223E-5,0.010863,0.010114,0.012212,7.014E-4,0.0094744,6.8625E-4,0.0073708,2.9455E-4,0
1520441534633,true,1501.855,0,0.025037,0.0088858,0.013734,7.7442E-4,0.0074211,-5.5812E-6,0.0081239,2.3079E-5,0.011319,0.010109,0.012193,7.0843E-4,0.0095171,6.6758E-4,0.0073545,3.0365E-4,0
1520441534690,true,1501.912,0,0.025872,0.0089806,0.013718,7.7953E-4,0.0074439,-1.3392E-7,0.0080941,1.8665E-5,0.011866,0.0097751,0.012194,7.1286E-4,0.0095407,6.5717E-4,0.0073737,3.0437E-4,0
1520441534736,true,1501.958,0,0.026386,0.0092219,0.013704,7.7729E-4,0.0074719,2.9063E-6,0.0081039,1.0438E-5,0.011662,0.0098127,0.012207,7.1263E-4,0.0095203,6.638E-4,0.0074101,2.9065E-4,0
1520441534794,true,1502.016,0,0.026569,0.0094103,0.013724,7.7319E-4,0.0074589,1.0967E-5,0.008125,1.1252E-5,0.01059,0.010342,0.012221,7.0521E-4,0.009503,6.7206E-4,0.0074527,2.7243E-4,0
1520441534851,true,1502.073,0,0.025657,0.0094471,0.013745,7.7502E-4,0.007439,8.032E-6,0.0081477,1.3623E-5,0.010039,0.010671,0.012215,7.0243E-4,0.0095134,6.7593E-4,0.0074448,2.7246E-4,0
1520441534909,true,1502.131,0,0.024881,0.0090605,0.01376,7.7597E-4,0.007448,2.4178E-6,0.0081385,2.2999E-5,0.01025,0.010695,0.012175,7.1005E-4,0.0095308,6.6917E-4,0.0074061,2.8344E-4,0
1520441534966,true,1502.188,0,0.025188,0.0086717,0.013728,7.8287E-4,0.0074723,3.5283E-6,0.0081025,2.6451E-5,0.011034,0.01013,0.012124,7.2208E-4,0.0095354,6.6111E-4,0.0074017,2.8878E-4,0
1520441535035,true,1502.257,0,0.025703,0.0087631,0.013679,7.8558E-4,0.0074945,6.0025E-6,0.0080965,1.6704E-5,0.011943,0.0093984,0.012115,7.2318E-4,0.0095129,6.6436E-4,0.0074223,2.8851E-4,0
1520441535093,true,1502.315,0,0.026192,0.0089162,0.013668,7.7729E-4,0.0074981,9.8782E-6,0.0081181,1.0683E-5,0.011787,0.0093062,0.012124,7.1709E-4,0.0094614,6.7671E-4,0.007442,2.7797E-4,0
1520441535150,true,1502.372,0,0.02602,0.0091959,0.013695,7.7077E-4,0.0074657,1.0332E-5,0.0081322,1.2344E-5,0.011163,0.0095543,0.012148,7.0132E-4,0.0094465,6.8103E-4,0.00744,2.7424E-4,0
1520441535208,true,1502.43,0,0.025207,0.0091305,0.013717,7.7122E-4,0.0074377,3.5988E-6,0.0081351,1.3286E-5,0.011026,0.0098016,0.012151,6.9403E-4,0.0094605,6.7543E-4,0.007381,2.9014E-4,0
1520441535265,true,1502.487,0,0.025063,0.0087786,0.013738,7.7109E-4,0.0074513,-3.8331E-6,0.0080989,1.4964E-5,0.011316,0.0097847,0.012119,6.9929E-4,0.0094928,6.5654E-4,0.0073387,3.0234E-4,0
1520441535310,true,1502.532,0,0.025665,0.008669,0.01372,7.7358E-4,0.0074762,-5.0036E-6,0.0080513,5.3008E-6,0.011865,0.0093197,0.012108,7.0131E-4,0.0095208,6.3715E-4,0.0073508,3.009E-4,0
1520441535368,true,1502.59,0,0.026005,0.0088254,0.013694,7.6885E-4,0.0074959,-5.4612E-6,0.0080362,-9.4414E-6,0.011838,0.0090581,0.012113,6.9984E-4,0.0095049,6.3553E-4,0.0073775,2.8575E-4,0
1520441535425,true,1502.647,0,0.026113,0.0088845,0.013701,7.6125E-4,0.0074846,-6.1821E-7,0.0080443,-1.6017E-5,0.010715,0.0093519,0.012115,6.9122E-4,0.0094735,6.3988E-4,0.0074073,2.6404E-4,0
1520441535483,true,1502.705,0,0.025011,0.0089015,0.013712,7.6071E-4,0.0074485,-2.506E-7,0.0080417,-1.7525E-5,0.0097695,0.0096071,0.012111,6.824E-4,0.0094742,6.3877E-4,0.0074004,2.5596E-4,0
1520441535540,true,1502.762,0,0.023717,0.0085272,0.013716,7.578E-4,0.0074422,-1.0297E-5,0.0080324,-1.8272E-5,0.0095899,0.0096354,0.012073,6.8429E-4,0.0094838,6.3122E-4,0.0073549,2.6373E-4,0
1520441535611,true,1502.833,0,0.023501,0.007987,0.013685,7.633E-4,0.0074589,-1.2747E-5,0.0079867,-1.7261E-5,0.010109,0.0091072,0.012009,6.9425E-4,0.0094909,6.1712E-4,0.007342,2.6671E-4,0
1520441535669,true,1502.891,0,0.023799,0.0078763,0.013624,7.6505E-4,0.0074702,-7.8652E-6,0.0079478,-2.4928E-5,0.010958,0.0083055,0.011984,6.9742E-4,0.0094742,6.1183E-4,0.0073616,2.6465E-4,0
1520441535726,true,1502.948,0,0.02411,0.0079141,0.013591,7.5646E-4,0.0074781,-8.6229E-6,0.0079542,-3.5699E-5,0.011016,0.0079444,0.011989,6.9048E-4,0.0094176,6.2425E-4,0.0073821,2.5178E-4,0
1520441535784,true,1503.006,0,0.024049,0.0080583,0.013593,7.5047E-4,0.0074429,-8.2794E-6,0.0079657,-3.7265E-5,0.010359,0.008035,0.012008,6.7398E-4,0.0093791,6.3045E-4,0.0073885,2.4083E-4,0
1520441535841,true,1503.063,0,0.02311,0.0080354,0.013605,7.4787E-4,0.0074031,-1.6466E-5,0.007967,-3.8373E-5,0.010035,0.0081413,0.012012,6.6062E-4,0.0093825,6.2718E-4,0.0073367,2.5121E-4,0
1520441535911,true,1503.133,0,0.022453,0.0076475,0.013617,7.4472E-4,0.0074019,-2.8244E-5,0.0079345,-3.8896E-5,0.010206,0.0081243,0.011988,6.6004E-4,0.0094011,6.0896E-4,0.0072716,2.6595E-4,0
1520441535969,true,1503.191,0,0.022719,0.0073711,0.013596,7.4697E-4,0.0074232,-3.4268E-5,0.0078804,-4.712E-5,0.010628,0.0076638,0.011965,6.6144E-4,0.0094374,5.8394E-4,0.0072546,2.6856E-4,0
1520441536026,true,1503.248,0,0.02289,0.0075114,0.013559,7.4202E-4,0.0074417,-3.839E-5,0.0078446,-6.3673E-5,0.010872,0.0072041,0.01197,6.5697E-4,0.0094283,5.7489E-4,0.0072585,2.5997E-4,0
1520441536084,true,1503.306,0,0.022863,0.0075945,0.013555,7.321E-4,0.0074459,-3.9568E-5,0.0078428,-7.5292E-5,0.0099611,0.0073571,0.011974,6.4695E-4,0.0093921,5.7686E-4,0.0072877,2.3698E-4,0
1520441536141,true,1503.363,0,0.021917,0.0077258,0.013571,7.2681E-4,0.0074147,-4.3405E-5,0.0078352,-7.7728E-5,0.0087771,0.0076821,0.011972,6.3472E-4,0.0093814,5.7538E-4,0.0072844,2.2339E-4,0
1520441536161,true,1503.383,0,0.020496,0.0074288,0.013576,7.2444E-4,0.0073939,-5.1278E-5,0.0078343,-8.0041E-5,0.0083808,0.0077822,0.011934,6.3425E-4,0.0093918,5.6737E-4,0.0072442,2.2784E-4,0
1520441536219,true,1503.441,0,0.019902,0.0068722,0.013555,7.2779E-4,0.0074046,-5.629E-5,0.0077974,-7.8198E-5,0.0086501,0.0073854,0.011863,6.4753E-4,0.0093991,5.5379E-4,0.0072137,2.3291E-4,0
1520441536276,true,1503.498,0,0.020215,0.0066135,0.013502,7.302E-4,0.0074188,-5.5382E-5,0.0077526,-8.2317E-5,0.0093745,0.0065592,0.011824,6.5293E-4,0.0093878,5.4744E-4,0.007218,2.3283E-4,0
1520441536334,true,1503.556,0,0.02036,0.0066351,0.013453,7.2381E-4,0.0074277,-5.459E-5,0.0077539,-9.202E-5,0.0096926,0.0060066,0.011817,6.4953E-4,0.0093329,5.5756E-4,0.0072432,2.197E-4,0
1520441536391,true,1503.613,0,0.020509,0.0066922,0.013443,7.163E-4,0.0073934,-4.8986E-5,0.0077679,-9.6276E-5,0.0091185,0.005991,0.011824,6.3559E-4,0.009279,5.7006E-4,0.0072621,2.0378E-4,0
1520441536460,true,1503.682,0,0.019664,0.0067256,0.013448,7.1462E-4,0.0073459,-5.3384E-5,0.0077719,-9.8983E-5,0.0087065,0.0060778,0.01184,6.1932E-4,0.0092613,5.7252E-4,0.0072252,2.0624E-4,0
1520441536518,true,1503.74,0,0.018865,0.0064065,0.013458,7.1217E-4,0.007334,-6.5937E-5,0.0077496,-9.6463E-5,0.0088062,0.006106,0.011821,6.1548E-4,0.0092714,5.6039E-4,0.0071583,2.217E-4,0
1520441536575,true,1503.797,0,0.019072,0.0060475,0.013442,7.1369E-4,0.0073481,-7.1047E-5,0.0076969,-9.9613E-5,0.0091893,0.0057452,0.011791,6.1802E-4,0.0092906,5.3951E-4,0.0071267,2.2705E-4,0
1520441536633,true,1503.855,0,0.01943,0.006091,0.013401,7.1203E-4,0.0073614,-7.3122E-5,0.0076547,-1.1214E-4,0.0096125,0.0052358,0.011791,6.1671E-4,0.0092874,5.2749E-4,0.0071327,2.19E-4,0
1520441536690,true,1503.912,0,0.019476,0.0062178,0.013387,7.03E-4,0.0073624,-7.2015E-5,0.0076563,-1.2443E-4,0.0089722,0.005256,0.0118,6.1099E-4,0.009241,5.3408E-4,0.0071513,1.9689E-4,0
1520441536759,true,1503.981,0,0.018808,0.0064084,0.013403,6.9589E-4,0.0073329,-7.124E-5,0.0076629,-1.28E-4,0.0077534,0.0056515,0.011805,5.9898E-4,0.0092257,5.3537E-4,0.0071613,1.78E-4,0
1520441536817,true,1504.039,0,0.017443,0.0062325,0.013407,6.9648E-4,0.0072999,-7.6631E-5,0.0076665,-1.3055E-4,0.0071663,0.0058234,0.011778,5.9716E-4,0.0092296,5.3258E-4,0.0071273,1.7672E-4,0
1520441536874,true,1504.096,0,0.016454,0.0057667,0.0134,6.9824E-4,0.0073094,-8.3893E-5,0.0076368,-1.2586E-4,0.0072504,0.0056502,0.01172,6.0911E-4,0.0092412,5.1947E-4,0.0070824,1.8279E-4,0
1520441536932,true,1504.154,0,0.016555,0.0054085,0.013352,7.0089E-4,0.0073301,-8.3616E-5,0.0075975,-1.2719E-4,0.0078433,0.0049868,0.011671,6.1902E-4,0.0092444,5.1023E-4,0.0070943,1.8067E-4,0
1520441536989,true,1504.211,0,0.016675,0.0054347,0.013298,6.9821E-4,0.0073455,-8.1544E-5,0.007594,-1.3677E-4,0.0084105,0.0042966,0.011662,6.2057E-4,0.0092004,5.1666E-4,0.0071191,1.7036E-4,0
1520441537035,true,1504.257,0,0.016958,0.0054605,0.013286,6.8975E-4,0.0073309,-7.8528E-5,0.0076235,-1.4199E-4,0.0079921,0.004239,0.011671,6.1239E-4,0.009145,5.2915E-4,0.007134,1.564E-4,0
1520441537093,true,1504.315,0,0.016303,0.0056039,0.013295,6.8886E-4,0.0072836,-7.8088E-5,0.0076345,-1.3982E-4,0.007455,0.0043555,0.011687,5.9687E-4,0.0091289,5.3302E-4,0.0071171,1.5417E-4,0
1520441537150,true,1504.372,0,0.015372,0.005392,0.013304,6.8853E-4,0.0072604,-8.7447E-5,0.0076312,-1.3674E-4,0.007629,0.0043825,0.011679,5.9311E-4,0.0091349,5.2497E-4,0.0070475,1.7254E-4,0
1520441537208,true,1504.43,0,0.015368,0.0050068,0.013303,6.9222E-4,0.0072746,-9.3491E-5,0.0075936,-1.3693E-4,0.0080931,0.0041431,0.011653,5.9978E-4,0.0091544,5.0509E-4,0.0070063,1.8261E-4,0
1520441537265,true,1504.487,0,0.015961,0.0050038,0.013269,6.9558E-4,0.0072881,-9.3609E-5,0.0075503,-1.4595E-4,0.0086302,0.003681,0.011647,5.9989E-4,0.009162,4.9126E-4,0.0070043,1.8438E-4,0
1520441537335,true,1504.557,0,0.016165,0.005205,0.013244,6.9152E-4,0.007303,-9.2762E-5,0.0075388,-1.5312E-4,0.0083141,0.0036362,0.011664,5.9591E-4,0.0091277,4.9764E-4,0.0070223,1.687E-4,0
1520441537393,true,1504.615,0,0.01603,0.0053948,0.013262,6.8687E-4,0.0072826,-8.9631E-5,0.0075498,-1.5647E-4,0.0071821,0.0040519,0.011677,5.8803E-4,0.0091022,5.024E-4,0.0070458,1.469E-4,0
1520441537450,true,1504.672,0,0.014838,0.0053795,0.013273,6.8733E-4,0.0072518,-9.4763E-5,0.0075554,-1.568E-4,0.0064496,0.0043377,0.011673,5.8326E-4,0.0091077,5.0076E-4,0.0070215,1.4295E-4,0
1520441537508,true,1504.73,0,0.013777,0.0049486,0.013277,6.8833E-4,0.0072548,-1.0393E-4,0.0075392,-1.5316E-4,0.006389,0.0043716,0.011619,5.9619E-4,0.0091226,4.8965E-4,0.0069757,1.4946E-4,0
1520441537565,true,1504.787,0,0.013615,0.0045339,0.013245,6.9574E-4,0.0072753,-1.0198E-4,0.0075068,-1.5327E-4,0.0068595,0.0038373,0.011569,6.123E-4,0.009142,4.7564E-4,0.0069811,1.483E-4,0
1520441537610,true,1504.832,0,0.013686,0.00456,0.013186,6.9948E-4,0.007295,-9.8715E-5,0.0074988,-1.6178E-4,0.0075694,0.003133,0.011553,6.1903E-4,0.0091191,4.7969E-4,0.0070072,1.405E-4,0
1520441537668,true,1504.89,0,0.013882,0.0046234,0.013166,6.9349E-4,0.0072973,-9.3349E-5,0.0075228,-1.671E-4,0.0073079,0.0029805,0.011567,6.1234E-4,0.0090609,4.9585E-4,0.0070358,1.2379E-4,0
1520441537725,true,1504.947,0,0.013508,0.0048181,0.013189,6.9049E-4,0.0072652,-9.1398E-5,0.0075462,-1.6718E-4,0.0067724,0.0031037,0.011592,5.9844E-4,0.009038,5.0361E-4,0.0070398,1.1788E-4,0
1520441537783,true,1505.005,0,0.012624,0.0046861,0.013198,6.9399E-4,0.0072378,-9.7282E-5,0.0075513,-1.6191E-4,0.0067867,0.0031755,0.011596,5.9252E-4,0.0090461,5.0278E-4,0.0069879,1.3241E-4,0
1520441537840,true,1505.062,0,0.012394,0.0043414,0.013215,6.9652E-4,0.0072473,-1.038E-4,0.0075245,-1.5924E-4,0.0072456,0.0030283,0.011579,5.9718E-4,0.0090724,4.8684E-4,0.0069427,1.4679E-4,0
1520441537911,true,1505.133,0,0.013079,0.0042377,0.013187,7.0335E-4,0.0072663,-1.0353E-4,0.007485,-1.6695E-4,0.0078656,0.0025544,0.011578,6.0102E-4,0.0090984,4.6938E-4,0.0069418,1.5053E-4,0
1520441537969,true,1505.191,0,0.013525,0.0044518,0.013166,7.0146E-4,0.0072843,-1.0342E-4,0.0074752,-1.8091E-4,0.0079254,0.0023469,0.011606,5.9822E-4,0.0090766,4.7154E-4,0.0069549,1.4063E-4,0
1520441538026,true,1505.248,0,0.013758,0.004612,0.013185,6.9694E-4,0.0072688,-9.7358E-5,0.0074868,-1.8674E-4,0.0069229,0.0027455,0.011629,5.9111E-4,0.0090526,4.7891E-4,0.0069885,1.2074E-4,0
1520441538084,true,1505.306,0,0.012829,0.0047777,0.013211,6.9839E-4,0.0072379,-9.7222E-5,0.007494,-1.8701E-4,0.0059806,0.0031612,0.011653,5.8083E-4,0.0090677,4.7656E-4,0.0069818,1.1403E-4,0
1520441538141,true,1505.363,0,0.011755,0.0044904,0.013228,7.0373E-4,0.0072384,-1.0425E-4,0.0074953,-1.8542E-4,0.005714,0.0034148,0.011628,5.8947E-4,0.0090957,4.6875E-4,0.0069473,1.2296E-4,0
1520441538185,true,1505.407,0,0.01163,0.0040545,0.013218,7.1385E-4,0.0072745,-1.0491E-4,0.0074646,-1.8033E-4,0.0060535,0.0031403,0.011593,6.0487E-4,0.0091274,4.567E-4,0.0069489,1.2587E-4,0
1520441538243,true,1505.465,0,0.01198,0.0040012,0.013182,7.2003E-4,0.0073043,-9.9028E-5,0.0074507,-1.8568E-4,0.0067008,0.0025394,0.011589,6.1195E-4,0.0091276,4.5508E-4,0.0069913,1.2082E-4,0
1520441538300,true,1505.522,0,0.012153,0.0041128,0.013166,7.1684E-4,0.0073361,-9.5906E-5,0.0074777,-1.9368E-4,0.0067586,0.0022908,0.011608,6.1077E-4,0.0090867,4.7204E-4,0.0070402,1.0468E-4,0
1520441538358,true,1505.58,0,0.012136,0.0042964,0.013194,7.1251E-4,0.0073253,-9.0156E-5,0.0075139,-1.9161E-4,0.0061706,0.0025001,0.011642,5.9911E-4,0.0090621,4.852E-4,0.0070753,9.2661E-5,0
1520441538415,true,1505.637,0,0.011386,0.0043153,0.013224,7.1474E-4,0.0072997,-9.6094E-5,0.0075445,-1.9025E-4,0.006179,0.0026126,0.011664,5.9282E-4,0.0090718,4.8997E-4,0.0070553,1.0369E-4,0
1520441538485,true,1505.707,0,0.010945,0.0040383,0.013257,7.1751E-4,0.007321,-1.0805E-4,0.0075364,-1.8404E-4,0.0066876,0.002606,0.011662,5.9704E-4,0.0091021,4.8096E-4,0.007009,1.2291E-4,0
1520441538543,true,1505.765,0,0.011673,0.0038498,0.013258,7.2286E-4,0.0073515,-1.0995E-4,0.0075001,-1.872E-4,0.0073469,0.0022703,0.011664,6.0157E-4,0.0091381,4.6622E-4,0.0070046,1.3173E-4,0
1520441538600,true,1505.822,0,0.012333,0.0041062,0.013246,7.2373E-4,0.0073846,-1.1112E-4,0.0074964,-1.994E-4,0.007783,0.001953,0.011697,6.0115E-4,0.0091418,4.6379E-4,0.0070313,1.2802E-4,0
1520441538658,true,1505.88,0,0.012763,0.0043667,0.013272,7.1817E-4,0.0073935,-1.0525E-4,0.0075173,-2.0585E-4,0.0070945,0.0023137,0.011736,5.9456E-4,0.009125,4.7089E-4,0.007065,1.1177E-4,0
1520441538715,true,1505.937,0,0.012269,0.004644,0.013319,7.1898E-4,0.0073768,-1.0451E-4,0.0075362,-2.0622E-4,0.0060281,0.0028886,0.011771,5.8499E-4,0.0091422,4.7309E-4,0.007079,1.0199E-4,0
1520441538760,true,1505.982,0,0.011296,0.0045059,0.013355,7.2178E-4,0.0073761,-1.1211E-4,0.007555,-2.0411E-4,0.0056918,0.003216,0.011763,5.8955E-4,0.0091742,4.7121E-4,0.0070502,1.1055E-4,0
1520441538818,true,1506.04,0,0.011011,0.0041058,0.013371,7.2993E-4,0.0074099,-1.1234E-4,0.0075379,-1.9936E-4,0.0058618,0.0031541,0.011728,6.0591E-4,0.0092127,4.5911E-4,0.0070433,1.1407E-4,0
1520441538875,true,1506.097,0,0.011458,0.0039743,0.013353,7.3729E-4,0.007449,-1.0571E-4,0.007528,-2.0497E-4,0.0065057,0.0026284,0.011722,6.1636E-4,0.0092414,4.512E-4,0.0070936,1.0812E-4,0
1520441538933,true,1506.155,0,0.011742,0.0040573,0.013336,7.3679E-4,0.0074809,-1.004E-4,0.0075573,-2.1402E-4,0.0067785,0.0022776,0.011743,6.1939E-4,0.0092181,4.6449E-4,0.0071425,9.6952E-5,0
1520441538990,true,1506.212,0,0.012029,0.00419,0.013367,7.2968E-4,0.0074797,-9.4527E-5,0.0076082,-2.1537E-4,0.0062667,0.0024278,0.01177,6.138E-4,0.0091788,4.83E-4,0.0071878,8.2699E-5,0
1520441539061,true,1506.283,0,0.011342,0.0043104,0.0134,7.3085E-4,0.0074579,-9.7036E-5,0.0076415,-2.1138E-4,0.006044,0.0025721,0.011802,6.0259E-4,0.0091845,4.9147E-4,0.0071758,8.8897E-5,0
