1519143221980,true,1623.045,0,-0.005813,1.214E-4,0.003211,-6.43E-4,0.004567,-4.744E-5,0.002427,-6.309E-4,-0.003022,-0.005222,0.00257,-2.957E-4,0.002789,-4.563E-4,0.002259,-3.149E-4,0
1519143222016,true,1623.102,0,-0.006012,2.54E-4,0.003233,-6.476E-4,0.004551,-4.092E-5,0.002443,-6.298E-4,-0.003851,-0.004851,0.002597,-3.057E-4,0.002771,-4.45E-4,0.002311,-3.458E-4,0
1519143222052,true,1623.16,0,-0.006638,1.611E-4,0.003237,-6.454E-4,0.004534,-4.651E-5,0.002452,-6.25E-4,-0.00428,-0.004603,0.002595,-3.099E-4,0.002778,-4.376E-4,0.002288,-3.433E-4,0
1519143222088,true,1623.217,0,-0.007006,-1.48E-4,0.003251,-6.469E-4,0.00453,-4.634E-5,0.002443,-6.189E-4,-0.004153,-0.004617,0.002536,-2.914E-4,0.002793,-4.495E-4,0.002253,-3.299E-4,0
1519143222219,true,1623.261,0,-0.006742,-3.479E-4,0.003218,-6.435E-4,0.004529,-3.866E-5,0.002435,-6.179E-4,-0.003562,-0.005056,0.002487,-2.737E-4,0.002802,-4.654E-4,0.002252,-3.204E-4,0
1519143222255,true,1623.319,0,-0.006476,-2.387E-4,0.003192,-6.519E-4,0.004529,-3.303E-5,0.002444,-6.223E-4,-0.002899,-0.00556,0.002492,-2.684E-4,0.002758,-4.54E-4,0.002291,-3.247E-4,0
1519143222291,true,1623.376,0,-0.006102,-8.763E-5,0.003184,-6.603E-4,0.004508,-2.602E-5,0.002465,-6.225E-4,-0.003044,-0.005537,0.002522,-2.823E-4,0.002682,-4.28E-4,0.002326,-3.414E-4,0
1519143222327,true,1623.434,0,-0.00612,1.408E-4,0.003187,-6.606E-4,0.004468,-2.533E-5,0.002473,-6.176E-4,-0.00351,-0.00525,0.002573,-3.063E-4,0.002669,-4.211E-4,0.00232,-3.478E-4,0
1519143222363,true,1623.491,0,-0.006423,1.245E-4,0.003207,-6.581E-4,0.004449,-3.239E-5,0.002477,-6.114E-4,-0.003526,-0.005012,0.002585,-3.102E-4,0.002702,-4.322E-4,0.002236,-3.216E-4,0
1519143222519,true,1623.562,0,-0.006204,-4.792E-5,0.003224,-6.574E-4,0.004472,-4.098E-5,0.002453,-6.028E-4,-0.003259,-0.004984,0.002561,-2.96E-4,0.002765,-4.685E-4,0.002183,-3.062E-4,0
1519143222555,true,1623.62,0,-0.005531,9.814E-7,0.003231,-6.57E-4,0.004493,-3.71E-5,0.002433,-6.037E-4,-0.002821,-0.005266,0.002572,-2.867E-4,0.002806,-4.997E-4,0.002195,-3.073E-4,0
1519143222591,true,1623.677,0,-0.005194,2.439E-4,0.003229,-6.602E-4,0.004508,-3.369E-5,0.002432,-6.088E-4,-0.002944,-0.005292,0.002601,-2.774E-4,0.002776,-4.989E-4,0.002241,-3.332E-4,0
1519143222627,true,1623.735,0,-0.004859,3.616E-4,0.003261,-6.646E-4,0.004508,-2.829E-5,0.002449,-6.107E-4,-0.003715,-0.004915,0.002641,-2.842E-4,0.002743,-4.88E-4,0.002298,-3.667E-4,0
1519143222663,true,1623.792,0,-0.005316,4.304E-4,0.003295,-6.701E-4,0.004493,-3.171E-5,0.00245,-6.05E-4,-0.004222,-0.004629,0.002653,-2.89E-4,0.002754,-4.845E-4,0.002287,-3.737E-4,0
1519143222793,true,1623.836,0,-0.005794,2.069E-4,0.003314,-6.748E-4,0.004495,-4.113E-5,0.002456,-6.007E-4,-0.004142,-0.004531,0.002602,-2.719E-4,0.002774,-4.949E-4,0.002237,-3.585E-4,0
1519143222829,true,1623.894,0,-0.005491,-8.68E-5,0.003297,-6.728E-4,0.004509,-4.19E-5,0.002436,-5.961E-4,-0.003607,-0.004901,0.002547,-2.509E-4,0.002781,-5.135E-4,0.002228,-3.506E-4,0
1519143222866,true,1623.951,0,-0.004994,-7.288E-5,0.003253,-6.739E-4,0.004505,-2.957E-5,0.002428,-5.952E-4,-0.002879,-0.005435,0.002545,-2.453E-4,0.002737,-5.097E-4,0.002253,-3.497E-4,0
1519143222901,true,1624.009,0,-0.00447,-4.244E-5,0.003235,-6.865E-4,0.004514,-2.696E-5,0.00244,-5.933E-4,-0.002924,-0.005476,0.00258,-2.54E-4,0.002657,-4.861E-4,0.00228,-3.65E-4,0
1519143222937,true,1624.066,0,-0.004459,2.984E-4,0.003258,-6.971E-4,0.004488,-2.35E-5,0.00244,-5.853E-4,-0.003314,-0.005242,0.002637,-2.78E-4,0.002621,-4.705E-4,0.002294,-3.791E-4,0
1519143223069,true,1624.112,0,-0.004682,3.296E-4,0.003274,-6.975E-4,0.004467,-3.054E-5,0.002438,-5.797E-4,-0.003401,-0.005012,0.002666,-2.932E-4,0.002652,-4.761E-4,0.002229,-3.613E-4,0
1519143223105,true,1624.17,0,-0.004688,1.022E-4,0.003291,-6.972E-4,0.004473,-3.705E-5,0.00243,-5.759E-4,-0.003214,-0.004898,0.002643,-2.822E-4,0.002706,-5.058E-4,0.002155,-3.365E-4,0
1519143223141,true,1624.227,0,-0.004183,8.714E-5,0.003285,-6.947E-4,0.004496,-3.754E-5,0.002407,-5.773E-4,-0.002796,-0.005143,0.002626,-2.693E-4,0.002763,-5.41E-4,0.002152,-3.277E-4,0
1519143223177,true,1624.285,0,-0.00374,2.323E-4,0.003267,-6.978E-4,0.004525,-3.4E-5,0.002416,-5.858E-4,-0.002694,-0.005289,0.002646,-2.635E-4,0.002755,-5.432E-4,0.002189,-3.438E-4,0
1519143223213,true,1624.342,0,-0.003496,3.576E-4,0.003277,-7.059E-4,0.004542,-2.808E-5,0.002426,-5.872E-4,-0.003474,-0.00495,0.002676,-2.696E-4,0.002712,-5.254E-4,0.002252,-3.785E-4,0
1519143223369,true,1624.413,0,-0.003812,4.327E-4,0.003283,-7.025E-4,0.004529,-2.67E-5,0.002437,-5.807E-4,-0.00421,-0.004614,0.002699,-2.788E-4,0.002712,-5.147E-4,0.002273,-3.928E-4,0
1519143223405,true,1624.471,0,-0.004295,2.454E-4,0.003292,-7.035E-4,0.004525,-3.582E-5,0.002442,-5.795E-4,-0.004317,-0.004473,0.002668,-2.694E-4,0.002734,-5.154E-4,0.002236,-3.812E-4,0
1519143223441,true,1624.528,0,-0.004311,-5.137E-5,0.0033,-7.088E-4,0.004548,-3.857E-5,0.002433,-5.76E-4,-0.003823,-0.004768,0.002608,-2.48E-4,0.002746,-5.322E-4,0.002216,-3.644E-4,0
1519143223477,true,1624.586,0,-0.004001,-9.064E-5,0.003252,-7.084E-4,0.00454,-2.923E-5,0.002424,-5.803E-4,-0.002949,-0.005374,0.002585,-2.395E-4,0.002718,-5.336E-4,0.002236,-3.572E-4,0
1519143223513,true,1624.643,0,-0.003604,1.691E-5,0.003216,-7.138E-4,0.004545,-2.524E-5,0.002428,-5.827E-4,-0.002714,-0.005616,0.0026,-2.422E-4,0.002629,-5.06E-4,0.002262,-3.667E-4,0
1519143223669,true,1624.712,0,-0.00336,1.937E-4,0.003217,-7.188E-4,0.004521,-1.956E-5,0.002438,-5.788E-4,-0.003168,-0.005366,0.002648,-2.673E-4,0.00258,-4.872E-4,0.002293,-3.812E-4,0
1519143223705,true,1624.77,0,-0.003591,3.04E-4,0.003235,-7.187E-4,0.0045,-2.59E-5,0.00244,-5.729E-4,-0.003406,-0.005112,0.002687,-2.911E-4,0.002599,-4.853E-4,0.002242,-3.617E-4,0
1519143223741,true,1624.827,0,-0.003824,1.499E-4,0.003242,-7.157E-4,0.004512,-4.001E-5,0.002433,-5.667E-4,-0.003248,-0.00492,0.002681,-2.918E-4,0.002655,-5.066E-4,0.002166,-3.333E-4,0
1519143223777,true,1624.885,0,-0.003404,2.282E-5,0.003239,-7.103E-4,0.004551,-4.529E-5,0.002417,-5.703E-4,-0.002872,-0.0051,0.002655,-2.821E-4,0.002721,-5.421E-4,0.002148,-3.227E-4,0
1519143223813,true,1624.942,0,-0.003026,1.446E-4,0.003225,-7.11E-4,0.004593,-4.521E-5,0.002407,-5.768E-4,-0.002641,-0.005326,0.002663,-2.788E-4,0.002736,-5.535E-4,0.00219,-3.32E-4,0
1519143223943,true,1624.988,0,-0.002834,1.866E-4,0.003226,-7.146E-4,0.004618,-3.979E-5,0.002424,-5.835E-4,-0.003209,-0.00512,0.002687,-2.873E-4,0.002706,-5.388E-4,0.00225,-3.641E-4,0
1519143223979,true,1625.046,0,-0.003172,2.808E-4,0.003251,-7.153E-4,0.0046,-3.392E-5,0.002429,-5.784E-4,-0.003993,-0.004807,0.002706,-3.018E-4,0.002708,-5.312E-4,0.002293,-3.864E-4,0
1519143224016,true,1625.103,0,-0.004064,2.184E-4,0.003254,-7.097E-4,0.004599,-3.988E-5,0.002446,-5.764E-4,-0.004242,-0.004658,0.002677,-2.994E-4,0.002736,-5.267E-4,0.002262,-3.743E-4,0
1519143224052,true,1625.161,0,-0.004425,-1.295E-4,0.003274,-7.119E-4,0.004623,-4.82E-5,0.002435,-5.695E-4,-0.003816,-0.004859,0.00261,-2.811E-4,0.002764,-5.411E-4,0.002236,-3.574E-4,0
1519143224088,true,1625.218,0,-0.004247,-2.746E-4,0.003249,-7.166E-4,0.004622,-4.102E-5,0.002424,-5.74E-4,-0.003086,-0.00541,0.002568,-2.689E-4,0.002762,-5.519E-4,0.002252,-3.487E-4,0
1519143224219,true,1625.262,0,-0.004156,-1.89E-4,0.003204,-7.2E-4,0.004617,-3.401E-5,0.002425,-5.737E-4,-0.002658,-0.005792,0.002584,-2.729E-4,0.002679,-5.311E-4,0.002282,-3.54E-4,0
1519143224255,true,1625.32,0,-0.003837,-7.449E-5,0.003201,-7.233E-4,0.004614,-3.429E-5,0.002439,-5.716E-4,-0.003,-0.005676,0.002614,-2.944E-4,0.002605,-5.07E-4,0.002306,-3.698E-4,0
1519143224291,true,1625.377,0,-0.004022,2.969E-5,0.003231,-7.242E-4,0.00459,-4.012E-5,0.002452,-5.689E-4,-0.003344,-0.005445,0.002658,-3.242E-4,0.002603,-4.96E-4,0.002278,-3.587E-4,0
1519143224327,true,1625.435,0,-0.004476,-4.979E-5,0.003265,-7.234E-4,0.004601,-5.612E-5,0.002453,-5.649E-4,-0.003366,-0.005169,0.002655,-3.29E-4,0.002655,-5.143E-4,0.002206,-3.325E-4,0
1519143224363,true,1625.492,0,-0.00434,-2.223E-4,0.003277,-7.166E-4,0.004638,-6.542E-5,0.002448,-5.663E-4,-0.003011,-0.00528,0.00262,-3.179E-4,0.002724,-5.515E-4,0.002182,-3.169E-4,0
1519143224519,true,1625.563,0,-0.004151,-7.993E-5,0.003269,-7.107E-4,0.004671,-6.562E-5,0.002434,-5.704E-4,-0.002646,-0.005579,0.002616,-3.112E-4,0.002765,-5.703E-4,0.002211,-3.177E-4,0
1519143224555,true,1625.621,0,-0.004035,7.251E-5,0.00326,-7.111E-4,0.004707,-6.102E-5,0.002447,-5.739E-4,-0.002988,-0.005487,0.002636,-3.122E-4,0.002737,-5.558E-4,0.002271,-3.458E-4,0
1519143224591,true,1625.678,0,-0.004226,2.116E-4,0.003303,-7.169E-4,0.004709,-5.713E-5,0.002458,-5.719E-4,-0.003856,-0.00511,0.002656,-3.242E-4,0.002725,-5.435E-4,0.002337,-3.783E-4,0
1519143224627,true,1625.736,0,-0.004995,1.366E-4,0.003326,-7.147E-4,0.004716,-7.055E-5,0.002481,-5.716E-4,-0.004246,-0.004915,0.002656,-3.297E-4,0.002755,-5.377E-4,0.002337,-3.784E-4,0
1519143224663,true,1625.793,0,-0.005473,-1.606E-4,0.003328,-7.083E-4,0.00473,-7.86E-5,0.002483,-5.688E-4,-0.003965,-0.004993,0.002609,-3.158E-4,0.002799,-5.512E-4,0.002303,-3.612E-4,0
1519143224794,true,1625.837,0,-0.005335,-3.58E-4,0.003314,-7.065E-4,0.004752,-7.984E-5,0.002484,-5.687E-4,-0.00324,-0.00552,0.002553,-2.961E-4,0.002819,-5.689E-4,0.002316,-3.509E-4,0
1519143224830,true,1625.895,0,-0.005195,-2.372E-4,0.003285,-7.089E-4,0.004748,-7.023E-5,0.002482,-5.728E-4,-0.002597,-0.006036,0.002553,-2.925E-4,0.002757,-5.553E-4,0.002355,-3.576E-4,0
1519143224866,true,1625.952,0,-0.004764,-1.489E-4,0.003279,-7.163E-4,0.004717,-6.096E-5,0.002485,-5.711E-4,-0.002722,-0.006041,0.002583,-3.072E-4,0.002658,-5.253E-4,0.00239,-3.711E-4,0
1519143224902,true,1626.01,0,-0.004943,7.791E-5,0.00331,-7.208E-4,0.004682,-6.18E-5,0.00249,-5.651E-4,-0.003155,-0.005808,0.002632,-3.342E-4,0.002648,-5.145E-4,0.002372,-3.684E-4,0
1519143224938,true,1626.067,0,-0.005444,1.232E-4,0.003343,-7.208E-4,0.004665,-7.204E-5,0.002499,-5.599E-4,-0.003236,-0.005545,0.002642,-3.426E-4,0.00269,-5.234E-4,0.002301,-3.438E-4,0
1519143225092,true,1626.137,0,-0.005418,-3.478E-5,0.003375,-7.169E-4,0.004687,-8.069E-5,0.002488,-5.602E-4,-0.003024,-0.005529,0.002617,-3.325E-4,0.002768,-5.614E-4,0.002253,-3.253E-4,0
1519143225129,true,1626.195,0,-0.005059,-2.463E-5,0.003366,-7.136E-4,0.00472,-8.004E-5,0.002466,-5.637E-4,-0.002584,-0.005824,0.002613,-3.235E-4,0.002821,-5.898E-4,0.002267,-3.228E-4,0
1519143225165,true,1626.252,0,-0.004823,1.282E-4,0.003385,-7.239E-4,0.004754,-7.481E-5,0.00248,-5.735E-4,-0.00267,-0.005869,0.002639,-3.225E-4,0.0028,-5.819E-4,0.002317,-3.466E-4,0
1519143225200,true,1626.31,0,-0.004619,2.348E-4,0.003404,-7.272E-4,0.004762,-7.01E-5,0.00249,-5.725E-4,-0.003539,-0.00548,0.002672,-3.339E-4,0.002775,-5.667E-4,0.002385,-3.813E-4,0
1519143225237,true,1626.367,0,-0.005359,2.915E-4,0.003429,-7.232E-4,0.004751,-7.28E-5,0.002499,-5.713E-4,-0.004033,-0.005238,0.002696,-3.49E-4,0.002804,-5.607E-4,0.00239,-3.874E-4,0
1519143225393,true,1626.437,0,-0.005952,2.332E-5,0.003432,-7.167E-4,0.004765,-8.242E-5,0.002509,-5.702E-4,-0.004032,-0.005163,0.002646,-3.336E-4,0.002845,-5.707E-4,0.002357,-3.721E-4,0
1519143225429,true,1626.495,0,-0.005826,-2.19E-4,0.003412,-7.054E-4,0.004771,-7.915E-5,0.002505,-5.735E-4,-0.003436,-0.005586,0.002587,-3.151E-4,0.002867,-5.894E-4,0.002366,-3.614E-4,0
1519143225465,true,1626.552,0,-0.005459,-2.083E-4,0.003376,-7.088E-4,0.004788,-8.25E-5,0.002516,-5.803E-4,-0.002652,-0.00614,0.002579,-3.096E-4,0.002831,-5.839E-4,0.002398,-3.613E-4,0
1519143225501,true,1626.61,0,-0.005097,-1.057E-4,0.003364,-7.194E-4,0.004785,-8.244E-5,0.002523,-5.832E-4,-0.002698,-0.006229,0.002614,-3.23E-4,0.002723,-5.51E-4,0.002436,-3.752E-4,0
1519143225537,true,1626.667,0,-0.004974,8.682E-5,0.003378,-7.23E-4,0.004751,-7.978E-5,0.002527,-5.759E-4,-0.003176,-0.006004,0.002662,-3.513E-4,0.002675,-5.304E-4,0.002453,-3.861E-4,0
1519143225668,true,1626.712,0,-0.005501,1.24E-4,0.003401,-7.2E-4,0.004729,-9.414E-5,0.002536,-5.738E-4,-0.00329,-0.005792,0.00269,-3.66E-4,0.002704,-5.339E-4,0.002392,-3.666E-4,0
1519143225704,true,1626.77,0,-0.005708,-5.437E-5,0.003426,-7.146E-4,0.004739,-1.078E-4,0.002528,-5.721E-4,-0.003056,-0.005703,0.002673,-3.585E-4,0.002769,-5.641E-4,0.002332,-3.432E-4,0
1519143225740,true,1626.827,0,-0.005211,-1.907E-4,0.003415,-7.057E-4,0.004756,-1.043E-4,0.002497,-5.728E-4,-0.002727,-0.005907,0.002661,-3.477E-4,0.002825,-5.953E-4,0.002326,-3.349E-4,0
1519143225776,true,1626.885,0,-0.00502,-5.938E-5,0.003402,-7.044E-4,0.004763,-9.61E-5,0.002495,-5.811E-4,-0.00262,-0.006057,0.002676,-3.417E-4,0.002808,-5.932E-4,0.002369,-3.512E-4,0
1519143225811,true,1626.942,0,-0.004877,5.386E-5,0.003424,-7.094E-4,0.004755,-8.168E-5,0.002506,-5.832E-4,-0.003385,-0.005735,0.002707,-3.487E-4,0.002769,-5.783E-4,0.002435,-3.833E-4,0
1519143225968,true,1627.012,0,-0.005391,1.735E-4,0.003443,-7.049E-4,0.004735,-8.191E-5,0.002526,-5.856E-4,-0.004147,-0.005394,0.002733,-3.607E-4,0.002777,-5.699E-4,0.002453,-3.988E-4,0
1519143226004,true,1627.07,0,-0.005918,-7.581E-5,0.003457,-7.031E-4,0.004733,-8.965E-5,0.002543,-5.863E-4,-0.004318,-0.005241,0.0027,-3.529E-4,0.002813,-5.715E-4,0.002414,-3.874E-4,0
1519143226040,true,1627.127,0,-0.00598,-3.99E-4,0.003448,-6.977E-4,0.004756,-9.551E-5,0.002533,-5.857E-4,-0.003911,-0.005514,0.002636,-3.321E-4,0.002837,-5.896E-4,0.002395,-3.736E-4,0
1519143226076,true,1627.185,0,-0.005705,-4.241E-4,0.003405,-6.945E-4,0.00475,-8.602E-5,0.002523,-5.899E-4,-0.003274,-0.00602,0.002618,-3.214E-4,0.002818,-5.953E-4,0.002419,-3.661E-4,0
1519143226113,true,1627.242,0,-0.005413,-3.054E-4,0.003361,-6.972E-4,0.004749,-8.263E-5,0.00254,-5.943E-4,-0.003106,-0.006237,0.002635,-3.258E-4,0.002723,-5.658E-4,0.002455,-3.758E-4,0
1519143226243,true,1627.287,0,-0.005127,-1.474E-4,0.003363,-6.972E-4,0.004725,-7.692E-5,0.002552,-5.94E-4,-0.00357,-0.006,0.002673,-3.481E-4,0.00266,-5.417E-4,0.002491,-3.93E-4,0
1519143226279,true,1627.345,0,-0.005468,-6.575E-5,0.003379,-6.974E-4,0.004702,-8.574E-5,0.00256,-5.905E-4,-0.003775,-0.005764,0.002715,-3.722E-4,0.002676,-5.388E-4,0.002433,-3.759E-4,0
1519143226340,true,1627.402,0,-0.00581,-1.495E-4,0.003389,-6.909E-4,0.004708,-9.599E-5,0.00255,-5.822E-4,-0.003615,-0.005574,0.002695,-3.679E-4,0.002732,-5.621E-4,0.002352,-3.466E-4,0
1519143226376,true,1627.46,0,-0.005516,-2.598E-4,0.003391,-6.814E-4,0.004729,-9.499E-5,0.00253,-5.835E-4,-0.003319,-0.005718,0.002665,-3.58E-4,0.002796,-5.992E-4,0.00233,-3.361E-4,0
1519143226412,true,1627.517,0,-0.005171,-1.196E-4,0.003374,-6.821E-4,0.004746,-8.971E-5,0.002531,-5.944E-4,-0.003067,-0.005938,0.002681,-3.544E-4,0.002799,-6.041E-4,0.00236,-3.432E-4,0
1519143226543,true,1627.586,0,-0.004867,-4.364E-5,0.003378,-6.879E-4,0.004755,-8.404E-5,0.002539,-6.024E-4,-0.003635,-0.005713,0.002708,-3.588E-4,0.002761,-5.889E-4,0.00242,-3.762E-4,0
1519143226579,true,1627.644,0,-0.005227,6.698E-5,0.003408,-6.872E-4,0.004734,-7.983E-5,0.002552,-6.012E-4,-0.004526,-0.005301,0.00273,-3.728E-4,0.002759,-5.777E-4,0.00246,-4.005E-4,0
1519143226615,true,1627.701,0,-0.005823,-9.129E-5,0.003415,-6.793E-4,0.004733,-8.985E-5,0.00257,-6.003E-4,-0.004815,-0.005085,0.002708,-3.685E-4,0.002795,-5.761E-4,0.002427,-3.917E-4,0
1519143226651,true,1627.759,0,-0.006072,-4.579E-4,0.003406,-6.715E-4,0.004752,-9.216E-5,0.002555,-5.909E-4,-0.004439,-0.005246,0.002646,-3.533E-4,0.00282,-5.884E-4,0.002391,-3.757E-4,0
1519143226687,true,1627.816,0,-0.0057,-6.11E-4,0.003363,-6.682E-4,0.00477,-8.935E-5,0.002536,-5.903E-4,-0.003724,-0.005783,0.002613,-3.405E-4,0.002822,-6.003E-4,0.002408,-3.689E-4,0
1519143226818,true,1627.862,0,-0.005537,-4.845E-4,0.003328,-6.679E-4,0.004769,-8.245E-5,0.002535,-5.959E-4,-0.003251,-0.006177,0.002619,-3.387E-4,0.002739,-5.775E-4,0.002444,-3.766E-4,0
1519143226854,true,1627.92,0,-0.005067,-3.805E-4,0.003323,-6.688E-4,0.004756,-7.519E-5,0.002547,-5.942E-4,-0.003617,-0.006022,0.002654,-3.567E-4,0.002676,-5.509E-4,0.002474,-3.912E-4,0
1519143226902,true,1627.977,0,-0.005275,-2.04E-4,0.003346,-6.679E-4,0.004738,-8.808E-5,0.002572,-5.964E-4,-0.004035,-0.005759,0.002701,-3.827E-4,0.002676,-5.41E-4,0.002435,-3.794E-4,0
1519143226938,true,1628.035,0,-0.005544,-2.886E-4,0.003365,-6.648E-4,0.004735,-9.749E-5,0.002573,-5.931E-4,-0.004016,-0.005488,0.002696,-3.853E-4,0.002724,-5.559E-4,0.002352,-3.506E-4,0
1519143226974,true,1628.092,0,-0.00532,-4.764E-4,0.003379,-6.626E-4,0.004765,-1.039E-4,0.002554,-5.908E-4,-0.003662,-0.005546,0.002664,-3.741E-4,0.002794,-5.885E-4,0.002326,-3.346E-4,0
1519143227118,true,1628.162,0,-0.005107,-3.235E-4,0.003379,-6.617E-4,0.004786,-9.722E-5,0.002535,-5.975E-4,-0.003259,-0.005802,0.002665,-3.664E-4,0.00283,-6.07E-4,0.002349,-3.356E-4,0
1519143227154,true,1628.22,0,-0.004965,-1.656E-4,0.00338,-6.678E-4,0.004808,-9.148E-5,0.00255,-6.086E-4,-0.003599,-0.005705,0.002701,-3.688E-4,0.002802,-5.925E-4,0.002412,-3.649E-4,0
1519143227190,true,1628.277,0,-0.005164,1.623E-5,0.003414,-6.721E-4,0.004801,-8.441E-5,0.002553,-6.054E-4,-0.004442,-0.005285,0.002721,-3.807E-4,0.002802,-5.814E-4,0.002472,-3.962E-4,0
1519143227226,true,1628.335,0,-0.005787,-2.752E-5,0.003427,-6.665E-4,0.004785,-8.291E-5,0.002569,-6.019E-4,-0.004843,-0.005052,0.002719,-3.863E-4,0.002836,-5.741E-4,0.002457,-3.938E-4,0
1519143227263,true,1628.392,0,-0.006228,-3.083E-4,0.003436,-6.636E-4,0.004817,-9.252E-5,0.002567,-5.975E-4,-0.004623,-0.005071,0.002664,-3.684E-4,0.002871,-5.82E-4,0.002422,-3.761E-4,0
1519143227418,true,1628.462,0,-0.006046,-5.11E-4,0.003414,-6.578E-4,0.004826,-8.98E-5,0.002548,-5.943E-4,-0.00391,-0.005543,0.002605,-3.482E-4,0.002894,-5.959E-4,0.002434,-3.694E-4,0
1519143227454,true,1628.52,0,-0.005706,-4.411E-4,0.003372,-6.583E-4,0.004826,-7.959E-5,0.00255,-5.985E-4,-0.003189,-0.006066,0.002611,-3.465E-4,0.002849,-5.8E-4,0.002463,-3.725E-4,0
1519143227490,true,1628.577,0,-0.005279,-2.959E-4,0.003357,-6.619E-4,0.00481,-6.764E-5,0.002565,-5.982E-4,-0.003353,-0.006045,0.002638,-3.627E-4,0.002783,-5.543E-4,0.002491,-3.854E-4,0
1519143227526,true,1628.635,0,-0.005362,-5.829E-5,0.00338,-6.631E-4,0.004786,-6.453E-5,0.002584,-5.931E-4,-0.003769,-0.005766,0.002683,-3.889E-4,0.002775,-5.459E-4,0.002477,-3.853E-4,0
1519143227562,true,1628.692,0,-0.00576,-4.127E-5,0.003394,-6.551E-4,0.004791,-8.086E-5,0.002581,-5.878E-4,-0.003764,-0.005514,0.002703,-4.022E-4,0.002822,-5.539E-4,0.002409,-3.594E-4,0
1519143227669,true,1628.713,0,-0.005634,-2.269E-4,0.003405,-6.486E-4,0.004837,-9.54E-5,0.002569,-5.884E-4,-0.003494,-0.005476,0.002679,-3.917E-4,0.002894,-5.859E-4,0.002365,-3.403E-4,0
1519143227705,true,1628.771,0,-0.005161,-1.574E-4,0.003394,-6.476E-4,0.004871,-9.752E-5,0.00254,-5.92E-4,-0.003046,-0.005737,0.002677,-3.843E-4,0.002948,-6.093E-4,0.002384,-3.391E-4,0
1519143227741,true,1628.828,0,-0.005005,3.179E-5,0.003382,-6.462E-4,0.004905,-9.587E-5,0.002542,-6.018E-4,-0.003131,-0.005752,0.002709,-3.831E-4,0.002942,-6.017E-4,0.002436,-3.613E-4,0
1519143227777,true,1628.886,0,-0.004807,1.423E-4,0.003414,-6.493E-4,0.004907,-8.662E-5,0.002555,-6.038E-4,-0.003988,-0.005349,0.00274,-3.923E-4,0.002929,-5.876E-4,0.002505,-3.982E-4,0
1519143227813,true,1628.943,0,-0.005237,1.32E-4,0.003441,-6.453E-4,0.004896,-8.702E-5,0.002574,-6.045E-4,-0.004549,-0.005031,0.002754,-4.029E-4,0.002957,-5.803E-4,0.002511,-4.043E-4,0
1519143227968,true,1629.012,0,-0.005666,-1.342E-4,0.003452,-6.394E-4,0.00491,-9.789E-5,0.002586,-5.981E-4,-0.004462,-0.004934,0.002713,-3.891E-4,0.002999,-5.874E-4,0.002479,-3.898E-4,0
1519143228004,true,1629.07,0,-0.005656,-3.985E-4,0.003438,-6.328E-4,0.004933,-9.655E-5,0.002576,-5.973E-4,-0.003931,-0.005291,0.002654,-3.682E-4,0.003033,-6.053E-4,0.002485,-3.798E-4,0
1519143228040,true,1629.127,0,-0.005309,-3.875E-4,0.00339,-6.316E-4,0.00493,-8.738E-5,0.002571,-6.03E-4,-0.003117,-0.005866,0.002643,-3.581E-4,0.003004,-5.997E-4,0.002523,-3.802E-4,0
1519143228076,true,1629.185,0,-0.004965,-2.789E-4,0.003375,-6.39E-4,0.00493,-8.345E-5,0.002577,-6.039E-4,-0.003102,-0.005948,0.002669,-3.657E-4,0.002924,-5.698E-4,0.002568,-3.978E-4,0
1519143228112,true,1629.242,0,-0.004763,-1.285E-4,0.003383,-6.415E-4,0.004911,-8.073E-5,0.002592,-6.022E-4,-0.003483,-0.005714,0.002719,-3.898E-4,0.002897,-5.545E-4,0.002583,-4.069E-4,0
1519143228269,true,1629.313,0,-0.005101,-1.182E-4,0.003394,-6.335E-4,0.004896,-8.881E-5,0.00261,-6.012E-4,-0.003683,-0.005434,0.002747,-4.056E-4,0.002922,-5.523E-4,0.002534,-3.866E-4,0
1519143228305,true,1629.371,0,-0.00524,-2.651E-4,0.003417,-6.323E-4,0.004911,-9.814E-5,0.002606,-6.004E-4,-0.003425,-0.005354,0.002731,-4.004E-4,0.002981,-5.795E-4,0.002477,-3.672E-4,0
1519143228341,true,1629.428,0,-0.004826,-3.614E-4,0.003413,-6.293E-4,0.004943,-1.01E-4,0.002586,-6.058E-4,-0.003064,-0.005578,0.002718,-3.914E-4,0.003053,-6.115E-4,0.00248,-3.601E-4,0
1519143228377,true,1629.486,0,-0.004608,-1.544E-4,0.003403,-6.331E-4,0.004979,-1.014E-4,0.002585,-6.16E-4,-0.003008,-0.005706,0.002746,-3.891E-4,0.003057,-6.141E-4,0.002525,-3.767E-4,0
1519143228413,true,1629.543,0,-0.004447,-8.042E-6,0.003421,-6.391E-4,0.00499,-9.884E-5,0.002598,-6.187E-4,-0.003816,-0.005345,0.002773,-3.951E-4,0.003021,-5.969E-4,0.00259,-4.13E-4,0
1519143228543,true,1629.587,0,-0.004915,1.054E-4,0.003443,-6.372E-4,0.004972,-9.837E-5,0.002613,-6.173E-4,-0.004581,-0.004994,0.002799,-4.075E-4,0.00304,-5.875E-4,0.002617,-4.319E-4,0
1519143228579,true,1629.645,0,-0.005485,-1.13E-4,0.003448,-6.326E-4,0.004983,-1.117E-4,0.002632,-6.187E-4,-0.00463,-0.004854,0.002772,-3.999E-4,0.003082,-5.936E-4,0.002583,-4.19E-4,0
1519143228615,true,1629.702,0,-0.005605,-3.978E-4,0.003437,-6.271E-4,0.004991,-1.104E-4,0.002627,-6.162E-4,-0.004218,-0.005113,0.002711,-3.77E-4,0.003118,-6.126E-4,0.002573,-4.079E-4,0
1519143228651,true,1629.76,0,-0.005357,-4.16E-4,0.003399,-6.274E-4,0.005002,-1.055E-4,0.002623,-6.25E-4,-0.003528,-0.005671,0.002694,-3.656E-4,0.003109,-6.199E-4,0.002599,-4.055E-4,0
1519143228687,true,1629.817,0,-0.005059,-3.464E-4,0.003372,-6.333E-4,0.005004,-1.02E-4,0.002628,-6.31E-4,-0.003318,-0.005943,0.002715,-3.703E-4,0.003028,-5.935E-4,0.002637,-4.192E-4,0
1519143228844,true,1629.888,0,-0.004654,-2.034E-4,0.003387,-6.387E-4,0.004984,-9.957E-5,0.002634,-6.27E-4,-0.003733,-0.005729,0.002763,-3.949E-4,0.002974,-5.696E-4,0.002669,-4.358E-4,0
1519143228880,true,1629.946,0,-0.005122,-1.305E-5,0.003402,-6.38E-4,0.004961,-1.104E-4,0.002631,-6.207E-4,-0.003942,-0.005523,0.002804,-4.173E-4,0.00298,-5.616E-4,0.002618,-4.204E-4,0
1519143228915,true,1630.003,0,-0.005366,-1.521E-4,0.00342,-6.403E-4,0.004955,-1.196E-4,0.002632,-6.198E-4,-0.003797,-0.005353,0.002789,-4.132E-4,0.003024,-5.832E-4,0.002548,-3.995E-4,0
1519143228952,true,1630.061,0,-0.005043,-2.748E-4,0.0034,-6.323E-4,0.00497,-1.243E-4,0.002596,-6.166E-4,-0.003388,-0.005552,0.002771,-4.031E-4,0.003088,-6.184E-4,0.002525,-3.878E-4,0
1519143228988,true,1630.118,0,-0.004694,-1.232E-4,0.003389,-6.333E-4,0.004979,-1.188E-4,0.002581,-6.26E-4,-0.003161,-0.005774,0.002786,-3.968E-4,0.003094,-6.276E-4,0.002562,-4.028E-4,0
1519143229118,true,1630.162,0,-0.004497,8.518E-6,0.003394,-6.41E-4,0.004989,-1.12E-4,0.002586,-6.333E-4,-0.003714,-0.005575,0.002811,-4.006E-4,0.003055,-6.125E-4,0.002623,-4.374E-4,0
1519143229154,true,1630.22,0,-0.004876,1.895E-4,0.003417,-6.442E-4,0.004976,-1.149E-4,0.002611,-6.39E-4,-0.00462,-0.005168,0.002837,-4.129E-4,0.003055,-6.031E-4,0.002661,-4.638E-4,0
1519143229190,true,1630.277,0,-0.005506,4.328E-5,0.003428,-6.455E-4,0.004968,-1.249E-4,0.00262,-6.412E-4,-0.004867,-0.005009,0.00282,-4.099E-4,0.003076,-5.997E-4,0.002628,-4.574E-4,0
1519143229227,true,1630.335,0,-0.005798,-2.956E-4,0.003437,-6.506E-4,0.004978,-1.323E-4,0.002605,-6.341E-4,-0.004544,-0.005146,0.002749,-3.879E-4,0.00311,-6.176E-4,0.002595,-4.448E-4,0
1519143229263,true,1630.392,0,-0.005542,-4.082E-4,0.003402,-6.504E-4,0.004974,-1.223E-4,0.002587,-6.362E-4,-0.003876,-0.005648,0.002707,-3.723E-4,0.003101,-6.256E-4,0.002609,-4.38E-4,0
1519143229418,true,1630.463,0,-0.005369,-2.776E-4,0.003364,-6.562E-4,0.004979,-1.17E-4,0.002597,-6.436E-4,-0.003365,-0.006075,0.002715,-3.727E-4,0.003019,-5.992E-4,0.002643,-4.476E-4,0
1519143229454,true,1630.521,0,-0.005109,-1.054E-4,0.003361,-6.65E-4,0.004961,-1.112E-4,0.002598,-6.43E-4,-0.003663,-0.005943,0.002751,-3.931E-4,0.002947,-5.71E-4,0.002674,-4.662E-4,0
1519143229490,true,1630.578,0,-0.005313,5.467E-5,0.00338,-6.649E-4,0.004924,-1.181E-4,0.002603,-6.397E-4,-0.003954,-0.005725,0.002801,-4.216E-4,0.002944,-5.615E-4,0.002643,-4.59E-4,0
1519143229527,true,1630.636,0,-0.00555,-3.3E-5,0.003395,-6.684E-4,0.004929,-1.367E-4,0.002601,-6.372E-4,-0.003834,-0.00551,0.002797,-4.223E-4,0.002989,-5.773E-4,0.002559,-4.308E-4,0
1519143229562,true,1630.693,0,-0.005295,-1.88E-4,0.003389,-6.61E-4,0.004936,-1.424E-4,0.002576,-6.395E-4,-0.00352,-0.0056,0.002767,-4.098E-4,0.003048,-6.113E-4,0.002517,-4.152E-4,0
1519143229693,true,1630.738,0,-0.004874,-1.433E-4,0.003368,-6.606E-4,0.004967,-1.428E-4,0.002559,-6.472E-4,-0.00314,-0.005869,0.002777,-4.049E-4,0.003079,-6.308E-4,0.002536,-4.199E-4,0
1519143229729,true,1630.796,0,-0.00462,4.8E-5,0.003363,-6.675E-4,0.004983,-1.395E-4,0.00257,-6.592E-4,-0.003442,-0.005809,0.002804,-4.074E-4,0.003048,-6.15E-4,0.002587,-4.505E-4,0
1519143229765,true,1630.853,0,-0.004668,1.8E-4,0.003391,-6.722E-4,0.004966,-1.322E-4,0.002578,-6.586E-4,-0.004324,-0.00539,0.002824,-4.178E-4,0.003034,-6.021E-4,0.002639,-4.83E-4,0
1519143229802,true,1630.911,0,-0.00529,8.927E-5,0.003416,-6.772E-4,0.004953,-1.368E-4,0.002593,-6.612E-4,-0.004737,-0.005154,0.002825,-4.236E-4,0.003075,-5.989E-4,0.002619,-4.816E-4,0
1519143229838,true,1630.968,0,-0.005753,-2.189E-4,0.003429,-6.813E-4,0.004955,-1.406E-4,0.002586,-6.585E-4,-0.004529,-0.005187,0.002761,-4.046E-4,0.003112,-6.125E-4,0.002578,-4.662E-4,0
1519143229993,true,1631.038,0,-0.005576,-4.648E-4,0.003412,-6.816E-4,0.00496,-1.377E-4,0.002564,-6.62E-4,-0.003912,-0.00563,0.002708,-3.878E-4,0.003141,-6.315E-4,0.002584,-4.604E-4,0
1519143230029,true,1631.096,0,-0.005283,-3.625E-4,0.003377,-6.85E-4,0.004963,-1.331E-4,0.002563,-6.688E-4,-0.003213,-0.006123,0.002703,-3.823E-4,0.003095,-6.212E-4,0.002609,-4.602E-4,0
1519143230065,true,1631.153,0,-0.004888,-2.578E-4,0.003362,-6.934E-4,0.004946,-1.214E-4,0.002588,-6.725E-4,-0.003346,-0.006115,0.002729,-3.952E-4,0.003015,-5.915E-4,0.002648,-4.773E-4,0
1519143230101,true,1631.211,0,-0.004886,-3.435E-5,0.003367,-6.929E-4,0.004928,-1.295E-4,0.002608,-6.751E-4,-0.003755,-0.005877,0.002779,-4.222E-4,0.002998,-5.781E-4,0.002642,-4.821E-4,0
1519143230137,true,1631.268,0,-0.005323,-2.492E-5,0.003386,-6.935E-4,0.00491,-1.419E-4,0.002616,-6.742E-4,-0.003717,-0.005661,0.002783,-4.289E-4,0.003041,-5.85E-4,0.002571,-4.586E-4,0
1519143230293,true,1631.338,0,-0.005205,-2.591E-4,0.003412,-6.9E-4,0.004932,-1.503E-4,0.002598,-6.723E-4,-0.003435,-0.005635,0.002755,-4.183E-4,0.003109,-6.143E-4,0.002515,-4.355E-4,0
1519143230329,true,1631.396,0,-0.004795,-2.298E-4,0.003391,-6.826E-4,0.004954,-1.498E-4,0.002573,-6.795E-4,-0.003018,-0.005882,0.002754,-4.107E-4,0.003174,-6.416E-4,0.002528,-4.334E-4,0
1519143230366,true,1631.453,0,-0.004591,-3.744E-5,0.003389,-6.897E-4,0.005,-1.548E-4,0.00258,-6.876E-4,-0.003014,-0.005951,0.002787,-4.088E-4,0.003164,-6.373E-4,0.002577,-4.595E-4,0
1519143230401,true,1631.511,0,-0.004482,1.037E-4,0.003423,-6.997E-4,0.005,-1.493E-4,0.002597,-6.936E-4,-0.003828,-0.005526,0.002818,-4.191E-4,0.003146,-6.231E-4,0.002646,-4.962E-4,0
1519143230438,true,1631.568,0,-0.005106,1.752E-4,0.003444,-6.971E-4,0.004986,-1.495E-4,0.002616,-6.976E-4,-0.004436,-0.005211,0.002843,-4.303E-4,0.003171,-6.143E-4,0.002644,-5.009E-4,0
1519143230568,true,1631.613,0,-0.005654,-5.684E-5,0.003456,-6.926E-4,0.005009,-1.627E-4,0.002611,-6.917E-4,-0.004328,-0.005134,0.002799,-4.149E-4,0.00322,-6.255E-4,0.002604,-4.843E-4,0
1519143230604,true,1631.671,0,-0.005629,-3.518E-4,0.003446,-6.923E-4,0.005034,-1.665E-4,0.0026,-6.872E-4,-0.003721,-0.005508,0.002745,-3.922E-4,0.003256,-6.433E-4,0.002611,-4.774E-4,0
1519143230641,true,1631.728,0,-0.005276,-3.516E-4,0.003411,-6.974E-4,0.005047,-1.654E-4,0.002594,-6.933E-4,-0.002942,-0.006048,0.00273,-3.856E-4,0.003226,-6.387E-4,0.002643,-4.778E-4,0
1519143230677,true,1631.786,0,-0.005009,-2.349E-4,0.003392,-7.072E-4,0.005038,-1.556E-4,0.002598,-6.934E-4,-0.002886,-0.00615,0.002756,-3.935E-4,0.003144,-6.073E-4,0.002679,-4.916E-4,0
1519143230712,true,1631.843,0,-0.004987,6.171E-6,0.003413,-7.114E-4,0.005011,-1.529E-4,0.002621,-6.949E-4,-0.003278,-0.005904,0.002804,-4.17E-4,0.003113,-5.907E-4,0.002696,-5.005E-4,0
1519143230868,true,1631.913,0,-0.005377,6.096E-5,0.003443,-7.123E-4,0.005001,-1.636E-4,0.002632,-6.928E-4,-0.003393,-0.005669,0.002841,-4.322E-4,0.003152,-5.913E-4,0.002637,-4.759E-4,0
1519143230904,true,1631.971,0,-0.005386,-1.387E-4,0.003466,-7.074E-4,0.005031,-1.816E-4,0.002637,-6.948E-4,-0.003159,-0.005521,0.002828,-4.244E-4,0.003224,-6.181E-4,0.00257,-4.503E-4,0
1519143230940,true,1632.028,0,-0.005068,-1.384E-4,0.003475,-7.01E-4,0.005073,-1.857E-4,0.002628,-7.036E-4,-0.002728,-0.005717,0.00282,-4.133E-4,0.003303,-6.514E-4,0.002571,-4.384E-4,0
1519143230977,true,1632.086,0,-0.004855,1.25E-4,0.003473,-7.059E-4,0.00509,-1.817E-4,0.00263,-7.135E-4,-0.00259,-0.005846,0.002852,-4.088E-4,0.003312,-6.522E-4,0.002609,-4.513E-4,0
1519143231012,true,1632.143,0,-0.004713,3.219E-4,0.003506,-7.117E-4,0.005116,-1.796E-4,0.002664,-7.222E-4,-0.003313,-0.005515,0.002887,-4.144E-4,0.003303,-6.409E-4,0.002679,-4.85E-4,0
1519143231143,true,1632.188,0,-0.00518,4.751E-4,0.003532,-7.069E-4,0.005116,-1.848E-4,0.002681,-7.244E-4,-0.00406,-0.005151,0.002908,-4.233E-4,0.003324,-6.316E-4,0.002702,-4.979E-4,0
1519143231180,true,1632.246,0,-0.005894,2.733E-4,0.003552,-7.047E-4,0.005129,-1.925E-4,0.0027,-7.249E-4,-0.004172,-0.004946,0.00289,-4.152E-4,0.003376,-6.339E-4,0.002677,-4.863E-4,0
1519143231216,true,1632.303,0,-0.005969,-7.011E-5,0.003562,-7.043E-4,0.005142,-1.9E-4,0.002702,-7.264E-4,-0.003761,-0.005176,0.00284,-3.924E-4,0.003429,-6.519E-4,0.002671,-4.739E-4,0
1519143231251,true,1632.361,0,-0.005627,-1.137E-4,0.003538,-7.059E-4,0.005163,-1.927E-4,0.002697,-7.301E-4,-0.002974,-0.005723,0.002825,-3.779E-4,0.003427,-6.569E-4,0.002712,-4.717E-4,0
1519143231288,true,1632.418,0,-0.005272,-1.841E-5,0.00353,-7.198E-4,0.005164,-1.93E-4,0.002706,-7.316E-4,-0.002634,-0.005963,0.00285,-3.805E-4,0.003348,-6.294E-4,0.002752,-4.835E-4,0
1519143231418,true,1632.464,0,-0.004861,1.083E-4,0.003554,-7.348E-4,0.005123,-1.901E-4,0.002733,-7.342E-4,-0.003055,-0.00575,0.002892,-3.996E-4,0.003275,-6.027E-4,0.002778,-4.998E-4,0
1519143231454,true,1632.522,0,-0.005363,2.797E-4,0.00357,-7.339E-4,0.005092,-2.001E-4,0.00274,-7.317E-4,-0.003282,-0.005519,0.002936,-4.192E-4,0.003277,-5.947E-4,0.002726,-4.844E-4,0
1519143231490,true,1632.579,0,-0.005629,1.448E-4,0.003611,-7.368E-4,0.005096,-2.133E-4,0.002739,-7.267E-4,-0.003124,-0.005275,0.002931,-4.15E-4,0.003335,-6.136E-4,0.002649,-4.57E-4,0
1519143231527,true,1632.637,0,-0.005186,-8.922E-6,0.003623,-7.298E-4,0.005118,-2.144E-4,0.002726,-7.293E-4,-0.002719,-0.005419,0.002916,-4.047E-4,0.003411,-6.472E-4,0.002633,-4.43E-4,0
1519143231563,true,1632.694,0,-0.004838,1.649E-4,0.003619,-7.336E-4,0.005151,-2.101E-4,0.002726,-7.402E-4,-0.00237,-0.005653,0.002935,-3.969E-4,0.003431,-6.556E-4,0.002662,-4.485E-4,0
1519143231718,true,1632.763,0,-0.004821,2.991E-4,0.003652,-7.483E-4,0.005159,-2.029E-4,0.002735,-7.455E-4,-0.002946,-0.00543,0.002975,-4.0E-4,0.003399,-6.37E-4,0.002719,-4.784E-4,0
1519143231754,true,1632.821,0,-0.005019,4.168E-4,0.003704,-7.54E-4,0.00516,-2.027E-4,0.002759,-7.457E-4,-0.003813,-0.00501,0.003004,-4.082E-4,0.003418,-6.28E-4,0.002758,-5.003E-4,0
1519143231791,true,1632.878,0,-0.005578,2.75E-4,0.00372,-7.492E-4,0.005157,-2.103E-4,0.002776,-7.458E-4,-0.004059,-0.004832,0.003006,-4.072E-4,0.003471,-6.289E-4,0.002736,-4.933E-4,0
1519143231827,true,1632.936,0,-0.005896,-3.43E-5,0.003733,-7.487E-4,0.005176,-2.131E-4,0.00278,-7.431E-4,-0.003772,-0.004961,0.002945,-3.841E-4,0.003507,-6.396E-4,0.002706,-4.752E-4,0
1519143231863,true,1632.993,0,-0.005649,-1.985E-4,0.003716,-7.499E-4,0.005182,-1.981E-4,0.002776,-7.487E-4,-0.003089,-0.00547,0.002919,-3.699E-4,0.003526,-6.511E-4,0.002736,-4.706E-4,0
1519143232018,true,1633.063,0,-0.005385,-1.002E-4,0.003683,-7.575E-4,0.005178,-1.92E-4,0.002779,-7.504E-4,-0.00261,-0.005868,0.002938,-3.689E-4,0.003458,-6.301E-4,0.00277,-4.775E-4,0
1519143232055,true,1633.121,0,-0.004986,3.32E-5,0.003685,-7.649E-4,0.005154,-1.846E-4,0.002796,-7.509E-4,-0.002961,-0.005722,0.002988,-3.881E-4,0.003382,-6.065E-4,0.002802,-4.945E-4,0
1519143232091,true,1633.178,0,-0.005226,1.56E-4,0.00371,-7.743E-4,0.005115,-1.921E-4,0.002805,-7.471E-4,-0.003264,-0.005498,0.003041,-4.133E-4,0.003365,-5.992E-4,0.002757,-4.838E-4,0
1519143232127,true,1633.236,0,-0.005418,-2.534E-6,0.003734,-7.748E-4,0.005078,-2.061E-4,0.002802,-7.411E-4,-0.003193,-0.005275,0.003041,-4.155E-4,0.003386,-6.122E-4,0.002676,-4.549E-4,0
1519143232163,true,1633.293,0,-0.005236,-1.729E-4,0.003733,-7.681E-4,0.005076,-2.095E-4,0.00278,-7.359E-4,-0.002883,-0.005345,0.003022,-4.052E-4,0.003439,-6.433E-4,0.002643,-4.416E-4,0
1519143232293,true,1633.338,0,-0.004841,-9.953E-5,0.003727,-7.707E-4,0.005104,-2.148E-4,0.002773,-7.447E-4,-0.002515,-0.005589,0.003032,-3.972E-4,0.003466,-6.596E-4,0.002663,-4.424E-4,0
1519143232329,true,1633.396,0,-0.004436,6.328E-6,0.003738,-7.78E-4,0.005129,-2.141E-4,0.002784,-7.513E-4,-0.002899,-0.00547,0.003058,-3.952E-4,0.003442,-6.514E-4,0.002705,-4.676E-4,0
1519143232365,true,1633.453,0,-0.00451,1.338E-4,0.003766,-7.811E-4,0.005135,-2.119E-4,0.00279,-7.493E-4,-0.003812,-0.005029,0.003102,-4.083E-4,0.003424,-6.34E-4,0.002758,-4.978E-4,0
1519143232401,true,1633.511,0,-0.005159,1.032E-4,0.003789,-7.809E-4,0.005122,-2.171E-4,0.002809,-7.51E-4,-0.004234,-0.004771,0.003115,-4.141E-4,0.003456,-6.299E-4,0.002743,-4.971E-4,0
1519143232437,true,1633.568,0,-0.005589,-2.299E-4,0.003809,-7.8E-4,0.005129,-2.24E-4,0.002811,-7.478E-4,-0.004038,-0.004776,0.003072,-3.984E-4,0.003503,-6.427E-4,0.002713,-4.834E-4,0
1519143232569,true,1633.614,0,-0.005391,-4.518E-4,0.00379,-7.774E-4,0.005158,-2.258E-4,0.002812,-7.522E-4,-0.00343,-0.005226,0.003022,-3.776E-4,0.003527,-6.58E-4,0.002721,-4.714E-4,0
1519143232605,true,1633.672,0,-0.005245,-3.453E-4,0.003762,-7.845E-4,0.005176,-2.281E-4,0.002816,-7.589E-4,-0.002747,-0.005741,0.003028,-3.722E-4,0.003474,-6.454E-4,0.00275,-4.714E-4,0
1519143232641,true,1633.729,0,-0.004859,-2.46E-4,0.003757,-7.945E-4,0.00515,-2.263E-4,0.002836,-7.587E-4,-0.002813,-0.00578,0.003068,-3.87E-4,0.003383,-6.182E-4,0.002779,-4.892E-4,0
1519143232677,true,1633.787,0,-0.004913,-1.749E-5,0.003768,-7.998E-4,0.005101,-2.304E-4,0.002843,-7.53E-4,-0.003239,-0.005526,0.003111,-4.104E-4,0.003345,-6.067E-4,0.002764,-4.915E-4,0
1519143232713,true,1633.844,0,-0.005262,-2.942E-5,0.003785,-8.011E-4,0.005056,-2.382E-4,0.002845,-7.51E-4,-0.003227,-0.005341,0.003128,-4.197E-4,0.00336,-6.19E-4,0.002681,-4.659E-4,0
1519143232867,true,1633.913,0,-0.005261,-2.217E-4,0.003797,-7.999E-4,0.005047,-2.452E-4,0.00282,-7.461E-4,-0.002925,-0.005353,0.003092,-4.056E-4,0.00339,-6.5E-4,0.002612,-4.433E-4,0
1519143232903,true,1633.971,0,-0.004784,-1.827E-4,0.003772,-7.949E-4,0.005032,-2.428E-4,0.002798,-7.482E-4,-0.002514,-0.005633,0.003087,-3.997E-4,0.00342,-6.742E-4,0.002616,-4.374E-4,0
1519143232939,true,1634.028,0,-0.004635,2.754E-5,0.003761,-7.994E-4,0.005046,-2.391E-4,0.002803,-7.562E-4,-0.002704,-0.00561,0.003114,-3.962E-4,0.003401,-6.69E-4,0.002664,-4.612E-4,0
1519143232975,true,1634.086,0,-0.004623,1.814E-4,0.003785,-8.04E-4,0.005038,-2.356E-4,0.002821,-7.599E-4,-0.00355,-0.005224,0.003144,-4.058E-4,0.003373,-6.546E-4,0.002731,-4.964E-4,0
1519143233011,true,1634.143,0,-0.005154,2.575E-4,0.003803,-8.015E-4,0.005015,-2.4E-4,0.002834,-7.581E-4,-0.004123,-0.004919,0.003169,-4.173E-4,0.003397,-6.489E-4,0.002734,-5.04E-4,0
1519143233143,true,1634.189,0,-0.00572,4.462E-5,0.003829,-8.018E-4,0.00502,-2.484E-4,0.002852,-7.535E-4,-0.004047,-0.004829,0.003131,-4.035E-4,0.00343,-6.554E-4,0.002699,-4.895E-4,0
1519143233179,true,1634.247,0,-0.005609,-2.265E-4,0.003817,-7.979E-4,0.005035,-2.52E-4,0.002844,-7.501E-4,-0.003515,-0.005197,0.003067,-3.802E-4,0.003469,-6.764E-4,0.002695,-4.824E-4,0
1519143233216,true,1634.304,0,-0.00537,-1.514E-4,0.003785,-8.014E-4,0.005038,-2.459E-4,0.00284,-7.536E-4,-0.002772,-0.00575,0.003056,-3.731E-4,0.003434,-6.718E-4,0.002725,-4.795E-4,0
1519143233251,true,1634.362,0,-0.004964,-7.972E-5,0.003761,-8.1E-4,0.005031,-2.395E-4,0.002855,-7.585E-4,-0.002722,-0.005894,0.003087,-3.83E-4,0.003342,-6.461E-4,0.002754,-4.904E-4,0
1519143233287,true,1634.419,0,-0.004857,1.015E-4,0.003763,-8.11E-4,0.004968,-2.339E-4,0.002866,-7.567E-4,-0.003144,-0.005682,0.003134,-4.08E-4,0.003284,-6.305E-4,0.002764,-4.985E-4,0
1519143233443,true,1634.488,0,-0.005248,1.607E-4,0.003783,-8.095E-4,0.004916,-2.438E-4,0.002873,-7.554E-4,-0.003318,-0.005447,0.00316,-4.226E-4,0.003275,-6.312E-4,0.002695,-4.796E-4,0
1519143233479,true,1634.546,0,-0.005218,-2.036E-5,0.003811,-8.116E-4,0.004895,-2.549E-4,0.002847,-7.481E-4,-0.003094,-0.005345,0.003126,-4.104E-4,0.003301,-6.569E-4,0.002615,-4.51E-4,0
1519143233515,true,1634.603,0,-0.004803,-5.112E-5,0.003794,-8.069E-4,0.004895,-2.55E-4,0.002817,-7.52E-4,-0.002655,-0.005591,0.003102,-3.972E-4,0.003328,-6.858E-4,0.002595,-4.411E-4,0
1519143233551,true,1634.661,0,-0.004637,1.609E-4,0.00378,-8.109E-4,0.004882,-2.486E-4,0.002807,-7.567E-4,-0.00248,-0.005729,0.003115,-3.894E-4,0.003314,-6.864E-4,0.002635,-4.558E-4,0
1519143233587,true,1634.718,0,-0.004444,2.826E-4,0.003799,-8.177E-4,0.004874,-2.404E-4,0.002824,-7.596E-4,-0.00318,-0.005398,0.00315,-3.95E-4,0.003283,-6.695E-4,0.002701,-4.92E-4,0
1519143233743,true,1634.789,0,-0.004794,3.892E-4,0.003825,-8.165E-4,0.004842,-2.372E-4,0.002832,-7.577E-4,-0.003911,-0.005044,0.003183,-4.091E-4,0.003294,-6.593E-4,0.002725,-5.086E-4,0
1519143233779,true,1634.847,0,-0.005408,2.053E-4,0.003846,-8.168E-4,0.004811,-2.377E-4,0.002844,-7.512E-4,-0.004084,-0.004864,0.003151,-3.992E-4,0.003325,-6.588E-4,0.002694,-4.969E-4,0
1519143233815,true,1634.904,0,-0.005472,-8.491E-5,0.003842,-8.096E-4,0.004827,-2.366E-4,0.002844,-7.484E-4,-0.003605,-0.005118,0.003091,-3.778E-4,0.003369,-6.769E-4,0.002673,-4.811E-4,0
1519143233851,true,1634.962,0,-0.005133,-1.241E-4,0.003816,-8.13E-4,0.004831,-2.276E-4,0.002831,-7.489E-4,-0.002882,-0.005635,0.00307,-3.671E-4,0.003376,-6.827E-4,0.002713,-4.774E-4,0
1519143233887,true,1635.019,0,-0.004782,-2.44E-5,0.003795,-8.221E-4,0.004838,-2.247E-4,0.002842,-7.487E-4,-0.002597,-0.005872,0.003087,-3.701E-4,0.003295,-6.549E-4,0.002752,-4.902E-4,0
1519143234018,true,1635.064,0,-0.004385,1.129E-4,0.003815,-8.3E-4,0.0048,-2.201E-4,0.002847,-7.418E-4,-0.003015,-0.005656,0.003132,-3.926E-4,0.003226,-6.293E-4,0.002778,-5.059E-4,0
1519143234054,true,1635.122,0,-0.00454,1.678E-4,0.003825,-8.276E-4,0.004764,-2.302E-4,0.002853,-7.369E-4,-0.003224,-0.005403,0.003168,-4.12E-4,0.003223,-6.238E-4,0.002726,-4.904E-4,0
1519143234091,true,1635.179,0,-0.004585,-9.137E-6,0.003846,-8.258E-4,0.004753,-2.426E-4,0.002838,-7.31E-4,-0.003012,-0.005232,0.003146,-4.046E-4,0.003255,-6.452E-4,0.002647,-4.649E-4,0
1519143234127,true,1635.237,0,-0.004159,-1.481E-4,0.003838,-8.192E-4,0.004749,-2.435E-4,0.002802,-7.313E-4,-0.002612,-0.005374,0.003105,-3.902E-4,0.003298,-6.804E-4,0.002617,-4.521E-4,0
1519143234163,true,1635.294,0,-0.003776,-1.882E-5,0.003807,-8.197E-4,0.004744,-2.374E-4,0.002786,-7.364E-4,-0.002284,-0.0056,0.00311,-3.829E-4,0.003277,-6.876E-4,0.002639,-4.598E-4,0
1519143234319,true,1635.364,0,-0.003534,1.371E-4,0.003823,-8.317E-4,0.004731,-2.26E-4,0.002799,-7.394E-4,-0.002832,-0.005354,0.003135,-3.857E-4,0.003219,-6.671E-4,0.002688,-4.884E-4,0
1519143234355,true,1635.422,0,-0.0038,2.522E-4,0.003852,-8.345E-4,0.004716,-2.244E-4,0.002819,-7.406E-4,-0.003696,-0.004936,0.003155,-3.978E-4,0.003219,-6.555E-4,0.002729,-5.109E-4,0
1519143234391,true,1635.479,0,-0.004452,1.593E-4,0.003866,-8.302E-4,0.004721,-2.316E-4,0.00283,-7.387E-4,-0.00401,-0.004702,0.003134,-3.942E-4,0.003256,-6.509E-4,0.002701,-5.034E-4,0
1519143234427,true,1635.537,0,-0.004711,-1.654E-4,0.003882,-8.276E-4,0.004736,-2.334E-4,0.002827,-7.314E-4,-0.003688,-0.004806,0.00307,-3.725E-4,0.003299,-6.641E-4,0.002682,-4.899E-4,0
1519143234463,true,1635.594,0,-0.004412,-3.555E-4,0.003857,-8.253E-4,0.004754,-2.255E-4,0.002813,-7.29E-4,-0.003007,-0.00528,0.003034,-3.576E-4,0.003319,-6.743E-4,0.002708,-4.816E-4,0
1519143234594,true,1635.64,0,-0.004133,-2.691E-4,0.00384,-8.316E-4,0.004757,-2.199E-4,0.002833,-7.39E-4,-0.002533,-0.005656,0.003042,-3.575E-4,0.003253,-6.517E-4,0.00274,-4.846E-4,0
1519143234630,true,1635.698,0,-0.003871,-9.678E-5,0.003838,-8.38E-4,0.004732,-2.105E-4,0.002855,-7.412E-4,-0.002814,-0.005567,0.003084,-3.768E-4,0.003187,-6.29E-4,0.002783,-5.051E-4,0
1519143234666,true,1635.755,0,-0.003876,3.157E-5,0.003852,-8.391E-4,0.004693,-2.118E-4,0.002864,-7.382E-4,-0.0032,-0.005286,0.003134,-4.014E-4,0.003165,-6.2E-4,0.002751,-4.966E-4,0
1519143234702,true,1635.813,0,-0.004186,-7.112E-5,0.003872,-8.395E-4,0.004675,-2.235E-4,0.002857,-7.351E-4,-0.003103,-0.005061,0.003123,-4.011E-4,0.003191,-6.327E-4,0.002657,-4.634E-4,0
1519143234738,true,1635.87,0,-0.004001,-2.443E-4,0.003889,-8.42E-4,0.004687,-2.362E-4,0.002825,-7.328E-4,-0.002796,-0.005118,0.003097,-3.889E-4,0.003241,-6.687E-4,0.002611,-4.454E-4,0
1519143234893,true,1635.939,0,-0.003691,-1.464E-4,0.003872,-8.41E-4,0.004694,-2.369E-4,0.002799,-7.368E-4,-0.002449,-0.005352,0.003101,-3.809E-4,0.003263,-6.925E-4,0.00263,-4.456E-4,0
1519143234929,true,1635.997,0,-0.003349,-6.435E-6,0.003862,-8.474E-4,0.004701,-2.342E-4,0.002803,-7.421E-4,-0.002734,-0.005286,0.00313,-3.805E-4,0.003206,-6.823E-4,0.002672,-4.726E-4,0
1519143234965,true,1636.054,0,-0.00347,1.55E-4,0.003881,-8.452E-4,0.004676,-2.298E-4,0.002803,-7.397E-4,-0.003609,-0.004851,0.003158,-3.94E-4,0.003162,-6.649E-4,0.002716,-5.007E-4,0
1519143235001,true,1636.112,0,-0.004092,8.1E-5,0.003903,-8.407E-4,0.004666,-2.353E-4,0.002813,-7.365E-4,-0.004041,-0.004588,0.003155,-3.985E-4,0.003193,-6.609E-4,0.0027,-4.984E-4,0
1519143235037,true,1636.169,0,-0.004637,-1.748E-4,0.003924,-8.411E-4,0.004691,-2.406E-4,0.002809,-7.307E-4,-0.003777,-0.004618,0.003096,-3.802E-4,0.003229,-6.698E-4,0.002669,-4.844E-4,0
1519143235169,true,1636.215,0,-0.004581,-3.591E-4,0.003899,-8.373E-4,0.004702,-2.393E-4,0.002809,-7.358E-4,-0.003175,-0.005078,0.003049,-3.649E-4,0.003258,-6.85E-4,0.00268,-4.756E-4,0
1519143235205,true,1636.273,0,-0.004329,-2.79E-4,0.003853,-8.386E-4,0.0047,-2.305E-4,0.002814,-7.424E-4,-0.002542,-0.005553,0.003053,-3.607E-4,0.003211,-6.723E-4,0.00271,-4.745E-4,0
1519143235241,true,1636.33,0,-0.004139,-1.305E-4,0.003841,-8.44E-4,0.004686,-2.228E-4,0.002828,-7.421E-4,-0.002668,-0.005554,0.003081,-3.715E-4,0.003128,-6.457E-4,0.002751,-4.912E-4,0
1519143235277,true,1636.388,0,-0.004463,1.648E-4,0.003857,-8.48E-4,0.004652,-2.261E-4,0.002843,-7.431E-4,-0.003087,-0.00534,0.003129,-3.965E-4,0.003096,-6.324E-4,0.002736,-4.926E-4,0
1519143235313,true,1636.445,0,-0.0048,1.002E-4,0.00386,-8.477E-4,0.004619,-2.394E-4,0.002843,-7.407E-4,-0.003165,-0.005093,0.003149,-4.078E-4,0.003115,-6.381E-4,0.002651,-4.663E-4,0
1519143235468,true,1636.515,0,-0.004744,-1.2E-4,0.003886,-8.529E-4,0.004616,-2.452E-4,0.002817,-7.412E-4,-0.002869,-0.005091,0.003124,-3.985E-4,0.003151,-6.69E-4,0.002584,-4.428E-4,0
1519143235505,true,1636.573,0,-0.004396,-1.261E-4,0.003856,-8.495E-4,0.00461,-2.444E-4,0.002785,-7.443E-4,-0.002464,-0.00538,0.003117,-3.854E-4,0.003187,-7.011E-4,0.00258,-4.366E-4,0
1519143235541,true,1636.63,0,-0.004239,5.997E-5,0.003834,-8.524E-4,0.004597,-2.346E-4,0.002771,-7.479E-4,-0.002615,-0.005427,0.003145,-3.834E-4,0.003151,-7.0E-4,0.002611,-4.569E-4,0
1519143235577,true,1636.688,0,-0.004138,1.708E-4,0.003843,-8.614E-4,0.004562,-2.248E-4,0.002773,-7.498E-4,-0.003457,-0.005048,0.003162,-3.884E-4,0.003086,-6.842E-4,0.002657,-4.887E-4,0
1519143235613,true,1636.745,0,-0.004657,2.127E-4,0.003853,-8.609E-4,0.004515,-2.242E-4,0.002766,-7.458E-4,-0.004125,-0.004728,0.003177,-3.973E-4,0.003072,-6.712E-4,0.002653,-4.941E-4,0
1519143235769,true,1636.814,0,-0.005343,-5.111E-5,0.003858,-8.583E-4,0.004506,-2.301E-4,0.00276,-7.38E-4,-0.004118,-0.004623,0.003131,-3.85E-4,0.003097,-6.767E-4,0.002605,-4.767E-4,0
1519143235805,true,1636.872,0,-0.005262,-4.257E-4,0.003844,-8.561E-4,0.004515,-2.302E-4,0.002749,-7.379E-4,-0.003592,-0.004999,0.003074,-3.637E-4,0.003128,-6.949E-4,0.002599,-4.653E-4,0
1519143235841,true,1636.929,0,-0.005166,-3.804E-4,0.003809,-8.63E-4,0.004505,-2.19E-4,0.002727,-7.381E-4,-0.002834,-0.005592,0.00306,-3.558E-4,0.003093,-6.93E-4,0.002628,-4.665E-4,0
1519143235877,true,1636.987,0,-0.004962,-2.849E-4,0.003781,-8.714E-4,0.004488,-2.124E-4,0.002734,-7.413E-4,-0.002754,-0.005771,0.003083,-3.61E-4,0.002988,-6.617E-4,0.002662,-4.784E-4,0
1519143235913,true,1637.044,0,-0.004792,-1.486E-4,0.003786,-8.79E-4,0.004445,-2.086E-4,0.002735,-7.399E-4,-0.003204,-0.005541,0.003134,-3.883E-4,0.002931,-6.393E-4,0.002669,-4.874E-4,0
1519143236044,true,1637.09,0,-0.005315,-4.711E-5,0.003796,-8.815E-4,0.004414,-2.212E-4,0.002729,-7.34E-4,-0.003323,-0.005353,0.003158,-4.043E-4,0.002935,-6.366E-4,0.00259,-4.624E-4,0
1519143236080,true,1637.148,0,-0.005446,-2.35E-4,0.003806,-8.806E-4,0.004405,-2.316E-4,0.002701,-7.3E-4,-0.003101,-0.005269,0.003135,-3.98E-4,0.002963,-6.608E-4,0.002503,-4.318E-4,0
1519143236116,true,1637.205,0,-0.005219,-2.401E-4,0.003771,-8.731E-4,0.004394,-2.309E-4,0.002658,-7.339E-4,-0.002681,-0.005534,0.00311,-3.866E-4,0.003009,-6.949E-4,0.002483,-4.217E-4,0
1519143236152,true,1637.263,0,-0.005095,-2.55E-5,0.003739,-8.766E-4,0.004377,-2.252E-4,0.002634,-7.39E-4,-0.002528,-0.005727,0.003129,-3.826E-4,0.002976,-6.956E-4,0.002509,-4.35E-4,0
1519143236188,true,1637.32,0,-0.004893,7.754E-5,0.003731,-8.805E-4,0.004368,-2.253E-4,0.002619,-7.381E-4,-0.0033,-0.005418,0.003152,-3.899E-4,0.002913,-6.79E-4,0.00255,-4.665E-4,0
1519143236319,true,1637.365,0,-0.005333,1.281E-4,0.003744,-8.805E-4,0.004321,-2.237E-4,0.002616,-7.364E-4,-0.004107,-0.005015,0.003172,-4.008E-4,0.002876,-6.595E-4,0.002561,-4.811E-4,0
1519143236355,true,1637.423,0,-0.005985,-1.138E-4,0.00376,-8.813E-4,0.004314,-2.298E-4,0.002594,-7.273E-4,-0.004222,-0.004852,0.003128,-3.904E-4,0.002898,-6.562E-4,0.002514,-4.63E-4,0
1519143236391,true,1637.48,0,-0.006148,-4.492E-4,0.00375,-8.801E-4,0.004326,-2.329E-4,0.002577,-7.241E-4,-0.003862,-0.005066,0.003055,-3.66E-4,0.002936,-6.714E-4,0.002491,-4.49E-4,0
1519143236427,true,1637.538,0,-0.005916,-5.069E-4,0.003715,-8.841E-4,0.004322,-2.189E-4,0.002556,-7.266E-4,-0.003175,-0.00562,0.003028,-3.559E-4,0.002933,-6.75E-4,0.002516,-4.432E-4,0
1519143236463,true,1637.595,0,-0.005489,-4.656E-4,0.00368,-8.917E-4,0.004321,-2.145E-4,0.002553,-7.295E-4,-0.002887,-0.005903,0.003042,-3.587E-4,0.002854,-6.485E-4,0.002542,-4.505E-4,0
1519143236619,true,1637.665,0,-0.005242,-3.386E-4,0.003683,-9.013E-4,0.004275,-2.082E-4,0.002552,-7.278E-4,-0.003325,-0.005699,0.003073,-3.792E-4,0.002793,-6.257E-4,0.00256,-4.61E-4,0
1519143236655,true,1637.723,0,-0.005368,-3.314E-4,0.003694,-9.05E-4,0.004238,-2.168E-4,0.002547,-7.234E-4,-0.003558,-0.005466,0.003103,-4.024E-4,0.002793,-6.204E-4,0.00251,-4.486E-4,0
1519143236691,true,1637.78,0,-0.005564,-5.18E-4,0.003708,-9.08E-4,0.004229,-2.295E-4,0.002531,-7.181E-4,-0.003357,-0.005293,0.003079,-3.993E-4,0.002836,-6.421E-4,0.002418,-4.182E-4,0
1519143236727,true,1637.838,0,-0.005254,-6.943E-4,0.003694,-9.084E-4,0.00422,-2.287E-4,0.002496,-7.177E-4,-0.003024,-0.005451,0.003047,-3.88E-4,0.002886,-6.778E-4,0.002386,-4.008E-4,0
1519143236763,true,1637.895,0,-0.004858,-5.94E-4,0.003677,-9.118E-4,0.004218,-2.256E-4,0.002458,-7.187E-4,-0.002769,-0.005678,0.003042,-3.811E-4,0.002876,-6.892E-4,0.002408,-4.07E-4,0
1519143236894,true,1637.94,0,-0.004658,-4.262E-4,0.003667,-9.229E-4,0.004212,-2.202E-4,0.002453,-7.245E-4,-0.00332,-0.005475,0.003064,-3.868E-4,0.002827,-6.763E-4,0.002459,-4.362E-4,0
1519143236930,true,1637.998,0,-0.005069,-2.249E-4,0.003677,-9.265E-4,0.004167,-2.124E-4,0.002436,-7.197E-4,-0.004206,-0.005052,0.003083,-3.988E-4,0.002801,-6.652E-4,0.002478,-4.553E-4,0
1519143236966,true,1638.055,0,-0.005871,-2.83E-4,0.003674,-9.203E-4,0.00414,-2.136E-4,0.002441,-7.184E-4,-0.004519,-0.00483,0.003053,-3.97E-4,0.002823,-6.558E-4,0.002448,-4.472E-4,0
1519143237002,true,1638.113,0,-0.006182,-5.678E-4,0.00368,-9.191E-4,0.004156,-2.141E-4,0.002422,-7.132E-4,-0.004204,-0.004963,0.002987,-3.779E-4,0.00287,-6.675E-4,0.002422,-4.359E-4,0
1519143237038,true,1638.17,0,-0.005913,-7.578E-4,0.003656,-9.188E-4,0.004168,-2.069E-4,0.002398,-7.127E-4,-0.003466,-0.005482,0.002946,-3.657E-4,0.002895,-6.768E-4,0.002451,-4.277E-4,0
1519143237193,true,1638.239,0,-0.005571,-6.638E-4,0.003636,-9.304E-4,0.004173,-1.963E-4,0.002386,-7.151E-4,-0.003015,-0.005867,0.002942,-3.624E-4,0.00284,-6.566E-4,0.002494,-4.348E-4,0
1519143237230,true,1638.297,0,-0.005273,-5.497E-4,0.003631,-9.373E-4,0.004164,-1.906E-4,0.002396,-7.149E-4,-0.003265,-0.005746,0.002976,-3.837E-4,0.00277,-6.27E-4,0.002526,-4.51E-4,0
1519143237265,true,1638.354,0,-0.005448,-3.813E-4,0.003648,-9.414E-4,0.004136,-1.95E-4,0.002395,-7.116E-4,-0.00363,-0.005506,0.003012,-4.07E-4,0.00277,-6.171E-4,0.002497,-4.433E-4,0
1519143237302,true,1638.412,0,-0.005686,-5.058E-4,0.003678,-9.431E-4,0.004125,-2.11E-4,0.002385,-7.113E-4,-0.003547,-0.005274,0.002997,-4.104E-4,0.002813,-6.315E-4,0.002416,-4.136E-4,0
1519143237338,true,1638.469,0,-0.005638,-6.371E-4,0.003679,-9.404E-4,0.004134,-2.119E-4,0.002352,-7.109E-4,-0.003154,-0.005382,0.002963,-4.014E-4,0.002885,-6.667E-4,0.002374,-3.961E-4,0
1519143237470,true,1638.516,0,-0.005173,-5.467E-4,0.003663,-9.403E-4,0.004144,-2.096E-4,0.00231,-7.129E-4,-0.002667,-0.005681,0.002958,-3.962E-4,0.002913,-6.872E-4,0.002401,-3.991E-4,0
1519143237505,true,1638.574,0,-0.004993,-3.527E-4,0.003661,-9.497E-4,0.004162,-2.105E-4,0.002301,-7.166E-4,-0.003049,-0.005546,0.002981,-3.974E-4,0.002878,-6.754E-4,0.002448,-4.261E-4,0
1519143237541,true,1638.631,0,-0.004973,-2.447E-4,0.003672,-9.534E-4,0.004122,-1.96E-4,0.002295,-7.174E-4,-0.003986,-0.005066,0.003001,-4.097E-4,0.00285,-6.637E-4,0.002498,-4.573E-4,0
1519143237578,true,1638.689,0,-0.005645,-2.837E-4,0.00367,-9.487E-4,0.004107,-2.009E-4,0.00229,-7.134E-4,-0.004415,-0.004803,0.002996,-4.17E-4,0.002875,-6.535E-4,0.002478,-4.586E-4,0
1519143237614,true,1638.746,0,-0.006167,-5.633E-4,0.003675,-9.434E-4,0.004111,-1.989E-4,0.002282,-7.089E-4,-0.004214,-0.004801,0.00293,-3.982E-4,0.00292,-6.604E-4,0.002446,-4.438E-4,0
1519143237769,true,1638.815,0,-0.006032,-7.596E-4,0.003669,-9.421E-4,0.004146,-1.955E-4,0.002264,-7.077E-4,-0.003608,-0.00523,0.002862,-3.788E-4,0.002962,-6.728E-4,0.002462,-4.346E-4,0
1519143237805,true,1638.873,0,-0.005742,-7.089E-4,0.003631,-9.444E-4,0.004171,-1.883E-4,0.002253,-7.1E-4,-0.002924,-0.005723,0.002857,-3.735E-4,0.002935,-6.611E-4,0.002502,-4.379E-4,0
1519143237841,true,1638.93,0,-0.005446,-5.567E-4,0.003625,-9.521E-4,0.004167,-1.834E-4,0.002264,-7.098E-4,-0.003025,-0.005724,0.002884,-3.88E-4,0.002865,-6.281E-4,0.002537,-4.542E-4,0
1519143237877,true,1638.988,0,-0.005503,-3.389E-4,0.003645,-9.538E-4,0.004149,-1.844E-4,0.002273,-7.052E-4,-0.003413,-0.005485,0.002928,-4.161E-4,0.002843,-6.112E-4,0.002536,-4.584E-4,0
1519143237914,true,1639.045,0,-0.005898,-3.376E-4,0.003672,-9.518E-4,0.004131,-1.945E-4,0.002271,-6.991E-4,-0.003454,-0.005255,0.002936,-4.26E-4,0.002894,-6.197E-4,0.002463,-4.323E-4,0
1519143238070,true,1639.116,0,-0.005923,-4.332E-4,0.003696,-9.532E-4,0.004149,-2.017E-4,0.002251,-6.967E-4,-0.003105,-0.005237,0.002902,-4.141E-4,0.00295,-6.477E-4,0.002398,-4.074E-4,0
1519143238106,true,1639.174,0,-0.005498,-3.997E-4,0.003698,-9.554E-4,0.004175,-2.025E-4,0.002234,-7.038E-4,-0.002592,-0.005546,0.002906,-4.113E-4,0.003003,-6.772E-4,0.002408,-4.02E-4,0
1519143238142,true,1639.231,0,-0.005225,-2.32E-4,0.003695,-9.619E-4,0.004195,-1.973E-4,0.002236,-7.147E-4,-0.002649,-0.005572,0.002932,-4.115E-4,0.002976,-6.693E-4,0.002445,-4.209E-4,0
1519143238178,true,1639.289,0,-0.005129,-3.132E-5,0.003725,-9.726E-4,0.004188,-1.903E-4,0.002234,-7.136E-4,-0.003434,-0.005197,0.002956,-4.187E-4,0.002945,-6.551E-4,0.002502,-4.537E-4,0
1519143238214,true,1639.346,0,-0.005736,1.065E-4,0.003731,-9.709E-4,0.00416,-1.893E-4,0.002228,-7.111E-4,-0.004057,-0.004854,0.002973,-4.316E-4,0.002948,-6.436E-4,0.002505,-4.626E-4,0
1519143238343,true,1639.391,0,-0.006259,-1.824E-4,0.003737,-9.636E-4,0.004165,-1.947E-4,0.002229,-7.075E-4,-0.004145,-0.00469,0.002928,-4.199E-4,0.002984,-6.51E-4,0.002474,-4.487E-4,0
1519143238379,true,1639.449,0,-0.006413,-4.449E-4,0.003735,-9.607E-4,0.0042,-1.957E-4,0.002225,-7.085E-4,-0.003599,-0.005019,0.002865,-4.001E-4,0.003036,-6.683E-4,0.002475,-4.344E-4,0
1519143238416,true,1639.506,0,-0.006152,-4.229E-4,0.003711,-9.631E-4,0.004229,-1.931E-4,0.00222,-7.105E-4,-0.002819,-0.005574,0.002854,-3.93E-4,0.00303,-6.626E-4,0.002517,-4.322E-4,0
1519143238452,true,1639.564,0,-0.005791,-3.589E-4,0.003697,-9.702E-4,0.004242,-1.905E-4,0.002239,-7.151E-4,-0.002747,-0.00571,0.002884,-4.02E-4,0.002951,-6.294E-4,0.002553,-4.454E-4,0
1519143238488,true,1639.621,0,-0.005717,-1.59E-4,0.003727,-9.798E-4,0.004215,-1.875E-4,0.002245,-7.124E-4,-0.003122,-0.005525,0.002924,-4.276E-4,0.002918,-6.102E-4,0.00257,-4.547E-4,0
1519143238619,true,1639.665,0,-0.006072,-9.409E-5,0.003749,-9.814E-4,0.004203,-1.965E-4,0.002255,-7.094E-4,-0.003253,-0.005309,0.002949,-4.451E-4,0.002941,-6.113E-4,0.002502,-4.292E-4,0
1519143238655,true,1639.723,0,-0.006169,-2.441E-4,0.003782,-9.851E-4,0.004217,-2.094E-4,0.002245,-7.07E-4,-0.002995,-0.005228,0.002925,-4.391E-4,0.002995,-6.38E-4,0.002418,-3.964E-4,0
1519143238691,true,1639.78,0,-0.005764,-2.918E-4,0.003792,-9.871E-4,0.004245,-2.089E-4,0.002212,-7.083E-4,-0.002603,-0.005482,0.002909,-4.311E-4,0.003057,-6.724E-4,0.002405,-3.867E-4,0
1519143238727,true,1639.838,0,-0.005553,-5.469E-5,0.003779,-9.956E-4,0.004263,-2.062E-4,0.00221,-7.202E-4,-0.002427,-0.005663,0.002928,-4.258E-4,0.003043,-6.747E-4,0.002443,-3.989E-4,0
1519143238764,true,1639.895,0,-0.005435,8.087E-5,0.003792,-0.001005,0.004267,-2.025E-4,0.002222,-7.25E-4,-0.003172,-0.005321,0.002966,-4.353E-4,0.003,-6.619E-4,0.002495,-4.305E-4,0
1519143238919,true,1639.966,0,-0.005895,2.413E-4,0.003807,-0.001003,0.004245,-2.025E-4,0.002232,-7.251E-4,-0.003991,-0.00494,0.002998,-4.476E-4,0.002995,-6.541E-4,0.002514,-4.471E-4,0
1519143238955,true,1640.024,0,-0.006665,5.992E-5,0.003813,-0.001001,0.004229,-2.08E-4,0.00223,-7.196E-4,-0.00412,-0.004802,0.002963,-4.383E-4,0.003014,-6.553E-4,0.002469,-4.328E-4,0
1519143238992,true,1640.081,0,-0.006768,-2.782E-4,0.003816,-0.001001,0.004266,-2.087E-4,0.002217,-7.151E-4,-0.003832,-0.005004,0.002895,-4.147E-4,0.003057,-6.712E-4,0.002461,-4.258E-4,0
1519143239027,true,1640.139,0,-0.006478,-3.939E-4,0.00378,-0.001002,0.00429,-2.021E-4,0.00222,-7.233E-4,-0.003104,-0.005567,0.002873,-4.043E-4,0.003058,-6.726E-4,0.002494,-4.199E-4,0
1519143239064,true,1640.196,0,-0.006323,-2.376E-4,0.003769,-0.001017,0.004306,-2.011E-4,0.002226,-7.265E-4,-0.002822,-0.005879,0.002891,-4.081E-4,0.002986,-6.45E-4,0.002535,-4.305E-4,0
1519143239219,true,1640.266,0,-0.006105,-9.975E-5,0.003781,-0.001031,0.004291,-2.026E-4,0.002235,-7.27E-4,-0.00326,-0.005697,0.002931,-4.301E-4,0.002928,-6.241E-4,0.002564,-4.436E-4,0
1519143239255,true,1640.324,0,-0.006481,1.847E-5,0.003801,-0.001035,0.004277,-2.125E-4,0.002255,-7.311E-4,-0.003474,-0.005505,0.00297,-4.54E-4,0.002933,-6.174E-4,0.002522,-4.303E-4,0
1519143239292,true,1640.381,0,-0.006761,-1.037E-4,0.00382,-0.001036,0.004281,-2.237E-4,0.00225,-7.274E-4,-0.003294,-0.00535,0.002949,-4.527E-4,0.002979,-6.394E-4,0.002449,-4.07E-4,0
1519143239328,true,1640.439,0,-0.006375,-2.163E-4,0.003823,-0.001034,0.00431,-2.299E-4,0.002237,-7.362E-4,-0.002888,-0.005524,0.00293,-4.453E-4,0.003042,-6.774E-4,0.00242,-3.921E-4,0
1519143239363,true,1640.496,0,-0.005991,-4.722E-5,0.003806,-0.001036,0.00433,-2.328E-4,0.002231,-7.45E-4,-0.002522,-0.005805,0.002938,-4.379E-4,0.003058,-6.933E-4,0.002446,-4.004E-4,0
1519143239494,true,1640.541,0,-0.00593,1.016E-4,0.003816,-0.001047,0.004355,-2.345E-4,0.002232,-7.504E-4,-0.003094,-0.005602,0.002963,-4.421E-4,0.003017,-6.822E-4,0.002503,-4.358E-4,0
1519143239530,true,1640.599,0,-0.006326,2.774E-4,0.003839,-0.001051,0.004335,-2.33E-4,0.002239,-7.495E-4,-0.003953,-0.005214,0.002995,-4.578E-4,0.003006,-6.73E-4,0.00254,-4.638E-4,0
1519143239566,true,1640.656,0,-0.006874,1.296E-4,0.003872,-0.001054,0.004323,-2.411E-4,0.002239,-7.466E-4,-0.004291,-0.005009,0.002979,-4.557E-4,0.003038,-6.735E-4,0.002508,-4.583E-4,0
1519143239602,true,1640.714,0,-0.007163,-1.861E-4,0.003884,-0.001055,0.004348,-2.444E-4,0.002235,-7.448E-4,-0.004002,-0.005127,0.002916,-4.351E-4,0.003082,-6.879E-4,0.002484,-4.441E-4,0
1519143239638,true,1640.771,0,-0.007024,-2.936E-4,0.003857,-0.001053,0.004388,-2.44E-4,0.002227,-7.483E-4,-0.003321,-0.005627,0.002874,-4.221E-4,0.003109,-6.988E-4,0.002511,-4.372E-4,0
1519143239769,true,1640.816,0,-0.00693,-1.269E-4,0.003829,-0.001063,0.004402,-2.381E-4,0.002242,-7.557E-4,-0.002721,-0.006062,0.002888,-4.215E-4,0.003059,-6.806E-4,0.002558,-4.502E-4,0
1519143239805,true,1640.874,0,-0.00646,-7.837E-5,0.003832,-0.001072,0.004401,-2.362E-4,0.002252,-7.573E-4,-0.002954,-0.005998,0.002921,-4.391E-4,0.002978,-6.507E-4,0.002601,-4.712E-4,0
1519143239841,true,1640.931,0,-0.006601,2.439E-5,0.003848,-0.001075,0.004382,-2.43E-4,0.002263,-7.562E-4,-0.003259,-0.005794,0.002963,-4.649E-4,0.002969,-6.389E-4,0.002579,-4.699E-4,0
1519143239877,true,1640.989,0,-0.006739,-1.153E-4,0.003879,-0.00108,0.004387,-2.596E-4,0.002262,-7.57E-4,-0.003212,-0.005569,0.002956,-4.687E-4,0.003019,-6.533E-4,0.002506,-4.456E-4,0
1519143239913,true,1641.046,0,-0.006288,-3.582E-4,0.003893,-0.00108,0.00443,-2.734E-4,0.002249,-7.596E-4,-0.002881,-0.005659,0.002924,-4.577E-4,0.003082,-6.883E-4,0.002464,-4.31E-4,0
1519143240069,true,1641.116,0,-0.005894,-2.444E-4,0.003892,-0.001084,0.004452,-2.729E-4,0.002238,-7.696E-4,-0.002512,-0.005917,0.002929,-4.542E-4,0.003112,-7.09E-4,0.002484,-4.304E-4,0
1519143240105,true,1641.174,0,-0.005636,-6.39E-5,0.003906,-0.001094,0.004469,-2.696E-4,0.002242,-7.772E-4,-0.002821,-0.005836,0.002949,-4.561E-4,0.003072,-6.997E-4,0.002525,-4.556E-4,0
1519143240141,true,1641.231,0,-0.005646,5.436E-5,0.003932,-0.001098,0.004477,-2.739E-4,0.002247,-7.759E-4,-0.003764,-0.005378,0.002972,-4.713E-4,0.003046,-6.892E-4,0.002581,-4.929E-4,0
1519143240177,true,1641.289,0,-0.006397,9.31E-5,0.003951,-0.001099,0.004464,-2.774E-4,0.002263,-7.762E-4,-0.004275,-0.005088,0.002971,-4.769E-4,0.003063,-6.819E-4,0.002568,-4.962E-4,0
1519143240213,true,1641.346,0,-0.006888,-1.796E-4,0.003973,-0.001095,0.004503,-2.879E-4,0.002275,-7.73E-4,-0.004107,-0.005069,0.002907,-4.58E-4,0.003104,-6.917E-4,0.002529,-4.834E-4,0
1519143240369,true,1641.416,0,-0.006815,-3.459E-4,0.003968,-0.00109,0.004545,-2.87E-4,0.002282,-7.743E-4,-0.003478,-0.005514,0.002851,-4.421E-4,0.003154,-7.108E-4,0.002553,-4.775E-4,0
1519143240405,true,1641.474,0,-0.006608,-2.395E-4,0.00394,-0.001092,0.004585,-2.85E-4,0.002301,-7.822E-4,-0.002795,-0.00602,0.002849,-4.385E-4,0.003123,-6.992E-4,0.002602,-4.843E-4,0
1519143240441,true,1641.531,0,-0.006207,-1.385E-4,0.003947,-0.001104,0.004598,-2.808E-4,0.002337,-7.867E-4,-0.002875,-0.006043,0.002869,-4.526E-4,0.003049,-6.691E-4,0.002649,-5.036E-4,0
1519143240477,true,1641.589,0,-0.006289,8.577E-5,0.003983,-0.001112,0.004582,-2.826E-4,0.002356,-7.873E-4,-0.003288,-0.005824,0.002913,-4.822E-4,0.003034,-6.528E-4,0.002647,-5.065E-4,0
1519143240513,true,1641.646,0,-0.006487,3.174E-6,0.004009,-0.001113,0.004586,-2.944E-4,0.002382,-7.871E-4,-0.003255,-0.005653,0.002921,-4.934E-4,0.003075,-6.573E-4,0.002579,-4.822E-4,0
1519143240644,true,1641.691,0,-0.006227,-2.33E-4,0.004036,-0.00111,0.00462,-3.04E-4,0.00238,-7.907E-4,-0.002913,-0.005658,0.002894,-4.861E-4,0.003144,-6.906E-4,0.002521,-4.609E-4,0
1519143240680,true,1641.749,0,-0.005598,-2.409E-4,0.004037,-0.00111,0.004661,-3.05E-4,0.002379,-7.989E-4,-0.002502,-0.005928,0.002893,-4.795E-4,0.003212,-7.262E-4,0.002543,-4.593E-4,0
1519143240716,true,1641.806,0,-0.00524,-8.628E-5,0.004052,-0.001119,0.004716,-3.077E-4,0.002389,-8.074E-4,-0.002621,-0.005945,0.002915,-4.777E-4,0.003201,-7.231E-4,0.002588,-4.808E-4,0
1519143240752,true,1641.864,0,-0.005085,2.104E-5,0.004078,-0.001124,0.004736,-3.053E-4,0.002408,-8.113E-4,-0.003492,-0.005524,0.002943,-4.906E-4,0.003179,-7.103E-4,0.002641,-5.131E-4,0
1519143240788,true,1641.921,0,-0.005639,9.759E-5,0.00411,-0.001127,0.004743,-3.134E-4,0.002425,-8.08E-4,-0.004194,-0.005143,0.002958,-5.026E-4,0.003198,-7.079E-4,0.002646,-5.231E-4,0
1519143240944,true,1641.991,0,-0.006185,-1.284E-4,0.004134,-0.001129,0.004757,-3.154E-4,0.00244,-8.069E-4,-0.004189,-0.005013,0.002917,-4.921E-4,0.003243,-7.178E-4,0.002601,-5.074E-4,0
1519143240980,true,1642.049,0,-0.005986,-4.588E-4,0.004124,-0.001123,0.004808,-3.161E-4,0.002437,-8.057E-4,-0.003697,-0.005348,0.002852,-4.71E-4,0.003295,-7.366E-4,0.002608,-4.989E-4,0
1519143241016,true,1642.106,0,-0.005742,-4.136E-4,0.004102,-0.001124,0.004845,-3.128E-4,0.002463,-8.151E-4,-0.003011,-0.005862,0.002837,-4.647E-4,0.003295,-7.359E-4,0.002659,-5.022E-4,0
1519143241053,true,1642.164,0,-0.005503,-2.855E-4,0.004091,-0.001132,0.004881,-3.111E-4,0.002496,-8.187E-4,-0.002914,-0.005991,0.002855,-4.72E-4,0.003234,-7.096E-4,0.002711,-5.196E-4,0
1519143241089,true,1642.221,0,-0.005353,-4.796E-5,0.004129,-0.00114,0.00488,-3.076E-4,0.002541,-8.162E-4,-0.003335,-0.005776,0.002898,-4.977E-4,0.003208,-6.887E-4,0.00273,-5.297E-4,0
1519143241219,true,1642.266,0,-0.005664,-1.661E-5,0.004166,-0.001139,0.004883,-3.196E-4,0.002578,-8.173E-4,-0.00339,-0.005573,0.002931,-5.167E-4,0.003238,-6.871E-4,0.002677,-5.098E-4,0
1519143241255,true,1642.324,0,-0.005698,-1.609E-4,0.004208,-0.00114,0.004923,-3.332E-4,0.002585,-8.16E-4,-0.003116,-0.005495,0.002903,-5.106E-4,0.003301,-7.132E-4,0.00261,-4.813E-4,0
1519143241292,true,1642.381,0,-0.005288,-1.303E-4,0.004224,-0.00114,0.004984,-3.392E-4,0.002586,-8.191E-4,-0.002688,-0.005716,0.002892,-5.048E-4,0.003375,-7.487E-4,0.002612,-4.729E-4,0
1519143241327,true,1642.439,0,-0.004975,6.624E-5,0.004227,-0.001143,0.005026,-3.367E-4,0.002603,-8.338E-4,-0.002494,-0.005873,0.002923,-5.043E-4,0.003391,-7.542E-4,0.002658,-4.891E-4,0
1519143241364,true,1642.496,0,-0.004546,1.14E-4,0.004266,-0.001154,0.005053,-3.277E-4,0.002629,-8.37E-4,-0.003236,-0.005519,0.002961,-5.135E-4,0.003368,-7.445E-4,0.002729,-5.25E-4,0
1519143241519,true,1642.566,0,-0.004903,2.296E-4,0.004309,-0.001156,0.005058,-3.309E-4,0.00265,-8.376E-4,-0.004067,-0.005099,0.002987,-5.25E-4,0.003389,-7.391E-4,0.002758,-5.425E-4,0
1519143241555,true,1642.624,0,-0.005494,7.549E-5,0.004325,-0.001154,0.005091,-3.47E-4,0.00269,-8.407E-4,-0.004287,-0.004873,0.002965,-5.191E-4,0.003428,-7.431E-4,0.00273,-5.315E-4,0
1519143241592,true,1642.681,0,-0.00553,-2.555E-4,0.004331,-0.001152,0.005136,-3.504E-4,0.002694,-8.358E-4,-0.003968,-0.005032,0.002903,-4.984E-4,0.003461,-7.582E-4,0.002722,-5.223E-4,0
1519143241628,true,1642.739,0,-0.005193,-3.307E-4,0.004304,-0.001153,0.005177,-3.483E-4,0.002706,-8.406E-4,-0.003268,-0.005562,0.002876,-4.849E-4,0.003477,-7.641E-4,0.002767,-5.187E-4,0
1519143241663,true,1642.796,0,-0.004834,-2.859E-4,0.004301,-0.001164,0.005238,-3.535E-4,0.002731,-8.444E-4,-0.003005,-0.005815,0.002903,-4.878E-4,0.003422,-7.363E-4,0.00282,-5.315E-4,0
1519143241794,true,1642.841,0,-0.004517,-1.315E-4,0.004328,-0.001171,0.005258,-3.546E-4,0.002759,-8.412E-4,-0.003369,-0.00561,0.002943,-5.078E-4,0.003377,-7.116E-4,0.00286,-5.476E-4,0
1519143241830,true,1642.899,0,-0.004664,-9.482E-5,0.004358,-0.001175,0.00526,-3.649E-4,0.002795,-8.407E-4,-0.003512,-0.005427,0.002989,-5.309E-4,0.0034,-7.055E-4,0.002827,-5.331E-4,0
1519143241866,true,1642.956,0,-0.004751,-2.608E-4,0.004401,-0.001175,0.005291,-3.792E-4,0.002824,-8.418E-4,-0.003255,-0.005255,0.002984,-5.324E-4,0.003459,-7.223E-4,0.002752,-5.03E-4,0
1519143241902,true,1643.014,0,-0.004458,-3.33E-4,0.004418,-0.001169,0.005338,-3.853E-4,0.00283,-8.497E-4,-0.002838,-0.005402,0.002975,-5.265E-4,0.003546,-7.613E-4,0.002743,-4.923E-4,0
1519143241939,true,1643.071,0,-0.004116,-1.534E-4,0.004419,-0.001173,0.005384,-3.86E-4,0.002842,-8.614E-4,-0.002501,-0.005628,0.003003,-5.246E-4,0.00357,-7.742E-4,0.002773,-4.99E-4,0
1519143242094,true,1643.141,0,-0.003817,-3.016E-5,0.004435,-0.001178,0.005423,-3.857E-4,0.002875,-8.683E-4,-0.002992,-0.005397,0.003046,-5.313E-4,0.003546,-7.639E-4,0.002834,-5.305E-4,0
1519143242130,true,1643.199,0,-0.004056,1.464E-4,0.004469,-0.001178,0.005425,-3.888E-4,0.002902,-8.684E-4,-0.003847,-0.004977,0.003092,-5.487E-4,0.003549,-7.526E-4,0.002878,-5.546E-4,0
1519143242166,true,1643.256,0,-0.004656,2.91E-6,0.004492,-0.001181,0.005425,-3.932E-4,0.002933,-8.681E-4,-0.004205,-0.004747,0.003084,-5.49E-4,0.003593,-7.529E-4,0.002855,-5.467E-4,0
1519143242202,true,1643.314,0,-0.005036,-3.176E-4,0.004516,-0.001182,0.005452,-3.951E-4,0.002941,-8.68E-4,-0.00398,-0.004812,0.003024,-5.261E-4,0.003631,-7.682E-4,0.002842,-5.354E-4,0
1519143242238,true,1643.371,0,-0.00488,-4.769E-4,0.004489,-0.00118,0.005476,-3.869E-4,0.002949,-8.745E-4,-0.003306,-0.005335,0.00299,-5.107E-4,0.003649,-7.825E-4,0.002871,-5.277E-4,0
1519143242370,true,1643.417,0,-0.004639,-3.658E-4,0.004483,-0.00119,0.005487,-3.764E-4,0.002966,-8.769E-4,-0.002828,-0.005749,0.003005,-5.103E-4,0.003588,-7.602E-4,0.002918,-5.374E-4,0
1519143242406,true,1643.475,0,-0.004363,-2.913E-4,0.004494,-0.001198,0.005496,-3.764E-4,0.00299,-8.719E-4,-0.003108,-0.005665,0.003041,-5.278E-4,0.003528,-7.335E-4,0.002962,-5.545E-4,0
1519143242442,true,1643.532,0,-0.004522,-1.651E-4,0.00453,-0.001202,0.005494,-3.866E-4,0.003016,-8.695E-4,-0.003376,-0.005459,0.003103,-5.578E-4,0.003527,-7.219E-4,0.002946,-5.501E-4,0
1519143242478,true,1643.59,0,-0.004776,-2.684E-4,0.004566,-0.001208,0.005491,-4.008E-4,0.003038,-8.699E-4,-0.003316,-0.005257,0.003106,-5.608E-4,0.003573,-7.327E-4,0.002868,-5.202E-4,0
1519143242514,true,1643.647,0,-0.004391,-4.981E-4,0.004593,-0.001207,0.005531,-4.13E-4,0.003028,-8.677E-4,-0.002971,-0.005349,0.003091,-5.531E-4,0.003645,-7.649E-4,0.002837,-5.005E-4,0
1519143242668,true,1643.715,0,-0.003806,-4.418E-4,0.004594,-0.001206,0.005556,-4.1E-4,0.003022,-8.749E-4,-0.002574,-0.005619,0.003103,-5.463E-4,0.003696,-7.917E-4,0.002864,-5.011E-4,0
1519143242705,true,1643.773,0,-0.003534,-3.252E-4,0.004613,-0.001214,0.005584,-4.079E-4,0.003039,-8.846E-4,-0.002838,-0.005558,0.003145,-5.506E-4,0.003677,-7.824E-4,0.002921,-5.262E-4,0
1519143242740,true,1643.83,0,-0.003593,-1.43E-4,0.004657,-0.001223,0.005599,-4.069E-4,0.003061,-8.849E-4,-0.003728,-0.00511,0.003194,-5.65E-4,0.003684,-7.77E-4,0.002984,-5.571E-4,0
1519143242777,true,1643.888,0,-0.004272,-1.264E-4,0.004691,-0.001222,0.005598,-4.117E-4,0.003085,-8.842E-4,-0.004211,-0.00482,0.00321,-5.71E-4,0.003734,-7.783E-4,0.00298,-5.606E-4,0
1519143242813,true,1643.945,0,-0.00464,-4.63E-4,0.004712,-0.001225,0.005634,-4.21E-4,0.003099,-8.8E-4,-0.004049,-0.004797,0.003166,-5.531E-4,0.003765,-7.877E-4,0.002959,-5.481E-4,0
1519143242968,true,1644.016,0,-0.004443,-6.968E-4,0.004696,-0.001218,0.005673,-4.209E-4,0.003103,-8.827E-4,-0.003479,-0.005242,0.003115,-5.334E-4,0.003803,-8.063E-4,0.002975,-5.417E-4,0
1519143243004,true,1644.074,0,-0.004167,-6.357E-4,0.004656,-0.001218,0.005685,-4.166E-4,0.003106,-8.86E-4,-0.002855,-0.005727,0.003117,-5.263E-4,0.003758,-7.958E-4,0.003017,-5.476E-4,0
1519143243041,true,1644.131,0,-0.003888,-5.079E-4,0.004659,-0.001229,0.005667,-4.067E-4,0.003135,-8.902E-4,-0.002967,-0.005739,0.003149,-5.385E-4,0.003671,-7.644E-4,0.003065,-5.645E-4,0
1519143243077,true,1644.189,0,-0.003991,-3.154E-4,0.004693,-0.001236,0.005652,-4.102E-4,0.003163,-8.907E-4,-0.003364,-0.005507,0.003209,-5.663E-4,0.003651,-7.471E-4,0.00307,-5.664E-4,0
1519143243113,true,1644.246,0,-0.004392,-3.052E-4,0.004724,-0.001239,0.005644,-4.196E-4,0.003179,-8.842E-4,-0.003316,-0.005313,0.003226,-5.769E-4,0.003685,-7.493E-4,0.002993,-5.368E-4,0
1519143243218,true,1644.266,0,-0.004272,-5.424E-4,0.004767,-0.001241,0.005675,-4.279E-4,0.003183,-8.856E-4,-0.002937,-0.005331,0.003207,-5.662E-4,0.003755,-7.786E-4,0.002934,-5.097E-4,0
1519143243255,true,1644.324,0,-0.003881,-4.897E-4,0.004764,-0.001236,0.005713,-4.299E-4,0.003182,-8.94E-4,-0.002494,-0.005608,0.00321,-5.584E-4,0.003817,-8.058E-4,0.002943,-5.034E-4,0
1519143243291,true,1644.381,0,-0.00364,-3.323E-4,0.004773,-0.001243,0.005748,-4.296E-4,0.003194,-9.057E-4,-0.002543,-0.00565,0.00325,-5.563E-4,0.003807,-8.024E-4,0.002986,-5.201E-4,0
1519143243327,true,1644.439,0,-0.003498,-2.072E-4,0.004804,-0.001246,0.005757,-4.256E-4,0.003229,-9.121E-4,-0.003337,-0.005265,0.00329,-5.677E-4,0.003799,-7.935E-4,0.003048,-5.546E-4,0
1519143243363,true,1644.496,0,-0.004072,-1.245E-4,0.004841,-0.001246,0.005753,-4.289E-4,0.003249,-9.144E-4,-0.003955,-0.00496,0.003321,-5.8E-4,0.003839,-7.916E-4,0.00306,-5.64E-4,0
1519143243518,true,1644.566,0,-0.004637,-3.625E-4,0.004876,-0.001246,0.00577,-4.369E-4,0.003257,-9.098E-4,-0.004026,-0.0048,0.003284,-5.665E-4,0.003884,-7.995E-4,0.003027,-5.492E-4,0
1519143243554,true,1644.624,0,-0.004691,-6.082E-4,0.004874,-0.001245,0.0058,-4.37E-4,0.003259,-9.105E-4,-0.003497,-0.005163,0.003234,-5.455E-4,0.003926,-8.205E-4,0.003043,-5.448E-4,0
1519143243590,true,1644.681,0,-0.004463,-5.876E-4,0.004848,-0.001248,0.005812,-4.348E-4,0.003264,-9.126E-4,-0.002761,-0.005709,0.003227,-5.366E-4,0.003901,-8.171E-4,0.003093,-5.476E-4,0
1519143243627,true,1644.739,0,-0.004176,-4.918E-4,0.004842,-0.001259,0.005812,-4.301E-4,0.003283,-9.158E-4,-0.002658,-0.00587,0.003255,-5.424E-4,0.003809,-7.882E-4,0.003142,-5.67E-4,0
1519143243663,true,1644.796,0,-0.004169,-2.951E-4,0.00485,-0.001262,0.005768,-4.249E-4,0.003305,-9.153E-4,-0.003109,-0.005642,0.003302,-5.655E-4,0.003749,-7.675E-4,0.003162,-5.781E-4,0
1519143243819,true,1644.867,0,-0.004388,-2.562E-4,0.004861,-0.001255,0.00573,-4.308E-4,0.003317,-9.135E-4,-0.003214,-0.005436,0.003331,-5.809E-4,0.003751,-7.599E-4,0.003099,-5.578E-4,0
1519143243855,true,1644.925,0,-0.004524,-4.208E-4,0.004879,-0.001252,0.005743,-4.427E-4,0.003321,-9.116E-4,-0.002888,-0.005322,0.003305,-5.725E-4,0.003807,-7.82E-4,0.003028,-5.288E-4,0
1519143243891,true,1644.982,0,-0.004043,-4.597E-4,0.004888,-0.001247,0.005775,-4.436E-4,0.003306,-9.14E-4,-0.002409,-0.005546,0.003303,-5.632E-4,0.003877,-8.124E-4,0.003022,-5.16E-4,0
1519143243927,true,1645.04,0,-0.003708,-2.122E-4,0.004879,-0.001248,0.005811,-4.415E-4,0.00332,-9.227E-4,-0.002191,-0.005715,0.003343,-5.632E-4,0.003883,-8.151E-4,0.003064,-5.282E-4,0
1519143243963,true,1645.097,0,-0.003427,-8.765E-5,0.004912,-0.001252,0.005832,-4.415E-4,0.003344,-9.266E-4,-0.002839,-0.005365,0.003384,-5.691E-4,0.003863,-8.023E-4,0.003128,-5.591E-4,0
1519143244118,true,1645.166,0,-0.003878,1.009E-4,0.00495,-0.001247,0.005841,-4.407E-4,0.003374,-9.285E-4,-0.003556,-0.004966,0.003423,-5.816E-4,0.003895,-7.968E-4,0.003158,-5.786E-4,0
1519143244154,true,1645.224,0,-0.004445,-6.536E-5,0.004984,-0.001244,0.005866,-4.526E-4,0.003403,-9.281E-4,-0.003735,-0.004732,0.003415,-5.755E-4,0.003953,-8.014E-4,0.00313,-5.682E-4,0
1519143244191,true,1645.281,0,-0.004591,-3.546E-4,0.005001,-0.001241,0.005893,-4.522E-4,0.003419,-9.284E-4,-0.003313,-0.004946,0.003354,-5.523E-4,0.004005,-8.19E-4,0.003126,-5.587E-4,0
1519143244227,true,1645.339,0,-0.004401,-3.923E-4,0.004972,-0.001233,0.005911,-4.45E-4,0.003419,-9.308E-4,-0.0026,-0.005465,0.003326,-5.368E-4,0.004023,-8.245E-4,0.003178,-5.587E-4,0
1519143244263,true,1645.396,0,-0.004295,-2.127E-4,0.00495,-0.001237,0.005931,-4.428E-4,0.003445,-9.37E-4,-0.002285,-0.00574,0.003352,-5.367E-4,0.003946,-7.949E-4,0.003227,-5.709E-4,0
1519143244393,true,1645.442,0,-0.004052,-2.902E-5,0.004962,-0.001246,0.005896,-4.387E-4,0.003465,-9.355E-4,-0.002635,-0.005578,0.003393,-5.553E-4,0.003873,-7.702E-4,0.003259,-5.846E-4,0
1519143244429,true,1645.5,0,-0.004373,1.165E-4,0.00498,-0.001243,0.005852,-4.452E-4,0.003472,-9.296E-4,-0.002807,-0.005377,0.003436,-5.768E-4,0.003863,-7.609E-4,0.003204,-5.65E-4,0
1519143244466,true,1645.557,0,-0.00461,-1.067E-5,0.005004,-0.00124,0.005835,-4.527E-4,0.003467,-9.214E-4,-0.002581,-0.005221,0.003427,-5.728E-4,0.003879,-7.723E-4,0.003124,-5.352E-4,0
1519143244502,true,1645.615,0,-0.004287,-1.125E-4,0.005002,-0.001231,0.005827,-4.458E-4,0.003445,-9.203E-4,-0.002154,-0.005366,0.003409,-5.609E-4,0.00393,-8.034E-4,0.003095,-5.176E-4,0
1519143244537,true,1645.672,0,-0.003924,1.502E-4,0.00501,-0.001234,0.005851,-4.465E-4,0.003444,-9.245E-4,-0.0017,-0.0056,0.003432,-5.551E-4,0.003955,-8.156E-4,0.003124,-5.227E-4,0
1519143244668,true,1645.716,0,-0.003715,3.501E-4,0.005023,-0.001238,0.005862,-4.393E-4,0.003462,-9.284E-4,-0.002192,-0.00535,0.00347,-5.579E-4,0.003927,-7.992E-4,0.003183,-5.49E-4,0
1519143244704,true,1645.774,0,-0.0039,5.02E-4,0.005046,-0.00123,0.005856,-4.361E-4,0.003485,-9.264E-4,-0.003021,-0.004903,0.003508,-5.684E-4,0.003938,-7.878E-4,0.003227,-5.722E-4,0
1519143244741,true,1645.831,0,-0.004612,4.866E-4,0.005082,-0.001226,0.00586,-4.434E-4,0.0035,-9.224E-4,-0.003345,-0.004617,0.003502,-5.664E-4,0.003997,-7.872E-4,0.003217,-5.69E-4,0
1519143244776,true,1645.889,0,-0.004899,1.778E-4,0.005096,-0.001222,0.005891,-4.48E-4,0.003519,-9.252E-4,-0.0031,-0.00466,0.003456,-5.447E-4,0.004061,-8.019E-4,0.003199,-5.527E-4,0
1519143244812,true,1645.946,0,-0.004558,1.395E-6,0.005077,-0.00122,0.005924,-4.4E-4,0.003521,-9.288E-4,-0.002482,-0.005086,0.003423,-5.267E-4,0.004098,-8.154E-4,0.003238,-5.498E-4,0
1519143244968,true,1646.017,0,-0.004368,4.966E-5,0.00505,-0.001223,0.005936,-4.36E-4,0.003533,-9.291E-4,-0.001984,-0.005459,0.00344,-5.208E-4,0.004049,-7.94E-4,0.003282,-5.57E-4,0
1519143245005,true,1646.075,0,-0.00404,1.953E-4,0.005051,-0.001228,0.005929,-4.315E-4,0.003561,-9.267E-4,-0.002234,-0.005353,0.00348,-5.356E-4,0.003977,-7.669E-4,0.003329,-5.753E-4,0
1519143245041,true,1646.132,0,-0.004098,3.402E-4,0.005072,-0.00123,0.00589,-4.337E-4,0.003577,-9.228E-4,-0.002497,-0.005139,0.003529,-5.565E-4,0.003953,-7.525E-4,0.003314,-5.69E-4,0
1519143245077,true,1646.19,0,-0.004339,2.293E-4,0.005085,-0.001226,0.005866,-4.438E-4,0.003585,-9.184E-4,-0.002385,-0.004924,0.003541,-5.643E-4,0.003972,-7.604E-4,0.003242,-5.398E-4,0
1519143245113,true,1646.247,0,-0.004018,4.474E-5,0.00508,-0.001215,0.005862,-4.502E-4,0.003562,-9.155E-4,-0.002015,-0.005015,0.003518,-5.514E-4,0.004012,-7.922E-4,0.003195,-5.199E-4,0
1519143245244,true,1646.291,0,-0.003561,1.94E-4,0.00506,-0.00121,0.005869,-4.505E-4,0.003546,-9.221E-4,-0.00156,-0.005283,0.003521,-5.424E-4,0.00402,-8.08E-4,0.003204,-5.171E-4,0
1519143245280,true,1646.349,0,-0.003373,4.113E-4,0.005058,-0.001211,0.005881,-4.456E-4,0.003545,-9.2E-4,-0.001792,-0.005179,0.003562,-5.452E-4,0.003981,-7.943E-4,0.003242,-5.367E-4,0
1519143245316,true,1646.406,0,-0.003248,5.196E-4,0.005082,-0.001212,0.005887,-4.423E-4,0.00356,-9.162E-4,-0.002697,-0.004727,0.003598,-5.563E-4,0.003976,-7.824E-4,0.003297,-5.654E-4,0
1519143245352,true,1646.464,0,-0.003884,5.337E-4,0.005095,-0.001204,0.005887,-4.485E-4,0.003571,-9.113E-4,-0.003209,-0.004401,0.003621,-5.627E-4,0.004017,-7.743E-4,0.003288,-5.607E-4,0
1519143245388,true,1646.521,0,-0.004326,2.45E-4,0.005113,-0.001201,0.005906,-4.536E-4,0.003583,-9.072E-4,-0.003121,-0.004307,0.003575,-5.434E-4,0.004076,-7.85E-4,0.003257,-5.427E-4,0
1519143245543,true,1646.591,0,-0.004124,-7.516E-6,0.005092,-0.001194,0.005929,-4.484E-4,0.00356,-9.025E-4,-0.002541,-0.004705,0.003529,-5.243E-4,0.004122,-8.023E-4,0.003278,-5.359E-4,0
1519143245579,true,1646.649,0,-0.003948,4.939E-5,0.005047,-0.001191,0.005937,-4.412E-4,0.003558,-9.028E-4,-0.001843,-0.005235,0.003532,-5.174E-4,0.004092,-7.9E-4,0.00332,-5.368E-4,0
1519143245615,true,1646.706,0,-0.003601,9.974E-5,0.005049,-0.001202,0.005933,-4.375E-4,0.003583,-9.048E-4,-0.001887,-0.00531,0.003567,-5.268E-4,0.004017,-7.615E-4,0.003369,-5.557E-4,0
1519143245651,true,1646.764,0,-0.003682,2.836E-4,0.005067,-0.001207,0.005893,-4.376E-4,0.003607,-9.042E-4,-0.002301,-0.005099,0.003615,-5.505E-4,0.003982,-7.443E-4,0.003369,-5.591E-4,0
1519143245687,true,1646.821,0,-0.004035,2.378E-4,0.005083,-0.00121,0.005857,-4.478E-4,0.003622,-9.004E-4,-0.002168,-0.004962,0.003624,-5.56E-4,0.003996,-7.45E-4,0.003295,-5.318E-4,0
1519143245843,true,1646.891,0,-0.003812,9.253E-6,0.00509,-0.001204,0.005857,-4.58E-4,0.003597,-8.926E-4,-0.001836,-0.004966,0.0036,-5.443E-4,0.004027,-7.724E-4,0.003238,-5.102E-4,0
1519143245879,true,1646.949,0,-0.003408,2.841E-5,0.005074,-0.001204,0.005851,-4.601E-4,0.003568,-8.946E-4,-0.001446,-0.00525,0.003603,-5.374E-4,0.004056,-8.024E-4,0.003248,-5.057E-4,0
1519143245916,true,1647.006,0,-0.003111,1.632E-4,0.005049,-0.001205,0.00583,-4.522E-4,0.003548,-8.945E-4,-0.001525,-0.005294,0.003638,-5.362E-4,0.004004,-7.938E-4,0.003277,-5.209E-4,0
1519143245951,true,1647.064,0,-0.003023,2.895E-4,0.005061,-0.001205,0.005801,-4.419E-4,0.00354,-8.892E-4,-0.002395,-0.004876,0.003671,-5.439E-4,0.003949,-7.795E-4,0.003328,-5.528E-4,0
1519143245988,true,1647.121,0,-0.003485,3.067E-4,0.005074,-0.001196,0.005771,-4.394E-4,0.003539,-8.882E-4,-0.003073,-0.00453,0.003697,-5.563E-4,0.003962,-7.724E-4,0.003327,-5.597E-4,0
1519143246118,true,1647.167,0,-0.004044,4.773E-5,0.005096,-0.001192,0.005786,-4.481E-4,0.003539,-8.798E-4,-0.003129,-0.004366,0.00367,-5.469E-4,0.004006,-7.785E-4,0.003292,-5.453E-4,0
1519143246155,true,1647.225,0,-0.0042,-2.121E-4,0.005076,-0.001183,0.005807,-4.473E-4,0.003525,-8.791E-4,-0.002692,-0.00467,0.003613,-5.233E-4,0.004047,-7.958E-4,0.003306,-5.379E-4,0
1519143246191,true,1647.282,0,-0.003891,-2.328E-4,0.005039,-0.001183,0.005823,-4.402E-4,0.003527,-8.845E-4,-0.002033,-0.005186,0.003601,-5.131E-4,0.004026,-7.916E-4,0.003336,-5.335E-4,0
1519143246227,true,1647.34,0,-0.003683,-9.084E-5,0.005024,-0.001195,0.005817,-4.301E-4,0.003534,-8.85E-4,-0.001945,-0.005349,0.003632,-5.212E-4,0.003952,-7.639E-4,0.003376,-5.477E-4,0
1519143246262,true,1647.397,0,-0.003539,3.899E-5,0.005033,-0.001197,0.005778,-4.235E-4,0.003538,-8.774E-4,-0.0024,-0.005137,0.003671,-5.448E-4,0.003898,-7.419E-4,0.003398,-5.611E-4,0
1519143246418,true,1647.466,0,-0.003967,9.238E-5,0.005043,-0.001193,0.005741,-4.278E-4,0.003537,-8.745E-4,-0.002412,-0.005004,0.003697,-5.599E-4,0.003905,-7.357E-4,0.003343,-5.415E-4,0
1519143246454,true,1647.524,0,-0.004042,-1.166E-4,0.005068,-0.001191,0.005725,-4.358E-4,0.003514,-8.692E-4,-0.002075,-0.004974,0.003677,-5.542E-4,0.003931,-7.566E-4,0.003263,-5.156E-4,0
1519143246491,true,1647.581,0,-0.003629,-1.44E-4,0.005059,-0.001184,0.005713,-4.293E-4,0.00349,-8.736E-4,-0.001645,-0.005192,0.00366,-5.437E-4,0.003963,-7.879E-4,0.003243,-5.03E-4,0
1519143246527,true,1647.639,0,-0.003341,9.573E-5,0.005044,-0.00119,0.00572,-4.306E-4,0.003475,-8.815E-4,-0.001457,-0.00537,0.003696,-5.44E-4,0.003935,-7.915E-4,0.003268,-5.131E-4,0
1519143246563,true,1647.696,0,-0.003105,2.183E-4,0.005057,-0.001197,0.005689,-4.214E-4,0.003472,-8.826E-4,-0.002172,-0.005033,0.003726,-5.527E-4,0.003882,-7.787E-4,0.003318,-5.473E-4,0
1519143246693,true,1647.742,0,-0.003538,3.278E-4,0.005067,-0.001188,0.005636,-4.123E-4,0.003462,-8.767E-4,-0.002975,-0.004659,0.003754,-5.64E-4,0.003864,-7.726E-4,0.003326,-5.638E-4,0
1519143246729,true,1647.8,0,-0.00409,1.57E-4,0.005063,-0.001182,0.005612,-4.138E-4,0.003454,-8.698E-4,-0.003229,-0.004428,0.003728,-5.542E-4,0.00388,-7.695E-4,0.003282,-5.527E-4,0
1519143246766,true,1647.857,0,-0.004211,-2.048E-4,0.005057,-0.001175,0.005622,-4.133E-4,0.003443,-8.621E-4,-0.002897,-0.004608,0.003663,-5.313E-4,0.003929,-7.875E-4,0.003275,-5.453E-4,0
1519143246801,true,1647.915,0,-0.00397,-3.277E-4,0.00502,-0.00117,0.005621,-4.042E-4,0.00343,-8.633E-4,-0.00222,-0.005131,0.003633,-5.153E-4,0.00393,-7.911E-4,0.003311,-5.416E-4,0
1519143246838,true,1647.972,0,-0.003691,-3.522E-4,0.005003,-0.001176,0.005636,-3.968E-4,0.003433,-8.65E-4,-0.001883,-0.005461,0.003645,-5.145E-4,0.003853,-7.625E-4,0.003346,-5.536E-4,0
1519143246968,true,1648.017,0,-0.003512,-2.847E-4,0.005005,-0.001179,0.005599,-3.806E-4,0.003435,-8.589E-4,-0.002275,-0.005283,0.003687,-5.367E-4,0.003779,-7.342E-4,0.003379,-5.686E-4,0
1519143247004,true,1648.075,0,-0.003753,-2.057E-4,0.005014,-0.001175,0.005562,-3.875E-4,0.003441,-8.549E-4,-0.002402,-0.005136,0.003719,-5.6E-4,0.003783,-7.249E-4,0.003334,-5.53E-4,0
1519143247041,true,1648.132,0,-0.003995,-3.204E-4,0.005021,-0.00117,0.005552,-3.977E-4,0.003425,-8.477E-4,-0.002242,-0.004953,0.003708,-5.573E-4,0.003821,-7.395E-4,0.003244,-5.193E-4,0
1519143247077,true,1648.19,0,-0.003734,-3.753E-4,0.005004,-0.001157,0.005563,-3.973E-4,0.003394,-8.443E-4,-0.001701,-0.005168,0.003684,-5.46E-4,0.003872,-7.712E-4,0.003208,-5.009E-4,0
1519143247113,true,1648.247,0,-0.003503,-1.645E-4,0.00498,-0.001157,0.00556,-3.905E-4,0.003362,-8.467E-4,-0.001357,-0.00539,0.003706,-5.435E-4,0.003869,-7.814E-4,0.003231,-5.066E-4,0
1519143247269,true,1648.317,0,-0.003231,-1.288E-5,0.004977,-0.001156,0.005545,-3.814E-4,0.003359,-8.481E-4,-0.001854,-0.00515,0.003742,-5.493E-4,0.003816,-7.655E-4,0.003269,-5.333E-4,0
1519143247305,true,1648.375,0,-0.003436,1.908E-4,0.004991,-0.001154,0.005516,-3.799E-4,0.003355,-8.485E-4,-0.002726,-0.004715,0.003774,-5.65E-4,0.003801,-7.581E-4,0.00329,-5.537E-4,0
1519143247341,true,1648.432,0,-0.004161,1.695E-4,0.004997,-0.00115,0.005478,-3.79E-4,0.003348,-8.426E-4,-0.00309,-0.004463,0.003766,-5.636E-4,0.003814,-7.554E-4,0.003246,-5.444E-4,0
1519143247377,true,1648.49,0,-0.004353,-1.962E-4,0.004994,-0.001141,0.005471,-3.727E-4,0.00334,-8.388E-4,-0.002894,-0.004508,0.003703,-5.412E-4,0.003839,-7.649E-4,0.00321,-5.322E-4,0
1519143247413,true,1648.547,0,-0.004058,-3.615E-4,0.004961,-0.001135,0.005486,-3.615E-4,0.003327,-8.388E-4,-0.0022,-0.004992,0.003656,-5.254E-4,0.003873,-7.759E-4,0.003231,-5.273E-4,0
1519143247568,true,1648.618,0,-0.003861,-3.17E-4,0.004934,-0.001136,0.005507,-3.538E-4,0.003339,-8.445E-4,-0.001702,-0.005383,0.003662,-5.227E-4,0.003822,-7.517E-4,0.00327,-5.355E-4,0
1519143247605,true,1648.676,0,-0.003459,-1.866E-4,0.004943,-0.001141,0.005489,-3.442E-4,0.003369,-8.475E-4,-0.001947,-0.005308,0.003696,-5.387E-4,0.00375,-7.211E-4,0.003317,-5.535E-4,0
1519143247641,true,1648.733,0,-0.003769,2.688E-5,0.004945,-0.001133,0.005451,-3.4E-4,0.003378,-8.441E-4,-0.002197,-0.005098,0.003738,-5.638E-4,0.003739,-7.07E-4,0.003297,-5.466E-4,0
1519143247677,true,1648.791,0,-0.004042,-7.859E-5,0.004962,-0.001128,0.005441,-3.512E-4,0.00338,-8.396E-4,-0.002084,-0.004911,0.003737,-5.675E-4,0.003784,-7.171E-4,0.003217,-5.152E-4,0
1519143247713,true,1648.848,0,-0.003779,-2.328E-4,0.004973,-0.001122,0.005458,-3.601E-4,0.003368,-8.382E-4,-0.001598,-0.005053,0.003719,-5.615E-4,0.00385,-7.493E-4,0.003173,-4.933E-4,0
1519143247843,true,1648.892,0,-0.003446,-1.146E-4,0.004947,-0.001117,0.00547,-3.539E-4,0.003334,-8.381E-4,-0.001103,-0.00535,0.003738,-5.605E-4,0.003876,-7.671E-4,0.003191,-4.905E-4,0
1519143247879,true,1648.95,0,-0.003173,4.428E-5,0.004932,-0.001114,0.005485,-3.5E-4,0.003337,-8.414E-4,-0.001347,-0.005231,0.00377,-5.619E-4,0.003845,-7.593E-4,0.003233,-5.129E-4,0
1519143247915,true,1649.007,0,-0.003154,2.74E-4,0.004955,-0.001115,0.005481,-3.512E-4,0.003345,-8.388E-4,-0.00216,-0.004773,0.00381,-5.773E-4,0.003831,-7.485E-4,0.00328,-5.436E-4,0
1519143247951,true,1649.065,0,-0.003755,2.923E-4,0.004973,-0.001106,0.005458,-3.576E-4,0.003358,-8.388E-4,-0.002701,-0.004429,0.003813,-5.813E-4,0.003858,-7.435E-4,0.003257,-5.407E-4,0
1519143247987,true,1649.122,0,-0.004091,-2.367E-5,0.004975,-0.001098,0.005449,-3.595E-4,0.003349,-8.322E-4,-0.002678,-0.004312,0.003768,-5.67E-4,0.003896,-7.577E-4,0.003225,-5.271E-4,0
1519143248118,true,1649.167,0,-0.003836,-2.904E-4,0.004945,-0.001091,0.00544,-3.492E-4,0.003332,-8.318E-4,-0.002259,-0.004664,0.003704,-5.442E-4,0.00391,-7.716E-4,0.003241,-5.211E-4,0
1519143248155,true,1649.225,0,-0.003614,-2.676E-4,0.004904,-0.001089,0.005441,-3.386E-4,0.003323,-8.334E-4,-0.001566,-0.005177,0.003695,-5.363E-4,0.003861,-7.532E-4,0.003281,-5.225E-4,0
1519143248191,true,1649.282,0,-0.003247,-2.155E-4,0.004893,-0.001097,0.005455,-3.342E-4,0.003344,-8.31E-4,-0.001677,-0.0052,0.00372,-5.463E-4,0.003795,-7.23E-4,0.003327,-5.39E-4,0
1519143248227,true,1649.34,0,-0.003259,-4.854E-5,0.004894,-0.001097,0.005435,-3.3E-4,0.00336,-8.247E-4,-0.001996,-0.004991,0.003759,-5.691E-4,0.003765,-7.024E-4,0.003327,-5.403E-4,0
1519143248263,true,1649.397,0,-0.003626,-5.036E-5,0.004914,-0.001094,0.005417,-3.382E-4,0.003386,-8.246E-4,-0.001905,-0.004819,0.003766,-5.784E-4,0.00379,-7.016E-4,0.003261,-5.124E-4,0
1519143248419,true,1649.467,0,-0.003464,-2.092E-4,0.004936,-0.001091,0.005422,-3.402E-4,0.003369,-8.199E-4,-0.00149,-0.004836,0.003744,-5.738E-4,0.003855,-7.291E-4,0.003213,-4.886E-4,0
1519143248455,true,1649.525,0,-0.002958,-9.23E-5,0.004925,-0.001086,0.005449,-3.382E-4,0.003355,-8.275E-4,-9.317E-4,-0.005142,0.003747,-5.691E-4,0.003913,-7.556E-4,0.003221,-4.826E-4,0
1519143248491,true,1649.582,0,-0.002624,8.548E-5,0.004915,-0.001089,0.005483,-3.379E-4,0.003362,-8.368E-4,-8.974E-4,-0.005207,0.003776,-5.702E-4,0.003899,-7.503E-4,0.003264,-4.988E-4,0
1519143248527,true,1649.64,0,-0.002459,2.54E-4,0.004947,-0.001095,0.005483,-3.304E-4,0.003374,-8.396E-4,-0.001755,-0.004752,0.003817,-5.829E-4,0.003882,-7.377E-4,0.003323,-5.328E-4,0
1519143248563,true,1649.697,0,-0.002928,3.686E-4,0.004967,-0.00109,0.005467,-3.338E-4,0.003374,-8.378E-4,-0.002452,-0.004363,0.003842,-5.941E-4,0.003911,-7.377E-4,0.003332,-5.423E-4,0
1519143248719,true,1649.768,0,-0.003564,1.512E-4,0.004988,-0.001092,0.005472,-3.448E-4,0.003374,-8.325E-4,-0.002492,-0.004193,0.0038,-5.783E-4,0.003952,-7.462E-4,0.003294,-5.272E-4,0
1519143248755,true,1649.826,0,-0.003552,-1.38E-4,0.004976,-0.001089,0.005486,-3.393E-4,0.003354,-8.234E-4,-0.002087,-0.004485,0.003734,-5.563E-4,0.003985,-7.64E-4,0.003303,-5.218E-4,0
1519143248791,true,1649.883,0,-0.003258,-1.429E-4,0.00494,-0.001091,0.005491,-3.29E-4,0.003345,-8.255E-4,-0.001434,-0.004975,0.003717,-5.448E-4,0.003958,-7.615E-4,0.003341,-5.21E-4,0
1519143248827,true,1649.941,0,-0.003124,-1.55E-5,0.004909,-0.001098,0.005476,-3.218E-4,0.003345,-8.219E-4,-0.00145,-0.005108,0.003732,-5.502E-4,0.003862,-7.324E-4,0.003384,-5.383E-4,0
1519143248863,true,1649.998,0,-0.003044,1.637E-4,0.004906,-0.001102,0.005427,-3.112E-4,0.003361,-8.195E-4,-0.001869,-0.004922,0.003764,-5.715E-4,0.003793,-7.059E-4,0.003401,-5.488E-4,0
1519143248993,true,1650.042,0,-0.003331,1.947E-4,0.00492,-0.0011,0.0054,-3.221E-4,0.003371,-8.15E-4,-0.001889,-0.004799,0.003786,-5.877E-4,0.003805,-6.961E-4,0.003345,-5.263E-4,0
1519143249029,true,1650.1,0,-0.003401,4.116E-5,0.00494,-0.001098,0.005407,-3.29E-4,0.003362,-8.118E-4,-0.001491,-0.004782,0.003769,-5.832E-4,0.003856,-7.164E-4,0.003275,-4.97E-4,0
1519143249065,true,1650.157,0,-0.002889,-2.551E-5,0.004932,-0.001094,0.005415,-3.231E-4,0.003345,-8.126E-4,-9.418E-4,-0.005051,0.003761,-5.794E-4,0.003914,-7.472E-4,0.003267,-4.827E-4,0
1519143249101,true,1650.215,0,-0.002658,2.049E-4,0.004917,-0.001101,0.005435,-3.211E-4,0.003341,-8.197E-4,-6.668E-4,-0.005215,0.003787,-5.799E-4,0.003909,-7.485E-4,0.003292,-4.907E-4,0
1519143249137,true,1650.272,0,-0.002464,3.725E-4,0.004936,-0.001112,0.005456,-3.152E-4,0.003353,-8.234E-4,-0.001299,-0.004916,0.003829,-5.909E-4,0.003881,-7.342E-4,0.00334,-5.202E-4,0
1519143249293,true,1650.343,0,-0.002916,5.268E-4,0.004966,-0.001114,0.005456,-3.189E-4,0.003361,-8.219E-4,-0.002173,-0.004466,0.003862,-6.057E-4,0.003904,-7.303E-4,0.003366,-5.382E-4,0
1519143249330,true,1650.401,0,-0.00366,4.04E-4,0.004989,-0.001115,0.005451,-3.226E-4,0.003375,-8.173E-4,-0.002391,-0.004231,0.003839,-5.997E-4,0.003945,-7.33E-4,0.003328,-5.274E-4,0
1519143249366,true,1650.458,0,-0.003784,9.711E-5,0.004997,-0.001116,0.005482,-3.253E-4,0.003357,-8.133E-4,-0.002158,-0.004384,0.003771,-5.782E-4,0.00398,-7.519E-4,0.003323,-5.209E-4,0
1519143249402,true,1650.516,0,-0.003509,1.398E-5,0.004954,-0.001114,0.005502,-3.201E-4,0.003351,-8.137E-4,-0.001534,-0.004909,0.003743,-5.653E-4,0.003979,-7.586E-4,0.003357,-5.191E-4,0
1519143249438,true,1650.573,0,-0.00334,5.851E-5,0.004919,-0.001122,0.005502,-3.132E-4,0.003353,-8.141E-4,-0.001285,-0.005211,0.003758,-5.679E-4,0.003891,-7.3E-4,0.003398,-5.305E-4,0
1519143249569,true,1650.617,0,-0.003113,1.613E-4,0.004906,-0.001131,0.005465,-3.083E-4,0.003364,-8.121E-4,-0.001614,-0.005092,0.003782,-5.867E-4,0.003792,-7.014E-4,0.003427,-5.479E-4,0
1519143249605,true,1650.675,0,-0.003463,1.928E-4,0.004906,-0.001132,0.00542,-3.112E-4,0.003376,-8.1E-4,-0.001755,-0.004971,0.003808,-6.075E-4,0.003765,-6.87E-4,0.003372,-5.314E-4,0
1519143249641,true,1650.732,0,-0.003774,1.983E-5,0.004917,-0.001132,0.005409,-3.239E-4,0.003373,-8.055E-4,-0.001482,-0.004875,0.003788,-6.06E-4,0.00379,-6.987E-4,0.003287,-5.005E-4,0
1519143249677,true,1650.79,0,-0.003439,-1.461E-4,0.004908,-0.001128,0.005429,-3.267E-4,0.003359,-8.069E-4,-0.001015,-0.005094,0.003763,-5.985E-4,0.003847,-7.295E-4,0.003262,-4.844E-4,0
1519143249713,true,1650.847,0,-0.003132,4.218E-5,0.004886,-0.001133,0.005433,-3.236E-4,0.003351,-8.171E-4,-6.304E-4,-0.005353,0.003789,-5.993E-4,0.003858,-7.403E-4,0.003275,-4.887E-4,0
1519143249869,true,1650.918,0,-0.003035,2.642E-4,0.004902,-0.001139,0.005437,-3.168E-4,0.003364,-8.231E-4,-0.001119,-0.005154,0.003833,-6.104E-4,0.00382,-7.304E-4,0.003311,-5.142E-4,0
1519143249905,true,1650.976,0,-0.003265,4.433E-4,0.004936,-0.001145,0.005425,-3.144E-4,0.003372,-8.24E-4,-0.002075,-0.004715,0.003868,-6.279E-4,0.003833,-7.239E-4,0.003344,-5.387E-4,0
1519143249941,true,1651.033,0,-0.004004,3.611E-4,0.004948,-0.001143,0.00542,-3.218E-4,0.003392,-8.239E-4,-0.0025,-0.00444,0.003871,-6.342E-4,0.003884,-7.283E-4,0.003313,-5.352E-4,0
1519143249977,true,1651.091,0,-0.004325,5.437E-5,0.004964,-0.001144,0.005443,-3.249E-4,0.003373,-8.189E-4,-0.002314,-0.004482,0.003806,-6.124E-4,0.003921,-7.441E-4,0.003284,-5.24E-4,0
1519143250013,true,1651.148,0,-0.004179,-1.261E-4,0.004944,-0.001144,0.005454,-3.181E-4,0.003356,-8.204E-4,-0.001798,-0.004957,0.003762,-5.962E-4,0.003944,-7.592E-4,0.003309,-5.222E-4,0
1519143250144,true,1651.192,0,-0.003983,-3.178E-5,0.00491,-0.001152,0.005461,-3.105E-4,0.003359,-8.28E-4,-0.001333,-0.005412,0.003765,-5.932E-4,0.003863,-7.367E-4,0.003352,-5.339E-4,0
1519143250180,true,1651.25,0,-0.003706,-9.578E-6,0.004905,-0.001161,0.005444,-3.1E-4,0.003373,-8.26E-4,-0.001623,-0.005374,0.003784,-6.088E-4,0.003774,-7.102E-4,0.003388,-5.547E-4,0
1519143250216,true,1651.307,0,-0.003807,8.307E-5,0.004917,-0.001166,0.005395,-3.146E-4,0.00337,-8.161E-4,-0.001942,-0.005228,0.003824,-6.341E-4,0.003732,-6.954E-4,0.003359,-5.514E-4,0
1519143250252,true,1651.365,0,-0.004099,-4.105E-5,0.004937,-0.001169,0.00537,-3.254E-4,0.00337,-8.123E-4,-0.001756,-0.005123,0.003813,-6.407E-4,0.003725,-6.999E-4,0.003259,-5.187E-4,0
1519143250288,true,1651.422,0,-0.00384,-2.364E-4,0.004936,-0.001164,0.005391,-3.325E-4,0.003343,-8.068E-4,-0.001277,-0.005277,0.003785,-6.331E-4,0.003769,-7.284E-4,0.003205,-4.977E-4,0
1519143250443,true,1651.493,0,-0.003398,-1.459E-4,0.004919,-0.001162,0.005406,-3.345E-4,0.003324,-8.163E-4,-8.073E-4,-0.005571,0.003795,-6.328E-4,0.0038,-7.476E-4,0.003216,-4.94E-4,0
1519143250479,true,1651.551,0,-0.002959,-4.55E-5,0.00492,-0.001172,0.005438,-3.337E-4,0.003337,-8.247E-4,-0.001105,-0.005466,0.003827,-6.369E-4,0.003774,-7.406E-4,0.003258,-5.199E-4,0
1519143250515,true,1651.608,0,-0.002969,1.441E-4,0.004946,-0.001169,0.005442,-3.315E-4,0.003354,-8.267E-4,-0.001938,-0.005042,0.003864,-6.517E-4,0.00377,-7.329E-4,0.003305,-5.521E-4,0
1519143250551,true,1651.666,0,-0.003543,1.396E-4,0.004969,-0.001168,0.005441,-3.35E-4,0.003365,-8.221E-4,-0.002511,-0.004667,0.003879,-6.603E-4,0.003824,-7.323E-4,0.00329,-5.556E-4,0
1519143250588,true,1651.723,0,-0.004034,-1.027E-4,0.004994,-0.001166,0.00549,-3.508E-4,0.003362,-8.165E-4,-0.002455,-0.004603,0.003832,-6.437E-4,0.003879,-7.462E-4,0.003265,-5.479E-4,0
1519143250719,true,1651.768,0,-0.003879,-3.749E-4,0.004985,-0.001164,0.005538,-3.563E-4,0.003354,-8.157E-4,-0.001954,-0.004981,0.003782,-6.268E-4,0.003924,-7.665E-4,0.003289,-5.463E-4,0
1519143250755,true,1651.826,0,-0.003666,-3.282E-4,0.004962,-0.00117,0.00556,-3.528E-4,0.003365,-8.242E-4,-0.001428,-0.005451,0.003778,-6.183E-4,0.003893,-7.577E-4,0.003338,-5.536E-4,0
1519143250791,true,1651.883,0,-0.003352,-2.899E-4,0.004961,-0.001176,0.00557,-3.504E-4,0.003369,-8.22E-4,-0.001609,-0.005464,0.003798,-6.295E-4,0.003806,-7.283E-4,0.003392,-5.762E-4,0
1519143250827,true,1651.941,0,-0.003265,-2.026E-4,0.004967,-0.001175,0.005544,-3.537E-4,0.003378,-8.194E-4,-0.001987,-0.005263,0.003841,-6.53E-4,0.003757,-7.101E-4,0.003387,-5.788E-4,0
1519143250863,true,1651.998,0,-0.003706,-2.178E-4,0.004984,-0.001179,0.005509,-3.648E-4,0.003383,-8.127E-4,-0.001897,-0.005137,0.003845,-6.623E-4,0.003762,-7.105E-4,0.003306,-5.515E-4,0
1519143251019,true,1652.068,0,-0.003601,-3.555E-4,0.004995,-0.001177,0.005516,-3.729E-4,0.003359,-8.06E-4,-0.001492,-0.005186,0.00381,-6.526E-4,0.003788,-7.366E-4,0.003239,-5.251E-4,0
1519143251055,true,1652.126,0,-0.003194,-2.968E-4,0.004974,-0.00117,0.00552,-3.652E-4,0.00334,-8.105E-4,-9.671E-4,-0.005501,0.003807,-6.471E-4,0.00382,-7.611E-4,0.003232,-5.14E-4,0
1519143251091,true,1652.183,0,-0.002935,-2.373E-6,0.004974,-0.001177,0.005537,-3.642E-4,0.003345,-8.179E-4,-8.811E-4,-0.005562,0.003851,-6.513E-4,0.003809,-7.585E-4,0.003266,-5.289E-4,0
1519143251127,true,1652.241,0,-0.002695,1.792E-4,0.005007,-0.001181,0.005556,-3.647E-4,0.003352,-8.152E-4,-0.001829,-0.005059,0.003894,-6.647E-4,0.003799,-7.477E-4,0.003321,-5.591E-4,0
1519143251163,true,1652.298,0,-0.003223,3.162E-4,0.005046,-0.001183,0.005546,-3.667E-4,0.003374,-8.139E-4,-0.002457,-0.004702,0.003923,-6.76E-4,0.00384,-7.431E-4,0.003318,-5.673E-4,0
1519143251319,true,1652.369,0,-0.003848,1.972E-4,0.005086,-0.001181,0.005578,-3.762E-4,0.003395,-8.121E-4,-0.00251,-0.004517,0.003893,-6.65E-4,0.003904,-7.529E-4,0.003281,-5.514E-4,0
1519143251355,true,1652.427,0,-0.003832,-8.692E-5,0.005092,-0.001179,0.005626,-3.751E-4,0.0034,-8.117E-4,-0.002127,-0.004761,0.003833,-6.422E-4,0.003969,-7.727E-4,0.00329,-5.431E-4,0
1519143251391,true,1652.484,0,-0.00353,-1.229E-4,0.005069,-0.001177,0.005667,-3.737E-4,0.003403,-8.16E-4,-0.001455,-0.005263,0.003817,-6.305E-4,0.003973,-7.703E-4,0.003346,-5.456E-4,0
1519143251427,true,1652.542,0,-0.003219,8.351E-6,0.005063,-0.001183,0.005705,-3.77E-4,0.003414,-8.16E-4,-0.001436,-0.005417,0.003847,-6.345E-4,0.003895,-7.374E-4,0.0034,-5.628E-4,0
1519143251463,true,1652.599,0,-0.003151,2.06E-4,0.00508,-0.001186,0.005689,-3.773E-4,0.00344,-8.102E-4,-0.001825,-0.005223,0.003895,-6.597E-4,0.003849,-7.135E-4,0.003427,-5.742E-4,0
1519143251594,true,1652.643,0,-0.003482,2.64E-4,0.005095,-0.001184,0.005663,-3.886E-4,0.003453,-8.052E-4,-0.001881,-0.005043,0.00392,-6.755E-4,0.003858,-7.059E-4,0.003376,-5.546E-4,0
1519143251630,true,1652.701,0,-0.00348,4.73E-5,0.00512,-0.001187,0.005665,-3.959E-4,0.003445,-7.959E-4,-0.001511,-0.005,0.0039,-6.706E-4,0.003878,-7.24E-4,0.003304,-5.233E-4,0
1519143251666,true,1652.758,0,-0.003075,4.958E-5,0.005112,-0.001181,0.005667,-3.941E-4,0.003425,-7.944E-4,-0.001002,-0.005248,0.003892,-6.606E-4,0.003911,-7.529E-4,0.003282,-5.074E-4,0
1519143251702,true,1652.816,0,-0.00253,2.658E-4,0.005102,-0.001183,0.005684,-3.928E-4,0.003411,-7.988E-4,-7.133E-4,-0.005427,0.003918,-6.602E-4,0.003883,-7.501E-4,0.003305,-5.17E-4,0
1519143251738,true,1652.873,0,-0.002346,4.971E-4,0.005122,-0.001189,0.005683,-3.824E-4,0.003429,-7.996E-4,-0.001327,-0.005078,0.003965,-6.711E-4,0.003845,-7.318E-4,0.003353,-5.418E-4,0
1519143251869,true,1652.919,0,-0.002755,7.743E-4,0.005149,-0.001186,0.005678,-3.794E-4,0.003456,-8.017E-4,-0.002156,-0.004632,0.004006,-6.881E-4,0.00388,-7.251E-4,0.003373,-5.561E-4,0
1519143251905,true,1652.977,0,-0.003332,6.601E-4,0.005179,-0.001178,0.005698,-3.86E-4,0.003485,-7.977E-4,-0.002414,-0.004367,0.003984,-6.795E-4,0.003944,-7.302E-4,0.00335,-5.461E-4,0
