1519142982015,true,1383.003,0,0.001744,-3.346E-4,0.006493,-0.001923,0.006596,-0.00104,0.005403,-0.00148,-3.833E-4,-0.00505,0.005342,-0.00123,0.004265,-0.001108,0.004055,-0.001053,1
1519142982051,true,1383.061,0,0.002145,-3.196E-4,0.006478,-0.001919,0.006604,-0.001042,0.00537,-0.00148,6.585E-5,-0.005287,0.005313,-0.001218,0.004329,-0.00114,0.004038,-0.001039,1
1519142982087,true,1383.118,0,0.002436,-1.269E-4,0.006464,-0.001921,0.006629,-0.001042,0.005352,-0.001484,3.226E-4,-0.005468,0.005326,-0.001214,0.004326,-0.001143,0.004062,-0.001048,1
1519142982123,true,1383.176,0,0.002757,-3.074E-5,0.006471,-0.001924,0.006626,-0.001035,0.00536,-0.00149,-3.297E-4,-0.005193,0.005352,-0.001218,0.004285,-0.001128,0.004123,-0.001079,1
1519142982159,true,1383.233,0,0.002384,9.236E-5,0.006495,-0.001924,0.006614,-0.001038,0.005362,-0.001489,-0.001199,-0.004798,0.00537,-0.001232,0.004282,-0.001122,0.004148,-0.001099,1
1519142982314,true,1383.304,0,0.001802,-8.733E-5,0.006505,-0.001921,0.006588,-0.001045,0.005366,-0.001489,-0.001483,-0.004589,0.005328,-0.001226,0.004314,-0.001125,0.0041,-0.001087,1
1519142982350,true,1383.362,0,0.001662,-4.519E-4,0.006481,-0.001916,0.006584,-0.001042,0.005354,-0.001488,-0.001191,-0.00478,0.005247,-0.001202,0.004335,-0.001142,0.004071,-0.001073,1
1519142982386,true,1383.419,0,0.001965,-5.811E-4,0.006434,-0.001912,0.006574,-0.001027,0.005329,-0.001487,-4.94E-4,-0.005357,0.0052,-0.001187,0.00433,-0.001147,0.004103,-0.001072,1
1519142982422,true,1383.477,0,0.002161,-4.754E-4,0.006397,-0.001918,0.006596,-0.001024,0.005332,-0.001489,-1.642E-4,-0.005681,0.00521,-0.001188,0.004268,-0.001122,0.004146,-0.001083,1
1519142982459,true,1383.534,0,0.002423,-3.671E-4,0.006403,-0.001922,0.006576,-0.001018,0.00535,-0.001487,-5.945E-4,-0.005527,0.005231,-0.001207,0.004207,-0.001099,0.004178,-0.001097,1
1519142982590,true,1383.58,0,0.001982,-2.298E-4,0.006406,-0.001919,0.006537,-0.001022,0.005357,-0.001482,-8.429E-4,-0.005343,0.00526,-0.001233,0.004206,-0.001092,0.00413,-0.001082,1
1519142982626,true,1383.638,0,0.001695,-3.679E-4,0.006422,-0.001916,0.006539,-0.001035,0.005352,-0.001477,-6.771E-4,-0.005181,0.005238,-0.001233,0.004238,-0.001106,0.004035,-0.001049,1
1519142982663,true,1383.695,0,0.002049,-5.711E-4,0.006403,-0.00191,0.006563,-0.00104,0.005318,-0.001474,-2.409E-4,-0.005355,0.005198,-0.001223,0.004305,-0.001142,0.004002,-0.001036,1
1519142982699,true,1383.753,0,0.002503,-4.329E-4,0.006378,-0.001909,0.006576,-0.001036,0.005297,-0.001482,1.248E-4,-0.005651,0.005202,-0.001218,0.004317,-0.001157,0.004024,-0.001043,1
1519142982735,true,1383.81,0,0.002657,-2.609E-4,0.006374,-0.001913,0.00659,-0.001031,0.0053,-0.001487,-3.551E-4,-0.0055,0.005227,-0.001222,0.004271,-0.001143,0.004074,-0.001073,1
1519142982890,true,1383.879,0,0.002546,-1.302E-4,0.006389,-0.001917,0.006577,-0.00103,0.005303,-0.001486,-0.001233,-0.005109,0.005252,-0.001239,0.004259,-0.001135,0.004123,-0.001101,1
1519142982926,true,1383.937,0,0.001903,-1.861E-4,0.006392,-0.001913,0.006547,-0.001033,0.005303,-0.001484,-0.001618,-0.004866,0.005234,-0.00124,0.004286,-0.001135,0.00409,-0.001097,1
1519142982962,true,1383.994,0,0.001475,-5.024E-4,0.006385,-0.001911,0.006553,-0.001039,0.00529,-0.001482,-0.001473,-0.004938,0.005152,-0.001217,0.004301,-0.001149,0.004045,-0.001081,1
1519142982998,true,1384.052,0,0.001705,-7.049E-4,0.006331,-0.001902,0.006539,-0.001025,0.005267,-0.001486,-8.416E-4,-0.005469,0.005092,-0.001201,0.004296,-0.001159,0.004051,-0.001074,1
1519142983034,true,1384.109,0,0.001853,-6.06E-4,0.006284,-0.001902,0.006544,-0.00102,0.005261,-0.001488,-3.457E-4,-0.005934,0.005083,-0.001197,0.004222,-0.001138,0.004081,-0.001078,1
1519142983190,true,1384.18,0,0.002176,-5.457E-4,0.006275,-0.001907,0.006515,-0.001009,0.005264,-0.001486,-5.848E-4,-0.005906,0.005098,-0.001214,0.004134,-0.001106,0.004111,-0.001094,1
1519142983226,true,1384.238,0,0.001867,-3.597E-4,0.006289,-0.001911,0.006488,-0.001013,0.005275,-0.001483,-9.645E-4,-0.005675,0.005135,-0.00124,0.004111,-0.001091,0.004087,-0.001091,1
1519142983262,true,1384.295,0,0.001531,-4.855E-4,0.006287,-0.001905,0.006458,-0.00102,0.005271,-0.00148,-8.92E-4,-0.005524,0.005118,-0.001245,0.004138,-0.001099,0.003993,-0.001063,1
1519142983298,true,1384.353,0,0.001924,-6.876E-4,0.006277,-0.001899,0.006463,-0.001023,0.005238,-0.00148,-5.271E-4,-0.005629,0.00507,-0.001234,0.004191,-0.00113,0.003937,-0.001042,1
1519142983334,true,1384.41,0,0.002311,-6.316E-4,0.006253,-0.001896,0.006481,-0.001018,0.005217,-0.001484,-9.732E-5,-0.005974,0.005059,-0.00123,0.00422,-0.001153,0.003947,-0.001041,1
1519142983465,true,1384.454,0,0.002507,-4.701E-4,0.006232,-0.001898,0.006507,-0.001015,0.005203,-0.001488,-4.015E-4,-0.005923,0.005079,-0.001233,0.004184,-0.001148,0.003983,-0.001067,1
1519142983501,true,1384.512,0,0.002577,-3.571E-4,0.006237,-0.001897,0.0065,-0.001014,0.005209,-0.001489,-0.001374,-0.005481,0.005097,-0.001248,0.004146,-0.001136,0.004028,-0.0011,1
1519142983537,true,1384.569,0,0.002041,-4.048E-4,0.006243,-0.001893,0.006468,-0.001017,0.00521,-0.001485,-0.001989,-0.005164,0.005095,-0.001255,0.004164,-0.001134,0.004007,-0.001103,1
1519142983573,true,1384.627,0,0.00162,-7.295E-4,0.006245,-0.001895,0.006466,-0.001027,0.005204,-0.001481,-0.001929,-0.005099,0.005026,-0.001239,0.004184,-0.001147,0.003952,-0.001091,1
1519142983609,true,1384.684,0,0.001715,-0.001022,0.006206,-0.00189,0.006466,-0.001023,0.005176,-0.001479,-0.001406,-0.005549,0.004943,-0.001216,0.004187,-0.001163,0.003943,-0.001084,1
1519142983740,true,1384.73,0,0.001961,-0.001041,0.006152,-0.001889,0.006452,-0.001009,0.005155,-0.001482,-7.6E-4,-0.006107,0.00492,-0.00121,0.004125,-0.001153,0.003966,-0.001084,1
1519142983776,true,1384.788,0,0.002286,-9.125E-4,0.006134,-0.001895,0.006456,-0.001003,0.005167,-0.001483,-8.532E-4,-0.0062,0.004927,-0.001221,0.004034,-0.001123,0.003999,-0.001102,1
1519142983813,true,1384.845,0,0.002197,-6.608E-4,0.00616,-0.0019,0.006439,-0.001005,0.005174,-0.001482,-0.001275,-0.005958,0.004953,-0.001247,0.003995,-0.001106,0.003998,-0.001111,1
1519142983849,true,1384.903,0,0.001827,-6.904E-4,0.006173,-0.001898,0.006424,-0.001017,0.005183,-0.001478,-0.001329,-0.005749,0.004943,-0.001258,0.00402,-0.001109,0.00392,-0.001087,1
1519142983885,true,1384.96,0,0.00171,-9.238E-4,0.006186,-0.00189,0.006439,-0.001024,0.00515,-0.001468,-9.992E-4,-0.005764,0.004885,-0.001247,0.004071,-0.001134,0.003846,-0.001063,1
1519142984040,true,1385.029,0,0.002118,-9.517E-4,0.006162,-0.001878,0.006465,-0.001025,0.005126,-0.001471,-5.391E-4,-0.006074,0.004855,-0.001238,0.004122,-0.001162,0.003843,-0.001059,1
1519142984076,true,1385.087,0,0.002379,-7.986E-4,0.006132,-0.001878,0.006497,-0.001022,0.005127,-0.001483,-6.275E-4,-0.006139,0.00487,-0.00124,0.004103,-0.001161,0.003881,-0.001078,1
1519142984112,true,1385.144,0,0.002487,-7.011E-4,0.006151,-0.001884,0.00649,-0.001013,0.005131,-0.001482,-0.001478,-0.005776,0.004889,-0.001253,0.004068,-0.001145,0.003938,-0.001112,1
1519142984148,true,1385.202,0,0.001948,-6.128E-4,0.006158,-0.00188,0.006479,-0.001016,0.005129,-0.001477,-0.002216,-0.005459,0.004897,-0.001264,0.004074,-0.001138,0.003939,-0.001124,1
1519142984184,true,1385.259,0,0.00131,-8.53E-4,0.006172,-0.001878,0.006476,-0.001021,0.005123,-0.00147,-0.002247,-0.005323,0.004834,-0.001253,0.004107,-0.001145,0.003889,-0.001109,1
1519142984314,true,1385.305,0,0.001226,-0.001139,0.006153,-0.001874,0.006484,-0.001021,0.005102,-0.001466,-0.001804,-0.005614,0.004745,-0.00123,0.004133,-0.001168,0.003876,-0.001098,1
1519142984351,true,1385.363,0,0.001583,-0.001205,0.006107,-0.001872,0.006485,-0.001018,0.00508,-0.001467,-0.001088,-0.006178,0.004711,-0.001222,0.004106,-0.00117,0.0039,-0.001098,1
1519142984387,true,1385.42,0,0.00188,-0.001166,0.00607,-0.001874,0.006474,-0.001007,0.005087,-0.001466,-0.001034,-0.006336,0.004712,-0.001227,0.004011,-0.001136,0.003934,-0.001114,1
1519142984423,true,1385.478,0,0.002076,-9.801E-4,0.006082,-0.001878,0.006459,-0.001004,0.005104,-0.001462,-0.00151,-0.006098,0.004739,-0.001253,0.003964,-0.001113,0.003955,-0.001127,1
1519142984459,true,1385.535,0,0.001672,-8.457E-4,0.006108,-0.001879,0.006428,-0.001009,0.005118,-0.001457,-0.001674,-0.005877,0.004756,-0.001272,0.003984,-0.001109,0.003896,-0.00111,1
1519142984614,true,1385.604,0,0.001481,-0.001022,0.006131,-0.001877,0.006444,-0.001018,0.005105,-0.001454,-0.001462,-0.005739,0.004716,-0.001264,0.004044,-0.001135,0.00381,-0.00108,1
1519142984651,true,1385.662,0,0.00184,-0.001055,0.006124,-0.001869,0.006474,-0.001021,0.005089,-0.001459,-0.001032,-0.005963,0.004685,-0.001255,0.004119,-0.00117,0.003788,-0.001068,1
1519142984687,true,1385.719,0,0.002192,-9.222E-4,0.0061,-0.001865,0.006502,-0.001017,0.005096,-0.001467,-8.045E-4,-0.006181,0.004693,-0.001253,0.004124,-0.001172,0.00383,-0.001082,1
1519142984723,true,1385.777,0,0.002205,-7.19E-4,0.006109,-0.001866,0.006518,-0.001007,0.005109,-0.00147,-0.001512,-0.005896,0.004715,-0.001261,0.004091,-0.001155,0.0039,-0.00112,1
1519142984759,true,1385.834,0,0.001895,-5.78E-4,0.006122,-0.001864,0.006526,-0.001013,0.005122,-0.001468,-0.002337,-0.005511,0.004731,-0.001276,0.004104,-0.001149,0.00393,-0.00114,1
1519142984915,true,1385.905,0,0.001204,-7.056E-4,0.006129,-0.00186,0.006527,-0.001019,0.005133,-0.001463,-0.00254,-0.005312,0.004698,-0.00127,0.004143,-0.001153,0.003897,-0.00113,1
1519142984951,true,1385.963,0,0.001074,-0.001032,0.006125,-0.001856,0.006547,-0.00102,0.005121,-0.001458,-0.002217,-0.005502,0.004618,-0.001248,0.004174,-0.001165,0.003874,-0.001118,1
1519142984987,true,1386.02,0,0.00139,-0.001122,0.006081,-0.001852,0.006555,-0.001015,0.005097,-0.001456,-0.001481,-0.006069,0.004576,-0.001237,0.004169,-0.001175,0.003897,-0.001111,1
1519142985023,true,1386.078,0,0.001577,-0.001018,0.006038,-0.001852,0.006551,-0.001003,0.005102,-0.001457,-0.001147,-0.006399,0.004587,-0.001239,0.004084,-0.00115,0.00393,-0.00112,1
1519142985060,true,1386.135,0,0.001765,-8.079E-4,0.006039,-0.001855,0.006535,-9.942E-4,0.005119,-0.001453,-0.001622,-0.006179,0.004622,-0.001262,0.004013,-0.001125,0.00396,-0.001134,1
1519142985190,true,1386.179,0,0.001442,-6.244E-4,0.006052,-0.001849,0.006517,-9.974E-4,0.005132,-0.001447,-0.001898,-0.005919,0.004661,-0.001287,0.004022,-0.001112,0.003922,-0.00112,1
1519142985226,true,1386.237,0,0.001097,-7.28E-4,0.006079,-0.001847,0.006533,-0.001008,0.005146,-0.001447,-0.001814,-0.005686,0.004638,-0.001283,0.004074,-0.001128,0.003844,-0.001091,1
1519142985262,true,1386.294,0,0.001353,-8.708E-4,0.006089,-0.001838,0.00656,-0.001005,0.005116,-0.001445,-0.001434,-0.005812,0.004598,-0.001267,0.004152,-0.001162,0.00382,-0.001078,1
1519142985299,true,1386.352,0,0.001695,-6.64E-4,0.00607,-0.00183,0.006584,-9.94E-4,0.005113,-0.001449,-0.00107,-0.006076,0.004601,-0.001262,0.004174,-0.001173,0.003857,-0.001087,1
1519142985335,true,1386.409,0,0.001976,-5.611E-4,0.006076,-0.001833,0.006614,-9.826E-4,0.005135,-0.001453,-0.001555,-0.005886,0.004622,-0.001261,0.004151,-0.001158,0.003927,-0.001117,1
1519142985508,true,1386.48,0,0.001883,-4.026E-4,0.006112,-0.001836,0.006608,-9.73E-4,0.005153,-0.001448,-0.002477,-0.005463,0.004645,-0.001273,0.004148,-0.001143,0.003981,-0.001143,1
1519142985543,true,1386.538,0,0.001164,-4.068E-4,0.00613,-0.001832,0.006605,-9.78E-4,0.005167,-0.001446,-0.002812,-0.005239,0.004626,-0.001272,0.004193,-0.00114,0.003961,-0.001137,1
1519142985580,true,1386.595,0,9.196E-4,-7.62E-4,0.006143,-0.001831,0.006641,-9.879E-4,0.005172,-0.001439,-0.002519,-0.00534,0.004549,-0.001248,0.004235,-0.001155,0.003931,-0.001121,1
1519142985616,true,1386.653,0,0.001302,-9.476E-4,0.006119,-0.001825,0.006659,-9.806E-4,0.005162,-0.001441,-0.001752,-0.005866,0.004498,-0.001232,0.004253,-0.001169,0.003942,-0.001111,1
1519142985653,true,1386.71,0,0.0015,-7.999E-4,0.006084,-0.00183,0.00667,-9.792E-4,0.005168,-0.001442,-0.001201,-0.0063,0.004499,-0.001226,0.004187,-0.001155,0.003972,-0.001114,1
1519142985764,true,1386.754,0,0.001784,-6.597E-4,0.006075,-0.001834,0.006643,-9.719E-4,0.005177,-0.001438,-0.001442,-0.006222,0.00453,-0.00124,0.004083,-0.001125,0.003999,-0.001133,1
1519142985801,true,1386.812,0,0.001506,-4.261E-4,0.006081,-0.00183,0.006602,-9.701E-4,0.005177,-0.00143,-0.001922,-0.00592,0.004569,-0.001263,0.004053,-0.001109,0.003977,-0.001132,1
1519142985837,true,1386.869,0,0.001029,-4.261E-4,0.006096,-0.001824,0.006598,-9.796E-4,0.005194,-0.001425,-0.001918,-0.005685,0.004551,-0.001262,0.004104,-0.00112,0.003892,-0.001101,1
1519142985873,true,1386.927,0,0.001156,-5.97E-4,0.006117,-0.001816,0.006636,-9.866E-4,0.005185,-0.00142,-0.001594,-0.00574,0.004517,-0.00125,0.004172,-0.001153,0.003848,-0.001083,1
1519142985909,true,1386.984,0,0.001558,-5.704E-4,0.006109,-0.001811,0.006674,-9.808E-4,0.005173,-0.001426,-0.001202,-0.005989,0.004506,-0.001235,0.004219,-0.001176,0.003876,-0.001085,1
1519142986064,true,1387.055,0,0.001707,-3.81E-4,0.006104,-0.00181,0.006697,-9.736E-4,0.00517,-0.001426,-0.001466,-0.00595,0.004533,-0.001231,0.004188,-0.001161,0.003927,-0.00111,1
1519142986100,true,1387.113,0,0.001636,-2.501E-4,0.006126,-0.001809,0.006702,-9.633E-4,0.005186,-0.00142,-0.002326,-0.005545,0.004556,-0.00124,0.004172,-0.001145,0.003993,-0.001145,1
1519142986137,true,1387.17,0,0.001035,-2.416E-4,0.006155,-0.001804,0.00672,-9.712E-4,0.005207,-0.001418,-0.002869,-0.005297,0.004556,-0.001244,0.004204,-0.001136,0.003985,-0.001145,1
1519142986173,true,1387.228,0,4.362E-4,-4.925E-4,0.006168,-0.001802,0.006764,-9.84E-4,0.005213,-0.001413,-0.002737,-0.005269,0.004489,-0.001222,0.004246,-0.001147,0.003954,-0.001132,1
1519142986209,true,1387.285,0,6.916E-4,-7.464E-4,0.006154,-0.001798,0.006795,-9.827E-4,0.005204,-0.001412,-0.002137,-0.005711,0.004422,-0.001198,0.004276,-0.001167,0.003955,-0.001118,1
1519142986340,true,1387.331,0,9.525E-4,-6.952E-4,0.006116,-0.001799,0.006823,-9.857E-4,0.005201,-0.001412,-0.001379,-0.006287,0.004413,-0.001189,0.00423,-0.00116,0.003987,-0.001118,1
1519142986377,true,1387.389,0,0.001299,-6.085E-4,0.006098,-0.001802,0.006809,-9.779E-4,0.005206,-0.001407,-0.001395,-0.006369,0.00444,-0.001196,0.00413,-0.001132,0.004013,-0.001131,1
1519142986413,true,1387.446,0,0.001407,-3.714E-4,0.006123,-0.001802,0.00676,-9.77E-4,0.005215,-0.001404,-0.001886,-0.006104,0.004486,-0.00122,0.004081,-0.001121,0.004,-0.001137,1
1519142986449,true,1387.504,0,0.001033,-3.758E-4,0.006141,-0.001797,0.006724,-9.844E-4,0.005201,-0.001393,-0.001996,-0.005892,0.004492,-0.001227,0.004084,-0.001118,0.003916,-0.001111,1
1519142986485,true,1387.561,0,9.614E-4,-5.856E-4,0.006153,-0.001791,0.00674,-9.931E-4,0.005177,-0.001383,-0.001745,-0.005853,0.004456,-0.001211,0.004141,-0.001147,0.003851,-0.001089,1
1519142986640,true,1387.63,0,0.001366,-6.116E-4,0.006136,-0.001782,0.006764,-9.921E-4,0.005164,-0.001383,-0.001297,-0.006134,0.004442,-0.001201,0.004205,-0.001178,0.003854,-0.001081,1
1519142986676,true,1387.688,0,0.001561,-4.687E-4,0.006122,-0.001782,0.006795,-9.864E-4,0.005158,-0.001386,-0.00132,-0.006231,0.004453,-0.001191,0.004183,-0.001172,0.003899,-0.001101,1
1519142986712,true,1387.745,0,0.001599,-3.649E-4,0.006138,-0.001785,0.006803,-9.784E-4,0.005179,-0.001388,-0.002099,-0.005889,0.004479,-0.001196,0.004141,-0.001151,0.003956,-0.001134,1
1519142986748,true,1387.803,0,0.001158,-3.204E-4,0.006158,-0.001779,0.006788,-9.763E-4,0.005199,-0.001388,-0.002763,-0.005581,0.00449,-0.001202,0.004156,-0.001138,0.003969,-0.001146,1
1519142986785,true,1387.86,0,6.855E-4,-6.024E-4,0.006169,-0.001778,0.006801,-9.856E-4,0.005218,-0.001383,-0.002724,-0.005493,0.004451,-0.001188,0.004195,-0.001142,0.003921,-0.001128,1
1519142986915,true,1387.906,0,8.663E-4,-9.658E-4,0.006154,-0.001767,0.006826,-9.82E-4,0.005208,-0.00138,-0.002112,-0.005852,0.004381,-0.001165,0.004222,-0.001158,0.003906,-0.001112,1
1519142986951,true,1387.964,0,0.001493,-0.001094,0.006113,-0.001761,0.006831,-9.724E-4,0.005204,-0.001381,-0.001273,-0.006433,0.004361,-0.00115,0.004192,-0.001154,0.003934,-0.001109,1
1519142986987,true,1388.021,0,0.001946,-9.905E-4,0.006084,-0.001768,0.006825,-9.698E-4,0.005214,-0.001383,-0.001078,-0.006636,0.004384,-0.001155,0.004101,-0.001126,0.003963,-0.001119,1
1519142987024,true,1388.079,0,0.002347,-8.79E-4,0.006096,-0.001771,0.006782,-9.653E-4,0.00522,-0.001381,-0.001549,-0.006381,0.004433,-0.001178,0.004032,-0.001111,0.003969,-0.001131,1
1519142987060,true,1388.136,0,0.001985,-7.725E-4,0.006108,-0.001766,0.006736,-9.754E-4,0.00521,-0.001374,-0.001785,-0.006121,0.004464,-0.001194,0.004023,-0.001107,0.003889,-0.001109,1
1519142987190,true,1388.18,0,0.001964,-9.842E-4,0.006122,-0.001763,0.006717,-9.813E-4,0.005198,-0.00137,-0.001678,-0.005915,0.004447,-0.001188,0.004051,-0.001122,0.003801,-0.001081,1
1519142987226,true,1388.238,0,0.00235,-0.001096,0.006116,-0.00175,0.006753,-9.83E-4,0.005181,-0.001374,-0.001258,-0.006135,0.004424,-0.001173,0.004118,-0.001152,0.003785,-0.001068,1
1519142987263,true,1388.295,0,0.002585,-8.926E-4,0.006112,-0.00175,0.006779,-9.855E-4,0.005182,-0.001379,-0.00107,-0.006335,0.004436,-0.001166,0.004127,-0.001153,0.003824,-0.001083,1
1519142987299,true,1388.353,0,0.002702,-7.439E-4,0.00611,-0.001749,0.006791,-9.747E-4,0.005193,-0.001382,-0.001722,-0.006072,0.00446,-0.001166,0.004087,-0.001133,0.003883,-0.001113,1
1519142987335,true,1388.41,0,0.002214,-5.927E-4,0.006147,-0.001746,0.00678,-9.721E-4,0.005203,-0.001374,-0.002552,-0.005682,0.00449,-0.001176,0.004091,-0.001118,0.003908,-0.001127,1
1519142987490,true,1388.481,0,0.001485,-7.466E-4,0.00617,-0.001741,0.006792,-9.748E-4,0.005226,-0.001368,-0.002666,-0.005515,0.004467,-0.001167,0.004134,-0.001115,0.003871,-0.001113,1
1519142987526,true,1388.539,0,0.001344,-0.001115,0.006167,-0.001734,0.006821,-9.73E-4,0.005221,-0.001362,-0.002196,-0.005724,0.004409,-0.001144,0.00417,-0.001128,0.003847,-0.001094,1
1519142987562,true,1388.596,0,0.001768,-0.001215,0.006134,-0.00173,0.006835,-9.625E-4,0.005225,-0.001362,-0.001353,-0.006278,0.004383,-0.001131,0.004177,-0.001135,0.003869,-0.001084,1
1519142987599,true,1388.654,0,0.002256,-0.001071,0.006092,-0.001731,0.006836,-9.511E-4,0.005231,-0.001365,-9.861E-4,-0.006564,0.004412,-0.001133,0.004102,-0.001111,0.003901,-0.001091,1
1519142987634,true,1388.711,0,0.002752,-9.441E-4,0.006101,-0.001735,0.006792,-9.355E-4,0.005241,-0.001358,-0.0014,-0.006349,0.004465,-0.001154,0.004021,-0.001087,0.003924,-0.001104,1
1519142987790,true,1388.78,0,0.002455,-7.373E-4,0.006109,-0.001731,0.006737,-9.39E-4,0.005256,-0.001357,-0.001779,-0.006013,0.004512,-0.001173,0.004,-0.001079,0.003871,-0.001089,1
1519142987826,true,1388.838,0,0.001935,-7.867E-4,0.006118,-0.001723,0.006696,-9.379E-4,0.005241,-0.001353,-0.001684,-0.005778,0.004504,-0.00117,0.004028,-0.001094,0.003777,-0.001061,1
1519142987862,true,1388.895,0,0.002303,-9.702E-4,0.006118,-0.001711,0.006721,-9.362E-4,0.005209,-0.001346,-0.001345,-0.00589,0.004472,-0.001153,0.004089,-0.001124,0.003755,-0.001049,1
1519142987899,true,1388.953,0,0.002591,-8.073E-4,0.006116,-0.001709,0.006742,-9.245E-4,0.005196,-0.00135,-0.001018,-0.006129,0.004479,-0.001142,0.004111,-0.001131,0.00379,-0.001054,1
1519142987935,true,1389.01,0,0.002812,-6.799E-4,0.006121,-0.001712,0.00677,-9.171E-4,0.005211,-0.001351,-0.001447,-0.005988,0.00451,-0.001141,0.004084,-0.001113,0.003849,-0.001079,1
1519142988064,true,1389.055,0,0.002315,-4.177E-4,0.006176,-0.001716,0.006767,-9.08E-4,0.005222,-0.001348,-0.002285,-0.00557,0.004549,-0.001154,0.004081,-0.001095,0.003903,-0.001103,1
1519142988100,true,1389.113,0,0.001596,-5.011E-4,0.006199,-0.001708,0.006773,-9.121E-4,0.005249,-0.001345,-0.002598,-0.005341,0.004543,-0.001152,0.004122,-0.001084,0.003881,-0.001094,1
1519142988137,true,1389.17,0,0.001231,-8.103E-4,0.006222,-0.001707,0.006807,-9.187E-4,0.00526,-0.001339,-0.002283,-0.005421,0.004487,-0.00113,0.004167,-0.001093,0.003848,-0.001073,1
1519142988173,true,1389.228,0,0.001557,-0.001017,0.006213,-0.001704,0.006848,-9.125E-4,0.005258,-0.001338,-0.001445,-0.005977,0.004453,-0.001113,0.0042,-0.001106,0.003868,-0.001062,1
1519142988209,true,1389.285,0,0.001893,-8.954E-4,0.00618,-0.001703,0.006878,-9.117E-4,0.005262,-0.001339,-8.056E-4,-0.006429,0.004465,-0.001108,0.004151,-0.001091,0.003907,-0.001064,1
1519142988365,true,1389.355,0,0.002191,-6.776E-4,0.006187,-0.001708,0.006874,-9.004E-4,0.005288,-0.001336,-0.001128,-0.006286,0.004513,-0.001124,0.004076,-0.001065,0.003949,-0.001082,1
1519142988401,true,1389.413,0,0.00199,-4.585E-4,0.006218,-0.001711,0.00684,-9.037E-4,0.0053,-0.001333,-0.001621,-0.005957,0.004569,-0.001149,0.004061,-0.001054,0.00392,-0.001076,1
1519142988437,true,1389.47,0,0.00166,-5.433E-4,0.006236,-0.001708,0.006815,-9.088E-4,0.005302,-0.001329,-0.001674,-0.005678,0.004574,-0.001152,0.004094,-0.001065,0.003844,-0.001047,1
1519142988474,true,1389.528,0,0.001942,-7.409E-4,0.006244,-0.001697,0.006812,-9.11E-4,0.005274,-0.001322,-0.001328,-0.005735,0.004539,-0.001133,0.004144,-0.001099,0.003797,-0.001024,1
1519142988510,true,1389.585,0,0.00232,-7.005E-4,0.006224,-0.001687,0.006822,-9.043E-4,0.005244,-0.001319,-8.958E-4,-0.006029,0.004533,-0.00112,0.004165,-0.001117,0.003813,-0.00102,1
1519142988640,true,1389.631,0,0.002457,-5.353E-4,0.006215,-0.001685,0.006857,-8.973E-4,0.005262,-0.001325,-0.001099,-0.006002,0.004566,-0.001118,0.004143,-0.0011,0.003876,-0.001044,1
1519142988677,true,1389.689,0,0.002425,-3.588E-4,0.006236,-0.001683,0.006863,-8.848E-4,0.005277,-0.001318,-0.002028,-0.005582,0.004594,-0.001125,0.004127,-0.001082,0.003946,-0.001077,1
1519142988713,true,1389.746,0,0.001731,-3.528E-4,0.006268,-0.001681,0.006864,-8.875E-4,0.005287,-0.001308,-0.002472,-0.005324,0.004601,-0.00113,0.00416,-0.00107,0.003947,-0.001076,1
1519142988749,true,1389.804,0,0.001101,-6.228E-4,0.006291,-0.001675,0.006893,-8.931E-4,0.005308,-0.001304,-0.002236,-0.005328,0.004547,-0.001113,0.004208,-0.001072,0.003907,-0.001055,1
1519142988785,true,1389.861,0,0.001338,-8.647E-4,0.006286,-0.00167,0.006919,-8.84E-4,0.005308,-0.001305,-0.001492,-0.005798,0.004496,-0.001094,0.004266,-0.001091,0.00391,-0.001041,1
1519142988940,true,1389.931,0,0.001637,-7.518E-4,0.006263,-0.001674,0.006958,-8.828E-4,0.005314,-0.00131,-7.557E-4,-0.006327,0.0045,-0.001088,0.004235,-0.001079,0.003947,-0.001038,1
1519142988976,true,1389.989,0,0.002152,-6.311E-4,0.006259,-0.001679,0.006968,-8.759E-4,0.005335,-0.001308,-7.774E-4,-0.006394,0.004538,-0.001099,0.00416,-0.001052,0.003975,-0.001048,1
1519142989012,true,1390.046,0,0.002128,-4.068E-4,0.006295,-0.001684,0.006931,-8.693E-4,0.005356,-0.001304,-0.001307,-0.00606,0.004592,-0.001126,0.004132,-0.001037,0.003986,-0.001053,1
1519142989049,true,1390.104,0,0.001723,-3.858E-4,0.006324,-0.001683,0.006911,-8.858E-4,0.005363,-0.0013,-0.001379,-0.005808,0.004612,-0.001134,0.004164,-0.001042,0.003907,-0.001026,1
1519142989085,true,1390.161,0,0.001645,-5.593E-4,0.006342,-0.001676,0.006927,-8.952E-4,0.005349,-0.001294,-0.001189,-0.005739,0.004575,-0.001116,0.004231,-0.001078,0.00385,-0.001006,1
1519142989215,true,1390.206,0,0.002001,-5.389E-4,0.006327,-0.00167,0.00692,-8.824E-4,0.005306,-0.001288,-7.993E-4,-0.006003,0.004559,-0.001101,0.00428,-0.00111,0.003862,-0.001003,1
1519142989252,true,1390.264,0,0.002389,-4.696E-4,0.006302,-0.001671,0.006911,-8.723E-4,0.00531,-0.001295,-8.038E-4,-0.006118,0.004585,-0.001095,0.004238,-0.001102,0.003904,-0.00102,1
1519142989287,true,1390.321,0,0.002466,-4.138E-4,0.006301,-0.001667,0.006904,-8.625E-4,0.005315,-0.001294,-0.001593,-0.00579,0.004607,-0.001099,0.004181,-0.001075,0.003971,-0.001053,1
1519142989324,true,1390.379,0,0.001893,-2.908E-4,0.006326,-0.001661,0.006898,-8.579E-4,0.005335,-0.00129,-0.002194,-0.005505,0.00463,-0.00111,0.004203,-0.001059,0.003987,-0.001063,1
1519142989360,true,1390.436,0,0.001378,-5.803E-4,0.006338,-0.001657,0.006925,-8.702E-4,0.005354,-0.001286,-0.00217,-0.005383,0.004591,-0.001097,0.004249,-0.001061,0.00395,-0.001043,1
1519142989515,true,1390.505,0,0.001513,-9.638E-4,0.006331,-0.001652,0.006956,-8.679E-4,0.005355,-0.001282,-0.001614,-0.005741,0.004534,-0.001078,0.004289,-0.001075,0.003943,-0.001026,1
1519142989551,true,1390.563,0,0.00198,-0.001008,0.006301,-0.001649,0.006983,-8.638E-4,0.005343,-0.001284,-8.084E-4,-0.006297,0.004519,-0.001068,0.00428,-0.001074,0.003971,-0.001018,1
1519142989587,true,1390.62,0,0.002333,-8.565E-4,0.006292,-0.001657,0.007005,-8.635E-4,0.005356,-0.001281,-6.093E-4,-0.006492,0.004553,-0.001077,0.004202,-0.001044,0.004003,-0.001028,1
1519142989623,true,1390.678,0,0.002564,-6.549E-4,0.006309,-0.001658,0.006992,-8.628E-4,0.005379,-0.001278,-0.001147,-0.00619,0.004604,-0.001102,0.004156,-0.001024,0.004018,-0.001038,1
1519142989659,true,1390.735,0,0.002199,-5.849E-4,0.006342,-0.001658,0.006967,-8.712E-4,0.005401,-0.001279,-0.001383,-0.005894,0.004642,-0.001119,0.004175,-0.001024,0.003955,-0.001019,1
1519142989791,true,1390.781,0,0.001811,-6.888E-4,0.006378,-0.001658,0.006961,-8.782E-4,0.005404,-0.00128,-0.001252,-0.005719,0.00461,-0.001106,0.00423,-0.001052,0.00388,-9.94E-4,1
1519142989827,true,1390.839,0,0.00207,-7.607E-4,0.006361,-0.001647,0.006977,-8.799E-4,0.00538,-0.001281,-9.346E-4,-0.005896,0.00458,-0.001092,0.004285,-0.001084,0.003874,-9.861E-4,1
1519142989863,true,1390.896,0,0.002182,-5.641E-4,0.006344,-0.001647,0.006995,-8.814E-4,0.005358,-0.001286,-7.35E-4,-0.006108,0.00459,-0.001082,0.004262,-0.001088,0.003921,-0.001002,1
1519142989899,true,1390.954,0,0.002243,-4.65E-4,0.006346,-0.001653,0.006969,-8.685E-4,0.005354,-0.001283,-0.001353,-0.005915,0.004607,-0.001083,0.004197,-0.001069,0.003975,-0.001032,1
1519142989935,true,1391.011,0,0.001788,-3.182E-4,0.006352,-0.001647,0.006933,-8.625E-4,0.00535,-0.001272,-0.00221,-0.005546,0.004623,-0.001094,0.004165,-0.001051,0.004003,-0.001054,1
1519142990090,true,1391.082,0,0.001161,-5.008E-4,0.006362,-0.001645,0.006923,-8.663E-4,0.005353,-0.001264,-0.002362,-0.005404,0.004589,-0.001087,0.004184,-0.001044,0.003958,-0.001037,1
1519142990127,true,1391.14,0,0.001045,-8.614E-4,0.006351,-0.001638,0.006944,-8.671E-4,0.005347,-0.001258,-0.001906,-0.005651,0.004516,-0.001064,0.004221,-0.001062,0.003926,-0.001019,1
1519142990163,true,1391.197,0,0.001373,-9.32E-4,0.006306,-0.00163,0.006965,-8.625E-4,0.005338,-0.00126,-0.001066,-0.006209,0.004481,-0.001051,0.004221,-0.001072,0.003945,-0.001008,1
1519142990199,true,1391.255,0,0.001732,-7.974E-4,0.006282,-0.001634,0.006963,-8.497E-4,0.005338,-0.001261,-7.131E-4,-0.006531,0.004501,-0.001053,0.004136,-0.001044,0.003976,-0.001015,1
1519142990235,true,1391.312,0,0.002185,-6.806E-4,0.006282,-0.001634,0.006944,-8.438E-4,0.005346,-0.001256,-0.001218,-0.006285,0.004545,-0.001074,0.004061,-0.001017,0.003999,-0.001029,1
1519142990390,true,1391.381,0,0.001981,-5.231E-4,0.006319,-0.001636,0.006919,-8.551E-4,0.005344,-0.001249,-0.001614,-0.005974,0.004587,-0.001098,0.004062,-0.001011,0.003955,-0.001019,1
1519142990426,true,1391.439,0,0.001573,-5.978E-4,0.006348,-0.001638,0.00691,-8.671E-4,0.005345,-0.001249,-0.001627,-0.005695,0.004575,-0.001096,0.004104,-0.001032,0.003865,-9.91E-4,1
1519142990462,true,1391.496,0,0.001869,-8.11E-4,0.006333,-0.001626,0.006921,-8.691E-4,0.005321,-0.001246,-0.001373,-0.005822,0.004527,-0.001077,0.00416,-0.001067,0.003827,-9.755E-4,1
1519142990499,true,1391.554,0,0.002126,-6.764E-4,0.006305,-0.001625,0.006933,-8.654E-4,0.005296,-0.00125,-0.001146,-0.006085,0.004519,-0.001066,0.004161,-0.00108,0.003868,-9.856E-4,1
1519142990535,true,1391.611,0,0.002156,-5.005E-4,0.006291,-0.001631,0.006928,-8.593E-4,0.005283,-0.001251,-0.001622,-0.005973,0.004539,-0.001066,0.004097,-0.001065,0.003922,-0.001017,1
1519142990665,true,1391.655,0,0.001844,-3.593E-4,0.006294,-0.00163,0.006883,-8.488E-4,0.005295,-0.001249,-0.002513,-0.005606,0.00455,-0.001075,0.004039,-0.001044,0.00396,-0.001041,1
1519142990701,true,1391.713,0,0.001085,-4.022E-4,0.006305,-0.001623,0.006859,-8.544E-4,0.005297,-0.00124,-0.002856,-0.005417,0.004529,-0.001078,0.00404,-0.00103,0.003924,-0.001032,1
1519142990737,true,1391.77,0,6.437E-4,-6.965E-4,0.006301,-0.001615,0.006857,-8.544E-4,0.005291,-0.001231,-0.002544,-0.005521,0.004455,-0.001058,0.00406,-0.001038,0.003873,-0.001007,1
1519142990773,true,1391.828,0,8.712E-4,-8.48E-4,0.00627,-0.001609,0.006884,-8.522E-4,0.005282,-0.001232,-0.001805,-0.006035,0.004404,-0.001043,0.004083,-0.001051,0.003885,-9.973E-4,1
1519142990809,true,1391.885,0,0.001238,-7.548E-4,0.006243,-0.001614,0.006888,-8.463E-4,0.005277,-0.001233,-0.001151,-0.006517,0.004407,-0.00104,0.004017,-0.001034,0.003905,-9.969E-4,1
1519142990940,true,1391.931,0,0.001636,-5.439E-4,0.006232,-0.00162,0.006878,-8.413E-4,0.005288,-0.001233,-0.001532,-0.006355,0.004446,-0.001059,0.003921,-0.001005,0.003921,-0.001013,1
1519142990977,true,1391.989,0,0.001387,-2.735E-4,0.006247,-0.001619,0.006856,-8.505E-4,0.005289,-0.001231,-0.002064,-0.006039,0.004497,-0.001085,0.003901,-9.953E-4,0.003889,-0.001009,1
1519142991013,true,1392.046,0,9.813E-4,-2.856E-4,0.00627,-0.001617,0.006841,-8.602E-4,0.005278,-0.001223,-0.002218,-0.005709,0.004496,-0.001089,0.003938,-0.001008,0.003798,-9.826E-4,1
1519142991049,true,1392.104,0,0.001018,-4.251E-4,0.006295,-0.001615,0.006853,-8.634E-4,0.005254,-0.001221,-0.001981,-0.005738,0.004446,-0.001074,0.004,-0.001048,0.003745,-9.649E-4,1
1519142991085,true,1392.161,0,0.001327,-3.716E-4,0.006256,-0.001607,0.006864,-8.585E-4,0.005232,-0.001224,-0.001634,-0.006025,0.004427,-0.00106,0.00403,-0.001071,0.003763,-9.678E-4,1
1519142991240,true,1392.232,0,0.001359,-1.813E-4,0.006225,-0.001607,0.006876,-8.55E-4,0.00523,-0.001228,-0.00193,-0.006027,0.004434,-0.001056,0.003971,-0.001057,0.003818,-9.938E-4,1
1519142991276,true,1392.29,0,0.001378,-1.038E-4,0.006228,-0.001609,0.00684,-8.504E-4,0.005238,-0.001229,-0.002837,-0.005692,0.004453,-0.001067,0.003907,-0.001035,0.003879,-0.001031,1
1519142991312,true,1392.347,0,6.998E-4,-1.484E-4,0.006226,-0.001605,0.006792,-8.509E-4,0.005237,-0.001224,-0.003262,-0.005489,0.004441,-0.001071,0.003893,-0.001022,0.003852,-0.001031,1
1519142991349,true,1392.405,0,1.013E-4,-4.37E-4,0.006213,-0.001599,0.006776,-8.534E-4,0.00522,-0.001214,-0.003078,-0.00548,0.004376,-0.001057,0.003912,-0.001025,0.003795,-0.001009,1
1519142991385,true,1392.462,0,2.92E-4,-7.018E-4,0.006196,-0.001597,0.006798,-8.516E-4,0.005202,-0.001215,-0.002435,-0.005906,0.00432,-0.001043,0.003947,-0.00104,0.00379,-9.976E-4,1
1519142991540,true,1392.531,0,6.022E-4,-5.918E-4,0.006144,-0.001595,0.00682,-8.463E-4,0.005206,-0.001219,-0.001652,-0.006444,0.00431,-0.001034,0.003913,-0.001033,0.003812,-9.954E-4,1
1519142991576,true,1392.589,0,0.001147,-4.673E-4,0.006129,-0.0016,0.006821,-8.397E-4,0.005215,-0.00122,-0.00178,-0.006449,0.004344,-0.001046,0.003828,-0.001003,0.003832,-0.001009,1
1519142991613,true,1392.646,0,0.001232,-2.684E-4,0.006157,-0.001606,0.006805,-8.402E-4,0.00522,-0.001213,-0.002319,-0.006127,0.00439,-0.001074,0.003796,-9.853E-4,0.003824,-0.001017,1
1519142991649,true,1392.704,0,8.263E-4,-2.579E-4,0.006162,-0.001597,0.006782,-8.448E-4,0.005217,-0.001209,-0.002624,-0.005743,0.004404,-0.001086,0.003839,-9.911E-4,0.003743,-9.924E-4,1
1519142991685,true,1392.761,0,6.948E-4,-4.112E-4,0.006169,-0.001585,0.006813,-8.547E-4,0.0052,-0.001208,-0.002529,-0.005615,0.004364,-0.001071,0.003904,-0.001021,0.003681,-9.707E-4,1
1519142991816,true,1392.807,0,0.001058,-4.438E-4,0.006143,-0.001574,0.006841,-8.5E-4,0.005172,-0.001208,-0.002169,-0.005891,0.00433,-0.001053,0.003955,-0.001047,0.003687,-9.693E-4,1
1519142991852,true,1392.865,0,0.001394,-3.479E-4,0.006111,-0.001578,0.006876,-8.483E-4,0.00516,-0.001211,-0.002143,-0.006034,0.004335,-0.001044,0.003925,-0.001036,0.003738,-9.922E-4,1
1519142991888,true,1392.922,0,0.001603,-3.467E-4,0.006112,-0.00158,0.00687,-8.422E-4,0.005166,-0.001212,-0.002923,-0.005731,0.004349,-0.001049,0.003866,-0.001012,0.003803,-0.001029,1
1519142991924,true,1392.98,0,0.001013,-2.691E-4,0.006115,-0.001574,0.006842,-8.41E-4,0.005168,-0.001207,-0.003549,-0.005437,0.004361,-0.001059,0.003858,-9.975E-4,0.00381,-0.001039,1
1519142991960,true,1393.037,0,2.627E-4,-4.978E-4,0.006109,-0.001567,0.006826,-8.466E-4,0.005158,-0.001197,-0.003454,-0.005362,0.004303,-0.001047,0.00387,-9.966E-4,0.003753,-0.001021,1
1519142992090,true,1393.081,0,3.628E-4,-8.476E-4,0.006084,-0.001557,0.006833,-8.433E-4,0.005142,-0.001194,-0.002815,-0.005753,0.004221,-0.001023,0.003893,-0.001012,0.003724,-0.001004,1
1519142992126,true,1393.139,0,8.387E-4,-9.313E-4,0.006035,-0.001554,0.006841,-8.333E-4,0.005119,-0.001191,-0.002017,-0.006303,0.004208,-0.001018,0.003873,-0.001004,0.003742,-9.961E-4,1
1519142992162,true,1393.196,0,0.001296,-8.486E-4,0.006005,-0.001552,0.006856,-8.267E-4,0.005133,-0.001194,-0.001902,-0.006436,0.004237,-0.001027,0.003803,-9.758E-4,0.003766,-0.001005,1
1519142992199,true,1393.254,0,0.001474,-6.545E-4,0.006015,-0.001551,0.006844,-8.292E-4,0.005136,-0.001185,-0.00239,-0.006125,0.004281,-0.001052,0.003758,-9.559E-4,0.003777,-0.00102,1
1519142992235,true,1393.311,0,0.001006,-5.161E-4,0.006024,-0.001543,0.006824,-8.346E-4,0.00514,-0.00118,-0.002728,-0.005754,0.004309,-0.001069,0.003804,-9.597E-4,0.003716,-0.001004,1
1519142992390,true,1393.382,0,9.767E-4,-7.117E-4,0.006045,-0.001538,0.006843,-8.389E-4,0.005139,-0.00118,-0.002678,-0.005523,0.004276,-0.001058,0.003878,-9.852E-4,0.003636,-9.771E-4,1
1519142992427,true,1393.44,0,0.001181,-7.964E-4,0.006036,-0.001527,0.006876,-8.318E-4,0.005115,-0.00118,-0.002324,-0.005721,0.004249,-0.001043,0.003967,-0.001021,0.003628,-9.669E-4,1
1519142992462,true,1393.497,0,0.001521,-7.081E-4,0.006009,-0.00152,0.006909,-8.256E-4,0.005108,-0.001185,-0.002105,-0.00597,0.004253,-0.001031,0.003975,-0.001021,0.003675,-9.835E-4,1
1519142992499,true,1393.555,0,0.001774,-6.249E-4,0.006009,-0.001522,0.006924,-8.165E-4,0.005133,-0.001188,-0.002652,-0.005789,0.00427,-0.001032,0.003928,-9.97E-4,0.00374,-0.001018,1
1519142992535,true,1393.612,0,0.001422,-5.199E-4,0.006022,-0.001518,0.006916,-8.145E-4,0.005143,-0.001185,-0.00339,-0.005499,0.004293,-0.001046,0.003914,-9.796E-4,0.003771,-0.001036,1
1519142992665,true,1393.656,0,7.597E-4,-6.951E-4,0.006023,-0.001514,0.006901,-8.202E-4,0.005159,-0.001182,-0.003436,-0.005408,0.004263,-0.00104,0.003933,-9.728E-4,0.003724,-0.001021,1
1519142992702,true,1393.714,0,5.871E-4,-9.877E-4,0.006018,-0.00151,0.006888,-8.143E-4,0.005158,-0.001178,-0.002933,-0.005658,0.0042,-0.001021,0.003954,-9.859E-4,0.003675,-9.989E-4,1
1519142992738,true,1393.771,0,0.001078,-0.001084,0.005965,-0.001499,0.006885,-8.064E-4,0.005139,-0.001177,-0.002078,-0.006234,0.004168,-0.001011,0.00394,-9.916E-4,0.003675,-9.834E-4,1
1519142992774,true,1393.829,0,0.001418,-9.308E-4,0.005928,-0.001498,0.006861,-7.874E-4,0.005148,-0.001177,-0.001677,-0.006523,0.004181,-0.001012,0.003874,-9.666E-4,0.003705,-9.901E-4,1
1519142992810,true,1393.886,0,0.001902,-8.101E-4,0.005938,-0.0015,0.006856,-7.819E-4,0.005163,-0.001173,-0.002119,-0.006281,0.00422,-0.00103,0.003817,-9.406E-4,0.003725,-0.001002,1
1519142992965,true,1393.957,0,0.001558,-6.426E-4,0.005969,-0.001498,0.006826,-7.825E-4,0.005169,-0.001167,-0.002519,-0.005963,0.00427,-0.001054,0.003847,-9.375E-4,0.003675,-9.875E-4,1
1519142993001,true,1394.015,0,0.001146,-7.394E-4,0.00599,-0.001492,0.006832,-7.931E-4,0.005164,-0.001157,-0.002498,-0.005655,0.00425,-0.001048,0.003914,-9.585E-4,0.003601,-9.615E-4,1
1519142993037,true,1394.072,0,0.001418,-9.169E-4,0.005991,-0.001483,0.006864,-7.941E-4,0.005145,-0.00116,-0.002207,-0.005765,0.004213,-0.001032,0.003995,-9.937E-4,0.003579,-9.473E-4,1
1519142993073,true,1394.13,0,0.00174,-8.579E-4,0.005968,-0.001475,0.006882,-7.811E-4,0.005134,-0.001167,-0.001924,-0.006025,0.004208,-0.001017,0.004028,-0.001005,0.003623,-9.556E-4,1
1519142993110,true,1394.187,0,0.001813,-7.071E-4,0.005974,-0.001483,0.006902,-7.703E-4,0.005148,-0.001169,-0.00239,-0.005902,0.004232,-0.001015,0.003985,-9.84E-4,0.003683,-9.838E-4,1
1519142993266,true,1394.258,0,0.001595,-6.104E-4,0.005999,-0.001484,0.006905,-7.671E-4,0.005165,-0.001167,-0.00315,-0.005584,0.004249,-0.001026,0.003964,-9.646E-4,0.00374,-0.001012,1
1519142993302,true,1394.316,0,8.992E-4,-7.422E-4,0.006013,-0.00148,0.006887,-7.729E-4,0.005187,-0.001164,-0.003386,-0.00544,0.004235,-0.001024,0.003978,-9.508E-4,0.00371,-9.993E-4,1
1519142993338,true,1394.373,0,4.63E-4,-9.636E-4,0.006025,-0.001482,0.006889,-7.764E-4,0.005194,-0.001158,-0.002932,-0.005594,0.004174,-0.001002,0.004003,-9.633E-4,0.003655,-9.709E-4,1
1519142993374,true,1394.431,0,7.467E-4,-0.001122,0.005998,-0.001478,0.006899,-7.738E-4,0.005182,-0.001158,-0.002091,-0.006134,0.004126,-9.84E-4,0.004006,-9.777E-4,0.003653,-9.55E-4,1
1519142993410,true,1394.488,0,0.001123,-9.863E-4,0.00596,-0.001481,0.006874,-7.623E-4,0.005179,-0.001162,-0.00145,-0.006581,0.004143,-9.82E-4,0.003927,-9.564E-4,0.003669,-9.539E-4,1
1519142993540,true,1394.532,0,0.001462,-7.638E-4,0.005952,-0.001484,0.006869,-7.571E-4,0.005204,-0.001165,-0.00178,-0.006431,0.004183,-9.976E-4,0.003854,-9.314E-4,0.003687,-9.644E-4,1
1519142993577,true,1394.59,0,0.001268,-5.1E-4,0.005982,-0.001486,0.006839,-7.533E-4,0.005209,-0.00116,-0.002308,-0.006065,0.004234,-0.001021,0.003848,-9.202E-4,0.003654,-9.592E-4,1
1519142993613,true,1394.647,0,8.17E-4,-4.983E-4,0.006021,-0.00149,0.006845,-7.676E-4,0.005218,-0.001156,-0.002433,-0.005733,0.004228,-0.001019,0.003901,-9.326E-4,0.003573,-9.334E-4,1
1519142993649,true,1394.705,0,9.447E-4,-6.741E-4,0.006038,-0.001486,0.006856,-7.684E-4,0.005196,-0.001154,-0.002178,-0.005767,0.004182,-9.994E-4,0.003978,-9.668E-4,0.003532,-9.147E-4,1
1519142993685,true,1394.762,0,0.001256,-6.634E-4,0.006015,-0.001486,0.006881,-7.614E-4,0.005179,-0.00116,-0.001796,-0.006091,0.004175,-9.863E-4,0.004029,-9.876E-4,0.00356,-9.145E-4,1
1519142993841,true,1394.833,0,0.001355,-5.356E-4,0.006009,-0.001496,0.006913,-7.522E-4,0.005185,-0.001167,-0.002003,-0.00611,0.004192,-9.791E-4,0.003996,-9.729E-4,0.003621,-9.402E-4,1
1519142993877,true,1394.891,0,0.001373,-4.181E-4,0.00603,-0.001505,0.006901,-7.447E-4,0.005192,-0.001163,-0.002831,-0.005742,0.00422,-9.901E-4,0.003955,-9.491E-4,0.003693,-9.716E-4,1
1519142993913,true,1394.948,0,6.451E-4,-4.562E-4,0.006055,-0.001514,0.006883,-7.467E-4,0.005205,-0.001161,-0.003236,-0.005514,0.004223,-9.952E-4,0.003969,-9.359E-4,0.003677,-9.661E-4,1
1519142993949,true,1395.006,0,2.413E-4,-7.553E-4,0.006055,-0.001513,0.006894,-7.614E-4,0.005203,-0.001154,-0.003015,-0.005513,0.004168,-9.803E-4,0.00398,-9.373E-4,0.003626,-9.413E-4,1
1519142993985,true,1395.063,0,5.065E-4,-9.954E-4,0.006039,-0.001514,0.006889,-7.552E-4,0.005182,-0.001151,-0.002356,-0.005951,0.004114,-9.624E-4,0.003992,-9.558E-4,0.003615,-9.231E-4,1
1519142994115,true,1395.107,0,7.45E-4,-8.625E-4,0.005999,-0.001519,0.00689,-7.52E-4,0.005169,-0.001153,-0.001626,-0.006455,0.004109,-9.542E-4,0.003934,-9.495E-4,0.003629,-9.179E-4,1
1519142994152,true,1395.165,0,0.001152,-7.485E-4,0.005967,-0.001525,0.006862,-7.406E-4,0.00517,-0.001152,-0.001723,-0.006449,0.004141,-9.665E-4,0.003831,-9.2E-4,0.003639,-9.269E-4,1
1519142994188,true,1395.222,0,0.001281,-5.304E-4,0.005982,-0.001526,0.00682,-7.394E-4,0.005174,-0.001149,-0.002273,-0.006108,0.004186,-9.916E-4,0.003796,-9.021E-4,0.003629,-9.303E-4,1
1519142994224,true,1395.28,0,7.635E-4,-4.884E-4,0.006009,-0.001527,0.0068,-7.48E-4,0.005173,-0.001143,-0.002437,-0.005791,0.004204,-0.001003,0.003831,-9.056E-4,0.003556,-9.088E-4,1
1519142994260,true,1395.337,0,7.101E-4,-6.667E-4,0.006035,-0.001526,0.006818,-7.536E-4,0.005157,-0.001139,-0.002322,-0.005652,0.004169,-9.875E-4,0.003896,-9.333E-4,0.003491,-8.886E-4,1
1519142994391,true,1395.383,0,0.001054,-6.756E-4,0.006025,-0.001519,0.006844,-7.501E-4,0.005135,-0.001142,-0.002,-0.005886,0.004146,-9.727E-4,0.003958,-9.638E-4,0.003498,-8.846E-4,1
1519142994427,true,1395.441,0,0.001198,-5.614E-4,0.006007,-0.001525,0.006871,-7.404E-4,0.005133,-0.00115,-0.00204,-0.006013,0.004157,-9.654E-4,0.003934,-9.532E-4,0.003552,-9.086E-4,1
1519142994463,true,1395.498,0,0.001464,-5.258E-4,0.006021,-0.00153,0.00687,-7.244E-4,0.005137,-0.001147,-0.002787,-0.005733,0.004173,-9.684E-4,0.003888,-9.299E-4,0.003629,-9.45E-4,1
1519142994499,true,1395.556,0,0.001016,-5.131E-4,0.006025,-0.001526,0.006847,-7.225E-4,0.005146,-0.001144,-0.003373,-0.005465,0.004186,-9.797E-4,0.003892,-9.162E-4,0.003632,-9.516E-4,1
1519142994535,true,1395.613,0,3.848E-4,-8.018E-4,0.00602,-0.00152,0.006851,-7.31E-4,0.005152,-0.001137,-0.00327,-0.005427,0.004139,-9.678E-4,0.003914,-9.166E-4,0.003575,-9.302E-4,1
1519142994690,true,1395.682,0,6.085E-4,-0.001139,0.005996,-0.001515,0.00688,-7.349E-4,0.005136,-0.001132,-0.002655,-0.00578,0.00407,-9.462E-4,0.003936,-9.344E-4,0.003549,-9.129E-4,1
1519142994727,true,1395.74,0,0.001031,-0.001119,0.005949,-0.001515,0.006887,-7.311E-4,0.005119,-0.001135,-0.001798,-0.006376,0.004046,-9.355E-4,0.003904,-9.357E-4,0.003564,-9.041E-4,1
1519142994763,true,1395.797,0,0.001429,-9.679E-4,0.005917,-0.00152,0.006878,-7.288E-4,0.005114,-0.001135,-0.001678,-0.006507,0.004075,-9.421E-4,0.003801,-9.118E-4,0.00358,-9.14E-4,1
1519142994799,true,1395.855,0,0.001663,-7.138E-4,0.005913,-0.001522,0.006829,-7.301E-4,0.005113,-0.001133,-0.002279,-0.006174,0.004116,-9.666E-4,0.003726,-8.921E-4,0.003584,-9.258E-4,1
1519142994835,true,1395.912,0,0.001308,-5.969E-4,0.005922,-0.001517,0.006783,-7.341E-4,0.005115,-0.00113,-0.002591,-0.005836,0.00415,-9.863E-4,0.003731,-8.858E-4,0.003507,-9.045E-4,1
1519142994991,true,1395.983,0,0.001064,-7.407E-4,0.00593,-0.001504,0.006792,-7.376E-4,0.005112,-0.001127,-0.002596,-0.005553,0.004116,-9.775E-4,0.003791,-9.061E-4,0.003437,-8.815E-4,1
1519142995027,true,1396.041,0,0.001316,-7.918E-4,0.005928,-0.001496,0.006835,-7.39E-4,0.005094,-0.001131,-0.002281,-0.005718,0.004076,-9.599E-4,0.003877,-9.429E-4,0.003434,-8.743E-4,1
1519142995063,true,1396.098,0,0.001589,-5.969E-4,0.005908,-0.001489,0.006867,-7.297E-4,0.005106,-0.001141,-0.001997,-0.005967,0.004086,-9.527E-4,0.003882,-9.398E-4,0.003491,-8.958E-4,1
1519142995099,true,1396.156,0,0.001801,-5.289E-4,0.005901,-0.001487,0.006876,-7.174E-4,0.005129,-0.001146,-0.002577,-0.005777,0.0041,-9.548E-4,0.003831,-9.117E-4,0.003558,-9.28E-4,1
1519142995135,true,1396.213,0,0.001366,-3.731E-4,0.00592,-0.001485,0.00687,-7.124E-4,0.005152,-0.001145,-0.003309,-0.00544,0.004109,-9.647E-4,0.003837,-8.95E-4,0.003592,-9.456E-4,1
1519142995291,true,1396.283,0,7.887E-4,-5.725E-4,0.005936,-0.001481,0.006858,-7.152E-4,0.005172,-0.001142,-0.003333,-0.005347,0.004078,-9.604E-4,0.003874,-8.93E-4,0.003547,-9.284E-4,1
1519142995327,true,1396.341,0,6.407E-4,-8.86E-4,0.00593,-0.001475,0.006866,-7.14E-4,0.005168,-0.001138,-0.002836,-0.00557,0.004003,-9.384E-4,0.003907,-9.083E-4,0.003516,-9.099E-4,1
1519142995363,true,1396.398,0,0.001055,-9.268E-4,0.005891,-0.001471,0.006889,-7.177E-4,0.00515,-0.001137,-0.002,-0.006135,0.003971,-9.306E-4,0.00391,-9.169E-4,0.003513,-8.942E-4,1
1519142995399,true,1396.456,0,0.001468,-7.606E-4,0.005848,-0.001472,0.006887,-7.132E-4,0.005153,-0.001139,-0.00162,-0.006444,0.003996,-9.337E-4,0.003831,-8.934E-4,0.003539,-8.979E-4,1
1519142995435,true,1396.513,0,0.001926,-5.543E-4,0.005847,-0.001474,0.006858,-7.086E-4,0.005157,-0.001135,-0.002156,-0.006145,0.004035,-9.519E-4,0.003764,-8.731E-4,0.003569,-9.168E-4,1
1519142995566,true,1396.558,0,0.00172,-3.848E-4,0.005858,-0.001466,0.006807,-7.139E-4,0.005157,-0.001135,-0.002547,-0.005831,0.004075,-9.741E-4,0.00376,-8.689E-4,0.003512,-9.07E-4,1
1519142995602,true,1396.616,0,0.001348,-4.506E-4,0.005879,-0.001456,0.006781,-7.213E-4,0.005139,-0.001129,-0.002551,-0.005538,0.00405,-9.688E-4,0.003801,-8.841E-4,0.003423,-8.797E-4,1
1519142995638,true,1396.673,0,0.001565,-5.938E-4,0.005875,-0.001446,0.006799,-7.191E-4,0.005107,-0.001124,-0.002256,-0.005614,0.004006,-9.531E-4,0.003878,-9.172E-4,0.003405,-8.67E-4,1
1519142995674,true,1396.731,0,0.00186,-4.755E-4,0.005848,-0.001441,0.006845,-7.162E-4,0.005099,-0.001131,-0.001887,-0.00589,0.003999,-9.403E-4,0.003909,-9.299E-4,0.003446,-8.756E-4,1
1519142995710,true,1396.788,0,0.001957,-3.749E-4,0.005852,-0.001441,0.006881,-7.12E-4,0.005111,-0.001134,-0.002255,-0.005776,0.004011,-9.393E-4,0.003883,-9.115E-4,0.003516,-9.067E-4,1
1519142995841,true,1396.832,0,0.001694,-1.847E-4,0.005879,-0.001442,0.00687,-7.052E-4,0.005131,-0.001132,-0.003076,-0.005419,0.004034,-9.528E-4,0.003865,-8.896E-4,0.003572,-9.341E-4,1
1519142995877,true,1396.89,0,0.001037,-2.655E-4,0.005905,-0.001442,0.006865,-7.106E-4,0.005145,-0.001129,-0.003244,-0.005249,0.004024,-9.566E-4,0.003898,-8.788E-4,0.003549,-9.248E-4,1
1519142995913,true,1396.947,0,4.956E-4,-5.157E-4,0.005915,-0.001439,0.006902,-7.171E-4,0.00515,-0.001124,-0.002837,-0.005351,0.003957,-9.349E-4,0.003939,-8.888E-4,0.003515,-9.067E-4,1
1519142995949,true,1397.005,0,7.582E-4,-6.91E-4,0.005893,-0.001438,0.006933,-7.153E-4,0.005132,-0.00112,-0.001993,-0.005904,0.003907,-9.189E-4,0.003978,-9.068E-4,0.003525,-8.918E-4,1
1519142995985,true,1397.062,0,0.001295,-6.186E-4,0.005854,-0.001436,0.006946,-7.11E-4,0.005125,-0.001125,-0.001275,-0.006397,0.003912,-9.156E-4,0.003927,-8.93E-4,0.003555,-8.933E-4,1
1519142996141,true,1397.134,0,0.001827,-4.377E-4,0.005847,-0.001444,0.006936,-7.073E-4,0.005137,-0.001128,-0.001593,-0.006245,0.003955,-9.327E-4,0.003847,-8.692E-4,0.003583,-9.099E-4,1
1519142996178,true,1397.192,0,0.001847,-2.357E-4,0.005871,-0.001446,0.006891,-7.119E-4,0.005133,-0.00112,-0.002212,-0.005865,0.004003,-9.566E-4,0.003832,-8.668E-4,0.003558,-9.075E-4,1
1519142996213,true,1397.249,0,0.001442,-2.902E-4,0.005883,-0.001444,0.006844,-7.197E-4,0.005122,-0.001113,-0.002354,-0.005518,0.003995,-9.562E-4,0.003865,-8.834E-4,0.003473,-8.801E-4,1
1519142996250,true,1397.307,0,0.001529,-5.237E-4,0.005872,-0.001432,0.006836,-7.207E-4,0.005087,-0.001111,-0.002155,-0.005505,0.003949,-9.367E-4,0.003911,-9.141E-4,0.003417,-8.601E-4,1
1519142996286,true,1397.364,0,0.001976,-5.167E-4,0.005845,-0.001423,0.006852,-7.13E-4,0.005069,-0.001115,-0.001763,-0.005795,0.003928,-9.218E-4,0.00394,-9.329E-4,0.003438,-8.607E-4,1
1519142996415,true,1397.407,0,0.002135,-4.522E-4,0.005828,-0.001421,0.006886,-7.045E-4,0.005074,-0.001119,-0.002001,-0.005795,0.003946,-9.171E-4,0.003911,-9.177E-4,0.003498,-8.855E-4,1
1519142996451,true,1397.465,0,0.002244,-4.17E-4,0.005852,-0.001425,0.006904,-7.029E-4,0.005098,-0.001121,-0.002877,-0.005419,0.003966,-9.238E-4,0.003881,-8.978E-4,0.003568,-9.18E-4,1
1519142996487,true,1397.522,0,0.001551,-4.45E-4,0.005874,-0.001424,0.006886,-7.027E-4,0.005104,-0.001114,-0.003298,-0.005223,0.003966,-9.293E-4,0.003892,-8.839E-4,0.003554,-9.159E-4,1
1519142996523,true,1397.58,0,9.162E-4,-6.996E-4,0.005888,-0.00142,0.006899,-7.084E-4,0.005111,-0.001107,-0.003042,-0.005254,0.003915,-9.123E-4,0.003918,-8.841E-4,0.003508,-8.942E-4,1
1519142996559,true,1397.637,0,0.001107,-9.222E-4,0.005878,-0.001418,0.006922,-7.051E-4,0.005101,-0.001107,-0.002377,-0.005688,0.003864,-8.953E-4,0.003953,-9.02E-4,0.003503,-8.809E-4,1
1519142996715,true,1397.708,0,0.001464,-8.27E-4,0.005844,-0.001419,0.006929,-7.002E-4,0.005088,-0.001108,-0.001613,-0.006202,0.003865,-8.904E-4,0.003916,-8.974E-4,0.003524,-8.789E-4,1
1519142996752,true,1397.766,0,0.001899,-6.635E-4,0.005857,-0.001434,0.006916,-6.978E-4,0.005108,-0.00111,-0.001758,-0.006188,0.003902,-9.026E-4,0.003822,-8.69E-4,0.003543,-8.926E-4,1
1519142996788,true,1397.823,0,0.001988,-4.753E-4,0.00588,-0.001437,0.006878,-6.99E-4,0.005101,-0.001103,-0.002377,-0.005853,0.003952,-9.255E-4,0.003782,-8.579E-4,0.003536,-8.996E-4,1
1519142996824,true,1397.881,0,0.001506,-4.818E-4,0.005905,-0.001437,0.006841,-7.074E-4,0.005101,-0.001098,-0.002587,-0.005535,0.003961,-9.331E-4,0.0038,-8.669E-4,0.003452,-8.764E-4,1
1519142996860,true,1397.938,0,0.001333,-6.77E-4,0.005931,-0.001436,0.006836,-7.139E-4,0.005088,-0.001097,-0.00252,-0.005409,0.003921,-9.152E-4,0.00385,-9.046E-4,0.00338,-8.552E-4,1
1519142996991,true,1397.984,0,0.001686,-8.083E-4,0.005895,-0.001424,0.00683,-7.103E-4,0.005057,-0.001097,-0.002185,-0.005696,0.003889,-8.964E-4,0.003887,-9.394E-4,0.003379,-8.505E-4,1
1519142997027,true,1398.042,0,0.001781,-6.682E-4,0.005873,-0.001426,0.006831,-6.958E-4,0.005051,-0.001106,-0.002231,-0.005836,0.003904,-8.866E-4,0.003846,-9.318E-4,0.003423,-8.707E-4,1
1519142997063,true,1398.099,0,0.001859,-5.601E-4,0.005876,-0.001429,0.006828,-6.865E-4,0.005062,-0.001105,-0.00297,-0.005572,0.003921,-8.92E-4,0.003796,-9.067E-4,0.003481,-9.012E-4,1
1519142997100,true,1398.157,0,0.001335,-4.926E-4,0.005888,-0.001428,0.006823,-6.901E-4,0.005076,-0.001102,-0.003592,-0.005323,0.003928,-8.987E-4,0.003792,-8.873E-4,0.003489,-9.095E-4,1
1519142997135,true,1398.214,0,7.361E-4,-7.394E-4,0.005888,-0.001425,0.006819,-6.918E-4,0.005097,-0.001097,-0.003489,-0.005265,0.003893,-8.867E-4,0.003808,-8.864E-4,0.003427,-8.859E-4,1
1519142997291,true,1398.283,0,7.806E-4,-0.001061,0.005862,-0.001417,0.006835,-6.902E-4,0.005086,-0.001096,-0.002847,-0.005665,0.003823,-8.643E-4,0.003832,-9.039E-4,0.003392,-8.649E-4,1
1519142997327,true,1398.341,0,0.001233,-0.00104,0.005829,-0.00142,0.006845,-6.842E-4,0.005082,-0.001101,-0.001993,-0.006268,0.003815,-8.575E-4,0.003821,-9.081E-4,0.003403,-8.529E-4,1
1519142997363,true,1398.398,0,0.001538,-8.844E-4,0.00581,-0.001427,0.006868,-6.868E-4,0.005097,-0.001106,-0.001836,-0.00643,0.003847,-8.663E-4,0.003742,-8.843E-4,0.003421,-8.619E-4,1
1519142997399,true,1398.456,0,0.001799,-6.883E-4,0.00582,-0.001432,0.006831,-6.847E-4,0.005113,-0.001107,-0.002421,-0.006131,0.003899,-8.887E-4,0.003683,-8.671E-4,0.003432,-8.758E-4,1
1519142997435,true,1398.513,0,0.001363,-5.896E-4,0.005834,-0.001432,0.006793,-6.926E-4,0.005114,-0.001102,-0.002807,-0.00581,0.003931,-9.061E-4,0.003698,-8.688E-4,0.003351,-8.553E-4,1
1519142997566,true,1398.559,0,0.001183,-7.603E-4,0.005854,-0.001432,0.006793,-7.075E-4,0.00509,-0.001097,-0.002789,-0.005573,0.003901,-8.949E-4,0.003739,-8.956E-4,0.003268,-8.302E-4,1
1519142997602,true,1398.617,0,0.001475,-9.468E-4,0.005834,-0.001426,0.006786,-7.043E-4,0.005055,-0.001098,-0.002485,-0.005776,0.003859,-8.752E-4,0.003788,-9.307E-4,0.003252,-8.245E-4,1
1519142997638,true,1398.674,0,0.00157,-8.282E-4,0.005791,-0.001427,0.006773,-6.982E-4,0.005031,-0.001104,-0.002298,-0.00604,0.003856,-8.624E-4,0.003756,-9.327E-4,0.003288,-8.393E-4,1
1519142997674,true,1398.732,0,0.0017,-7.143E-4,0.005777,-0.001434,0.006748,-6.866E-4,0.005037,-0.001105,-0.002954,-0.005838,0.003864,-8.629E-4,0.003672,-9.046E-4,0.003341,-8.721E-4,1
1519142997710,true,1398.789,0,0.001202,-5.748E-4,0.005782,-0.00143,0.006721,-6.796E-4,0.005048,-0.001103,-0.003665,-0.005556,0.003874,-8.725E-4,0.00365,-8.818E-4,0.003368,-8.902E-4,1
1519142997864,true,1398.857,0,4.643E-4,-7.18E-4,0.005794,-0.001428,0.006713,-6.881E-4,0.005068,-0.001098,-0.00373,-0.005477,0.003844,-8.676E-4,0.003676,-8.737E-4,0.003322,-8.728E-4,1
1519142997900,true,1398.915,0,3.319E-4,-0.001019,0.005801,-0.001425,0.00673,-6.878E-4,0.005069,-0.001095,-0.003163,-0.005728,0.00378,-8.477E-4,0.003707,-8.876E-4,0.003279,-8.493E-4,1
1519142997937,true,1398.972,0,7.668E-4,-0.001084,0.005771,-0.001424,0.006739,-6.801E-4,0.005051,-0.001094,-0.002301,-0.006308,0.003753,-8.361E-4,0.003712,-8.97E-4,0.00328,-8.345E-4,1
1519142997973,true,1399.03,0,0.001268,-9.938E-4,0.005737,-0.00143,0.006749,-6.727E-4,0.005053,-0.001097,-0.001947,-0.006596,0.003778,-8.386E-4,0.003648,-8.751E-4,0.003306,-8.41E-4,1
1519142998009,true,1399.087,0,0.001647,-7.82E-4,0.005747,-0.001436,0.006723,-6.693E-4,0.005078,-0.001103,-0.002405,-0.006358,0.003832,-8.629E-4,0.00358,-8.496E-4,0.003326,-8.55E-4,1
1519142998140,true,1399.133,0,0.001391,-6.324E-4,0.005771,-0.001431,0.006705,-6.808E-4,0.00508,-0.001098,-0.002822,-0.00602,0.003881,-8.873E-4,0.003584,-8.432E-4,0.00328,-8.474E-4,1
1519142998176,true,1399.191,0,9.86E-4,-7.237E-4,0.005791,-0.00143,0.006709,-6.945E-4,0.005076,-0.001096,-0.002862,-0.005708,0.003863,-8.808E-4,0.003636,-8.617E-4,0.003203,-8.249E-4,1
1519142998212,true,1399.248,0,0.001121,-8.93E-4,0.005784,-0.001419,0.006723,-6.971E-4,0.005047,-0.001097,-0.002625,-0.005803,0.003816,-8.602E-4,0.003695,-8.934E-4,0.003179,-8.179E-4,1
1519142998249,true,1399.306,0,0.001363,-7.851E-4,0.005751,-0.001417,0.006719,-6.929E-4,0.005018,-0.001101,-0.002257,-0.006136,0.003805,-8.457E-4,0.003692,-9.039E-4,0.003212,-8.265E-4,1
1519142998284,true,1399.363,0,0.001503,-7.204E-4,0.005732,-0.001419,0.006723,-6.871E-4,0.005009,-0.001103,-0.002655,-0.006068,0.003813,-8.404E-4,0.00362,-8.825E-4,0.003269,-8.583E-4,1
1519142998440,true,1399.433,0,0.001152,-5.617E-4,0.005721,-0.001415,0.006672,-6.72E-4,0.005007,-0.001099,-0.003469,-0.005714,0.003833,-8.526E-4,0.003559,-8.557E-4,0.00331,-8.821E-4,1
1519142998476,true,1399.491,0,5.015E-4,-6.315E-4,0.005716,-0.001407,0.006637,-6.703E-4,0.005013,-0.001093,-0.003681,-0.005547,0.003815,-8.53E-4,0.003575,-8.377E-4,0.003275,-8.691E-4,1
1519142998512,true,1399.548,0,2.736E-4,-9.508E-4,0.005716,-0.001405,0.006659,-6.759E-4,0.005006,-0.001084,-0.003224,-0.005672,0.003751,-8.333E-4,0.003614,-8.452E-4,0.003227,-8.448E-4,1
1519142998549,true,1399.606,0,5.847E-4,-0.001099,0.005687,-0.001401,0.006669,-6.664E-4,0.004988,-0.001085,-0.002464,-0.006157,0.00371,-8.217E-4,0.003646,-8.62E-4,0.00324,-8.303E-4,1
1519142998585,true,1399.663,0,9.454E-4,-8.82E-4,0.005644,-0.001403,0.006678,-6.594E-4,0.004983,-0.001084,-0.001776,-0.006597,0.003724,-8.196E-4,0.003599,-8.459E-4,0.003258,-8.294E-4,1
1519142998740,true,1399.732,0,0.001436,-7.164E-4,0.005657,-0.00141,0.00667,-6.54E-4,0.005009,-0.001087,-0.002111,-0.006425,0.003767,-8.371E-4,0.003536,-8.184E-4,0.003286,-8.454E-4,1
1519142998776,true,1399.79,0,0.00123,-4.054E-4,0.005694,-0.001414,0.006648,-6.562E-4,0.005021,-0.001083,-0.002717,-0.006017,0.003822,-8.617E-4,0.003543,-8.094E-4,0.003266,-8.441E-4,1
1519142998812,true,1399.847,0,8.087E-4,-4.608E-4,0.005727,-0.001414,0.006645,-6.729E-4,0.00503,-0.001083,-0.002794,-0.005688,0.00382,-8.613E-4,0.00359,-8.185E-4,0.00319,-8.188E-4,1
1519142998848,true,1399.905,0,8.506E-4,-6.43E-4,0.005759,-0.001412,0.006668,-6.817E-4,0.004999,-0.001077,-0.002533,-0.005682,0.003778,-8.423E-4,0.003667,-8.534E-4,0.00315,-8.031E-4,1
1519142998885,true,1399.962,0,0.00131,-6.797E-4,0.005748,-0.001406,0.006698,-6.866E-4,0.004972,-0.001079,-0.002188,-0.005949,0.003761,-8.282E-4,0.003702,-8.734E-4,0.003183,-8.027E-4,1
1519142999015,true,1400.008,0,0.001493,-5.545E-4,0.005737,-0.001407,0.006708,-6.798E-4,0.004971,-0.001084,-0.002374,-0.005986,0.003775,-8.183E-4,0.003652,-8.553E-4,0.003241,-8.288E-4,1
1519142999051,true,1400.066,0,0.001508,-4.762E-4,0.00575,-0.00141,0.006677,-6.675E-4,0.004983,-0.001085,-0.003135,-0.00565,0.003788,-8.209E-4,0.003588,-8.307E-4,0.003308,-8.607E-4,1
1519142999087,true,1400.123,0,8.886E-4,-4.766E-4,0.00576,-0.001403,0.006633,-6.667E-4,0.004989,-0.00108,-0.003569,-0.005425,0.003796,-8.274E-4,0.003584,-8.145E-4,0.003293,-8.591E-4,1
1519142999123,true,1400.181,0,4.197E-4,-7.601E-4,0.00576,-0.001396,0.006634,-6.773E-4,0.004987,-0.001071,-0.003374,-0.005386,0.003747,-8.116E-4,0.003596,-8.105E-4,0.003236,-8.331E-4,1
1519142999158,true,1400.238,0,6.807E-4,-0.001006,0.005742,-0.001389,0.00666,-6.733E-4,0.004968,-0.001066,-0.002635,-0.005813,0.003703,-7.948E-4,0.003635,-8.271E-4,0.003228,-8.141E-4,1
1519142999290,true,1400.283,0,0.00114,-9.221E-4,0.005694,-0.001385,0.006673,-6.658E-4,0.00497,-0.001065,-0.001795,-0.006345,0.003716,-7.902E-4,0.003616,-8.196E-4,0.003254,-8.068E-4,1
1519142999326,true,1400.341,0,0.001626,-7.689E-4,0.005701,-0.001393,0.006677,-6.564E-4,0.004976,-0.001064,-0.001875,-0.006327,0.00376,-8.024E-4,0.003551,-7.941E-4,0.003292,-8.215E-4,1
1519142999363,true,1400.398,0,0.001798,-5.119E-4,0.005737,-0.001398,0.00666,-6.58E-4,0.004981,-0.00106,-0.002467,-0.00593,0.003818,-8.246E-4,0.003542,-7.814E-4,0.003295,-8.277E-4,1
1519142999399,true,1400.456,0,0.001294,-4.188E-4,0.005767,-0.001396,0.006644,-6.661E-4,0.004992,-0.001056,-0.002662,-0.00561,0.003838,-8.347E-4,0.003608,-7.934E-4,0.003228,-8.06E-4,1
1519142999435,true,1400.513,0,0.001266,-6.34E-4,0.00579,-0.001387,0.006666,-6.706E-4,0.004975,-0.001052,-0.002576,-0.005485,0.003803,-8.19E-4,0.003692,-8.275E-4,0.003167,-7.853E-4,1
1519142999590,true,1400.583,0,0.001708,-7.241E-4,0.005765,-0.001374,0.006685,-6.646E-4,0.004956,-0.001055,-0.002149,-0.005752,0.003791,-8.041E-4,0.003765,-8.633E-4,0.003184,-7.839E-4,1
1519142999626,true,1400.641,0,0.001808,-5.308E-4,0.005749,-0.001377,0.00671,-6.597E-4,0.004966,-0.001064,-0.002137,-0.005886,0.003809,-7.945E-4,0.003746,-8.556E-4,0.003241,-8.035E-4,1
1519142999662,true,1400.698,0,0.001872,-4.419E-4,0.005757,-0.001379,0.00669,-6.492E-4,0.004981,-0.001065,-0.00284,-0.005604,0.003834,-7.992E-4,0.003691,-8.333E-4,0.003319,-8.417E-4,1
1519142999699,true,1400.756,0,0.001364,-4.001E-4,0.005769,-0.001378,0.006646,-6.471E-4,0.004996,-0.00106,-0.003425,-0.005337,0.00386,-8.086E-4,0.003681,-8.21E-4,0.003328,-8.518E-4,1
1519142999735,true,1400.813,0,8.298E-4,-6.875E-4,0.005771,-0.001373,0.006611,-6.502E-4,0.005004,-0.001059,-0.003336,-0.005295,0.003822,-7.96E-4,0.003679,-8.184E-4,0.003286,-8.307E-4,1
1519142999890,true,1400.883,0,0.001044,-0.001079,0.005749,-0.001359,0.006604,-6.435E-4,0.004982,-0.001056,-0.002733,-0.005635,0.003756,-7.712E-4,0.003698,-8.342E-4,0.00326,-8.111E-4,1
1519142999926,true,1400.941,0,0.001552,-0.001123,0.005723,-0.001359,0.006606,-6.35E-4,0.00497,-0.001056,-0.001836,-0.006205,0.003749,-7.616E-4,0.003689,-8.37E-4,0.003289,-8.023E-4,1
1519142999963,true,1400.998,0,0.001845,-9.232E-4,0.005698,-0.001362,0.006616,-6.309E-4,0.004978,-0.001056,-0.001605,-0.006389,0.003782,-7.662E-4,0.003615,-8.081E-4,0.003327,-8.145E-4,1
1519142999999,true,1401.056,0,0.002025,-6.556E-4,0.005708,-0.001361,0.006587,-6.246E-4,0.004996,-0.001054,-0.002186,-0.00602,0.003837,-7.876E-4,0.00358,-7.935E-4,0.003346,-8.268E-4,1
1519143000035,true,1401.113,0,0.001535,-4.92E-4,0.005731,-0.001356,0.006563,-6.323E-4,0.00501,-0.001053,-0.00252,-0.00567,0.003878,-8.03E-4,0.003619,-7.948E-4,0.003293,-8.105E-4,1
1519143000165,true,1401.157,0,0.001308,-6.534E-4,0.005746,-0.001348,0.006561,-6.401E-4,0.005005,-0.001051,-0.002432,-0.005455,0.003855,-7.896E-4,0.003689,-8.214E-4,0.003226,-7.879E-4,1
1519143000201,true,1401.215,0,0.001592,-7.634E-4,0.005736,-0.001335,0.006587,-6.408E-4,0.004987,-0.00105,-0.002164,-0.005629,0.003823,-7.694E-4,0.003773,-8.589E-4,0.003238,-7.855E-4,1
1519143000237,true,1401.272,0,0.00166,-6.123E-4,0.005712,-0.001333,0.006613,-6.373E-4,0.004984,-0.001055,-0.001988,-0.005873,0.003833,-7.6E-4,0.003767,-8.615E-4,0.003287,-7.994E-4,1
1519143000273,true,1401.33,0,0.001845,-5.482E-4,0.005706,-0.001338,0.006631,-6.292E-4,0.005,-0.001062,-0.002563,-0.005695,0.00385,-7.581E-4,0.00371,-8.39E-4,0.003355,-8.365E-4,1
1519143000309,true,1401.387,0,0.001481,-4.741E-4,0.005717,-0.001338,0.006602,-6.25E-4,0.00502,-0.001058,-0.003292,-0.005385,0.003869,-7.693E-4,0.003683,-8.207E-4,0.003386,-8.527E-4,1
1519143000460,true,1401.454,0,7.579E-4,-6.318E-4,0.005703,-0.001329,0.006581,-6.277E-4,0.005035,-0.001057,-0.003384,-0.005258,0.00384,-7.619E-4,0.003696,-8.175E-4,0.003346,-8.385E-4,1
1519143000496,true,1401.512,0,6.019E-4,-9.637E-4,0.005693,-0.001324,0.00657,-6.305E-4,0.00501,-0.001047,-0.002884,-0.00551,0.003771,-7.384E-4,0.003691,-8.271E-4,0.003311,-8.199E-4,1
1519143000531,true,1401.569,0,0.001031,-0.001116,0.00564,-0.001313,0.006557,-6.213E-4,0.004988,-0.001047,-0.002041,-0.00606,0.003744,-7.274E-4,0.003673,-8.338E-4,0.003325,-8.064E-4,1
1519143000567,true,1401.627,0,0.001314,-9.418E-4,0.00559,-0.001309,0.006539,-6.087E-4,0.005002,-0.001051,-0.001638,-0.006376,0.003767,-7.287E-4,0.003601,-8.096E-4,0.003347,-8.091E-4,1
1519143000602,true,1401.684,0,0.001724,-7.386E-4,0.005608,-0.001315,0.006536,-6.064E-4,0.005026,-0.001055,-0.002109,-0.006122,0.003807,-7.503E-4,0.003536,-7.862E-4,0.00337,-8.217E-4,1
1519143000736,true,1401.73,0,0.001436,-5.45E-4,0.005627,-0.001312,0.006501,-6.079E-4,0.005031,-0.001049,-0.002508,-0.005802,0.003856,-7.747E-4,0.003548,-7.861E-4,0.00334,-8.174E-4,1
1519143000775,true,1401.788,0,0.001048,-6.559E-4,0.005653,-0.001302,0.006492,-6.171E-4,0.005041,-0.00105,-0.002507,-0.005532,0.003835,-7.669E-4,0.003602,-8.066E-4,0.003258,-7.929E-4,1
1519143000811,true,1401.845,0,0.001233,-8.227E-4,0.005647,-0.00129,0.006532,-6.257E-4,0.005013,-0.001047,-0.002236,-0.005607,0.003787,-7.478E-4,0.003675,-8.393E-4,0.003234,-7.81E-4,1
1519143000848,true,1401.903,0,0.001594,-7.661E-4,0.00563,-0.001288,0.00655,-6.192E-4,0.005,-0.001054,-0.001863,-0.005915,0.003785,-7.356E-4,0.003698,-8.505E-4,0.003278,-7.908E-4,1
1519143000884,true,1401.96,0,0.001549,-6.377E-4,0.005611,-0.001289,0.006572,-6.145E-4,0.005011,-0.001061,-0.002325,-0.005823,0.003791,-7.307E-4,0.003646,-8.325E-4,0.003341,-8.191E-4,1
1519143001041,true,1402.034,0,0.001234,-4.745E-4,0.005619,-0.001291,0.006554,-6.098E-4,0.005026,-0.001058,-0.003149,-0.005494,0.003798,-7.374E-4,0.003606,-8.106E-4,0.00339,-8.469E-4,1
1519143001077,true,1402.092,0,6.102E-4,-6.171E-4,0.005612,-0.001285,0.006535,-6.181E-4,0.005034,-0.001056,-0.003402,-0.005361,0.00378,-7.377E-4,0.003615,-7.996E-4,0.00336,-8.378E-4,1
1519143001113,true,1402.149,0,2.595E-4,-9.564E-4,0.005603,-0.001282,0.006538,-6.254E-4,0.005025,-0.001047,-0.003046,-0.005444,0.003711,-7.186E-4,0.003621,-8.103E-4,0.003308,-8.155E-4,1
1519143001149,true,1402.207,0,5.668E-4,-0.001087,0.00555,-0.001274,0.006531,-6.234E-4,0.004989,-0.001043,-0.002302,-0.005983,0.003653,-7.003E-4,0.003613,-8.274E-4,0.003295,-7.983E-4,1
1519143001185,true,1402.264,0,8.161E-4,-9.142E-4,0.005495,-0.001271,0.006514,-6.139E-4,0.004979,-0.001044,-0.00173,-0.006392,0.003658,-6.973E-4,0.003542,-8.083E-4,0.003312,-7.974E-4,1
1519143001315,true,1402.309,0,0.00134,-8.038E-4,0.005493,-0.001275,0.006503,-6.075E-4,0.004987,-0.001039,-0.001997,-0.006273,0.003694,-7.15E-4,0.003463,-7.828E-4,0.00334,-8.142E-4,1
1519143001351,true,1402.367,0,0.001157,-5.534E-4,0.005512,-0.001269,0.00647,-6.096E-4,0.005005,-0.001033,-0.002596,-0.005887,0.003744,-7.419E-4,0.003457,-7.748E-4,0.003313,-8.09E-4,1
1519143001387,true,1402.424,0,8.748E-4,-6.292E-4,0.005533,-0.001265,0.006472,-6.225E-4,0.005014,-0.001027,-0.002744,-0.005545,0.003743,-7.467E-4,0.0035,-7.861E-4,0.00323,-7.818E-4,1
1519143001423,true,1402.482,0,0.001008,-8.714E-4,0.005553,-0.001257,0.006491,-6.286E-4,0.004997,-0.001027,-0.002509,-0.005526,0.003695,-7.282E-4,0.003575,-8.229E-4,0.003179,-7.648E-4,1
1519143001459,true,1402.539,0,0.001289,-8.197E-4,0.005532,-0.001249,0.006518,-6.24E-4,0.004977,-0.00103,-0.00214,-0.005788,0.003688,-7.183E-4,0.003627,-8.457E-4,0.003198,-7.637E-4,1
1519143001615,true,1402.609,0,0.001441,-6.907E-4,0.005519,-0.001255,0.006559,-6.21E-4,0.004994,-0.001041,-0.002404,-0.005791,0.003696,-7.097E-4,0.0036,-8.341E-4,0.003254,-7.895E-4,1
1519143001652,true,1402.667,0,0.001608,-6.477E-4,0.005539,-0.00126,0.006556,-6.168E-4,0.005007,-0.001039,-0.003271,-0.005407,0.003712,-7.169E-4,0.003562,-8.154E-4,0.003319,-8.229E-4,1
1519143001688,true,1402.724,0,0.001048,-6.584E-4,0.005541,-0.001251,0.006547,-6.266E-4,0.005015,-0.001035,-0.003705,-0.005194,0.003718,-7.265E-4,0.003564,-8.015E-4,0.003309,-8.225E-4,1
1519143001724,true,1402.782,0,5.632E-4,-9.436E-4,0.005544,-0.001249,0.006549,-6.377E-4,0.005017,-0.001026,-0.003518,-0.005199,0.003661,-7.109E-4,0.003585,-8.056E-4,0.003263,-8.035E-4,1
1519143001760,true,1402.839,0,8.393E-4,-0.001199,0.005515,-0.001238,0.006546,-6.324E-4,0.004987,-0.001016,-0.002817,-0.005626,0.003601,-6.941E-4,0.003605,-8.251E-4,0.00324,-7.83E-4,1
1519143001890,true,1402.884,0,0.001272,-0.001126,0.005464,-0.001236,0.006527,-6.211E-4,0.004972,-0.001021,-0.002007,-0.006155,0.0036,-6.898E-4,0.003547,-8.161E-4,0.003254,-7.77E-4,1
1519143001926,true,1402.942,0,0.001746,-9.596E-4,0.00544,-0.001242,0.006513,-6.115E-4,0.004976,-0.001022,-0.002098,-0.006152,0.003632,-7.008E-4,0.003452,-7.848E-4,0.003267,-7.867E-4,1
1519143001962,true,1402.999,0,0.001883,-6.82E-4,0.005463,-0.001245,0.006499,-6.102E-4,0.004981,-0.001017,-0.002701,-0.005792,0.003686,-7.284E-4,0.003422,-7.672E-4,0.003264,-7.94E-4,1
1519143001999,true,1403.057,0,0.001378,-5.921E-4,0.005484,-0.00124,0.006496,-6.214E-4,0.004982,-0.001011,-0.002901,-0.005456,0.003705,-7.42E-4,0.00347,-7.771E-4,0.003187,-7.71E-4,1
1519143002035,true,1403.114,0,0.001412,-7.83E-4,0.005511,-0.001236,0.00652,-6.261E-4,0.004971,-0.001007,-0.002772,-0.005305,0.003669,-7.276E-4,0.003538,-8.059E-4,0.003115,-7.473E-4,1
1519143002190,true,1403.184,0,0.001751,-8.107E-4,0.005496,-0.001227,0.006557,-6.213E-4,0.004952,-0.001012,-0.002406,-0.005536,0.00365,-7.138E-4,0.003606,-8.348E-4,0.00311,-7.378E-4,1
1519143002226,true,1403.242,0,0.001995,-6.086E-4,0.00548,-0.001227,0.006572,-6.099E-4,0.004951,-0.001017,-0.002386,-0.00567,0.003674,-7.105E-4,0.003604,-8.322E-4,0.003158,-7.577E-4,1
1519143002262,true,1403.299,0,0.002261,-5.384E-4,0.00551,-0.001235,0.006577,-5.945E-4,0.004972,-0.00102,-0.003136,-0.005357,0.003691,-7.166E-4,0.003577,-8.161E-4,0.003228,-7.918E-4,1
1519143002299,true,1403.357,0,0.001599,-4.245E-4,0.005528,-0.001232,0.006567,-5.973E-4,0.00499,-0.001017,-0.003819,-0.005043,0.003704,-7.264E-4,0.003583,-8.024E-4,0.003242,-8.026E-4,1
1519143002335,true,1403.414,0,0.001126,-6.42E-4,0.005554,-0.001232,0.006559,-6.029E-4,0.005008,-0.001014,-0.003771,-0.004937,0.00366,-7.132E-4,0.003609,-8.041E-4,0.003194,-7.836E-4,1
1519143002465,true,1403.459,0,0.001096,-9.357E-4,0.005548,-0.00123,0.006574,-6.046E-4,0.004995,-0.00101,-0.003162,-0.00527,0.003595,-6.939E-4,0.003629,-8.205E-4,0.003177,-7.675E-4,1
1519143002502,true,1403.517,0,0.001531,-9.666E-4,0.005494,-0.001226,0.006574,-6.014E-4,0.004971,-0.001008,-0.00229,-0.005838,0.003576,-6.857E-4,0.003601,-8.231E-4,0.003198,-7.594E-4,1
1519143002538,true,1403.574,0,0.002021,-8.139E-4,0.005455,-0.001229,0.00655,-5.917E-4,0.004962,-0.00101,-0.002098,-0.006012,0.003607,-6.944E-4,0.003505,-7.958E-4,0.003222,-7.687E-4,1
1519143002574,true,1403.632,0,0.002329,-6.474E-4,0.005444,-0.001228,0.006505,-5.862E-4,0.004962,-0.001005,-0.002654,-0.005686,0.003657,-7.207E-4,0.003435,-7.717E-4,0.003233,-7.814E-4,1
1519143002610,true,1403.689,0,0.001875,-4.438E-4,0.005478,-0.001225,0.006467,-5.879E-4,0.004969,-0.001,-0.002966,-0.005327,0.003703,-7.413E-4,0.003462,-7.707E-4,0.003177,-7.658E-4,1
1519143002740,true,1403.734,0,0.001597,-5.662E-4,0.0055,-0.001217,0.006475,-5.914E-4,0.00496,-9.97E-4,-0.002936,-0.005059,0.003675,-7.317E-4,0.003529,-7.973E-4,0.003093,-7.37E-4,1
1519143002777,true,1403.792,0,0.001867,-6.408E-4,0.005503,-0.001209,0.006499,-5.894E-4,0.004936,-9.962E-4,-0.002583,-0.005232,0.003646,-7.169E-4,0.003615,-8.343E-4,0.003093,-7.321E-4,1
1519143002813,true,1403.849,0,0.002145,-5.047E-4,0.005481,-0.001205,0.006528,-5.865E-4,0.004926,-0.001001,-0.002243,-0.005496,0.003648,-7.064E-4,0.003622,-8.388E-4,0.003138,-7.469E-4,1
1519143002849,true,1403.907,0,0.002229,-3.604E-4,0.005488,-0.001211,0.006557,-5.752E-4,0.004949,-0.001007,-0.002879,-0.005249,0.003666,-7.072E-4,0.003582,-8.183E-4,0.003198,-7.787E-4,1
1519143002885,true,1403.964,0,0.001596,-1.576E-4,0.005512,-0.00121,0.006541,-5.697E-4,0.004969,-0.001005,-0.003666,-0.004924,0.003688,-7.213E-4,0.003582,-8.018E-4,0.003235,-8.0E-4,1
1519143003040,true,1404.034,0,9.136E-4,-3.501E-4,0.005535,-0.001211,0.006539,-5.741E-4,0.004984,-0.001,-0.003784,-0.004811,0.003653,-7.151E-4,0.003614,-7.987E-4,0.003197,-7.86E-4,1
1519143003076,true,1404.092,0,7.23E-4,-6.673E-4,0.005539,-0.001211,0.006565,-5.772E-4,0.004971,-9.9E-4,-0.003366,-0.005026,0.003583,-6.925E-4,0.003637,-8.131E-4,0.003163,-7.66E-4,1
1519143003112,true,1404.149,0,0.001126,-7.75E-4,0.005498,-0.001206,0.006582,-5.751E-4,0.004956,-9.922E-4,-0.002583,-0.005571,0.00355,-6.787E-4,0.003636,-8.257E-4,0.003176,-7.51E-4,1
1519143003149,true,1404.207,0,0.001421,-6.465E-4,0.005455,-0.001206,0.00657,-5.684E-4,0.004952,-9.925E-4,-0.002098,-0.005936,0.00357,-6.791E-4,0.003554,-8.082E-4,0.0032,-7.55E-4,1
1519143003185,true,1404.264,0,0.001682,-4.081E-4,0.005461,-0.001214,0.006517,-5.576E-4,0.004951,-9.906E-4,-0.002498,-0.005756,0.003611,-6.991E-4,0.003458,-7.835E-4,0.003219,-7.684E-4,1
1519143003340,true,1404.334,0,0.001485,-2.687E-4,0.005463,-0.001208,0.006469,-5.641E-4,0.004946,-9.908E-4,-0.002937,-0.005433,0.003651,-7.22E-4,0.003442,-7.737E-4,0.00317,-7.554E-4,1
1519143003377,true,1404.392,0,0.001241,-3.768E-4,0.005475,-0.001204,0.006462,-5.717E-4,0.004957,-9.903E-4,-0.002918,-0.005172,0.00363,-7.19E-4,0.003493,-7.926E-4,0.003089,-7.301E-4,1
1519143003413,true,1404.449,0,0.001406,-5.328E-4,0.005489,-0.001197,0.006487,-5.72E-4,0.00494,-9.946E-4,-0.002631,-0.005252,0.003585,-7.012E-4,0.003573,-8.323E-4,0.00306,-7.162E-4,1
1519143003449,true,1404.507,0,0.001789,-4.752E-4,0.005475,-0.001196,0.00651,-5.663E-4,0.00492,-9.966E-4,-0.00227,-0.005543,0.00358,-6.922E-4,0.0036,-8.504E-4,0.003094,-7.232E-4,1
1519143003503,true,1404.564,0,0.001924,-3.714E-4,0.005464,-0.001198,0.006523,-5.558E-4,0.004921,-9.992E-4,-0.002701,-0.005456,0.00359,-6.894E-4,0.003563,-8.336E-4,0.003158,-7.532E-4,1
1519143003614,true,1404.609,0,0.001575,-2.098E-4,0.005482,-0.001198,0.006507,-5.471E-4,0.004927,-9.995E-4,-0.003629,-0.005058,0.003613,-7.019E-4,0.003546,-8.205E-4,0.003219,-7.85E-4,1
1519143003655,true,1404.667,0,8.849E-4,-3.422E-4,0.005505,-0.0012,0.006505,-5.562E-4,0.004944,-9.941E-4,-0.003989,-0.004866,0.003602,-7.052E-4,0.003565,-8.113E-4,0.003197,-7.81E-4,1
1519143003691,true,1404.724,0,3.871E-4,-6.497E-4,0.005512,-0.001197,0.006515,-5.632E-4,0.004941,-9.883E-4,-0.003657,-0.005002,0.003534,-6.873E-4,0.003601,-8.253E-4,0.003154,-7.616E-4,1
1519143003727,true,1404.782,0,6.363E-4,-8.463E-4,0.005478,-0.001191,0.006533,-5.609E-4,0.004925,-9.879E-4,-0.002974,-0.005524,0.003476,-6.727E-4,0.003614,-8.417E-4,0.00316,-7.527E-4,1
1519143003763,true,1404.839,0,9.349E-4,-7.558E-4,0.005434,-0.001194,0.006534,-5.584E-4,0.004932,-9.93E-4,-0.002297,-0.006045,0.003479,-6.713E-4,0.003542,-8.286E-4,0.003172,-7.504E-4,1
1519143003915,true,1404.909,0,0.001355,-6.505E-4,0.00541,-0.001197,0.006504,-5.537E-4,0.004932,-9.93E-4,-0.00256,-0.005981,0.003514,-6.895E-4,0.003443,-8.038E-4,0.003195,-7.663E-4,1
1519143003952,true,1404.967,0,0.001205,-3.856E-4,0.005423,-0.001196,0.006427,-5.455E-4,0.004927,-9.868E-4,-0.003027,-0.005711,0.003557,-7.147E-4,0.003402,-7.941E-4,0.003174,-7.691E-4,1
1519143003988,true,1405.024,0,6.802E-4,-4.0E-4,0.005438,-0.001192,0.006402,-5.549E-4,0.004913,-9.822E-4,-0.003099,-0.005453,0.003556,-7.221E-4,0.003429,-8.047E-4,0.003083,-7.4E-4,1
1519143004024,true,1405.082,0,7.105E-4,-5.731E-4,0.00545,-0.001186,0.006421,-5.618E-4,0.004892,-9.804E-4,-0.002877,-0.005439,0.003509,-7.044E-4,0.003496,-8.385E-4,0.003037,-7.246E-4,1
1519143004060,true,1405.139,0,0.00102,-5.667E-4,0.005426,-0.00118,0.006448,-5.578E-4,0.004869,-9.86E-4,-0.0025,-0.005718,0.003496,-6.927E-4,0.003544,-8.655E-4,0.00306,-7.257E-4,1
1519143004190,true,1405.184,0,0.001332,-5.13E-4,0.005401,-0.001177,0.006471,-5.525E-4,0.004879,-9.946E-4,-0.002685,-0.00572,0.003519,-6.897E-4,0.003518,-8.561E-4,0.003112,-7.515E-4,1
1519143004226,true,1405.242,0,0.001274,-3.695E-4,0.005409,-0.001179,0.006467,-5.422E-4,0.004891,-9.938E-4,-0.003587,-0.005338,0.00354,-6.976E-4,0.00349,-8.381E-4,0.003176,-7.875E-4,1
1519143004263,true,1405.299,0,7.189E-4,-3.854E-4,0.005423,-0.001176,0.006439,-5.371E-4,0.004918,-9.923E-4,-0.00419,-0.005066,0.003542,-7.073E-4,0.00351,-8.27E-4,0.003165,-7.873E-4,1
1519143004300,true,1405.357,0,1.654E-4,-6.661E-4,0.005431,-0.001171,0.006462,-5.472E-4,0.004931,-9.893E-4,-0.004054,-0.005017,0.00349,-6.943E-4,0.00354,-8.333E-4,0.003115,-7.669E-4,1
1519143004336,true,1405.414,0,3.296E-4,-9.482E-4,0.005406,-0.001158,0.006496,-5.47E-4,0.004914,-9.887E-4,-0.003464,-0.005422,0.00343,-6.768E-4,0.003561,-8.478E-4,0.003111,-7.538E-4,1
1519143004490,true,1405.484,0,6.83E-4,-8.838E-4,0.00538,-0.001163,0.006513,-5.472E-4,0.004913,-9.95E-4,-0.002674,-0.005966,0.003429,-6.746E-4,0.003518,-8.418E-4,0.003138,-7.504E-4,1
1519143004526,true,1405.542,0,0.001019,-7.538E-4,0.005353,-0.001168,0.006504,-5.404E-4,0.004915,-9.973E-4,-0.002709,-0.006048,0.00346,-6.84E-4,0.003424,-8.143E-4,0.003165,-7.639E-4,1
1519143004563,true,1405.599,0,0.001185,-5.295E-4,0.005365,-0.001172,0.006448,-5.36E-4,0.004928,-9.932E-4,-0.003223,-0.00576,0.003503,-7.079E-4,0.003371,-8.007E-4,0.003166,-7.728E-4,1
1519143004599,true,1405.657,0,0.001016,-5.394E-4,0.005389,-0.00117,0.006394,-5.402E-4,0.004918,-9.901E-4,-0.003418,-0.005429,0.003519,-7.196E-4,0.003375,-7.973E-4,0.003085,-7.485E-4,1
1519143004635,true,1405.714,0,9.794E-4,-6.846E-4,0.005413,-0.00116,0.006403,-5.483E-4,0.004909,-9.9E-4,-0.003202,-0.005298,0.003484,-7.086E-4,0.003437,-8.261E-4,0.003012,-7.25E-4,1
1519143004765,true,1405.759,0,0.001456,-7.142E-4,0.0054,-0.001152,0.006437,-5.433E-4,0.004888,-9.923E-4,-0.002813,-0.005537,0.003469,-6.968E-4,0.003504,-8.56E-4,0.003011,-7.199E-4,1
1519143004801,true,1405.817,0,0.00166,-5.366E-4,0.005388,-0.001151,0.006486,-5.378E-4,0.004894,-9.987E-4,-0.002704,-0.005685,0.003494,-6.905E-4,0.003494,-8.515E-4,0.003061,-7.375E-4,1
1519143004837,true,1405.874,0,0.001778,-3.737E-4,0.005405,-0.001152,0.006508,-5.298E-4,0.00491,-0.001002,-0.003442,-0.005359,0.003522,-6.999E-4,0.003455,-8.301E-4,0.003128,-7.734E-4,1
1519143004873,true,1405.932,0,0.001222,-2.279E-4,0.005417,-0.001143,0.006502,-5.282E-4,0.004942,-0.001005,-0.00417,-0.005006,0.003543,-7.103E-4,0.003471,-8.163E-4,0.003156,-7.888E-4,1
1519143004909,true,1405.989,0,6.546E-4,-4.214E-4,0.00543,-0.001137,0.006538,-5.441E-4,0.004962,-0.001003,-0.004137,-0.004898,0.003509,-6.992E-4,0.003522,-8.18E-4,0.003115,-7.71E-4,1
1519143005065,true,1406.059,0,6.641E-4,-7.115E-4,0.005413,-0.001129,0.00658,-5.507E-4,0.004949,-9.966E-4,-0.003609,-0.005205,0.003442,-6.748E-4,0.00356,-8.312E-4,0.003101,-7.573E-4,1
1519143005105,true,1406.117,0,0.00115,-7.512E-4,0.005389,-0.00113,0.006604,-5.451E-4,0.004942,-0.001002,-0.002779,-0.005763,0.003418,-6.627E-4,0.003551,-8.322E-4,0.003132,-7.493E-4,1
1519143005141,true,1406.174,0,0.001559,-6.066E-4,0.005355,-0.001127,0.006605,-5.423E-4,0.004954,-0.001001,-0.002566,-0.005925,0.003452,-6.695E-4,0.003466,-8.04E-4,0.003172,-7.609E-4,1
1519143005177,true,1406.232,0,0.001703,-3.597E-4,0.005372,-0.001134,0.00657,-5.363E-4,0.00496,-9.977E-4,-0.00305,-0.005657,0.003499,-6.902E-4,0.003392,-7.769E-4,0.003194,-7.747E-4,1
1519143005213,true,1406.289,0,0.001379,-2.282E-4,0.005379,-0.001129,0.006537,-5.444E-4,0.004962,-9.938E-4,-0.003276,-0.00536,0.003532,-7.109E-4,0.003384,-7.692E-4,0.003136,-7.558E-4,1
1519143005366,true,1406.36,0,0.00121,-3.42E-4,0.005402,-0.001123,0.006537,-5.564E-4,0.004956,-9.896E-4,-0.003101,-0.005175,0.003512,-7.025E-4,0.003428,-7.904E-4,0.003053,-7.251E-4,1
1519143005402,true,1406.418,0,0.001519,-4.209E-4,0.005394,-0.001111,0.006564,-5.575E-4,0.004948,-9.931E-4,-0.002708,-0.005341,0.003491,-6.905E-4,0.003507,-8.243E-4,0.003032,-7.109E-4,1
1519143005438,true,1406.475,0,0.001833,-2.211E-4,0.005372,-0.001106,0.006594,-5.498E-4,0.004949,-9.989E-4,-0.002442,-0.005514,0.003507,-6.828E-4,0.00353,-8.291E-4,0.003072,-7.22E-4,1
1519143005474,true,1406.533,0,0.002138,-6.48E-5,0.005384,-0.001107,0.006617,-5.44E-4,0.004966,-9.99E-4,-0.003026,-0.005256,0.003531,-6.833E-4,0.003496,-8.058E-4,0.003142,-7.564E-4,1
1519143005510,true,1406.59,0,0.00175,1.311E-4,0.0054,-0.001098,0.006617,-5.361E-4,0.004988,-9.988E-4,-0.003776,-0.004877,0.003553,-6.93E-4,0.003504,-7.908E-4,0.003187,-7.775E-4,1
1519143005640,true,1406.635,0,0.001033,1.745E-5,0.005421,-0.001092,0.006617,-5.349E-4,0.005019,-9.986E-4,-0.003974,-0.004671,0.003534,-6.883E-4,0.003556,-7.871E-4,0.003158,-7.618E-4,1
1519143005676,true,1406.693,0,8.524E-4,-3.028E-4,0.005423,-0.001086,0.006659,-5.385E-4,0.005028,-9.966E-4,-0.00353,-0.004844,0.003471,-6.631E-4,0.003611,-8.015E-4,0.003149,-7.488E-4,1
1519143005713,true,1406.75,0,0.001198,-4.145E-4,0.0054,-0.001085,0.006687,-5.295E-4,0.00504,-9.997E-4,-0.002754,-0.005377,0.003438,-6.472E-4,0.003629,-8.088E-4,0.003177,-7.42E-4,1
1519143005749,true,1406.808,0,0.001498,-2.807E-4,0.005359,-0.001088,0.0067,-5.209E-4,0.005042,-9.989E-4,-0.002226,-0.005768,0.00346,-6.456E-4,0.003559,-7.855E-4,0.003214,-7.477E-4,1
1519143005785,true,1406.865,0,0.001882,-8.01E-5,0.005376,-0.001094,0.006693,-5.231E-4,0.005062,-9.961E-4,-0.002619,-0.005566,0.003503,-6.645E-4,0.003488,-7.612E-4,0.003254,-7.647E-4,1
1519143005940,true,1406.935,0,0.001579,9.136E-5,0.005382,-0.001091,0.006654,-5.301E-4,0.005076,-9.936E-4,-0.002897,-0.005299,0.003548,-6.859E-4,0.003474,-7.502E-4,0.003213,-7.504E-4,1
1519143005976,true,1406.993,0,0.001243,6.067E-5,0.005395,-0.001084,0.006634,-5.422E-4,0.005064,-9.903E-4,-0.002815,-0.00506,0.003542,-6.835E-4,0.0035,-7.649E-4,0.003117,-7.178E-4,1
1519143006013,true,1407.05,0,0.001494,-1.16E-4,0.005396,-0.001078,0.006621,-5.365E-4,0.005032,-9.869E-4,-0.002431,-0.005177,0.003515,-6.692E-4,0.00355,-7.984E-4,0.003083,-6.992E-4,1
1519143006049,true,1407.108,0,0.00182,1.763E-5,0.005376,-0.001072,0.006634,-5.282E-4,0.005024,-9.984E-4,-0.002076,-0.005442,0.003521,-6.597E-4,0.003584,-8.152E-4,0.003106,-7.0E-4,1
1519143006085,true,1407.165,0,0.001881,2.178E-4,0.005376,-0.001075,0.006669,-5.227E-4,0.005038,-0.001001,-0.002476,-0.005292,0.003548,-6.596E-4,0.003558,-7.993E-4,0.00316,-7.27E-4,1
1519143006215,true,1407.21,0,0.001704,3.412E-4,0.005408,-0.001075,0.006668,-5.111E-4,0.005062,-0.001001,-0.003345,-0.004828,0.003581,-6.715E-4,0.003552,-7.866E-4,0.003221,-7.559E-4,1
1519143006251,true,1407.268,0,0.001128,2.047E-4,0.005428,-0.001068,0.006661,-5.146E-4,0.005079,-9.972E-4,-0.003738,-0.004582,0.003576,-6.722E-4,0.003592,-7.802E-4,0.003205,-7.522E-4,1
1519143006287,true,1407.325,0,6.134E-4,-6.983E-5,0.00545,-0.001064,0.006681,-5.146E-4,0.00509,-9.937E-4,-0.00346,-0.004629,0.003519,-6.499E-4,0.003645,-7.924E-4,0.003181,-7.374E-4,1
1519143006323,true,1407.383,0,7.643E-4,-2.846E-4,0.005433,-0.001063,0.006713,-5.115E-4,0.005091,-9.938E-4,-0.002741,-0.005164,0.003466,-6.292E-4,0.003689,-8.088E-4,0.003194,-7.254E-4,1
1519143006359,true,1407.44,0,0.001018,-2.259E-4,0.005394,-0.001065,0.006729,-5.063E-4,0.005111,-9.998E-4,-0.002101,-0.005677,0.003471,-6.201E-4,0.003641,-7.934E-4,0.003233,-7.305E-4,1
1519143006490,true,1407.485,0,0.001402,-1.517E-4,0.005375,-0.001068,0.006701,-4.917E-4,0.005132,-0.001,-0.002266,-0.005684,0.003502,-6.347E-4,0.003553,-7.642E-4,0.003267,-7.477E-4,1
1519143006527,true,1407.543,0,0.001073,1.176E-4,0.00539,-0.001066,0.006678,-4.969E-4,0.005149,-9.993E-4,-0.002651,-0.005467,0.003551,-6.577E-4,0.00353,-7.539E-4,0.003248,-7.458E-4,1
1519143006563,true,1407.6,0,8.144E-4,-4.503E-5,0.005401,-0.001061,0.006648,-5.07E-4,0.005153,-9.98E-4,-0.002631,-0.005275,0.003551,-6.627E-4,0.003557,-7.653E-4,0.00316,-7.139E-4,1
1519143006599,true,1407.658,0,9.04E-4,-1.916E-4,0.005407,-0.001054,0.006641,-5.126E-4,0.005135,-9.996E-4,-0.002297,-0.00534,0.003514,-6.488E-4,0.003602,-8.018E-4,0.003098,-6.895E-4,1
1519143006635,true,1407.715,0,0.001378,-1.82E-4,0.005391,-0.001053,0.006626,-5.033E-4,0.005103,-0.001005,-0.001851,-0.005639,0.003509,-6.354E-4,0.003611,-8.215E-4,0.003104,-6.837E-4,1
1519143006791,true,1407.785,0,0.001562,-2.307E-5,0.005374,-0.001054,0.006628,-4.952E-4,0.005097,-0.001007,-0.002033,-0.005658,0.003541,-6.351E-4,0.003574,-8.112E-4,0.003145,-7.043E-4,1
1519143006826,true,1407.843,0,0.001645,1.201E-4,0.0054,-0.001057,0.006618,-4.841E-4,0.005105,-0.001004,-0.002964,-0.00526,0.003574,-6.468E-4,0.003545,-7.985E-4,0.003198,-7.356E-4,1
1519143006863,true,1407.9,0,0.001034,7.526E-5,0.005428,-0.001053,0.006607,-4.846E-4,0.00511,-9.998E-4,-0.003551,-0.004943,0.003589,-6.543E-4,0.003579,-7.949E-4,0.003192,-7.389E-4,1
1519143006899,true,1407.958,0,4.818E-4,-2.393E-4,0.005454,-0.001052,0.006614,-4.848E-4,0.005113,-9.952E-4,-0.003492,-0.004859,0.003537,-6.367E-4,0.003628,-8.076E-4,0.003147,-7.22E-4,1
1519143006935,true,1408.015,0,4.949E-4,-5.77E-4,0.005441,-0.001046,0.006631,-4.795E-4,0.005106,-9.925E-4,-0.002948,-0.005274,0.00348,-6.164E-4,0.003671,-8.26E-4,0.003155,-7.14E-4,1
1519143007090,true,1408.085,0,7.761E-4,-6.354E-4,0.005397,-0.001042,0.006646,-4.711E-4,0.005105,-9.949E-4,-0.002238,-0.005854,0.003472,-6.079E-4,0.003639,-8.164E-4,0.003193,-7.167E-4,1
1519143007126,true,1408.143,0,9.892E-4,-5.193E-4,0.005388,-0.00105,0.006651,-4.625E-4,0.005121,-0.001,-0.002246,-0.005983,0.003487,-6.131E-4,0.003551,-7.849E-4,0.003224,-7.315E-4,1
1519143007163,true,1408.2,0,0.001092,-3.634E-4,0.005399,-0.001053,0.006611,-4.56E-4,0.00513,-9.931E-4,-0.002662,-0.005814,0.003523,-6.354E-4,0.003503,-7.65E-4,0.003235,-7.419E-4,1
1519143007199,true,1408.258,0,6.205E-4,-4.134E-4,0.005407,-0.00105,0.006576,-4.609E-4,0.005132,-9.874E-4,-0.002737,-0.005663,0.003543,-6.482E-4,0.003507,-7.636E-4,0.00315,-7.126E-4,1
1519143007235,true,1408.315,0,6.331E-4,-6.524E-4,0.005429,-0.001049,0.006557,-4.653E-4,0.005106,-9.809E-4,-0.00241,-0.005665,0.003512,-6.394E-4,0.003545,-7.898E-4,0.00307,-6.855E-4,1
1519143007365,true,1408.36,0,0.001136,-7.645E-4,0.005419,-0.001041,0.006555,-4.619E-4,0.005076,-9.852E-4,-0.001999,-0.005921,0.003499,-6.303E-4,0.003579,-8.228E-4,0.003047,-6.705E-4,1
1519143007402,true,1408.418,0,0.001439,-6.103E-4,0.005396,-0.00104,0.006549,-4.59E-4,0.00506,-9.91E-4,-0.001876,-0.006092,0.003526,-6.279E-4,0.003543,-8.201E-4,0.003067,-6.837E-4,1
1519143007438,true,1408.475,0,0.001841,-5.832E-4,0.005406,-0.001041,0.006546,-4.488E-4,0.005057,-9.908E-4,-0.002688,-0.005726,0.003561,-6.398E-4,0.003503,-8.04E-4,0.003123,-7.178E-4,1
1519143007474,true,1408.533,0,0.001428,-4.936E-4,0.005421,-0.001032,0.006536,-4.496E-4,0.005066,-9.871E-4,-0.003507,-0.005336,0.003588,-6.529E-4,0.003527,-7.952E-4,0.003135,-7.317E-4,1
1519143007510,true,1408.59,0,7.766E-4,-7.314E-4,0.005429,-0.001024,0.006559,-4.632E-4,0.005082,-9.866E-4,-0.003668,-0.005163,0.003559,-6.436E-4,0.003573,-8.015E-4,0.003106,-7.198E-4,1
1519143007641,true,1408.636,0,6.957E-4,-0.001046,0.00542,-0.001017,0.006587,-4.609E-4,0.005081,-9.829E-4,-0.003312,-0.005403,0.00349,-6.213E-4,0.003622,-8.194E-4,0.003101,-7.115E-4,1
1519143007677,true,1408.694,0,8.717E-4,-0.001081,0.005377,-0.00101,0.006613,-4.514E-4,0.005068,-9.839E-4,-0.002606,-0.005986,0.003456,-6.046E-4,0.003613,-8.169E-4,0.003142,-7.124E-4,1
1519143007713,true,1408.751,0,0.001194,-0.001046,0.005352,-0.001016,0.006631,-4.453E-4,0.005085,-9.86E-4,-0.002422,-0.00624,0.003473,-6.086E-4,0.003527,-7.834E-4,0.003189,-7.252E-4,1
1519143007749,true,1408.809,0,0.001319,-9.373E-4,0.005358,-0.001019,0.006619,-4.413E-4,0.005104,-9.837E-4,-0.002853,-0.006055,0.003507,-6.297E-4,0.003472,-7.619E-4,0.003221,-7.398E-4,1
1519143007785,true,1408.866,0,0.001021,-9.119E-4,0.005373,-0.001019,0.0066,-4.511E-4,0.005113,-9.783E-4,-0.002987,-0.00586,0.003532,-6.474E-4,0.003475,-7.549E-4,0.003163,-7.233E-4,1
1519143007941,true,1408.936,0,7.413E-4,-0.00101,0.005391,-0.001017,0.006595,-4.61E-4,0.005105,-9.735E-4,-0.002688,-0.005775,0.003502,-6.393E-4,0.003504,-7.726E-4,0.003074,-6.932E-4,1
1519143007980,true,1408.994,0,0.001164,-0.00109,0.005376,-0.001008,0.006605,-4.679E-4,0.005076,-9.736E-4,-0.002152,-0.006035,0.00348,-6.301E-4,0.003545,-8.057E-4,0.003045,-6.764E-4,1
1519143008016,true,1409.051,0,0.001455,-8.759E-4,0.005344,-0.001005,0.006611,-4.69E-4,0.005067,-9.832E-4,-0.001806,-0.006251,0.003499,-6.277E-4,0.003521,-8.118E-4,0.003062,-6.829E-4,1
1519143008053,true,1409.109,0,0.001738,-6.933E-4,0.005349,-0.001008,0.006593,-4.569E-4,0.005077,-9.875E-4,-0.002468,-0.005926,0.003532,-6.354E-4,0.00346,-7.91E-4,0.003103,-7.116E-4,1
1519143008089,true,1409.166,0,0.001391,-4.76E-4,0.005375,-0.001004,0.006582,-4.579E-4,0.005086,-9.859E-4,-0.003412,-0.005434,0.003559,-6.48E-4,0.003462,-7.809E-4,0.003139,-7.348E-4,1
1519143008216,true,1409.211,0,6.364E-4,-5.969E-4,0.005385,-9.926E-4,0.006585,-4.645E-4,0.005092,-9.829E-4,-0.003814,-0.005124,0.003547,-6.457E-4,0.003508,-7.817E-4,0.003106,-7.229E-4,1
1519143008252,true,1409.269,0,3.966E-4,-8.563E-4,0.005392,-9.848E-4,0.006626,-4.674E-4,0.005092,-9.774E-4,-0.003575,-0.005193,0.003481,-6.197E-4,0.003568,-7.958E-4,0.003093,-7.132E-4,1
1519143008288,true,1409.326,0,5.898E-4,-0.001019,0.005374,-9.785E-4,0.006649,-4.592E-4,0.005082,-9.776E-4,-0.00295,-0.005664,0.003438,-6.03E-4,0.003594,-8.049E-4,0.003139,-7.125E-4,1
1519143008324,true,1409.384,0,7.537E-4,-9.33E-4,0.005333,-9.814E-4,0.006682,-4.599E-4,0.005106,-9.827E-4,-0.002567,-0.006015,0.003443,-5.99E-4,0.003533,-7.775E-4,0.00319,-7.248E-4,1
1519143008360,true,1409.441,0,0.001154,-8.51E-4,0.005333,-9.845E-4,0.006692,-4.591E-4,0.005129,-9.837E-4,-0.002887,-0.005884,0.003465,-6.131E-4,0.003468,-7.483E-4,0.003235,-7.416E-4,1
1519143008515,true,1409.51,0,9.759E-4,-7.397E-4,0.005327,-9.769E-4,0.006672,-4.698E-4,0.005159,-9.818E-4,-0.003163,-0.005686,0.003489,-6.306E-4,0.003455,-7.309E-4,0.003211,-7.336E-4,1
1519143008551,true,1409.568,0,6.045E-4,-8.241E-4,0.005348,-9.777E-4,0.006675,-4.811E-4,0.00516,-9.778E-4,-0.002896,-0.005591,0.003481,-6.309E-4,0.003483,-7.416E-4,0.003128,-7.027E-4,1
1519143008588,true,1409.625,0,0.001026,-0.001001,0.005339,-9.676E-4,0.0067,-4.908E-4,0.005136,-9.741E-4,-0.002355,-0.005776,0.003449,-6.186E-4,0.003527,-7.735E-4,0.003078,-6.798E-4,1
1519143008624,true,1409.683,0,0.001675,-8.575E-4,0.00532,-9.688E-4,0.006709,-4.909E-4,0.005131,-9.863E-4,-0.00179,-0.006066,0.003454,-6.129E-4,0.003528,-7.876E-4,0.003098,-6.811E-4,1
1519143008660,true,1409.74,0,0.001884,-6.023E-4,0.005326,-9.719E-4,0.006707,-4.894E-4,0.005131,-9.948E-4,-0.002127,-0.005884,0.00348,-6.147E-4,0.003468,-7.739E-4,0.003143,-7.075E-4,1
1519143008816,true,1409.81,0,0.001973,-3.818E-4,0.005346,-9.675E-4,0.006663,-4.818E-4,0.005132,-9.909E-4,-0.003098,-0.005367,0.003516,-6.275E-4,0.003438,-7.599E-4,0.003182,-7.364E-4,1
1519143008852,true,1409.868,0,0.00126,-3.129E-4,0.005376,-9.607E-4,0.006645,-4.806E-4,0.00513,-9.83E-4,-0.003577,-0.005034,0.003516,-6.292E-4,0.003467,-7.543E-4,0.003151,-7.296E-4,1
1519143008888,true,1409.925,0,8.727E-4,-6.102E-4,0.005391,-9.545E-4,0.006675,-4.864E-4,0.005139,-9.792E-4,-0.003499,-0.004958,0.003457,-6.059E-4,0.003519,-7.66E-4,0.00312,-7.169E-4,1
1519143008924,true,1409.983,0,0.001063,-8.144E-4,0.005372,-9.467E-4,0.00672,-4.831E-4,0.005139,-9.823E-4,-0.002974,-0.005346,0.0034,-5.825E-4,0.003579,-7.858E-4,0.003141,-7.118E-4,1
1519143008960,true,1410.04,0,0.001331,-7.722E-4,0.005332,-9.475E-4,0.006757,-4.764E-4,0.005153,-9.897E-4,-0.002356,-0.00584,0.003405,-5.746E-4,0.003537,-7.68E-4,0.003193,-7.219E-4,1
1519143009091,true,1410.086,0,0.001716,-7.411E-4,0.005334,-9.536E-4,0.006763,-4.705E-4,0.005173,-9.848E-4,-0.002581,-0.005814,0.003429,-5.854E-4,0.003466,-7.372E-4,0.003243,-7.406E-4,1
1519143009127,true,1410.144,0,0.001532,-5.508E-4,0.005358,-9.566E-4,0.006734,-4.684E-4,0.005188,-9.778E-4,-0.002868,-0.005643,0.003464,-6.063E-4,0.00345,-7.199E-4,0.003235,-7.398E-4,1
1519143009163,true,1410.201,0,0.00122,-6.228E-4,0.00537,-9.538E-4,0.006724,-4.812E-4,0.005198,-9.706E-4,-0.002695,-0.005503,0.003462,-6.102E-4,0.003477,-7.211E-4,0.003159,-7.093E-4,1
1519143009199,true,1410.259,0,0.001562,-7.892E-4,0.005377,-9.501E-4,0.006735,-4.906E-4,0.00519,-9.658E-4,-0.002164,-0.005633,0.003424,-5.984E-4,0.003521,-7.485E-4,0.003097,-6.833E-4,1
1519143009235,true,1410.316,0,0.002288,-7.617E-4,0.005353,-9.467E-4,0.006743,-4.87E-4,0.005174,-9.701E-4,-0.001621,-0.00594,0.00343,-5.93E-4,0.003549,-7.704E-4,0.0031,-6.745E-4,1
1519143009391,true,1410.386,0,0.00261,-4.986E-4,0.005349,-9.531E-4,0.006744,-4.883E-4,0.005164,-9.765E-4,-0.001697,-0.005933,0.003469,-5.93E-4,0.00351,-7.645E-4,0.003121,-6.911E-4,1
1519143009427,true,1410.444,0,0.002724,-2.955E-4,0.005369,-9.603E-4,0.006721,-4.852E-4,0.005163,-9.77E-4,-0.002639,-0.005441,0.003506,-6.045E-4,0.003471,-7.534E-4,0.003157,-7.201E-4,1
1519143009463,true,1410.501,0,0.0022,-2.082E-4,0.005388,-9.589E-4,0.006661,-4.782E-4,0.005168,-9.767E-4,-0.003274,-0.005076,0.003525,-6.134E-4,0.003477,-7.487E-4,0.003133,-7.223E-4,1
1519143009499,true,1410.559,0,0.001662,-4.355E-4,0.005412,-9.551E-4,0.006645,-4.774E-4,0.005149,-9.668E-4,-0.003347,-0.004899,0.003478,-5.96E-4,0.003513,-7.587E-4,0.003082,-7.093E-4,1
1519143009535,true,1410.616,0,0.001764,-7.175E-4,0.005408,-9.497E-4,0.006681,-4.745E-4,0.005137,-9.626E-4,-0.002937,-0.00521,0.003408,-5.701E-4,0.00357,-7.817E-4,0.003097,-7.071E-4,1
1519143009665,true,1410.661,0,0.0019,-7.335E-4,0.005358,-9.44E-4,0.006704,-4.668E-4,0.005134,-9.64E-4,-0.002376,-0.005686,0.003392,-5.603E-4,0.003547,-7.719E-4,0.003147,-7.125E-4,1
1519143009706,true,1410.719,0,0.002168,-7.131E-4,0.00535,-9.513E-4,0.006712,-4.595E-4,0.005157,-9.673E-4,-0.002412,-0.005832,0.003406,-5.643E-4,0.003462,-7.375E-4,0.003198,-7.352E-4,1
1519143009742,true,1410.776,0,0.002025,-5.832E-4,0.005361,-9.521E-4,0.006674,-4.562E-4,0.005162,-9.55E-4,-0.002892,-0.005636,0.003437,-5.843E-4,0.003413,-7.129E-4,0.003221,-7.494E-4,1
1519143009778,true,1410.834,0,0.001681,-6.663E-4,0.00537,-9.503E-4,0.00665,-4.664E-4,0.005175,-9.475E-4,-0.002752,-0.005571,0.003443,-5.952E-4,0.00342,-7.067E-4,0.003146,-7.183E-4,1
1519143009814,true,1410.891,0,0.001658,-8.449E-4,0.005375,-9.473E-4,0.006651,-4.747E-4,0.005168,-9.413E-4,-0.002271,-0.005655,0.00341,-5.878E-4,0.003454,-7.274E-4,0.003069,-6.881E-4,1
1519143009965,true,1410.961,0,0.002188,-8.734E-4,0.005359,-9.422E-4,0.006655,-4.715E-4,0.005137,-9.387E-4,-0.001691,-0.00602,0.003405,-5.838E-4,0.003493,-7.567E-4,0.003048,-6.735E-4,1
1519143010002,true,1411.019,0,0.002639,-6.665E-4,0.005321,-9.389E-4,0.006648,-4.677E-4,0.005121,-9.4E-4,-0.001464,-0.006189,0.003443,-5.859E-4,0.003457,-7.568E-4,0.003058,-6.792E-4,1
1519143010038,true,1411.076,0,0.002995,-5.313E-4,0.005342,-9.478E-4,0.006625,-4.639E-4,0.005111,-9.377E-4,-0.002243,-0.005788,0.003487,-6.02E-4,0.003407,-7.467E-4,0.003095,-7.084E-4,1
1519143010074,true,1411.134,0,0.002503,-3.747E-4,0.005359,-9.464E-4,0.006576,-4.672E-4,0.005102,-9.332E-4,-0.003058,-0.005334,0.003525,-6.172E-4,0.003411,-7.45E-4,0.003086,-7.205E-4,1
1519143010110,true,1411.191,0,0.001806,-5.34E-4,0.005358,-9.403E-4,0.006547,-4.72E-4,0.005091,-9.275E-4,-0.00337,-0.005044,0.003497,-6.061E-4,0.003442,-7.553E-4,0.003029,-7.079E-4,1
1519143010240,true,1411.236,0,0.001711,-7.932E-4,0.00534,-9.29E-4,0.006547,-4.666E-4,0.005072,-9.249E-4,-0.003204,-0.005175,0.003437,-5.82E-4,0.003488,-7.802E-4,0.003018,-7.056E-4,1
1519143010277,true,1411.294,0,0.001959,-9.063E-4,0.005307,-9.274E-4,0.006566,-4.553E-4,0.005057,-9.285E-4,-0.002701,-0.005653,0.003414,-5.689E-4,0.003494,-7.855E-4,0.003066,-7.122E-4,1
1519143010313,true,1411.351,0,0.002158,-9.136E-4,0.005272,-9.315E-4,0.006574,-4.481E-4,0.005068,-9.304E-4,-0.002682,-0.005869,0.003421,-5.685E-4,0.003418,-7.545E-4,0.003118,-7.318E-4,1
1519143010349,true,1411.409,0,0.00226,-8.618E-4,0.005276,-9.376E-4,0.006548,-4.419E-4,0.005087,-9.226E-4,-0.003202,-0.00574,0.003445,-5.841E-4,0.003354,-7.273E-4,0.003157,-7.509E-4,1
1519143010385,true,1411.466,0,0.001774,-8.47E-4,0.005278,-9.364E-4,0.0065,-4.388E-4,0.005091,-9.155E-4,-0.003269,-0.005668,0.003463,-5.994E-4,0.003346,-7.116E-4,0.003111,-7.348E-4,1
1519143010541,true,1411.537,0,0.001568,-0.001054,0.005297,-9.37E-4,0.006496,-4.523E-4,0.005092,-9.141E-4,-0.002838,-0.005674,0.003429,-5.957E-4,0.003371,-7.252E-4,0.003023,-6.983E-4,1
1519143010577,true,1411.595,0,0.001994,-0.001151,0.005277,-9.32E-4,0.006515,-4.602E-4,0.00506,-9.13E-4,-0.002228,-0.005999,0.003402,-5.865E-4,0.00341,-7.534E-4,0.002986,-6.782E-4,1
1519143010613,true,1411.652,0,0.002355,-9.567E-4,0.005238,-9.312E-4,0.006514,-4.572E-4,0.005047,-9.173E-4,-0.001765,-0.006307,0.003423,-5.853E-4,0.003385,-7.575E-4,0.002993,-6.774E-4,1
1519143010649,true,1411.71,0,0.002737,-7.969E-4,0.005243,-9.369E-4,0.006499,-4.532E-4,0.005049,-9.232E-4,-0.002306,-0.006042,0.003469,-5.987E-4,0.003318,-7.425E-4,0.003023,-7.015E-4,1
1519143010685,true,1411.767,0,0.00244,-5.918E-4,0.00525,-9.326E-4,0.006464,-4.559E-4,0.005038,-9.207E-4,-0.003271,-0.005482,0.003507,-6.157E-4,0.003311,-7.41E-4,0.003025,-7.184E-4,1
1519143010841,true,1411.836,0,0.001747,-6.23E-4,0.005254,-9.269E-4,0.006428,-4.627E-4,0.005032,-9.193E-4,-0.003716,-0.005136,0.003499,-6.148E-4,0.003335,-7.473E-4,0.002975,-7.098E-4,1
1519143010876,true,1411.894,0,0.001465,-9.194E-4,0.005256,-9.182E-4,0.006408,-4.564E-4,0.004997,-9.143E-4,-0.003682,-0.005117,0.003433,-5.895E-4,0.003367,-7.691E-4,0.002936,-6.99E-4,1
1519143010913,true,1411.951,0,0.001633,-0.001045,0.005219,-9.094E-4,0.006424,-4.464E-4,0.004964,-9.131E-4,-0.003272,-0.0055,0.003386,-5.664E-4,0.003389,-7.805E-4,0.002975,-7.028E-4,1
1519143010949,true,1412.009,0,0.001712,-0.001024,0.005184,-9.119E-4,0.006442,-4.369E-4,0.00497,-9.152E-4,-0.003078,-0.005793,0.003391,-5.6E-4,0.003335,-7.552E-4,0.003034,-7.24E-4,1
1519143010985,true,1412.066,0,0.001875,-0.001026,0.005175,-9.127E-4,0.006428,-4.262E-4,0.004999,-9.175E-4,-0.003594,-0.005647,0.003405,-5.695E-4,0.003271,-7.24E-4,0.003091,-7.467E-4,1
1519143011091,true,1412.087,0,0.001548,-0.001044,0.005169,-9.074E-4,0.006392,-4.23E-4,0.00501,-9.109E-4,-0.003791,-0.005565,0.003426,-5.865E-4,0.003243,-7.025E-4,0.003068,-7.386E-4,1
1519143011127,true,1412.145,0,0.001108,-0.001237,0.005179,-9.088E-4,0.006378,-4.291E-4,0.005019,-9.087E-4,-0.003453,-0.005569,0.003403,-5.848E-4,0.003262,-7.07E-4,0.002989,-7.033E-4,1
1519143011164,true,1412.202,0,0.001428,-0.00145,0.005159,-9.0E-4,0.006399,-4.356E-4,0.005006,-9.06E-4,-0.002843,-0.00583,0.003368,-5.766E-4,0.003302,-7.314E-4,0.002946,-6.785E-4,1
1519143011200,true,1412.26,0,0.001957,-0.001317,0.005123,-8.989E-4,0.006395,-4.31E-4,0.004983,-9.122E-4,-0.002136,-0.006257,0.003387,-5.785E-4,0.003303,-7.43E-4,0.002947,-6.709E-4,1
1519143011236,true,1412.317,0,0.002382,-0.001061,0.005126,-9.071E-4,0.006396,-4.285E-4,0.004983,-9.167E-4,-0.002367,-0.006142,0.003437,-5.893E-4,0.003253,-7.305E-4,0.002976,-6.863E-4,1
1519143011391,true,1412.387,0,0.00248,-8.56E-4,0.005147,-9.102E-4,0.00637,-4.281E-4,0.004978,-9.142E-4,-0.003273,-0.005585,0.003481,-6.079E-4,0.003244,-7.274E-4,0.002996,-7.054E-4,1
1519143011427,true,1412.445,0,0.001855,-7.914E-4,0.005169,-9.066E-4,0.006334,-4.332E-4,0.004977,-9.128E-4,-0.003789,-0.005159,0.003494,-6.133E-4,0.003297,-7.382E-4,0.002944,-6.955E-4,1
1519143011463,true,1412.502,0,0.00133,-9.934E-4,0.005183,-9.031E-4,0.006335,-4.376E-4,0.004957,-9.078E-4,-0.003774,-0.005013,0.003439,-5.89E-4,0.003349,-7.598E-4,0.002896,-6.838E-4,1
1519143011499,true,1412.56,0,0.001411,-0.001144,0.005168,-8.989E-4,0.006344,-4.242E-4,0.004932,-9.075E-4,-0.003471,-0.005311,0.00339,-5.66E-4,0.003397,-7.827E-4,0.002922,-6.868E-4,1
1519143011535,true,1412.617,0,0.001569,-0.001059,0.005131,-8.981E-4,0.006383,-4.183E-4,0.004937,-9.087E-4,-0.003122,-0.005666,0.003379,-5.525E-4,0.00337,-7.671E-4,0.002986,-7.038E-4,1
1519143011691,true,1412.687,0,0.00171,-0.001031,0.005134,-9.092E-4,0.006383,-4.056E-4,0.004953,-9.068E-4,-0.003558,-0.005572,0.003389,-5.533E-4,0.003316,-7.344E-4,0.003054,-7.312E-4,1
1519143011727,true,1412.745,0,0.001339,-8.778E-4,0.005139,-9.085E-4,0.006375,-4.072E-4,0.004987,-9.048E-4,-0.003958,-0.005411,0.003406,-5.681E-4,0.003304,-7.141E-4,0.003069,-7.368E-4,1
1519143011763,true,1412.802,0,7.826E-4,-9.434E-4,0.005144,-9.088E-4,0.006358,-4.137E-4,0.005007,-9.004E-4,-0.00371,-0.005368,0.003387,-5.662E-4,0.003309,-7.065E-4,0.003016,-7.089E-4,1
1519143011800,true,1412.86,0,8.877E-4,-0.001162,0.005134,-9.029E-4,0.006385,-4.21E-4,0.004996,-8.955E-4,-0.003009,-0.00564,0.003344,-5.54E-4,0.003347,-7.269E-4,0.002974,-6.841E-4,1
1519143011836,true,1412.917,0,0.00144,-0.001076,0.00512,-9.013E-4,0.006386,-4.183E-4,0.004986,-8.974E-4,-0.0022,-0.006133,0.003346,-5.487E-4,0.003373,-7.463E-4,0.002979,-6.696E-4,1
