1506624582783,true,1613.459,0,0.0217,0.008415,0.001081,-8.423E-4,4.384E-4,-8.703E-5,0.00106,-0.001346,0.007545,0.01585,0.003106,-2.584E-4,0.002206,-9.477E-4,0.002063,-0.001246,1
1506624582819,true,1613.517,0,0.0208,0.008413,0.001108,-8.449E-4,4.267E-4,-9.878E-5,0.00106,-0.001346,0.006996,0.01618,0.003123,-2.666E-4,0.002232,-9.527E-4,0.002045,-0.001247,1
1506624582855,true,1613.574,0,0.0202,0.008074,0.001119,-8.475E-4,4.457E-4,-1.124E-4,0.001053,-0.001348,0.006947,0.01631,0.003101,-2.65E-4,0.002259,-9.651E-4,0.00202,-0.001243,1
1506624582891,true,1613.632,0,0.02031,0.007656,0.001106,-8.502E-4,4.654E-4,-1.152E-4,0.001023,-0.001362,0.007597,0.01556,0.003072,-2.599E-4,0.002289,-9.854E-4,0.002028,-0.001246,1
1506624582927,true,1613.689,0,0.02021,0.007628,0.001061,-8.56E-4,4.752E-4,-1.141E-4,0.001004,-0.001379,0.008155,0.01474,0.00306,-2.586E-4,0.002266,-9.851E-4,0.002055,-0.001258,1
1506624583083,true,1613.76,0,0.02022,0.007547,0.001034,-8.631E-4,4.524E-4,-1.099E-4,0.001024,-0.001387,0.007595,0.01465,0.003068,-2.735E-4,0.00222,-9.736E-4,0.002078,-0.001277,1
1506624583119,true,1613.818,0,0.01946,0.007591,0.001023,-8.67E-4,4.014E-4,-1.145E-4,0.001028,-0.001381,0.006873,0.01482,0.003075,-2.927E-4,0.002198,-9.7E-4,0.002062,-0.001279,1
1506624583155,true,1613.875,0,0.01841,0.007313,0.001011,-8.654E-4,3.611E-4,-1.308E-4,0.001019,-0.001375,0.006944,0.01478,0.003051,-2.944E-4,0.002196,-9.704E-4,0.002013,-0.001266,1
1506624583191,true,1613.933,0,0.01822,0.006858,0.001014,-8.665E-4,3.731E-4,-1.446E-4,9.756E-4,-0.001374,0.007622,0.0143,0.003028,-2.889E-4,0.00222,-9.843E-4,0.001983,-0.001258,1
1506624583227,true,1613.99,0,0.01885,0.00674,9.932E-4,-8.669E-4,3.837E-4,-1.445E-4,9.309E-4,-0.00139,0.008435,0.01351,0.003037,-2.878E-4,0.002238,-9.963E-4,0.001992,-0.001258,1
1506624583357,true,1614.034,0,0.0191,0.006933,9.917E-4,-8.763E-4,3.93E-4,-1.465E-4,9.283E-4,-0.001409,0.008433,0.01319,0.003094,-2.992E-4,0.002218,-9.905E-4,0.002018,-0.001274,1
1506624583394,true,1614.092,0,0.0191,0.007057,0.001023,-8.847E-4,3.844E-4,-1.476E-4,9.501E-4,-0.001415,0.007409,0.01365,0.003142,-3.175E-4,0.002215,-9.871E-4,0.002051,-0.001295,1
1506624583430,true,1614.149,0,0.01815,0.007055,0.001058,-8.878E-4,3.723E-4,-1.612E-4,9.683E-4,-0.00142,0.006565,0.01408,0.003182,-3.344E-4,0.002245,-9.919E-4,0.002046,-0.001302,1
1506624583466,true,1614.207,0,0.01719,0.006677,0.001083,-8.898E-4,3.86E-4,-1.765E-4,9.589E-4,-0.00142,0.006448,0.01419,0.003176,-3.335E-4,0.002287,-0.001007,0.002017,-0.001296,1
1506624583502,true,1614.264,0,0.01702,0.00625,0.001081,-8.915E-4,4.169E-4,-1.814E-4,9.236E-4,-0.001427,0.007025,0.01357,0.003155,-3.27E-4,0.002331,-0.001029,0.002021,-0.001299,1
1506624583658,true,1614.335,0,0.01714,0.006196,0.001055,-8.961E-4,4.381E-4,-1.817E-4,9.027E-4,-0.001444,0.007799,0.01274,0.003158,-3.283E-4,0.002334,-0.001035,0.00205,-0.001309,1
1506624583694,true,1614.393,0,0.01708,0.006225,0.001044,-9.084E-4,4.321E-4,-1.758E-4,9.263E-4,-0.001455,0.007597,0.01248,0.00318,-3.409E-4,0.002293,-0.001022,0.002077,-0.001324,1
1506624583730,true,1614.45,0,0.01667,0.006334,0.001049,-9.153E-4,4.022E-4,-1.817E-4,9.473E-4,-0.001451,0.006795,0.01273,0.003203,-3.625E-4,0.002271,-0.001017,0.002087,-0.001335,1
1506624583766,true,1614.508,0,0.01566,0.006212,0.001046,-9.175E-4,3.639E-4,-1.973E-4,9.545E-4,-0.001449,0.006597,0.0128,0.003207,-3.761E-4,0.002279,-0.001022,0.00205,-0.001332,1
1506624583802,true,1614.565,0,0.01514,0.005804,0.001041,-9.197E-4,3.59E-4,-2.145E-4,9.207E-4,-0.001447,0.007062,0.01259,0.003175,-3.783E-4,0.002295,-0.00104,0.002012,-0.001323,1
1506624583933,true,1614.609,0,0.01568,0.005601,0.001002,-9.183E-4,3.56E-4,-2.157E-4,8.581E-4,-0.00146,0.007845,0.01185,0.003148,-3.79E-4,0.002303,-0.00106,0.002001,-0.001321,1
1506624583969,true,1614.667,0,0.01593,0.005798,9.555E-4,-9.2E-4,3.491E-4,-2.146E-4,8.251E-4,-0.001478,0.008222,0.01129,0.00315,-3.86E-4,0.002272,-0.001062,0.002012,-0.001333,1
1506624584005,true,1614.724,0,0.01593,0.005954,9.518E-4,-9.263E-4,3.272E-4,-2.097E-4,8.26E-4,-0.001485,0.007306,0.01163,0.003174,-3.986E-4,0.002236,-0.001052,0.002041,-0.001355,1
1506624584041,true,1614.782,0,0.015,0.006085,9.766E-4,-9.284E-4,2.926E-4,-2.167E-4,8.382E-4,-0.001491,0.00637,0.01206,0.00321,-4.183E-4,0.002254,-0.001056,0.002032,-0.001364,1
1506624584077,true,1614.839,0,0.01383,0.005808,0.001002,-9.29E-4,2.949E-4,-2.333E-4,8.351E-4,-0.001493,0.006201,0.01224,0.003206,-4.171E-4,0.002291,-0.001066,0.001998,-0.001362,1
1506624584233,true,1614.91,0,0.01351,0.005322,0.001014,-9.288E-4,3.258E-4,-2.39E-4,7.978E-4,-0.001494,0.006673,0.01181,0.003175,-4.072E-4,0.002343,-0.001088,0.001988,-0.001362,1
1506624584269,true,1614.968,0,0.01383,0.005152,9.859E-4,-9.303E-4,3.477E-4,-2.35E-4,7.724E-4,-0.00151,0.007576,0.01086,0.003185,-4.079E-4,0.002361,-0.001101,0.002017,-0.001371,1
1506624584305,true,1615.025,0,0.01388,0.005226,9.708E-4,-9.409E-4,3.607E-4,-2.331E-4,7.928E-4,-0.001525,0.007733,0.01044,0.003213,-4.155E-4,0.002329,-0.001093,0.002044,-0.00139,1
1506624584341,true,1615.083,0,0.01373,0.005364,9.827E-4,-9.488E-4,3.344E-4,-2.314E-4,8.203E-4,-0.001523,0.006974,0.0107,0.00325,-4.357E-4,0.002309,-0.001088,0.002078,-0.00141,1
1506624584377,true,1615.14,0,0.01287,0.005329,9.974E-4,-9.501E-4,2.957E-4,-2.439E-4,8.253E-4,-0.001518,0.006614,0.01089,0.003281,-4.55E-4,0.002321,-0.001094,0.00205,-0.001409,1
1506624584508,true,1615.185,0,0.01219,0.004991,0.001011,-9.535E-4,2.934E-4,-2.633E-4,8.015E-4,-0.001512,0.00684,0.01097,0.003251,-4.535E-4,0.00234,-0.00111,0.001997,-0.001397,1
1506624584544,true,1615.243,0,0.0125,0.00474,9.892E-4,-9.53E-4,3.009E-4,-2.688E-4,7.427E-4,-0.001522,0.007576,0.01039,0.003218,-4.48E-4,0.002368,-0.001135,0.00199,-0.001398,1
1506624584581,true,1615.3,0,0.01287,0.004917,9.413E-4,-9.517E-4,2.976E-4,-2.65E-4,7.066E-4,-0.001543,0.008258,0.009695,0.003222,-4.53E-4,0.002355,-0.001143,0.002007,-0.001409,1
1506624584617,true,1615.358,0,0.01298,0.00507,9.271E-4,-9.603E-4,2.799E-4,-2.606E-4,7.056E-4,-0.001555,0.007637,0.009852,0.003236,-4.639E-4,0.002317,-0.001138,0.002027,-0.001428,1
1506624584653,true,1615.415,0,0.01237,0.005242,9.404E-4,-9.64E-4,2.423E-4,-2.652E-4,7.066E-4,-0.001553,0.006467,0.01041,0.003252,-4.825E-4,0.002307,-0.001139,0.002031,-0.001445,1
1506624584807,true,1615.484,0,0.01111,0.005053,9.264E-4,-9.576E-4,2.133E-4,-2.803E-4,7.007E-4,-0.00155,0.006104,0.01067,0.003225,-4.85E-4,0.002322,-0.001147,0.001985,-0.001439,1
1506624584844,true,1615.542,0,0.01051,0.004565,9.201E-4,-9.542E-4,2.287E-4,-2.885E-4,6.584E-4,-0.001545,0.006456,0.01045,0.00318,-4.722E-4,0.002349,-0.001165,0.001958,-0.001434,1
1506624584880,true,1615.599,0,0.01083,0.004294,8.856E-4,-9.508E-4,2.478E-4,-2.827E-4,6.115E-4,-0.001555,0.007346,0.009589,0.003164,-4.673E-4,0.002365,-0.001178,0.001976,-0.001439,1
1506624584916,true,1615.657,0,0.01099,0.004413,8.547E-4,-9.569E-4,2.549E-4,-2.794E-4,6.139E-4,-0.001571,0.007917,0.008928,0.003181,-4.689E-4,0.002338,-0.001171,0.001997,-0.001453,1
1506624584952,true,1615.714,0,0.01116,0.004498,8.609E-4,-9.656E-4,2.31E-4,-2.758E-4,6.444E-4,-0.001571,0.007239,0.009164,0.003216,-4.848E-4,0.002309,-0.001162,0.002018,-0.001472,1
1506624585083,true,1615.76,0,0.01041,0.00462,8.729E-4,-9.668E-4,1.866E-4,-2.865E-4,6.575E-4,-0.001567,0.006691,0.009467,0.003251,-5.055E-4,0.002324,-0.001165,0.002003,-0.001475,1
1506624585119,true,1615.818,0,0.009621,0.004358,8.887E-4,-9.694E-4,1.697E-4,-3.046E-4,6.552E-4,-0.001565,0.006853,0.009588,0.003245,-5.106E-4,0.002351,-0.001177,0.001956,-0.001465,1
1506624585155,true,1615.875,0,0.009821,0.004004,8.792E-4,-9.666E-4,1.87E-4,-3.146E-4,6.003E-4,-0.001567,0.007483,0.009174,0.003218,-5.053E-4,0.002383,-0.001198,0.00193,-0.00146,1
1506624585191,true,1615.933,0,0.01038,0.004087,8.436E-4,-9.657E-4,1.951E-4,-3.129E-4,5.513E-4,-0.001584,0.008227,0.008515,0.003221,-5.057E-4,0.00239,-0.001212,0.001933,-0.001463,1
1506624585228,true,1615.99,0,0.01062,0.004265,8.216E-4,-9.716E-4,1.937E-4,-3.103E-4,5.437E-4,-0.001595,0.007843,0.008532,0.003233,-5.11E-4,0.002364,-0.00121,0.00195,-0.001481,1
1506624585383,true,1616.06,0,0.01037,0.004443,8.235E-4,-9.728E-4,1.552E-4,-3.063E-4,5.497E-4,-0.001592,0.006657,0.009122,0.003239,-5.24E-4,0.002339,-0.001206,0.001964,-0.001498,1
1506624585419,true,1616.118,0,0.009359,0.004357,8.221E-4,-9.714E-4,1.194E-4,-3.168E-4,5.526E-4,-0.001588,0.006152,0.009465,0.003237,-5.343E-4,0.002353,-0.00121,0.001931,-0.001497,1
1506624585455,true,1616.175,0,0.008616,0.003951,8.12E-4,-9.693E-4,1.213E-4,-3.262E-4,5.265E-4,-0.001578,0.006309,0.009484,0.003175,-5.253E-4,0.00237,-0.001226,0.001892,-0.001487,1
1506624585491,true,1616.233,0,0.00892,0.003617,7.625E-4,-9.635E-4,1.245E-4,-3.215E-4,4.803E-4,-0.001583,0.007065,0.00882,0.003118,-5.149E-4,0.002374,-0.001239,0.001892,-0.001485,1
1506624585528,true,1616.29,0,0.009216,0.003707,6.993E-4,-9.61E-4,1.197E-4,-3.123E-4,4.663E-4,-0.001594,0.007758,0.008097,0.00311,-5.113E-4,0.002337,-0.001235,0.001904,-0.001488,1
1506624585683,true,1616.359,0,0.009532,0.003817,6.864E-4,-9.645E-4,1.047E-4,-3.046E-4,4.927E-4,-0.001594,0.007344,0.008168,0.003133,-5.223E-4,0.00229,-0.001219,0.00193,-0.001499,1
1506624585719,true,1616.417,0,0.009051,0.004075,6.986E-4,-9.63E-4,6.968E-5,-3.117E-4,5.122E-4,-0.001587,0.00665,0.008548,0.003172,-5.389E-4,0.002289,-0.001214,0.001928,-0.001503,1
1506624585755,true,1616.474,0,0.008292,0.003959,7.213E-4,-9.62E-4,5.189E-5,-3.265E-4,5.185E-4,-0.001581,0.006505,0.008881,0.003189,-5.46E-4,0.002317,-0.001221,0.001889,-0.001492,1
1506624585792,true,1616.532,0,0.008358,0.003617,7.372E-4,-9.593E-4,7.017E-5,-3.351E-4,4.824E-4,-0.001578,0.006962,0.008745,0.003173,-5.384E-4,0.002358,-0.00124,0.001865,-0.001485,1
1506624585828,true,1616.589,0,0.009001,0.00359,7.226E-4,-9.58E-4,8.411E-5,-3.305E-4,4.372E-4,-0.001589,0.007685,0.008165,0.003181,-5.35E-4,0.002385,-0.001255,0.001878,-0.001485,1
1506624585958,true,1616.635,0,0.009398,0.003805,7.068E-4,-9.613E-4,1.011E-4,-3.266E-4,4.461E-4,-0.001605,0.007725,0.007907,0.00321,-5.38E-4,0.002374,-0.001254,0.001904,-0.0015,1
1506624585994,true,1616.693,0,0.009383,0.00397,7.248E-4,-9.664E-4,8.447E-5,-3.195E-4,4.655E-4,-0.001604,0.006688,0.008425,0.003238,-5.505E-4,0.002353,-0.001248,0.001935,-0.001519,1
1506624586030,true,1616.75,0,0.008451,0.00404,7.391E-4,-9.646E-4,6.154E-5,-3.281E-4,4.886E-4,-0.001601,0.005928,0.008895,0.00326,-5.645E-4,0.002368,-0.001249,0.001921,-0.00152,1
1506624586067,true,1616.808,0,0.007625,0.003695,7.462E-4,-9.642E-4,6.473E-5,-3.381E-4,4.889E-4,-0.001593,0.00595,0.009037,0.003222,-5.558E-4,0.002387,-0.001258,0.001891,-0.001511,1
1506624586103,true,1616.865,0,0.007722,0.003309,7.153E-4,-9.602E-4,8.495E-5,-3.372E-4,4.503E-4,-0.001593,0.006726,0.008484,0.003166,-5.443E-4,0.00241,-0.001277,0.001893,-0.001507,1
1506624586233,true,1616.91,0,0.008236,0.003329,6.605E-4,-9.603E-4,8.819E-5,-3.297E-4,4.277E-4,-0.001604,0.007679,0.007669,0.003153,-5.422E-4,0.002386,-0.001277,0.001915,-0.001509,1
1506624586269,true,1616.968,0,0.008514,0.003478,6.235E-4,-9.643E-4,7.311E-5,-3.229E-4,4.42E-4,-0.001607,0.007493,0.007573,0.003157,-5.494E-4,0.002335,-0.001264,0.001934,-0.001519,1
1506624586305,true,1617.025,0,0.008486,0.003692,6.189E-4,-9.663E-4,2.739E-5,-3.252E-4,4.495E-4,-0.001596,0.006701,0.00802,0.003166,-5.668E-4,0.002298,-0.001256,0.001934,-0.001525,1
1506624586341,true,1617.083,0,0.007715,0.003673,6.074E-4,-9.599E-4,-1.909E-5,-3.373E-4,4.469E-4,-0.001585,0.00644,0.00835,0.003144,-5.723E-4,0.002297,-0.001258,0.001889,-0.001512,1
1506624586378,true,1617.14,0,0.007346,0.003336,6.033E-4,-9.534E-4,-1.81E-5,-3.474E-4,4.059E-4,-0.001573,0.006669,0.008384,0.003102,-5.605E-4,0.002303,-0.001267,0.001844,-0.001496,1
1506624586533,true,1617.21,0,0.007886,0.003185,5.84E-4,-9.474E-4,-5.153E-6,-3.428E-4,3.543E-4,-0.001582,0.007361,0.007854,0.003088,-5.511E-4,0.002331,-0.001286,0.001847,-0.001493,1
1506624586569,true,1617.268,0,0.008167,0.00338,5.603E-4,-9.475E-4,1.303E-5,-3.355E-4,3.516E-4,-0.001604,0.007713,0.007433,0.003108,-5.486E-4,0.002318,-0.001284,0.001871,-0.001502,1
1506624586605,true,1617.325,0,0.00834,0.0035,5.787E-4,-9.548E-4,7.885E-6,-3.262E-4,3.811E-4,-0.00161,0.006802,0.007801,0.003135,-5.567E-4,0.002298,-0.001274,0.001909,-0.001521,1
1506624586641,true,1617.383,0,0.007526,0.003639,6.03E-4,-9.541E-4,-2.073E-5,-3.27E-4,4.025E-4,-0.001606,0.005891,0.008267,0.003158,-5.671E-4,0.00231,-0.001271,0.001921,-0.00153,1
1506624586678,true,1617.44,0,0.006461,0.00332,6.178E-4,-9.527E-4,-3.006E-5,-3.367E-4,4.11E-4,-0.001597,0.005799,0.00845,0.003145,-5.646E-4,0.002335,-0.001276,0.001884,-0.001522,1
1506624586833,true,1617.511,0,0.006313,0.002847,6.129E-4,-9.488E-4,-4.57E-6,-3.397E-4,3.767E-4,-0.001593,0.0064,0.00805,0.003102,-5.533E-4,0.002363,-0.001292,0.001874,-0.001515,1
1506624586869,true,1617.569,0,0.006863,0.002737,5.696E-4,-9.459E-4,6.077E-6,-3.314E-4,3.477E-4,-0.001604,0.007401,0.007192,0.003084,-5.465E-4,0.002366,-0.001299,0.001887,-0.001516,1
1506624586905,true,1617.626,0,0.007285,0.002861,5.372E-4,-9.519E-4,6.036E-6,-3.258E-4,3.661E-4,-0.001615,0.007659,0.006849,0.003096,-5.511E-4,0.002318,-0.001287,0.001906,-0.001526,1
1506624586942,true,1617.684,0,0.007579,0.003038,5.406E-4,-9.57E-4,-3.059E-5,-3.236E-4,3.842E-4,-0.001611,0.006923,0.007278,0.003119,-5.672E-4,0.002282,-0.001279,0.001923,-0.001538,1
1506624586978,true,1617.741,0,0.006895,0.003109,5.432E-4,-9.552E-4,-7.237E-5,-3.355E-4,3.918E-4,-0.001604,0.006485,0.00767,0.003128,-5.811E-4,0.002281,-0.001278,0.001886,-0.001531,1
1506624587107,true,1617.785,0,0.006341,0.002813,5.449E-4,-9.525E-4,-7.759E-5,-3.502E-4,3.655E-4,-0.001595,0.006606,0.007903,0.003088,-5.756E-4,0.002298,-0.00129,0.001838,-0.001516,1
1506624587144,true,1617.843,0,0.006751,0.00254,5.161E-4,-9.451E-4,-7.182E-5,-3.477E-4,2.956E-4,-0.001595,0.007183,0.007492,0.003035,-5.633E-4,0.002318,-0.001309,0.001817,-0.001506,1
1506624587180,true,1617.9,0,0.00715,0.002712,4.671E-4,-9.436E-4,-7.257E-5,-3.406E-4,2.586E-4,-0.00161,0.007779,0.006948,0.003016,-5.589E-4,0.002296,-0.00131,0.00183,-0.001509,1
1506624587216,true,1617.958,0,0.007441,0.002828,4.432E-4,-9.432E-4,-8.596E-5,-3.293E-4,2.713E-4,-0.001614,0.007152,0.007139,0.003015,-5.614E-4,0.002241,-0.001292,0.001852,-0.001523,1
1506624587253,true,1618.015,0,0.006947,0.003,4.62E-4,-9.432E-4,-1.173E-4,-3.255E-4,2.969E-4,-0.001608,0.006127,0.007662,0.003026,-5.701E-4,0.002233,-0.001283,0.001873,-0.001534,1
1506624587383,true,1618.061,0,0.005875,0.002831,4.755E-4,-9.395E-4,-1.353E-4,-3.332E-4,3.166E-4,-0.0016,0.005831,0.007921,0.003019,-5.716E-4,0.002245,-0.001281,0.001837,-0.001526,1
1506624587419,true,1618.119,0,0.005548,0.002365,4.799E-4,-9.363E-4,-1.18E-4,-3.384E-4,2.891E-4,-0.001587,0.006278,0.007701,0.002973,-5.547E-4,0.002265,-0.001291,0.001804,-0.001513,1
1506624587456,true,1618.176,0,0.006049,0.002178,4.454E-4,-9.318E-4,-1.057E-4,-3.286E-4,2.539E-4,-0.001595,0.007297,0.006885,0.002951,-5.467E-4,0.002275,-0.0013,0.00182,-0.001513,1
1506624587492,true,1618.234,0,0.00654,0.002364,4.079E-4,-9.345E-4,-1.035E-4,-3.218E-4,2.541E-4,-0.001608,0.007856,0.006364,0.002961,-5.486E-4,0.002241,-0.001291,0.001836,-0.00152,1
1506624587528,true,1618.291,0,0.006964,0.00257,4.08E-4,-9.394E-4,-1.337E-4,-3.155E-4,2.775E-4,-0.001606,0.007144,0.006732,0.002988,-5.618E-4,0.002194,-0.001275,0.00185,-0.001532,1
1506624587683,true,1618.36,0,0.00642,0.002751,4.162E-4,-9.384E-4,-1.785E-4,-3.246E-4,2.825E-4,-0.001596,0.006434,0.007258,0.003004,-5.767E-4,0.002182,-0.001269,0.001823,-0.001531,1
1506624587720,true,1618.418,0,0.005755,0.002523,4.26E-4,-9.355E-4,-1.95E-4,-3.415E-4,2.681E-4,-0.001587,0.006339,0.007635,0.002971,-5.726E-4,0.002203,-0.00128,0.001766,-0.001517,1
1506624587755,true,1618.475,0,0.005995,0.002158,4.082E-4,-9.282E-4,-1.826E-4,-3.436E-4,2.115E-4,-0.001587,0.006767,0.007416,0.002924,-5.613E-4,0.002224,-0.001299,0.001738,-0.001507,1
1506624587792,true,1618.533,0,0.006516,0.002214,3.645E-4,-9.265E-4,-1.79E-4,-3.338E-4,1.649E-4,-0.0016,0.007437,0.00681,0.002902,-5.525E-4,0.002215,-0.001304,0.001755,-0.00151,1
1506624587828,true,1618.59,0,0.006723,0.002381,3.32E-4,-9.314E-4,-1.75E-4,-3.234E-4,1.719E-4,-0.001611,0.007063,0.006789,0.002898,-5.54E-4,0.002162,-0.00129,0.001776,-0.001522,1
1506624587958,true,1618.636,0,0.006442,0.002526,3.275E-4,-9.329E-4,-2.201E-4,-3.136E-4,1.846E-4,-0.0016,0.005951,0.007343,0.002894,-5.65E-4,0.002118,-0.001275,0.001793,-0.001536,1
1506624587995,true,1618.694,0,0.005345,0.002448,3.108E-4,-9.242E-4,-2.636E-4,-3.186E-4,1.92E-4,-0.001583,0.005519,0.007615,0.002859,-5.628E-4,0.002099,-0.00126,0.001751,-0.001522,1
1506624588031,true,1618.751,0,0.004571,0.002052,3.08E-4,-9.198E-4,-2.609E-4,-3.257E-4,1.719E-4,-0.001566,0.005871,0.007565,0.002799,-5.468E-4,0.002101,-0.001262,0.001709,-0.001504,1
1506624588067,true,1618.809,0,0.004945,0.001757,2.712E-4,-9.104E-4,-2.492E-4,-3.187E-4,1.256E-4,-0.001566,0.006815,0.006834,0.002762,-5.324E-4,0.00211,-0.001268,0.00172,-0.001498,1
1506624588103,true,1618.866,0,0.005452,0.001924,2.215E-4,-9.086E-4,-2.45E-4,-3.1E-4,1.141E-4,-0.001581,0.007613,0.006104,0.002775,-5.291E-4,0.002081,-0.001259,0.001733,-0.0015,1
1506624588257,true,1618.936,0,0.005898,0.002132,2.161E-4,-9.152E-4,-2.702E-4,-2.974E-4,1.411E-4,-0.001581,0.007136,0.006255,0.002798,-5.373E-4,0.002028,-0.001241,0.001749,-0.001512,1
1506624588294,true,1618.994,0,0.005516,0.002426,2.388E-4,-9.151E-4,-3.169E-4,-2.995E-4,1.586E-4,-0.001575,0.006271,0.006774,0.002827,-5.502E-4,0.00201,-0.001231,0.00173,-0.001512,1
1506624588330,true,1619.051,0,0.004679,0.002304,2.486E-4,-9.092E-4,-3.483E-4,-3.12E-4,1.597E-4,-0.001569,0.006005,0.00716,0.002821,-5.494E-4,0.002028,-0.001234,0.001675,-0.001496,1
1506624588366,true,1619.109,0,0.004616,0.001939,2.515E-4,-9.033E-4,-3.365E-4,-3.149E-4,1.131E-4,-0.001564,0.006387,0.007076,0.002777,-5.32E-4,0.002054,-0.001247,0.001639,-0.001482,1
1506624588402,true,1619.166,0,0.005183,0.001846,2.159E-4,-8.973E-4,-3.273E-4,-3.032E-4,5.817E-5,-0.001573,0.007016,0.006509,0.002749,-5.184E-4,0.002058,-0.001255,0.00164,-0.001479,1
1506624588558,true,1619.236,0,0.005428,0.00201,1.853E-4,-9.012E-4,-3.208E-4,-2.926E-4,5.17E-5,-0.001584,0.006969,0.006282,0.002747,-5.137E-4,0.00202,-0.001244,0.00166,-0.00149,1
1506624588595,true,1619.294,0,0.005407,0.002113,1.753E-4,-9.015E-4,-3.517E-4,-2.828E-4,7.477E-5,-0.001577,0.006006,0.006706,0.002748,-5.19E-4,0.001971,-0.001225,0.001684,-0.001502,1
1506624588630,true,1619.351,0,0.004419,0.002116,1.641E-4,-8.966E-4,-3.98E-4,-2.842E-4,8.719E-5,-0.001565,0.005377,0.007033,0.002735,-5.214E-4,0.001951,-0.001215,0.001662,-0.001495,1
1506624588667,true,1619.409,0,0.00362,0.001736,1.462E-4,-8.922E-4,-4.141E-4,-2.941E-4,7.524E-5,-0.001547,0.005627,0.007093,0.002677,-5.087E-4,0.001944,-0.001216,0.001605,-0.00147,1
1506624588703,true,1619.466,0,0.003823,0.001336,9.738E-5,-8.837E-4,-4.149E-4,-2.9E-4,2.413E-5,-0.001542,0.00653,0.006449,0.002602,-4.901E-4,0.00194,-0.001225,0.00158,-0.001453,1
1506624588833,true,1619.511,0,0.004414,0.001402,2.48E-5,-8.773E-4,-4.256E-4,-2.789E-4,-1.599E-5,-0.001548,0.007529,0.00562,0.002579,-4.808E-4,0.001901,-0.001216,0.001586,-0.001446,1
1506624588870,true,1619.569,0,0.004881,0.001618,-3.107E-6,-8.803E-4,-4.414E-4,-2.71E-4,-2.613E-6,-0.001553,0.007328,0.005559,0.002595,-4.822E-4,0.001847,-0.001194,0.001602,-0.00145,1
1506624588906,true,1619.626,0,0.004807,0.001845,6.405E-6,-8.776E-4,-4.786E-4,-2.691E-4,8.166E-6,-0.001544,0.006429,0.006103,0.002626,-4.934E-4,0.001823,-0.001178,0.001606,-0.001455,1
1506624588942,true,1619.684,0,0.003886,0.001806,2.391E-5,-8.729E-4,-5.153E-4,-2.826E-4,-5.503E-7,-0.001535,0.005966,0.006588,0.002632,-4.928E-4,0.001847,-0.001178,0.001563,-0.00144,1
1506624588978,true,1619.741,0,0.003453,0.001402,3.64E-5,-8.667E-4,-5.037E-4,-2.926E-4,-4.052E-5,-0.001528,0.00619,0.006664,0.002594,-4.756E-4,0.001881,-0.001189,0.00152,-0.001425,1
1506624589133,true,1619.811,0,0.003881,0.001142,1.137E-5,-8.584E-4,-4.877E-4,-2.826E-4,-9.657E-5,-0.001538,0.006828,0.006076,0.00256,-4.581E-4,0.001918,-0.001203,0.001526,-0.001421,1
1506624589170,true,1619.869,0,0.004062,0.001259,-2.303E-5,-8.584E-4,-4.848E-4,-2.683E-4,-1.018E-4,-0.001559,0.007195,0.005515,0.002566,-4.49E-4,0.001891,-0.001196,0.001547,-0.001431,1
1506624589206,true,1619.926,0,0.004102,0.001317,-2.605E-5,-8.635E-4,-5.044E-4,-2.527E-4,-7.235E-5,-0.001562,0.006388,0.005772,0.002579,-4.509E-4,0.001856,-0.00118,0.001573,-0.001448,1
1506624589242,true,1619.984,0,0.003193,0.001396,-2.459E-5,-8.603E-4,-5.491E-4,-2.545E-4,-5.006E-5,-0.001552,0.0055,0.006181,0.002584,-4.592E-4,0.001843,-0.001167,0.001566,-0.001448,1
1506624589278,true,1620.041,0,0.002105,0.001086,-3.517E-5,-8.548E-4,-5.75E-4,-2.642E-4,-4.842E-5,-0.001539,0.005559,0.006264,0.00254,-4.503E-4,0.001846,-0.001161,0.001513,-0.001427,1
1506624589409,true,1620.087,0,0.002009,6.076E-4,-6.078E-5,-8.496E-4,-5.706E-4,-2.624E-4,-9.106E-5,-0.00153,0.006294,0.005792,0.002473,-4.308E-4,0.001857,-0.001171,0.001475,-0.001406,1
1506624589445,true,1620.145,0,0.002648,5.346E-4,-1.203E-4,-8.45E-4,-5.853E-4,-2.506E-4,-1.4E-4,-0.001539,0.007439,0.004836,0.002441,-4.207E-4,0.001836,-0.00117,0.001474,-0.001396,1
1506624589481,true,1620.202,0,0.003087,7.357E-4,-1.732E-4,-8.459E-4,-6.048E-4,-2.425E-4,-1.393E-4,-0.00155,0.007583,0.004523,0.002434,-4.179E-4,0.001773,-0.001153,0.001484,-0.001399,1
1506624589517,true,1620.26,0,0.003218,9.816E-4,-1.839E-4,-8.474E-4,-6.509E-4,-2.399E-4,-1.379E-4,-0.001541,0.00656,0.005098,0.002431,-4.271E-4,0.001723,-0.001137,0.001491,-0.001406,1
1506624589554,true,1620.317,0,0.002368,0.001036,-1.915E-4,-8.408E-4,-7.183E-4,-2.444E-4,-1.556E-4,-0.001528,0.005871,0.005606,0.002413,-4.319E-4,0.001709,-0.00113,0.001444,-0.00139,1
1506624589684,true,1620.361,0,0.001571,7.343E-4,-2.031E-4,-8.295E-4,-7.31E-4,-2.554E-4,-1.938E-4,-0.001514,0.005812,0.005915,0.002353,-4.147E-4,0.001717,-0.001132,0.00139,-0.001365,1
1506624589719,true,1620.419,0,0.001805,4.231E-4,-2.315E-4,-8.172E-4,-7.192E-4,-2.462E-4,-2.554E-4,-0.001516,0.006407,0.005417,0.002302,-3.931E-4,0.001743,-0.001142,0.001391,-0.001356,1
1506624589756,true,1620.476,0,0.002026,5.666E-4,-2.713E-4,-8.125E-4,-7.066E-4,-2.35E-4,-2.847E-4,-0.001533,0.006956,0.004814,0.002292,-3.779E-4,0.001727,-0.001133,0.001425,-0.00136,1
1506624589792,true,1620.534,0,0.00208,7.061E-4,-2.869E-4,-8.146E-4,-7.178E-4,-2.174E-4,-2.531E-4,-0.00154,0.006357,0.004902,0.002302,-3.748E-4,0.001686,-0.001112,0.00146,-0.001374,1
1506624589828,true,1620.591,0,0.001464,8.472E-4,-2.74E-4,-8.138E-4,-7.578E-4,-2.137E-4,-2.255E-4,-0.001529,0.005422,0.005296,0.002316,-3.825E-4,0.001671,-0.001095,0.001481,-0.001383,1
1506624589984,true,1620.661,0,3.995E-4,6.351E-4,-2.74E-4,-8.066E-4,-7.85E-4,-2.234E-4,-2.102E-4,-0.001518,0.005223,0.00548,0.002297,-3.793E-4,0.00168,-0.001086,0.001443,-0.001366,1
1506624590020,true,1620.719,0,1.858E-5,1.938E-4,-2.807E-4,-8.023E-4,-7.822E-4,-2.298E-4,-2.462E-4,-0.001505,0.005906,0.005111,0.00224,-3.593E-4,0.001702,-0.001093,0.001402,-0.001347,1
1506624590056,true,1620.776,0,7.273E-4,1.163E-5,-3.281E-4,-7.982E-4,-7.834E-4,-2.207E-4,-2.957E-4,-0.00151,0.00696,0.0043,0.002201,-3.454E-4,0.001703,-0.001098,0.001402,-0.001335,1
1506624590092,true,1620.834,0,0.001259,2.993E-4,-3.825E-4,-7.985E-4,-7.924E-4,-2.14E-4,-3.004E-4,-0.001524,0.007402,0.003815,0.002203,-3.421E-4,0.001655,-0.001083,0.001411,-0.001337,1
1506624590128,true,1620.891,0,0.001707,5.339E-4,-3.895E-4,-8.018E-4,-8.334E-4,-2.044E-4,-2.879E-4,-0.001519,0.006545,0.004261,0.002217,-3.53E-4,0.001605,-0.001066,0.001427,-0.001345,1
1506624590284,true,1620.961,0,0.001001,7.553E-4,-3.854E-4,-7.974E-4,-8.972E-4,-2.068E-4,-2.974E-4,-0.001507,0.0056,0.004865,0.002212,-3.608E-4,0.001585,-0.001055,0.001408,-0.001338,1
1506624590320,true,1621.019,0,1.773E-4,5.033E-4,-3.873E-4,-7.903E-4,-9.199E-4,-2.189E-4,-3.146E-4,-0.001497,0.00534,0.005258,0.002167,-3.497E-4,0.001601,-0.001058,0.001352,-0.001314,1
1506624590356,true,1621.076,0,2.137E-4,1.067E-4,-4.13E-4,-7.8E-4,-9.088E-4,-2.16E-4,-3.784E-4,-0.001494,0.005795,0.004932,0.002089,-3.273E-4,0.001611,-0.001068,0.001332,-0.0013,1
1506624590392,true,1621.134,0,6.082E-4,1.104E-4,-4.731E-4,-7.733E-4,-9.101E-4,-1.988E-4,-4.315E-4,-0.001503,0.006503,0.004209,0.002045,-3.118E-4,0.001593,-0.001066,0.00135,-0.001296,1
1506624590428,true,1621.191,0,7.522E-4,2.694E-4,-5.301E-4,-7.708E-4,-9.175E-4,-1.834E-4,-4.276E-4,-0.001506,0.006257,0.004061,0.00202,-3.04E-4,0.001524,-0.00104,0.001385,-0.001305,1
1506624590559,true,1621.236,0,5.524E-4,3.631E-4,-5.419E-4,-7.656E-4,-9.57E-4,-1.724E-4,-3.944E-4,-0.001492,0.005255,0.004532,0.002015,-3.055E-4,0.001479,-0.001015,0.001426,-0.001314,1
1506624590595,true,1621.294,0,-4.762E-4,3.447E-4,-5.445E-4,-7.558E-4,-9.955E-4,-1.778E-4,-3.691E-4,-0.001475,0.004855,0.00481,0.002006,-3.036E-4,0.001483,-0.001003,0.001406,-0.001301,1
1506624590631,true,1621.351,0,-9.938E-4,-3.729E-5,-5.345E-4,-7.519E-4,-9.895E-4,-1.857E-4,-3.823E-4,-0.00146,0.005356,0.004722,0.001955,-2.829E-4,0.001506,-0.001005,0.001368,-0.001279,1
1506624590667,true,1621.409,0,-2.695E-4,-2.779E-4,-5.622E-4,-7.419E-4,-9.748E-4,-1.786E-4,-4.347E-4,-0.001458,0.006306,0.004057,0.001921,-2.641E-4,0.001525,-0.001012,0.001372,-0.001266,1
1506624590703,true,1621.466,0,4.276E-4,2.553E-5,-6.017E-4,-7.393E-4,-9.754E-4,-1.665E-4,-4.468E-4,-0.00147,0.007083,0.003449,0.001934,-2.59E-4,0.001502,-0.001,0.001399,-0.001264,1
1506624590859,true,1621.536,0,0.001038,3.46E-4,-6.065E-4,-7.415E-4,-9.873E-4,-1.568E-4,-4.285E-4,-0.001469,0.006419,0.003786,0.001964,-2.648E-4,0.001465,-9.825E-4,0.001418,-0.00127,1
1506624590895,true,1621.594,0,7.777E-4,6.806E-4,-5.838E-4,-7.36E-4,-0.001024,-1.587E-4,-4.158E-4,-0.001456,0.005384,0.004474,0.001985,-2.735E-4,0.001457,-9.721E-4,0.001419,-0.001268,1
1506624590931,true,1621.651,0,-1.61E-5,6.136E-4,-5.735E-4,-7.283E-4,-0.001045,-1.696E-4,-4.141E-4,-0.001447,0.005057,0.004999,0.001973,-2.691E-4,0.001482,-9.708E-4,0.001381,-0.00125,1
1506624590967,true,1621.709,0,-9.05E-5,2.82E-4,-5.744E-4,-7.189E-4,-0.001025,-1.724E-4,-4.543E-4,-0.001439,0.005441,0.004955,0.001921,-2.47E-4,0.001514,-9.815E-4,0.001364,-0.001236,1
1506624591003,true,1621.766,0,4.549E-4,2.432E-4,-6.116E-4,-7.108E-4,-0.001007,-1.571E-4,-4.923E-4,-0.001446,0.006137,0.004294,0.001891,-2.308E-4,0.001522,-9.846E-4,0.001388,-0.001231,1
1506624591134,true,1621.812,0,8.354E-4,4.075E-4,-6.514E-4,-7.106E-4,-9.969E-4,-1.434E-4,-4.721E-4,-0.001459,0.006239,0.003997,0.001888,-2.245E-4,0.001478,-9.657E-4,0.001428,-0.001237,1
1506624591170,true,1621.87,0,9.803E-4,5.876E-4,-6.575E-4,-7.119E-4,-0.001028,-1.285E-4,-4.398E-4,-0.001448,0.005249,0.004467,0.001882,-2.271E-4,0.001434,-9.455E-4,0.001462,-0.001248,1
1506624591206,true,1621.927,0,3.031E-4,6.645E-4,-6.59E-4,-7.069E-4,-0.001073,-1.307E-4,-4.243E-4,-0.001428,0.004564,0.004873,0.001877,-2.33E-4,0.001422,-9.32E-4,0.001449,-0.001235,1
1506624591242,true,1621.985,0,-3.186E-4,3.515E-4,-6.733E-4,-6.975E-4,-0.001083,-1.398E-4,-4.264E-4,-0.001407,0.004858,0.004992,0.001821,-2.191E-4,0.001429,-9.329E-4,0.0014,-0.001206,1
1506624591278,true,1622.042,0,2.063E-4,4.511E-5,-7.08E-4,-6.839E-4,-0.001073,-1.342E-4,-4.805E-4,-0.001393,0.005756,0.004513,0.001766,-1.991E-4,0.00144,-9.397E-4,0.001382,-0.001182,1
1506624591434,true,1622.113,0,0.001192,2.436E-4,-7.519E-4,-6.759E-4,-0.001067,-1.208E-4,-4.994E-4,-0.001398,0.00668,0.003869,0.001771,-1.904E-4,0.001431,-9.344E-4,0.001417,-0.001174,1
1506624591471,true,1622.171,0,0.001895,5.865E-4,-7.533E-4,-6.775E-4,-0.001068,-1.073E-4,-4.671E-4,-0.001401,0.006382,0.004035,0.001812,-1.925E-4,0.001402,-9.151E-4,0.001458,-0.001178,1
1506624591507,true,1622.228,0,0.001932,9.917E-4,-7.131E-4,-6.757E-4,-0.001095,-9.989E-5,-4.351E-4,-0.001393,0.005267,0.004809,0.001855,-2.04E-4,0.001404,-9.001E-4,0.001497,-0.001182,1
1506624591543,true,1622.286,0,0.001277,0.001033,-6.736E-4,-6.697E-4,-0.001105,-1.098E-4,-4.117E-4,-0.001387,0.004763,0.005409,0.001874,-2.074E-4,0.001442,-8.991E-4,0.001478,-0.001168,1
1506624591579,true,1622.343,0,0.001049,7.066E-4,-6.406E-4,-6.643E-4,-0.001074,-1.168E-4,-4.238E-4,-0.00138,0.004928,0.005616,0.001852,-1.921E-4,0.001492,-9.122E-4,0.001463,-0.001153,1
1506624591708,true,1622.386,0,0.001598,5.44E-4,-6.485E-4,-6.571E-4,-0.001039,-1.057E-4,-4.603E-4,-0.001383,0.005592,0.005146,0.001824,-1.73E-4,0.001531,-9.222E-4,0.001481,-0.001146,1
1506624591744,true,1622.444,0,0.001941,7.666E-4,-6.681E-4,-6.59E-4,-0.00101,-9.291E-5,-4.524E-4,-0.001396,0.006085,0.004688,0.001842,-1.666E-4,0.00152,-9.122E-4,0.001529,-0.001152,1
1506624591780,true,1622.501,0,0.002209,9.404E-4,-6.719E-4,-6.621E-4,-0.001015,-7.541E-5,-4.086E-4,-0.001392,0.005463,0.004991,0.00187,-1.733E-4,0.001481,-8.889E-4,0.001576,-0.001165,1
1506624591816,true,1622.559,0,0.001715,0.001116,-6.615E-4,-6.57E-4,-0.001051,-7.174E-5,-3.793E-4,-0.001376,0.00485,0.005401,0.001891,-1.832E-4,0.001471,-8.76E-4,0.001585,-0.001162,1
1506624591852,true,1622.616,0,0.001014,8.934E-4,-6.517E-4,-6.531E-4,-0.001069,-8.183E-5,-3.624E-4,-0.001361,0.004977,0.005617,0.001873,-1.809E-4,0.001485,-8.748E-4,0.001541,-0.001139,1
1506624592008,true,1622.686,0,0.001156,5.379E-4,-6.566E-4,-6.481E-4,-0.001048,-8.675E-5,-3.997E-4,-0.001349,0.005765,0.005261,0.001828,-1.679E-4,0.001504,-8.864E-4,0.001518,-0.00112,1
1506624592044,true,1622.744,0,0.00208,5.685E-4,-6.926E-4,-6.468E-4,-0.001043,-7.748E-5,-4.341E-4,-0.001359,0.006747,0.004572,0.001812,-1.629E-4,0.0015,-8.906E-4,0.001527,-0.001108,1
1506624592081,true,1622.801,0,0.002668,8.957E-4,-7.177E-4,-6.519E-4,-0.001042,-7.141E-5,-4.163E-4,-0.00137,0.006742,0.004472,0.00183,-1.671E-4,0.001451,-8.763E-4,0.00155,-0.001108,1
1506624592117,true,1622.859,0,0.002915,0.001189,-7.114E-4,-6.538E-4,-0.001077,-6.428E-5,-4.026E-4,-0.001358,0.005602,0.005213,0.001852,-1.827E-4,0.001407,-8.614E-4,0.001567,-0.001115,1
1506624592153,true,1622.916,0,0.00209,0.001311,-7.043E-4,-6.454E-4,-0.001121,-6.88E-5,-3.984E-4,-0.001343,0.00483,0.005813,0.001853,-1.906E-4,0.001417,-8.566E-4,0.001541,-0.001102,1
1506624592284,true,1622.962,0,0.001383,0.00102,-6.866E-4,-6.378E-4,-0.001102,-7.915E-5,-3.995E-4,-0.001331,0.004846,0.006128,0.001826,-1.779E-4,0.001455,-8.621E-4,0.001512,-0.00108,1
1506624592320,true,1623.02,0,0.001672,7.371E-4,-6.913E-4,-6.309E-4,-0.001066,-7.212E-5,-4.328E-4,-0.00133,0.005526,0.005637,0.001798,-1.633E-4,0.001494,-8.74E-4,0.001528,-0.001068,1
1506624592356,true,1623.077,0,0.002181,8.319E-4,-7.164E-4,-6.305E-4,-0.001044,-5.644E-5,-4.271E-4,-0.001347,0.006246,0.005,0.00181,-1.542E-4,0.001496,-8.697E-4,0.001578,-0.00107,1
1506624592392,true,1623.135,0,0.002472,9.526E-4,-7.008E-4,-6.412E-4,-0.001037,-4.514E-5,-3.789E-4,-0.001349,0.005939,0.005036,0.001848,-1.643E-4,0.001464,-8.506E-4,0.001636,-0.001085,1
1506624592428,true,1623.192,0,0.002135,0.001124,-6.774E-4,-6.449E-4,-0.001067,-4.166E-5,-3.414E-4,-0.001337,0.005145,0.005433,0.001883,-1.816E-4,0.001461,-8.379E-4,0.001665,-0.001091,1
1506624592584,true,1623.262,0,0.001311,9.813E-4,-6.523E-4,-6.479E-4,-0.001083,-5.704E-5,-3.198E-4,-0.001325,0.005098,0.005637,0.00189,-1.882E-4,0.001479,-8.335E-4,0.001636,-0.001077,1
1506624592620,true,1623.32,0,0.00121,6.026E-4,-6.42E-4,-6.482E-4,-0.001063,-6.81E-5,-3.441E-4,-0.001313,0.005778,0.005433,0.001856,-1.771E-4,0.001502,-8.44E-4,0.001607,-0.00106,1
1506624592656,true,1623.377,0,0.002047,5.359E-4,-6.68E-4,-6.478E-4,-0.001049,-6.29E-5,-3.868E-4,-0.001321,0.006695,0.004761,0.001844,-1.724E-4,0.001517,-8.54E-4,0.001619,-0.001052,1
1506624592692,true,1623.435,0,0.002639,8.274E-4,-6.896E-4,-6.554E-4,-0.001038,-6.146E-5,-3.874E-4,-0.001336,0.0071,0.00436,0.001866,-1.775E-4,0.001487,-8.445E-4,0.001643,-0.001056,1
1506624592729,true,1623.492,0,0.003054,0.001042,-6.793E-4,-6.632E-4,-0.001056,-5.65E-5,-3.634E-4,-0.001337,0.006167,0.0049,0.001896,-1.908E-4,0.00145,-8.325E-4,0.001671,-0.00107,1
1506624592859,true,1623.537,0,0.002294,0.001252,-6.542E-4,-6.646E-4,-0.001096,-6.269E-5,-3.564E-4,-0.001326,0.005185,0.005569,0.001911,-2.047E-4,0.001455,-8.31E-4,0.001664,-0.001069,1
1506624592895,true,1623.595,0,0.001351,0.001018,-6.382E-4,-6.63E-4,-0.001098,-7.909E-5,-3.629E-4,-0.001317,0.005013,0.005919,0.001872,-1.973E-4,0.001482,-8.395E-4,0.001619,-0.00105,1
1506624592931,true,1623.652,0,0.001388,6.109E-4,-6.546E-4,-6.59E-4,-0.001072,-7.986E-5,-4.122E-4,-0.001313,0.005477,0.005606,0.001818,-1.819E-4,0.001501,-8.545E-4,0.001606,-0.001039,1
1506624592968,true,1623.71,0,0.001874,5.715E-4,-6.985E-4,-6.613E-4,-0.001054,-7.194E-5,-4.378E-4,-0.001326,0.006331,0.004842,0.00179,-1.738E-4,0.001488,-8.552E-4,0.001631,-0.001037,1
1506624593004,true,1623.767,0,0.002036,7.06E-4,-7.288E-4,-6.674E-4,-0.00105,-6.109E-5,-4.144E-4,-0.001328,0.006253,0.004623,0.001781,-1.71E-4,0.001421,-8.326E-4,0.00167,-0.001046,1
1506624593158,true,1623.837,0,0.001937,8.645E-4,-7.138E-4,-6.71E-4,-0.001083,-5.263E-5,-3.762E-4,-0.001312,0.005359,0.005067,0.0018,-1.812E-4,0.001389,-8.125E-4,0.001701,-0.001053,1
1506624593194,true,1623.895,0,0.00109,8.633E-4,-6.994E-4,-6.683E-4,-0.001107,-6.452E-5,-3.448E-4,-0.001301,0.005151,0.00533,0.001815,-1.911E-4,0.001402,-8.04E-4,0.001689,-0.00104,1
1506624593231,true,1623.952,0,7.432E-4,5.479E-4,-6.771E-4,-6.68E-4,-0.001096,-7.737E-5,-3.513E-4,-0.001287,0.00567,0.005294,0.001794,-1.833E-4,0.00143,-8.098E-4,0.001661,-0.001021,1
1506624593267,true,1624.01,0,0.001404,3.98E-4,-6.854E-4,-6.676E-4,-0.001079,-7.456E-5,-3.919E-4,-0.001288,0.006503,0.004735,0.00178,-1.765E-4,0.001459,-8.226E-4,0.001677,-0.001012,1
1506624593303,true,1624.067,0,0.002059,7.429E-4,-7.08E-4,-6.703E-4,-0.001064,-6.854E-5,-3.963E-4,-0.001304,0.007137,0.004259,0.001799,-1.762E-4,0.001452,-8.204E-4,0.001714,-0.001017,1
1506624593434,true,1624.112,0,0.002615,0.001032,-6.906E-4,-6.804E-4,-0.001062,-6.117E-5,-3.64E-4,-0.001311,0.006439,0.004667,0.001829,-1.838E-4,0.001438,-8.126E-4,0.00175,-0.001031,1
1506624593470,true,1624.17,0,0.002242,0.001355,-6.577E-4,-6.819E-4,-0.001084,-6.41E-5,-3.398E-4,-0.001302,0.005303,0.005412,0.001864,-1.974E-4,0.001443,-8.071E-4,0.001759,-0.001037,1
1506624593506,true,1624.227,0,0.001344,0.001264,-6.326E-4,-6.794E-4,-0.001094,-7.397E-5,-3.24E-4,-0.001295,0.004899,0.005923,0.001855,-1.972E-4,0.00147,-8.092E-4,0.001724,-0.001022,1
1506624593543,true,1624.285,0,0.001222,9.091E-4,-6.21E-4,-6.779E-4,-0.001059,-7.837E-5,-3.485E-4,-0.001289,0.005218,0.005871,0.001811,-1.82E-4,0.001504,-8.238E-4,0.001711,-0.00101,1
1506624593579,true,1624.342,0,0.001773,8.274E-4,-6.542E-4,-6.743E-4,-0.001039,-6.813E-5,-3.775E-4,-0.001295,0.005996,0.005248,0.001777,-1.715E-4,0.00151,-8.288E-4,0.001732,-0.001004,1
1506624593734,true,1624.413,0,0.002142,0.001,-6.805E-4,-6.799E-4,-0.00103,-5.709E-5,-3.493E-4,-0.001306,0.006254,0.004926,0.001779,-1.705E-4,0.001469,-8.165E-4,0.001768,-0.001012,1
1506624593770,true,1624.471,0,0.002402,0.001163,-6.78E-4,-6.876E-4,-0.001053,-4.912E-5,-3.034E-4,-0.001299,0.005496,0.005329,0.001791,-1.809E-4,0.001421,-7.994E-4,0.001796,-0.001021,1
1506624593806,true,1624.528,0,0.001791,0.001269,-6.8E-4,-6.85E-4,-0.001092,-5.8E-5,-2.751E-4,-0.001285,0.004965,0.005732,0.001787,-1.911E-4,0.001406,-7.887E-4,0.001774,-0.001011,1
1506624593842,true,1624.586,0,0.001311,9.862E-4,-6.799E-4,-6.835E-4,-0.001099,-7.418E-5,-2.771E-4,-0.001269,0.005148,0.005929,0.001741,-1.837E-4,0.001408,-7.923E-4,0.001715,-9.844E-4,1
1506624593879,true,1624.643,0,0.001783,7.076E-4,-7.062E-4,-6.745E-4,-0.001089,-7.294E-5,-3.202E-4,-0.001266,0.005968,0.005503,0.001695,-1.688E-4,0.001417,-8.022E-4,0.0017,-9.667E-4,1
1506624594034,true,1624.712,0,0.002632,9.083E-4,-7.383E-4,-6.706E-4,-0.001077,-6.621E-5,-3.358E-4,-0.00128,0.006715,0.004925,0.001706,-1.638E-4,0.001418,-8.022E-4,0.001721,-9.595E-4,1
1506624594070,true,1624.77,0,0.003111,0.001222,-7.365E-4,-6.741E-4,-0.001071,-5.639E-5,-2.986E-4,-0.001291,0.006312,0.00511,0.001744,-1.669E-4,0.00139,-7.869E-4,0.001764,-9.705E-4,1
1506624594106,true,1624.827,0,0.003025,0.001546,-6.953E-4,-6.766E-4,-0.001095,-5.121E-5,-2.685E-4,-0.001284,0.005125,0.00592,0.00179,-1.806E-4,0.001399,-7.807E-4,0.001805,-9.828E-4,1
1506624594143,true,1624.885,0,0.002145,0.001543,-6.63E-4,-6.726E-4,-0.001105,-6.274E-5,-2.426E-4,-0.001279,0.004573,0.006461,0.001801,-1.826E-4,0.001432,-7.8E-4,0.001791,-9.726E-4,1
1506624594178,true,1624.942,0,0.001686,0.001161,-6.473E-4,-6.67E-4,-0.001078,-7.015E-5,-2.523E-4,-0.001273,0.004944,0.006473,0.001767,-1.661E-4,0.001478,-7.933E-4,0.001764,-9.574E-4,1
1506624594309,true,1624.988,0,0.002131,9.201E-4,-6.645E-4,-6.63E-4,-0.001044,-6.268E-5,-2.781E-4,-0.001283,0.005758,0.005843,0.001738,-1.513E-4,0.001513,-8.06E-4,0.001792,-9.548E-4,1
1506624594345,true,1625.046,0,0.002445,0.001087,-6.949E-4,-6.653E-4,-0.001035,-5.031E-5,-2.661E-4,-0.001299,0.006363,0.005249,0.001749,-1.466E-4,0.001497,-7.988E-4,0.001829,-9.608E-4,1
1506624594381,true,1625.103,0,0.002811,0.001227,-6.992E-4,-6.711E-4,-0.00105,-3.929E-5,-2.217E-4,-0.001299,0.005845,0.005466,0.001773,-1.546E-4,0.001455,-7.788E-4,0.001856,-9.74E-4,1
1506624594417,true,1625.161,0,0.002369,0.001464,-6.837E-4,-6.713E-4,-0.001092,-4.126E-5,-1.964E-4,-0.001286,0.005174,0.005901,0.001806,-1.718E-4,0.001443,-7.697E-4,0.00184,-9.71E-4,1
1506624594453,true,1625.218,0,0.001734,0.0013,-6.804E-4,-6.69E-4,-0.001103,-5.714E-5,-1.858E-4,-0.001275,0.005251,0.00621,0.001795,-1.74E-4,0.001456,-7.728E-4,0.001786,-9.491E-4,1
1506624594584,true,1625.263,0,0.002019,9.958E-4,-6.897E-4,-6.635E-4,-0.001092,-6.145E-5,-2.271E-4,-0.001272,0.005987,0.005961,0.001752,-1.609E-4,0.001477,-7.873E-4,0.00175,-9.319E-4,1
1506624594620,true,1625.321,0,0.002962,0.001041,-7.282E-4,-6.583E-4,-0.001087,-5.396E-5,-2.711E-4,-0.001283,0.006807,0.005358,0.001737,-1.56E-4,0.00148,-7.943E-4,0.001761,-9.273E-4,1
1506624594656,true,1625.378,0,0.003522,0.001341,-7.512E-4,-6.609E-4,-0.001083,-4.576E-5,-2.688E-4,-0.001294,0.006742,0.005297,0.001749,-1.576E-4,0.001445,-7.883E-4,0.001778,-9.326E-4,1
1506624594692,true,1625.436,0,0.003699,0.001591,-7.441E-4,-6.632E-4,-0.001117,-3.629E-5,-2.523E-4,-0.001289,0.00555,0.006025,0.00176,-1.685E-4,0.001412,-7.778E-4,0.001799,-9.458E-4,1
1506624594728,true,1625.493,0,0.002779,0.001646,-7.435E-4,-6.555E-4,-0.001157,-4.27E-5,-2.372E-4,-0.001281,0.004836,0.006535,0.001755,-1.771E-4,0.001412,-7.729E-4,0.001779,-9.394E-4,1
1506624594884,true,1625.563,0,0.001988,0.001298,-7.345E-4,-6.51E-4,-0.00115,-5.017E-5,-2.403E-4,-0.001269,0.004902,0.00674,0.001715,-1.619E-4,0.001439,-7.791E-4,0.001748,-9.235E-4,1
1506624594920,true,1625.621,0,0.002218,9.153E-4,-7.524E-4,-6.438E-4,-0.00112,-4.468E-5,-2.77E-4,-0.001269,0.005676,0.006172,0.001684,-1.469E-4,0.001474,-7.926E-4,0.001764,-9.181E-4,1
1506624594957,true,1625.678,0,0.002672,9.594E-4,-7.879E-4,-6.435E-4,-0.001102,-3.326E-5,-2.855E-4,-0.00128,0.006539,0.005398,0.001689,-1.413E-4,0.001468,-7.893E-4,0.001807,-9.202E-4,1
1506624594992,true,1625.736,0,0.003042,0.001059,-7.994E-4,-6.492E-4,-0.001103,-2.409E-5,-2.375E-4,-0.001286,0.006327,0.005337,0.001718,-1.481E-4,0.001434,-7.713E-4,0.001851,-9.353E-4,1
1506624595028,true,1625.793,0,0.002746,0.001283,-7.819E-4,-6.533E-4,-0.001144,-2.285E-5,-2.072E-4,-0.001275,0.005578,0.005712,0.00175,-1.658E-4,0.001413,-7.588E-4,0.001873,-9.443E-4,1
1506624595159,true,1625.838,0,0.001906,0.001178,-7.663E-4,-6.518E-4,-0.001172,-3.814E-5,-1.948E-4,-0.001266,0.005488,0.005969,0.001762,-1.741E-4,0.001439,-7.599E-4,0.001835,-9.275E-4,1
1506624595195,true,1625.896,0,0.001762,8.309E-4,-7.575E-4,-6.512E-4,-0.001162,-5.203E-5,-2.317E-4,-0.001261,0.00601,0.005843,0.00173,-1.634E-4,0.001462,-7.726E-4,0.001791,-9.098E-4,1
1506624595231,true,1625.953,0,0.00252,7.422E-4,-7.898E-4,-6.454E-4,-0.001146,-4.918E-5,-2.905E-4,-0.00127,0.006814,0.005196,0.001716,-1.566E-4,0.001479,-7.887E-4,0.001793,-9.048E-4,1
1506624595267,true,1626.011,0,0.00299,0.001044,-8.206E-4,-6.466E-4,-0.001136,-4.584E-5,-2.974E-4,-0.001291,0.007082,0.004849,0.001735,-1.571E-4,0.00145,-7.834E-4,0.001819,-9.161E-4,1
1506624595303,true,1626.068,0,0.003228,0.00127,-8.123E-4,-6.529E-4,-0.00116,-3.496E-5,-2.832E-4,-0.001292,0.00607,0.005386,0.001747,-1.646E-4,0.001415,-7.725E-4,0.001845,-9.362E-4,1
1506624595457,true,1626.137,0,0.002445,0.001436,-8.006E-4,-6.496E-4,-0.001193,-3.951E-5,-2.744E-4,-0.001287,0.005114,0.005967,0.001757,-1.751E-4,0.001423,-7.718E-4,0.001836,-9.399E-4,1
1506624595494,true,1626.195,0,0.001478,0.001195,-7.984E-4,-6.46E-4,-0.001197,-5.266E-5,-2.854E-4,-0.001274,0.004968,0.006261,0.001713,-1.666E-4,0.001441,-7.784E-4,0.001791,-9.256E-4,1
1506624595530,true,1626.252,0,0.001452,7.836E-4,-8.231E-4,-6.388E-4,-0.001173,-5.299E-5,-3.381E-4,-0.001265,0.005594,0.005835,0.00165,-1.488E-4,0.001459,-7.922E-4,0.001778,-9.17E-4,1
1506624595565,true,1626.31,0,0.002003,7.334E-4,-8.805E-4,-6.353E-4,-0.001166,-4.1E-5,-3.634E-4,-0.001275,0.006504,0.005009,0.001617,-1.392E-4,0.001439,-7.926E-4,0.001794,-9.147E-4,1
1506624595602,true,1626.367,0,0.002423,8.392E-4,-9.191E-4,-6.371E-4,-0.00117,-2.911E-5,-3.424E-4,-0.001277,0.006523,0.004741,0.001616,-1.359E-4,0.001383,-7.735E-4,0.00182,-9.237E-4,1
1506624595758,true,1626.437,0,0.00244,0.001088,-9.08E-4,-6.391E-4,-0.001207,-1.921E-5,-3.093E-4,-0.001262,0.005621,0.005203,0.001642,-1.485E-4,0.001362,-7.601E-4,0.001842,-9.3E-4,1
1506624595794,true,1626.495,0,0.001722,0.001164,-8.92E-4,-6.348E-4,-0.00124,-3.0E-5,-2.882E-4,-0.001247,0.005337,0.005512,0.001664,-1.573E-4,0.001374,-7.539E-4,0.001816,-9.166E-4,1
1506624595830,true,1626.552,0,0.001358,9.169E-4,-8.694E-4,-6.313E-4,-0.001233,-4.16E-5,-2.992E-4,-0.001235,0.005725,0.005621,0.001646,-1.488E-4,0.00141,-7.654E-4,0.001773,-8.93E-4,1
1506624595866,true,1626.61,0,0.002059,7.441E-4,-8.739E-4,-6.273E-4,-0.001205,-4.135E-5,-3.49E-4,-0.001239,0.006493,0.005102,0.001634,-1.407E-4,0.001455,-7.851E-4,0.001779,-8.872E-4,1
1506624595902,true,1626.667,0,0.002536,0.001072,-9.025E-4,-6.251E-4,-0.001184,-3.681E-5,-3.59E-4,-0.001257,0.007036,0.004608,0.001657,-1.382E-4,0.001446,-7.833E-4,0.001812,-8.955E-4,1
1506624596033,true,1626.712,0,0.002864,0.001333,-8.895E-4,-6.331E-4,-0.001185,-2.897E-5,-3.346E-4,-0.001261,0.00626,0.004982,0.001685,-1.456E-4,0.001421,-7.706E-4,0.001851,-9.14E-4,1
1506624596069,true,1626.77,0,0.002309,0.001596,-8.616E-4,-6.334E-4,-0.001211,-2.921E-5,-3.242E-4,-0.001252,0.005173,0.00561,0.001715,-1.578E-4,0.001425,-7.641E-4,0.00187,-9.258E-4,1
1506624596105,true,1626.827,0,0.00124,0.001444,-8.501E-4,-6.273E-4,-0.001219,-3.891E-5,-3.109E-4,-0.001243,0.004823,0.005984,0.001702,-1.569E-4,0.00146,-7.679E-4,0.001839,-9.161E-4,1
1506624596141,true,1626.885,0,9.453E-4,0.001043,-8.453E-4,-6.246E-4,-0.001194,-4.143E-5,-3.414E-4,-0.001236,0.005232,0.005797,0.001645,-1.383E-4,0.001482,-7.805E-4,0.001816,-9.067E-4,1
1506624596177,true,1626.942,0,0.001493,9.068E-4,-8.813E-4,-6.212E-4,-0.001182,-3.05E-5,-3.742E-4,-0.001242,0.006133,0.005036,0.001616,-1.269E-4,0.001488,-7.884E-4,0.001835,-9.026E-4,1
1506624596333,true,1627.013,0,0.001956,0.001081,-9.194E-4,-6.259E-4,-0.001174,-2.225E-5,-3.513E-4,-0.001252,0.006448,0.004644,0.001618,-1.255E-4,0.001441,-7.725E-4,0.001863,-9.109E-4,1
1506624596369,true,1627.071,0,0.002345,0.00128,-9.203E-4,-6.318E-4,-0.001201,-1.195E-5,-3.235E-4,-0.00124,0.005727,0.004999,0.001627,-1.373E-4,0.001397,-7.58E-4,0.001887,-9.222E-4,1
1506624596405,true,1627.128,0,0.001812,0.001443,-9.206E-4,-6.289E-4,-0.001245,-2.091E-5,-3.086E-4,-0.001224,0.005189,0.005468,0.001631,-1.501E-4,0.001391,-7.516E-4,0.001858,-9.142E-4,1
1506624596441,true,1627.186,0,0.00129,0.001224,-9.218E-4,-6.245E-4,-0.001256,-3.55E-5,-3.179E-4,-0.001207,0.005335,0.005748,0.001593,-1.436E-4,0.001396,-7.568E-4,0.001797,-8.914E-4,1
1506624596478,true,1627.243,0,0.001773,9.85E-4,-9.398E-4,-6.151E-4,-0.001242,-3.22E-5,-3.649E-4,-0.001201,0.006023,0.005389,0.00156,-1.297E-4,0.001418,-7.714E-4,0.00179,-8.807E-4,1
1506624596608,true,1627.287,0,0.002475,0.001171,-9.602E-4,-6.125E-4,-0.00122,-2.332E-5,-3.833E-4,-0.001216,0.006688,0.004876,0.00157,-1.222E-4,0.001425,-7.721E-4,0.001818,-8.786E-4,1
1506624596644,true,1627.345,0,0.002911,0.001451,-9.535E-4,-6.17E-4,-0.001201,-1.56E-5,-3.452E-4,-0.001224,0.006269,0.005042,0.001606,-1.261E-4,0.001407,-7.579E-4,0.001861,-8.919E-4,1
1506624596680,true,1627.402,0,0.002729,0.001714,-9.164E-4,-6.17E-4,-0.001215,-1.103E-5,-3.04E-4,-0.001218,0.005109,0.005768,0.001643,-1.377E-4,0.001411,-7.461E-4,0.001909,-9.079E-4,1
1506624596716,true,1627.46,0,0.001778,0.00167,-8.931E-4,-6.1E-4,-0.001222,-2.078E-5,-2.716E-4,-0.001213,0.004653,0.006186,0.001659,-1.425E-4,0.001452,-7.473E-4,0.001898,-8.978E-4,1
1506624596752,true,1627.517,0,0.00125,0.001303,-8.743E-4,-6.067E-4,-0.001187,-2.815E-5,-2.743E-4,-0.001205,0.005016,0.006172,0.001625,-1.286E-4,0.001491,-7.56E-4,0.001882,-8.864E-4,1
1506624596907,true,1627.586,0,0.001644,0.001069,-8.946E-4,-6.012E-4,-0.001159,-1.955E-5,-3.056E-4,-0.001208,0.005975,0.005447,0.001594,-1.141E-4,0.001522,-7.683E-4,0.001905,-8.85E-4,1
1506624596943,true,1627.644,0,0.002052,0.001282,-9.274E-4,-6.031E-4,-0.001142,-1.102E-5,-2.955E-4,-0.001222,0.006675,0.004846,0.001609,-1.124E-4,0.001497,-7.586E-4,0.001935,-8.896E-4,1
1506624596980,true,1627.701,0,0.002512,0.001479,-9.242E-4,-6.106E-4,-0.001159,-3.542E-7,-2.63E-4,-0.001219,0.006169,0.00509,0.001636,-1.233E-4,0.001456,-7.426E-4,0.001964,-9.028E-4,1
1506624597015,true,1627.759,0,0.00217,0.001736,-9.058E-4,-6.113E-4,-0.001201,-5.719E-6,-2.376E-4,-0.001207,0.005466,0.005587,0.001662,-1.374E-4,0.001443,-7.349E-4,0.001952,-9.018E-4,1
1506624597052,true,1627.816,0,0.001614,0.001608,-8.926E-4,-6.097E-4,-0.001215,-2.371E-5,-2.341E-4,-0.001196,0.005416,0.005958,0.001653,-1.38E-4,0.00146,-7.377E-4,0.001901,-8.855E-4,1
1506624597183,true,1627.862,0,0.00181,0.001302,-8.883E-4,-6.075E-4,-0.001196,-3.123E-5,-2.774E-4,-0.001192,0.005937,0.005825,0.001617,-1.272E-4,0.001481,-7.527E-4,0.001871,-8.712E-4,1
1506624597219,true,1627.92,0,0.002631,0.001313,-9.151E-4,-6.067E-4,-0.001184,-2.36E-5,-3.206E-4,-0.001205,0.006706,0.00523,0.001607,-1.215E-4,0.001485,-7.612E-4,0.001885,-8.698E-4,1
1506624597255,true,1627.977,0,0.003097,0.001537,-9.399E-4,-6.096E-4,-0.001178,-1.639E-5,-3.144E-4,-0.001217,0.0066,0.005153,0.001612,-1.201E-4,0.001443,-7.5E-4,0.001907,-8.787E-4,1
1506624597291,true,1628.035,0,0.003148,0.001731,-9.354E-4,-6.097E-4,-0.001203,-5.96E-6,-2.937E-4,-0.00121,0.005461,0.005803,0.001624,-1.278E-4,0.00141,-7.367E-4,0.001938,-8.976E-4,1
1506624597327,true,1628.092,0,0.002156,0.001768,-9.19E-4,-6.038E-4,-0.001233,-9.146E-6,-2.715E-4,-0.001198,0.004847,0.006211,0.001639,-1.331E-4,0.001419,-7.307E-4,0.001929,-8.936E-4,1
1506624597483,true,1628.163,0,0.001475,0.001404,-8.98E-4,-6.015E-4,-0.001206,-1.988E-5,-2.584E-4,-0.001185,0.004909,0.006414,0.001615,-1.227E-4,0.001453,-7.337E-4,0.001917,-8.799E-4,1
1506624597519,true,1628.221,0,0.001785,0.001051,-9.051E-4,-5.953E-4,-0.001171,-1.553E-5,-2.781E-4,-0.001184,0.005689,0.005877,0.00159,-1.077E-4,0.001494,-7.488E-4,0.001938,-8.751E-4,1
1506624597555,true,1628.278,0,0.002398,0.001099,-9.322E-4,-5.975E-4,-0.001149,-8.746E-6,-2.672E-4,-0.0012,0.006607,0.005138,0.001601,-1.048E-4,0.001496,-7.473E-4,0.001983,-8.807E-4,1
1506624597592,true,1628.336,0,0.002841,0.001255,-9.326E-4,-6.047E-4,-0.001145,-1.636E-6,-2.356E-4,-0.001204,0.006414,0.005115,0.001631,-1.12E-4,0.001454,-7.298E-4,0.00202,-8.956E-4,1
1506624597627,true,1628.393,0,0.002759,0.001502,-9.058E-4,-6.08E-4,-0.001182,-1.725E-6,-2.056E-4,-0.001197,0.005701,0.005564,0.001664,-1.281E-4,0.001442,-7.203E-4,0.002035,-9.053E-4,1
1506624597758,true,1628.437,0,0.002049,0.001471,-8.83E-4,-6.088E-4,-0.001207,-1.539E-5,-1.958E-4,-0.001187,0.005493,0.005949,0.001681,-1.382E-4,0.001466,-7.221E-4,0.001998,-8.923E-4,1
1506624597794,true,1628.495,0,0.001948,0.001149,-8.671E-4,-6.077E-4,-0.001188,-3.011E-5,-2.3E-4,-0.001183,0.00588,0.005958,0.001657,-1.291E-4,0.001498,-7.401E-4,0.001961,-8.792E-4,1
1506624597830,true,1628.552,0,0.002644,0.001042,-8.803E-4,-6.063E-4,-0.001173,-2.597E-5,-2.822E-4,-0.001196,0.006606,0.005419,0.00164,-1.209E-4,0.00152,-7.562E-4,0.001962,-8.753E-4,1
1506624597866,true,1628.61,0,0.003046,0.001284,-8.99E-4,-6.12E-4,-0.001155,-2.221E-5,-2.86E-4,-0.001217,0.006866,0.005081,0.001643,-1.164E-4,0.001495,-7.541E-4,0.001979,-8.875E-4,1
1506624597902,true,1628.667,0,0.003299,0.001408,-8.974E-4,-6.18E-4,-0.001172,-1.215E-5,-2.648E-4,-0.001221,0.005806,0.005579,0.001657,-1.245E-4,0.00145,-7.409E-4,0.002006,-9.094E-4,1
1506624598033,true,1628.713,0,0.0025,0.001463,-8.886E-4,-6.164E-4,-0.00121,-1.641E-5,-2.455E-4,-0.001214,0.004884,0.0061,0.001664,-1.36E-4,0.001439,-7.336E-4,0.001998,-9.157E-4,1
1506624598069,true,1628.771,0,0.001425,0.00114,-8.832E-4,-6.17E-4,-0.001219,-3.087E-5,-2.35E-4,-0.001204,0.004869,0.006305,0.001628,-1.306E-4,0.001446,-7.376E-4,0.001952,-9.025E-4,1
1506624598105,true,1628.828,0,0.001424,6.738E-4,-9.078E-4,-6.133E-4,-0.0012,-3.301E-5,-2.782E-4,-0.001197,0.005613,0.005802,0.001561,-1.146E-4,0.001456,-7.51E-4,0.001927,-8.926E-4,1
1506624598141,true,1628.886,0,0.001935,6.18E-4,-9.614E-4,-6.101E-4,-0.001198,-2.238E-5,-3.107E-4,-0.001205,0.006625,0.004904,0.00153,-1.021E-4,0.001437,-7.54E-4,0.00194,-8.911E-4,1
1506624598177,true,1628.943,0,0.002257,7.92E-4,-9.853E-4,-6.156E-4,-0.001199,-1.265E-5,-2.838E-4,-0.001211,0.006657,0.004632,0.001555,-1.056E-4,0.001393,-7.371E-4,0.001974,-9.041E-4,1
1506624598333,true,1629.012,0,0.002382,0.001007,-9.639E-4,-6.214E-4,-0.00123,-9.789E-6,-2.451E-4,-0.001202,0.00583,0.005116,0.001595,-1.234E-4,0.001374,-7.248E-4,0.002003,-9.166E-4,1
1506624598369,true,1629.07,0,0.001647,0.001042,-9.264E-4,-6.231E-4,-0.001259,-2.324E-5,-2.051E-4,-0.001199,0.005504,0.005499,0.001627,-1.358E-4,0.001403,-7.244E-4,0.001985,-9.091E-4,1
1506624598406,true,1629.127,0,0.001208,7.397E-4,-8.957E-4,-6.23E-4,-0.00124,-3.907E-5,-2.177E-4,-0.00119,0.005711,0.005695,0.001616,-1.286E-4,0.00145,-7.395E-4,0.001952,-8.937E-4,1
1506624598442,true,1629.185,0,0.001753,5.07E-4,-8.971E-4,-6.195E-4,-0.001204,-4.09E-5,-2.581E-4,-0.001199,0.006457,0.005193,0.0016,-1.207E-4,0.001501,-7.618E-4,0.001956,-8.875E-4,1
1506624598478,true,1629.242,0,0.002156,7.311E-4,-9.118E-4,-6.233E-4,-0.001181,-3.47E-5,-2.675E-4,-0.001221,0.007054,0.00463,0.001616,-1.189E-4,0.0015,-7.657E-4,0.001993,-8.966E-4,1
1506624598633,true,1629.313,0,0.002314,9.195E-4,-8.983E-4,-6.327E-4,-0.001172,-2.55E-5,-2.353E-4,-0.00123,0.006323,0.004905,0.00164,-1.265E-4,0.00148,-7.568E-4,0.002037,-9.19E-4,1
1506624598670,true,1629.371,0,0.001668,0.001112,-8.638E-4,-6.371E-4,-0.001198,-2.744E-5,-2.068E-4,-0.001226,0.005275,0.005498,0.001667,-1.399E-4,0.001487,-7.526E-4,0.002058,-9.329E-4,1
1506624598706,true,1629.428,0,5.914E-4,9.131E-4,-8.497E-4,-6.351E-4,-0.001214,-3.861E-5,-1.84E-4,-0.001218,0.005118,0.005745,0.001655,-1.389E-4,0.00151,-7.561E-4,0.002024,-9.221E-4,1
1506624598742,true,1629.486,0,2.452E-4,4.695E-4,-8.432E-4,-6.347E-4,-0.001189,-4.619E-5,-2.097E-4,-0.001213,0.005745,0.00541,0.001601,-1.236E-4,0.001531,-7.706E-4,0.001997,-9.094E-4,1
1506624598778,true,1629.543,0,7.487E-4,3.28E-4,-8.794E-4,-6.34E-4,-0.001179,-3.882E-5,-2.384E-4,-0.001222,0.006779,0.004577,0.001579,-1.184E-4,0.001536,-7.814E-4,0.002001,-9.039E-4,1
1506624598908,true,1629.587,0,0.001149,5.106E-4,-9.251E-4,-6.376E-4,-0.001174,-3.168E-5,-2.2E-4,-0.001235,0.007263,0.004088,0.00159,-1.196E-4,0.001486,-7.69E-4,0.002028,-9.111E-4,1
1506624598944,true,1629.645,0,0.001553,7.028E-4,-9.297E-4,-6.433E-4,-0.001203,-2.645E-5,-1.91E-4,-0.001228,0.006466,0.004471,0.001607,-1.327E-4,0.001441,-7.568E-4,0.002047,-9.247E-4,1
1506624598980,true,1629.702,0,0.00101,8.347E-4,-9.184E-4,-6.436E-4,-0.001252,-3.796E-5,-1.804E-4,-0.001217,0.005818,0.004925,0.001621,-1.482E-4,0.001431,-7.538E-4,0.002018,-9.189E-4,1
1506624599016,true,1629.76,0,2.819E-4,6.148E-4,-9.154E-4,-6.421E-4,-0.001261,-5.54E-5,-1.915E-4,-0.001204,0.005806,0.005271,0.001583,-1.448E-4,0.001441,-7.625E-4,0.00196,-8.992E-4,1
1506624599053,true,1629.817,0,6.017E-4,3.221E-4,-9.325E-4,-6.356E-4,-0.001241,-5.548E-5,-2.471E-4,-0.001202,0.006389,0.004936,0.001527,-1.304E-4,0.001462,-7.829E-4,0.00194,-8.886E-4,1
1506624599208,true,1629.888,0,0.001203,4.319E-4,-9.656E-4,-6.32E-4,-0.00123,-4.246E-5,-2.763E-4,-0.001215,0.007063,0.004335,0.00152,-1.236E-4,0.001461,-7.846E-4,0.00196,-8.86E-4,1
1506624599244,true,1629.946,0,0.001461,6.454E-4,-9.582E-4,-6.41E-4,-0.001213,-3.189E-5,-2.332E-4,-0.001226,0.006647,0.004424,0.001553,-1.259E-4,0.001438,-7.701E-4,0.002009,-9.012E-4,1
1506624599280,true,1630.003,0,0.001236,8.404E-4,-9.181E-4,-6.443E-4,-0.001227,-2.6E-5,-1.969E-4,-0.001212,0.005534,0.005029,0.001586,-1.368E-4,0.001436,-7.581E-4,0.002058,-9.161E-4,1
1506624599317,true,1630.061,0,2.589E-4,7.442E-4,-8.828E-4,-6.421E-4,-0.001236,-3.534E-5,-1.561E-4,-0.001201,0.005113,0.005419,0.001603,-1.417E-4,0.001471,-7.549E-4,0.002053,-9.09E-4,1
1506624599353,true,1630.118,0,-2.226E-4,3.222E-4,-8.63E-4,-6.404E-4,-0.001207,-4.367E-5,-1.563E-4,-0.001189,0.005562,0.005362,0.001579,-1.307E-4,0.001516,-7.66E-4,0.002036,-8.939E-4,1
1506624599483,true,1630.164,0,3.112E-4,8.172E-5,-8.731E-4,-6.385E-4,-0.00118,-3.832E-5,-1.746E-4,-0.001197,0.006631,0.004597,0.00156,-1.208E-4,0.001543,-7.761E-4,0.002052,-8.853E-4,1
1506624599519,true,1630.222,0,8.67E-4,2.967E-4,-8.964E-4,-6.447E-4,-0.001161,-3.253E-5,-1.615E-4,-0.001211,0.007414,0.003985,0.001587,-1.248E-4,0.001532,-7.712E-4,0.00209,-8.892E-4,1
1506624599556,true,1630.279,0,0.001389,5.203E-4,-8.833E-4,-6.561E-4,-0.001171,-2.485E-5,-1.272E-4,-0.00121,0.006859,0.004238,0.00163,-1.393E-4,0.001492,-7.537E-4,0.002129,-9.029E-4,1
1506624599592,true,1630.337,0,0.001048,8.066E-4,-8.535E-4,-6.587E-4,-0.001204,-3.405E-5,-1.094E-4,-0.0012,0.006053,0.004799,0.001669,-1.597E-4,0.001494,-7.493E-4,0.002125,-9.03E-4,1
1506624599628,true,1630.394,0,3.275E-4,7.091E-4,-8.287E-4,-6.581E-4,-0.001212,-5.202E-5,-1.083E-4,-0.001188,0.005975,0.005162,0.001663,-1.623E-4,0.001515,-7.555E-4,0.002072,-8.847E-4,1
1506624599783,true,1630.463,0,5.391E-4,3.51E-4,-8.166E-4,-6.578E-4,-0.001183,-5.972E-5,-1.571E-4,-0.001184,0.006379,0.005084,0.001627,-1.531E-4,0.001547,-7.745E-4,0.002041,-8.699E-4,1
1506624599819,true,1630.521,0,0.00132,3.518E-4,-8.439E-4,-6.555E-4,-0.001163,-5.23E-5,-1.937E-4,-0.001201,0.007033,0.004534,0.001606,-1.437E-4,0.001565,-7.899E-4,0.00206,-8.695E-4,1
1506624599856,true,1630.578,0,0.001627,6.042E-4,-8.679E-4,-6.608E-4,-0.001144,-4.464E-5,-1.817E-4,-0.001217,0.006931,0.004417,0.001619,-1.443E-4,0.001531,-7.787E-4,0.002097,-8.85E-4,1
1506624599891,true,1630.636,0,0.001704,7.815E-4,-8.537E-4,-6.68E-4,-0.001161,-3.753E-5,-1.547E-4,-0.001209,0.005777,0.005015,0.001629,-1.58E-4,0.00149,-7.631E-4,0.002128,-9.028E-4,1
1506624599928,true,1630.693,0,7.645E-4,8.021E-4,-8.492E-4,-6.632E-4,-0.001192,-4.474E-5,-1.326E-4,-0.001196,0.005141,0.005445,0.001618,-1.642E-4,0.001481,-7.547E-4,0.002101,-8.966E-4,1
1506624600058,true,1630.739,0,8.853E-6,4.243E-4,-8.468E-4,-6.593E-4,-0.001183,-5.75E-5,-1.352E-4,-0.001179,0.005403,0.00549,0.001572,-1.517E-4,0.001495,-7.566E-4,0.002058,-8.782E-4,1
1506624600094,true,1630.797,0,3.117E-4,1.266E-4,-8.585E-4,-6.558E-4,-0.001154,-5.151E-5,-1.641E-4,-0.001175,0.006307,0.00489,0.001545,-1.371E-4,0.001523,-7.697E-4,0.002053,-8.621E-4,1
1506624600130,true,1630.854,0,9.562E-4,2.825E-4,-8.842E-4,-6.59E-4,-0.001131,-4.491E-5,-1.665E-4,-0.001189,0.00732,0.004125,0.001552,-1.318E-4,0.001515,-7.636E-4,0.002087,-8.6E-4,1
1506624600167,true,1630.912,0,0.001603,4.823E-4,-8.77E-4,-6.696E-4,-0.001124,-4.098E-5,-1.315E-4,-0.001194,0.007054,0.004145,0.001592,-1.412E-4,0.001488,-7.468E-4,0.00212,-8.734E-4,1
1506624600203,true,1630.969,0,0.001533,7.827E-4,-8.395E-4,-6.759E-4,-0.001154,-4.55E-5,-1.009E-4,-0.001186,0.006061,0.004776,0.001636,-1.598E-4,0.001484,-7.392E-4,0.002134,-8.813E-4,1
1506624600357,true,1631.038,0,7.323E-4,7.816E-4,-8.074E-4,-6.774E-4,-0.001168,-6.454E-5,-8.722E-5,-0.001183,0.005723,0.005229,0.001653,-1.694E-4,0.001522,-7.459E-4,0.002088,-8.629E-4,1
1506624600394,true,1631.096,0,4.41E-4,4.257E-4,-7.777E-4,-6.796E-4,-0.001145,-7.833E-5,-1.207E-4,-0.00118,0.006021,0.005287,0.001627,-1.588E-4,0.001562,-7.637E-4,0.002057,-8.511E-4,1
1506624600430,true,1631.153,0,0.001035,3.264E-4,-7.945E-4,-6.783E-4,-0.001115,-7.426E-5,-1.668E-4,-0.001195,0.006791,0.004726,0.001614,-1.518E-4,0.001603,-7.823E-4,0.002074,-8.521E-4,1
1506624600466,true,1631.211,0,0.00136,5.636E-4,-8.113E-4,-6.853E-4,-0.001091,-7.026E-5,-1.65E-4,-0.001215,0.007016,0.004371,0.001624,-1.494E-4,0.001587,-7.781E-4,0.00211,-8.647E-4,1
1506624600502,true,1631.268,0,0.001472,7.474E-4,-7.984E-4,-6.951E-4,-0.0011,-6.317E-5,-1.318E-4,-0.001219,0.006068,0.00481,0.001642,-1.596E-4,0.001553,-7.665E-4,0.002144,-8.825E-4,1
1506624600658,true,1631.339,0,7.226E-4,8.517E-4,-7.783E-4,-6.961E-4,-0.001133,-6.719E-5,-1.06E-4,-0.001212,0.005171,0.005317,0.001648,-1.701E-4,0.001557,-7.622E-4,0.002148,-8.861E-4,1
1506624600694,true,1631.397,0,-1.422E-4,5.464E-4,-7.752E-4,-6.967E-4,-0.001135,-8.199E-5,-9.793E-5,-0.001199,0.005251,0.005444,0.001608,-1.661E-4,0.001567,-7.653E-4,0.002104,-8.703E-4,1
1506624600731,true,1631.454,0,-5.918E-5,1.329E-4,-7.968E-4,-6.945E-4,-0.001118,-8.46E-5,-1.355E-4,-0.001192,0.00594,0.005003,0.001552,-1.542E-4,0.001583,-7.814E-4,0.002084,-8.596E-4,1
1506624600766,true,1631.512,0,6.686E-4,1.553E-4,-8.425E-4,-6.966E-4,-0.001113,-7.96E-5,-1.655E-4,-0.001202,0.006982,0.004201,0.001523,-1.458E-4,0.001569,-7.858E-4,0.002093,-8.563E-4,1
1506624600803,true,1631.569,0,0.001202,4.048E-4,-8.765E-4,-7.022E-4,-0.001119,-7.339E-5,-1.515E-4,-0.00121,0.007057,0.004028,0.001521,-1.497E-4,0.001514,-7.732E-4,0.002105,-8.647E-4,1
1506624600933,true,1631.613,0,0.001471,6.621E-4,-8.665E-4,-7.073E-4,-0.001158,-7.021E-5,-1.362E-4,-0.0012,0.006131,0.004623,0.001546,-1.634E-4,0.001476,-7.591E-4,0.002114,-8.752E-4,1
1506624600969,true,1631.671,0,7.073E-4,7.634E-4,-8.385E-4,-7.062E-4,-0.001187,-8.403E-5,-1.134E-4,-0.001194,0.005648,0.00508,0.001575,-1.763E-4,0.0015,-7.572E-4,0.002088,-8.655E-4,1
1506624601006,true,1631.728,0,2.024E-4,4.454E-4,-8.066E-4,-7.058E-4,-0.001171,-9.968E-5,-1.295E-4,-0.001186,0.005769,0.005342,0.001558,-1.684E-4,0.001545,-7.715E-4,0.002057,-8.513E-4,1
1506624601042,true,1631.786,0,7.234E-4,1.965E-4,-8.04E-4,-7.025E-4,-0.001137,-9.699E-5,-1.709E-4,-0.001195,0.006325,0.004903,0.001544,-1.557E-4,0.001596,-7.905E-4,0.002069,-8.462E-4,1
1506624601078,true,1631.843,0,0.00101,4.071E-4,-8.199E-4,-7.059E-4,-0.00111,-8.894E-5,-1.738E-4,-0.001217,0.006863,0.00433,0.001568,-1.516E-4,0.001596,-7.899E-4,0.002119,-8.571E-4,1
1506624601233,true,1631.914,0,0.001177,5.395E-4,-8.128E-4,-7.148E-4,-0.001103,-7.939E-5,-1.265E-4,-0.001229,0.00615,0.004591,0.001599,-1.574E-4,0.001567,-7.755E-4,0.002169,-8.811E-4,1
1506624601269,true,1631.972,0,5.417E-4,6.708E-4,-7.849E-4,-7.178E-4,-0.001127,-8.102E-5,-9.024E-5,-0.001224,0.005135,0.005101,0.001626,-1.716E-4,0.001568,-7.676E-4,0.002194,-8.964E-4,1
1506624601306,true,1632.029,0,-5.268E-4,4.412E-4,-7.686E-4,-7.186E-4,-0.001144,-9.494E-5,-6.531E-5,-0.001217,0.005025,0.005276,0.001613,-1.729E-4,0.001592,-7.682E-4,0.002163,-8.836E-4,1
1506624601342,true,1632.087,0,-7.424E-4,-2.572E-5,-7.669E-4,-7.177E-4,-0.001125,-1.049E-4,-9.797E-5,-0.001212,0.005691,0.004942,0.001571,-1.603E-4,0.001612,-7.798E-4,0.002137,-8.708E-4,1
1506624601378,true,1632.144,0,-4.821E-5,-1.59E-4,-8.047E-4,-7.18E-4,-0.001117,-9.899E-5,-1.409E-4,-0.001222,0.00678,0.004063,0.001553,-1.56E-4,0.00161,-7.885E-4,0.00215,-8.676E-4,1
1506624601508,true,1632.188,0,4.574E-4,8.69E-5,-8.403E-4,-7.249E-4,-0.001115,-9.668E-5,-1.339E-4,-0.001238,0.007198,0.003588,0.00157,-1.617E-4,0.001569,-7.797E-4,0.00217,-8.784E-4,1
1506624601544,true,1632.246,0,9.317E-4,3.034E-4,-8.328E-4,-7.341E-4,-0.001149,-9.364E-5,-1.126E-4,-0.001236,0.006358,0.004051,0.001601,-1.805E-4,0.001519,-7.641E-4,0.002188,-8.943E-4,1
1506624601580,true,1632.303,0,2.905E-4,4.614E-4,-8.18E-4,-7.337E-4,-0.001205,-1.034E-4,-1.062E-4,-0.001229,0.005551,0.004628,0.001621,-1.978E-4,0.001514,-7.596E-4,0.002162,-8.921E-4,1
1506624601616,true,1632.361,0,-4.39E-4,1.814E-4,-8.111E-4,-7.33E-4,-0.001215,-1.204E-4,-1.143E-4,-0.001227,0.005462,0.004994,0.001584,-1.926E-4,0.001535,-7.701E-4,0.002103,-8.759E-4,1
1506624601653,true,1632.418,0,-2.35E-4,-1.765E-4,-8.285E-4,-7.268E-4,-0.001195,-1.225E-4,-1.686E-4,-0.001232,0.005935,0.004645,0.00153,-1.77E-4,0.001555,-7.878E-4,0.002081,-8.655E-4,1
1506624601784,true,1632.464,0,1.932E-4,-1.007E-4,-8.833E-4,-7.223E-4,-0.001182,-1.133E-4,-2.11E-4,-0.00125,0.006613,0.00399,0.001503,-1.665E-4,0.001548,-7.914E-4,0.002104,-8.699E-4,1
1506624601820,true,1632.522,0,3.094E-4,5.703E-5,-9.042E-4,-7.251E-4,-0.001172,-1.021E-4,-1.85E-4,-0.00126,0.006237,0.00397,0.001511,-1.637E-4,0.001501,-7.725E-4,0.002152,-8.902E-4,1
1506624601856,true,1632.579,0,4.793E-5,1.768E-4,-8.84E-4,-7.282E-4,-0.001202,-9.432E-5,-1.535E-4,-0.001249,0.005187,0.004452,0.001546,-1.767E-4,0.001479,-7.539E-4,0.002188,-9.066E-4,1
1506624601892,true,1632.637,0,-0.001007,4.617E-5,-8.667E-4,-7.253E-4,-0.001222,-1.063E-4,-1.199E-4,-0.001239,0.004862,0.004711,0.001563,-1.828E-4,0.001497,-7.476E-4,0.002173,-8.971E-4,1
1506624601928,true,1632.694,0,-0.001604,-4.068E-4,-8.522E-4,-7.252E-4,-0.001203,-1.176E-4,-1.311E-4,-0.001227,0.005414,0.004529,0.001534,-1.688E-4,0.001526,-7.565E-4,0.002147,-8.8E-4,1
1506624602084,true,1632.764,0,-0.001008,-6.826E-4,-8.77E-4,-7.233E-4,-0.001181,-1.137E-4,-1.665E-4,-0.001235,0.006476,0.003742,0.001519,-1.613E-4,0.001555,-7.688E-4,0.00216,-8.75E-4,1
1506624602120,true,1632.822,0,-4.018E-4,-4.813E-4,-9.074E-4,-7.277E-4,-0.001176,-1.074E-4,-1.701E-4,-0.001255,0.007198,0.003047,0.001545,-1.632E-4,0.001528,-7.614E-4,0.00219,-8.827E-4,1
1506624602156,true,1632.879,0,6.792E-5,-2.584E-4,-8.999E-4,-7.392E-4,-0.001189,-1.034E-4,-1.337E-4,-0.001263,0.006552,0.003308,0.001586,-1.769E-4,0.001492,-7.479E-4,0.002217,-9.004E-4,1
1506624602192,true,1632.937,0,-4.12E-4,2.011E-5,-8.815E-4,-7.405E-4,-0.001233,-1.113E-4,-1.25E-4,-0.00126,0.005596,0.003895,0.001625,-1.957E-4,0.001492,-7.432E-4,0.002206,-9.058E-4,1
1506624602229,true,1632.994,0,-0.001317,-1.391E-4,-8.664E-4,-7.377E-4,-0.001253,-1.291E-4,-1.346E-4,-0.001257,0.005304,0.004347,0.001618,-1.974E-4,0.001521,-7.529E-4,0.002154,-8.917E-4,1
1506624602384,true,1633.064,0,-0.001403,-5.479E-4,-8.66E-4,-7.323E-4,-0.001229,-1.368E-4,-1.901E-4,-0.001259,0.005719,0.004157,0.001569,-1.82E-4,0.001552,-7.722E-4,0.002122,-8.832E-4,1
1506624602420,true,1633.122,0,-8.73E-4,-6.206E-4,-9.065E-4,-7.297E-4,-0.00121,-1.286E-4,-2.358E-4,-0.001279,0.006424,0.003463,0.001542,-1.718E-4,0.001565,-7.866E-4,0.002136,-8.851E-4,1
1506624602456,true,1633.179,0,-7.288E-4,-4.51E-4,-9.415E-4,-7.344E-4,-0.001199,-1.205E-4,-2.313E-4,-0.001296,0.006339,0.003233,0.001543,-1.689E-4,0.001524,-7.79E-4,0.002169,-9.041E-4,1
1506624602492,true,1633.237,0,-7.992E-4,-3.406E-4,-9.411E-4,-7.397E-4,-0.001225,-1.134E-4,-2.055E-4,-0.001293,0.005283,0.003716,0.001547,-1.774E-4,0.001478,-7.612E-4,0.002199,-9.269E-4,1
1506624602529,true,1633.294,0,-0.001808,-3.707E-4,-9.45E-4,-7.371E-4,-0.001264,-1.204E-4,-1.864E-4,-0.001283,0.00476,0.004004,0.001537,-1.865E-4,0.00147,-7.544E-4,0.002169,-9.239E-4,1
1506624602658,true,1633.34,0,-0.002647,-7.623E-4,-9.561E-4,-7.313E-4,-0.001264,-1.329E-4,-2.032E-4,-0.001267,0.00499,0.004036,0.001482,-1.725E-4,0.001478,-7.58E-4,0.002103,-9.021E-4,1
1506624602695,true,1633.398,0,-0.002316,-0.0011,-9.826E-4,-7.236E-4,-0.001242,-1.324E-4,-2.549E-4,-0.001264,0.005954,0.003348,0.001445,-1.587E-4,0.001499,-7.712E-4,0.002093,-8.902E-4,1
1506624602731,true,1633.455,0,-0.001672,-9.418E-4,-0.001018,-7.237E-4,-0.001227,-1.274E-4,-2.687E-4,-0.001282,0.00696,0.002559,0.001461,-1.561E-4,0.001485,-7.662E-4,0.002123,-8.914E-4,1
1506624602767,true,1633.513,0,-0.001086,-6.985E-4,-0.001017,-7.315E-4,-0.001225,-1.246E-4,-2.303E-4,-0.001296,0.006604,0.002648,0.001499,-1.636E-4,0.001445,-7.497E-4,0.002157,-9.074E-4,1
1506624602803,true,1633.57,0,-0.001275,-3.702E-4,-9.846E-4,-7.358E-4,-0.001261,-1.293E-4,-2.164E-4,-0.001289,0.005566,0.00329,0.001539,-1.812E-4,0.001442,-7.463E-4,0.002166,-9.176E-4,1
1506624602934,true,1633.614,0,-0.002128,-4.413E-4,-9.599E-4,-7.326E-4,-0.001291,-1.464E-4,-2.127E-4,-0.001287,0.005079,0.003806,0.001553,-1.89E-4,0.00148,-7.525E-4,0.002127,-9.075E-4,1
1506624602970,true,1633.672,0,-0.002436,-8.424E-4,-9.392E-4,-7.299E-4,-0.001264,-1.595E-4,-2.531E-4,-0.001284,0.005348,0.003854,0.001512,-1.735E-4,0.001521,-7.715E-4,0.002088,-8.984E-4,1
1506624603006,true,1633.729,0,-0.002005,-0.001003,-9.605E-4,-7.264E-4,-0.001236,-1.54E-4,-3.098E-4,-0.001298,0.006072,0.003233,0.001481,-1.603E-4,0.001548,-7.901E-4,0.002105,-9.024E-4,1
1506624603042,true,1633.787,0,-0.001678,-8.421E-4,-9.938E-4,-7.306E-4,-0.001221,-1.452E-4,-3.122E-4,-0.00132,0.006369,0.002791,0.001488,-1.58E-4,0.001521,-7.841E-4,0.002138,-9.165E-4,1
1506624603078,true,1633.844,0,-0.001593,-7.22E-4,-9.924E-4,-7.383E-4,-0.001234,-1.351E-4,-2.808E-4,-0.001322,0.005464,0.003162,0.001494,-1.671E-4,0.001472,-7.681E-4,0.002168,-9.372E-4,1
1506624603234,true,1633.915,0,-0.002397,-6.512E-4,-9.852E-4,-7.38E-4,-0.001273,-1.43E-4,-2.631E-4,-0.00131,0.004687,0.003542,0.001497,-1.794E-4,0.001463,-7.62E-4,0.002151,-9.397E-4,1
1506624603270,true,1633.973,0,-0.003355,-9.726E-4,-9.897E-4,-7.367E-4,-0.001289,-1.581E-4,-2.586E-4,-0.001297,0.004795,0.003697,0.001459,-1.747E-4,0.001469,-7.681E-4,0.002096,-9.222E-4,1
1506624603306,true,1634.03,0,-0.003217,-0.0014,-0.001012,-7.337E-4,-0.001271,-1.609E-4,-3.108E-4,-0.001293,0.005629,0.003193,0.001395,-1.589E-4,0.001484,-7.873E-4,0.002065,-9.103E-4,1
1506624603343,true,1634.088,0,-0.002364,-0.001419,-0.001074,-7.306E-4,-0.001263,-1.58E-4,-3.543E-4,-0.001307,0.006669,0.002359,0.001366,-1.537E-4,0.001464,-7.926E-4,0.002061,-9.054E-4,1
1506624603379,true,1634.145,0,-0.001839,-0.001168,-0.001114,-7.331E-4,-0.001275,-1.504E-4,-3.506E-4,-0.001317,0.006611,0.002193,0.001363,-1.521E-4,0.001395,-7.738E-4,0.00207,-9.152E-4,1
1506624603509,true,1634.189,0,-0.001751,-8.815E-4,-0.001101,-7.35E-4,-0.001313,-1.491E-4,-3.374E-4,-0.00131,0.005502,0.002833,0.001392,-1.664E-4,0.001365,-7.61E-4,0.002085,-9.281E-4,1
1506624603545,true,1634.247,0,-0.002674,-8.695E-4,-0.001073,-7.331E-4,-0.001346,-1.628E-4,-3.2E-4,-0.001307,0.004816,0.003387,0.00141,-1.749E-4,0.001388,-7.586E-4,0.002051,-9.192E-4,1
1506624603581,true,1634.304,0,-0.003414,-0.001232,-0.001046,-7.288E-4,-0.001328,-1.78E-4,-3.41E-4,-0.001301,0.004872,0.003596,0.00138,-1.605E-4,0.001426,-7.69E-4,0.002007,-9.002E-4,1
1506624603617,true,1634.362,0,-0.003183,-0.001523,-0.001057,-7.233E-4,-0.001298,-1.739E-4,-3.897E-4,-0.001312,0.005471,0.003084,0.00135,-1.443E-4,0.001467,-7.854E-4,0.002023,-8.984E-4,1
1506624603653,true,1634.419,0,-0.002943,-0.001439,-0.001088,-7.244E-4,-0.001278,-1.643E-4,-3.982E-4,-0.001337,0.006077,0.002401,0.001357,-1.372E-4,0.00146,-7.804E-4,0.002072,-9.109E-4,1
1506624603808,true,1634.488,0,-0.00278,-0.001432,-0.001089,-7.341E-4,-0.001276,-1.565E-4,-3.631E-4,-0.001345,0.005469,0.00253,0.001377,-1.417E-4,0.001419,-7.619E-4,0.002124,-9.365E-4,1
1506624603844,true,1634.546,0,-0.003481,-0.001349,-0.001072,-7.374E-4,-0.001321,-1.596E-4,-3.392E-4,-0.001338,0.004486,0.002941,0.0014,-1.575E-4,0.001402,-7.505E-4,0.002128,-9.453E-4,1
1506624603881,true,1634.603,0,-0.004556,-0.001673,-0.00107,-7.351E-4,-0.001351,-1.789E-4,-3.267E-4,-0.001333,0.004407,0.003048,0.001383,-1.605E-4,0.001411,-7.512E-4,0.002078,-9.284E-4,1
1506624603916,true,1634.661,0,-0.004826,-0.002282,-0.001083,-7.35E-4,-0.001343,-1.936E-4,-3.777E-4,-0.001331,0.005181,0.002618,0.001325,-1.477E-4,0.001422,-7.662E-4,0.002032,-9.149E-4,1
1506624603953,true,1634.718,0,-0.004211,-0.002603,-0.001142,-7.337E-4,-0.001352,-1.92E-4,-4.464E-4,-0.001355,0.006345,0.001553,0.001284,-1.391E-4,0.001414,-7.795E-4,0.002028,-9.09E-4,1
1506624604109,true,1634.789,0,-0.004023,-0.002595,-0.0012,-7.436E-4,-0.001371,-1.975E-4,-4.693E-4,-0.001387,0.006721,8.735E-4,0.001292,-1.443E-4,0.001353,-7.714E-4,0.002032,-9.202E-4,1
1506624604145,true,1634.847,0,-0.004215,-0.002664,-0.001211,-7.571E-4,-0.001438,-2.021E-4,-4.814E-4,-0.0014,0.005597,0.001133,0.001306,-1.637E-4,0.001288,-7.603E-4,0.002037,-9.407E-4,1
1506624604181,true,1634.904,0,-0.005756,-0.002871,-0.001221,-7.588E-4,-0.001525,-2.283E-4,-5.127E-4,-0.001411,0.004521,0.001407,0.001303,-1.812E-4,0.001273,-7.603E-4,0.001978,-9.41E-4,1
1506624604217,true,1634.962,0,-0.007492,-0.003621,-0.001239,-7.602E-4,-0.001562,-2.682E-4,-5.844E-4,-0.001418,0.004383,0.001332,0.001221,-1.696E-4,0.001275,-7.758E-4,0.001892,-9.253E-4,1
1506624604253,true,1635.019,0,-0.008328,-0.004475,-0.001307,-7.545E-4,-0.001582,-2.838E-4,-7.079E-4,-0.001442,0.00492,4.161E-4,0.00112,-1.478E-4,0.001269,-7.99E-4,0.001843,-9.195E-4,1
1506624604384,true,1635.065,0,-0.009044,-0.004868,-0.001414,-7.547E-4,-0.001609,-2.837E-4,-8.109E-4,-0.001484,0.005621,-8.508E-4,0.001071,-1.355E-4,0.001233,-8.03E-4,0.001847,-9.29E-4,1
1506624604420,true,1635.123,0,-0.01007,-0.005148,-0.001481,-7.655E-4,-0.001646,-2.846E-4,-8.235E-4,-0.001516,0.005133,-0.001378,0.001064,-1.382E-4,0.00115,-7.813E-4,0.001878,-9.58E-4,1
1506624604456,true,1635.18,0,-0.01157,-0.005358,-0.001511,-7.706E-4,-0.001738,-2.926E-4,-8.339E-4,-0.001519,0.003909,-0.001315,0.001067,-1.564E-4,0.001096,-7.628E-4,0.001887,-9.794E-4,1
1506624604492,true,1635.238,0,-0.01366,-0.005863,-0.001537,-7.693E-4,-0.001817,-3.241E-4,-8.524E-4,-0.001522,0.003522,-0.001471,0.001054,-1.66E-4,0.001095,-7.578E-4,0.001825,-9.683E-4,1
1506624604529,true,1635.295,0,-0.01515,-0.00663,-0.001566,-7.695E-4,-0.001845,-3.521E-4,-9.238E-4,-0.001524,0.004176,-0.002063,9.878E-4,-1.527E-4,0.001109,-7.754E-4,0.001752,-9.491E-4,1
1506624604684,true,1635.364,0,-0.01525,-0.007225,-0.001638,-7.669E-4,-0.00186,-3.606E-4,-0.001023,-0.001549,0.00522,-0.003227,9.306E-4,-1.39E-4,0.001116,-7.94E-4,0.001729,-9.404E-4,1
1506624604720,true,1635.422,0,-0.01543,-0.007259,-0.001717,-7.733E-4,-0.001889,-3.653E-4,-0.00108,-0.001586,0.005832,-0.004216,9.331E-4,-1.397E-4,0.00107,-7.913E-4,0.001734,-9.499E-4,1
1506624604756,true,1635.479,0,-0.01584,-0.007282,-0.001743,-7.864E-4,-0.001945,-3.685E-4,-0.001097,-0.001606,0.004932,-0.004191,9.519E-4,-1.533E-4,0.001,-7.746E-4,0.001756,-9.76E-4,1
1506624604793,true,1635.537,0,-0.01733,-0.007288,-0.001734,-7.908E-4,-0.002033,-3.873E-4,-0.001128,-0.001611,0.003615,-0.003793,9.671E-4,-1.743E-4,9.775E-4,-7.687E-4,0.001726,-9.83E-4,1
1506624604829,true,1635.594,0,-0.01913,-0.007811,-0.001744,-7.884E-4,-0.002077,-4.21E-4,-0.001171,-0.001619,0.003246,-0.003688,9.23E-4,-1.7E-4,9.873E-4,-7.766E-4,0.001644,-9.677E-4,1
1506624604959,true,1635.64,0,-0.02007,-0.008556,-0.001778,-7.846E-4,-0.002073,-4.384E-4,-0.001272,-0.00163,0.003742,-0.00431,8.282E-4,-1.454E-4,0.001001,-7.987E-4,0.001593,-9.588E-4,1
1506624604995,true,1635.698,0,-0.02035,-0.008917,-0.001865,-7.794E-4,-0.002082,-4.342E-4,-0.001356,-0.001663,0.004551,-0.005455,7.637E-4,-1.264E-4,9.879E-4,-8.108E-4,0.001599,-9.6E-4,1
1506624605031,true,1635.755,0,-0.02086,-0.009047,-0.001944,-7.875E-4,-0.0021,-4.313E-4,-0.001377,-0.001691,0.004584,-0.006154,7.395E-4,-1.207E-4,9.134E-4,-7.93E-4,0.001623,-9.798E-4,1
1506624605067,true,1635.813,0,-0.02152,-0.009172,-0.001975,-7.957E-4,-0.002173,-4.316E-4,-0.001378,-0.001688,0.003454,-0.006004,7.271E-4,-1.322E-4,8.309E-4,-7.677E-4,0.001638,-0.001001,1
1506624605104,true,1635.87,0,-0.02316,-0.009366,-0.002007,-7.901E-4,-0.00226,-4.467E-4,-0.001394,-0.001676,0.002892,-0.005952,7.003E-4,-1.392E-4,7.98E-4,-7.532E-4,0.001575,-9.912E-4,1
1506624605258,true,1635.939,0,-0.02456,-0.009887,-0.00202,-7.864E-4,-0.002287,-4.685E-4,-0.001444,-0.001662,0.003264,-0.006127,6.326E-4,-1.231E-4,7.995E-4,-7.56E-4,0.001495,-9.652E-4,1
1506624605294,true,1635.997,0,-0.02449,-0.01037,-0.002054,-7.792E-4,-0.002276,-4.71E-4,-0.001536,-0.001665,0.004288,-0.006974,5.797E-4,-1.045E-4,8.207E-4,-7.705E-4,0.001465,-9.503E-4,1
1506624605330,true,1636.054,0,-0.02407,-0.01023,-0.002107,-7.808E-4,-0.002281,-4.66E-4,-0.001581,-0.001688,0.005175,-0.007891,5.834E-4,-9.704E-5,8.055E-4,-7.661E-4,0.001481,-9.498E-4,1
1506624605367,true,1636.112,0,-0.0239,-0.00999,-0.002118,-7.897E-4,-0.002294,-4.616E-4,-0.001565,-0.0017,0.004575,-0.007809,6.13E-4,-1.003E-4,7.546E-4,-7.445E-4,0.001507,-9.666E-4,1
1506624605403,true,1636.169,0,-0.02452,-0.009675,-0.002082,-7.925E-4,-0.00235,-4.627E-4,-0.001555,-0.001691,0.003262,-0.007116,6.51E-4,-1.161E-4,7.362E-4,-7.297E-4,0.001516,-9.775E-4,1
1506624605534,true,1636.215,0,-0.02577,-0.009771,-0.002063,-7.843E-4,-0.002382,-4.784E-4,-0.001544,-0.001684,0.002815,-0.006688,6.433E-4,-1.145E-4,7.655E-4,-7.279E-4,0.001459,-9.63E-4,1
1506624605570,true,1636.273,0,-0.02633,-0.0102,-0.002044,-7.79E-4,-0.00235,-4.882E-4,-0.001591,-0.001672,0.003134,-0.006752,5.768E-4,-8.677E-5,8.07E-4,-7.426E-4,0.001413,-9.433E-4,1
1506624605606,true,1636.33,0,-0.02587,-0.01035,-0.002081,-7.702E-4,-0.002319,-4.721E-4,-0.001636,-0.001683,0.003946,-0.007491,5.307E-4,-6.324E-5,8.322E-4,-7.534E-4,0.001426,-9.376E-4,1
1506624605642,true,1636.388,0,-0.02561,-0.01009,-0.002127,-7.716E-4,-0.002299,-4.535E-4,-0.001621,-0.0017,0.004429,-0.008023,5.295E-4,-5.218E-5,7.92E-4,-7.343E-4,0.001464,-9.469E-4,1
1506624605679,true,1636.445,0,-0.02541,-0.00986,-0.00213,-7.755E-4,-0.002318,-4.361E-4,-0.001564,-0.001691,0.003645,-0.007712,5.453E-4,-5.674E-5,7.347E-4,-7.073E-4,0.001498,-9.633E-4,1
1506624605834,true,1636.515,0,-0.02614,-0.009618,-0.002112,-7.723E-4,-0.002367,-4.379E-4,-0.001531,-0.001668,0.002838,-0.007227,5.53E-4,-6.645E-5,7.174E-4,-6.872E-4,0.001478,-9.579E-4,1
1506624605870,true,1636.573,0,-0.02681,-0.009829,-0.002097,-7.671E-4,-0.002381,-4.499E-4,-0.001511,-0.001646,0.003076,-0.007009,5.052E-4,-5.37E-5,7.267E-4,-6.833E-4,0.001412,-9.294E-4,1
1506624605907,true,1636.63,0,-0.02625,-0.01013,-0.002109,-7.586E-4,-0.002356,-4.491E-4,-0.001559,-0.001635,0.004063,-0.007397,4.377E-4,-2.789E-5,7.469E-4,-6.98E-4,0.001368,-9.044E-4,1
1506624605943,true,1636.688,0,-0.02491,-0.009948,-0.002159,-7.519E-4,-0.002338,-4.335E-4,-0.001598,-0.001642,0.00512,-0.008096,4.173E-4,-1.262E-5,7.391E-4,-6.983E-4,0.001371,-8.925E-4,1
1506624605979,true,1636.745,0,-0.02404,-0.009491,-0.002181,-7.519E-4,-0.002331,-4.138E-4,-0.001562,-0.001649,0.005008,-0.008077,4.439E-4,-8.941E-6,6.832E-4,-6.728E-4,0.001394,-8.973E-4,1
1506624606134,true,1636.815,0,-0.02357,-0.009066,-0.002134,-7.514E-4,-0.002347,-4.021E-4,-0.001512,-0.001633,0.003751,-0.007186,4.923E-4,-1.845E-5,6.63E-4,-6.487E-4,0.001436,-9.111E-4,1
1506624606170,true,1636.873,0,-0.02422,-0.008865,-0.002082,-7.427E-4,-0.002358,-4.088E-4,-0.001469,-0.001616,0.003015,-0.00644,5.147E-4,-1.856E-5,7.023E-4,-6.384E-4,0.001413,-8.96E-4,1
1506624606206,true,1636.93,0,-0.02457,-0.009134,-0.002035,-7.335E-4,-0.002304,-4.164E-4,-0.001466,-0.001595,0.003246,-0.006114,4.89E-4,4.069E-6,7.585E-4,-6.433E-4,0.001386,-8.742E-4,1
1506624606242,true,1636.988,0,-0.02393,-0.009285,-0.002035,-7.226E-4,-0.00224,-4.005E-4,-0.00149,-0.001595,0.004094,-0.006635,4.535E-4,3.138E-5,8.116E-4,-6.554E-4,0.001415,-8.632E-4,1
1506624606279,true,1637.045,0,-0.02322,-0.009013,-0.002058,-7.211E-4,-0.002193,-3.815E-4,-0.00146,-0.001613,0.0049,-0.007251,4.718E-4,4.307E-5,8.064E-4,-6.442E-4,0.001473,-8.66E-4,1
1506624606384,true,1637.066,0,-0.02268,-0.008777,-0.002049,-7.275E-4,-0.002179,-3.621E-4,-0.001382,-0.001612,0.004416,-0.007067,5.118E-4,4.059E-5,7.601E-4,-6.129E-4,0.001531,-8.831E-4,1
1506624606421,true,1637.124,0,-0.02292,-0.008458,-0.002013,-7.276E-4,-0.002208,-3.563E-4,-0.001324,-0.001592,0.003491,-0.006485,5.473E-4,2.85E-5,7.553E-4,-5.939E-4,0.00155,-8.855E-4,1
1506624606457,true,1637.181,0,-0.02355,-0.008533,-0.00198,-7.256E-4,-0.002224,-3.675E-4,-0.001281,-0.001574,0.003544,-0.006149,5.421E-4,3.248E-5,7.843E-4,-5.888E-4,0.001496,-8.575E-4,1
1506624606493,true,1637.239,0,-0.02336,-0.008855,-0.001962,-7.216E-4,-0.002196,-3.706E-4,-0.001307,-0.001561,0.004303,-0.006303,4.961E-4,5.324E-5,8.175E-4,-6.006E-4,0.001455,-8.315E-4,1
1506624606529,true,1637.296,0,-0.02219,-0.008827,-0.001993,-7.164E-4,-0.002178,-3.574E-4,-0.001349,-0.00157,0.00537,-0.006944,4.86E-4,6.581E-5,8.351E-4,-6.119E-4,0.001467,-8.215E-4,1
1506624606684,true,1637.365,0,-0.02142,-0.008435,-0.002017,-7.207E-4,-0.002158,-3.472E-4,-0.001338,-0.001585,0.005623,-0.007154,5.067E-4,6.876E-5,7.962E-4,-5.962E-4,0.001496,-8.275E-4,1
1506624606720,true,1637.423,0,-0.02089,-0.008135,-0.001994,-7.264E-4,-0.002178,-3.362E-4,-0.001309,-0.001578,0.004404,-0.006396,5.363E-4,5.893E-5,7.604E-4,-5.797E-4,0.001529,-8.449E-4,1
1506624606756,true,1637.48,0,-0.02157,-0.007937,-0.001971,-7.205E-4,-0.002212,-3.414E-4,-0.001289,-0.001565,0.003422,-0.005664,5.544E-4,5.076E-5,7.661E-4,-5.727E-4,0.001517,-8.429E-4,1
1506624606792,true,1637.538,0,-0.02231,-0.008226,-0.00195,-7.139E-4,-0.002199,-3.551E-4,-0.001287,-0.001553,0.003385,-0.005268,5.14E-4,6.475E-5,7.917E-4,-5.788E-4,0.001462,-8.209E-4,1
1506624606829,true,1637.595,0,-0.02215,-0.008596,-0.001974,-7.035E-4,-0.002167,-3.455E-4,-0.001343,-0.001547,0.004083,-0.00568,4.455E-4,9.28E-5,8.177E-4,-5.924E-4,0.001456,-8.112E-4,1
1506624606984,true,1637.666,0,-0.02154,-0.008564,-0.002025,-6.975E-4,-0.002139,-3.272E-4,-0.001362,-0.001563,0.004963,-0.006429,4.393E-4,1.098E-4,8.167E-4,-5.88E-4,0.001501,-8.143E-4,1
1506624607021,true,1637.724,0,-0.02118,-0.008407,-0.002043,-7.031E-4,-0.002122,-3.113E-4,-0.001306,-0.001572,0.004721,-0.006514,4.753E-4,1.084E-4,7.667E-4,-5.592E-4,0.001556,-8.32E-4,1
1506624607057,true,1637.781,0,-0.02128,-0.008184,-0.002011,-7.048E-4,-0.002157,-3.026E-4,-0.001249,-0.001555,0.00372,-0.005963,5.242E-4,9.337E-5,7.459E-4,-5.361E-4,0.001604,-8.449E-4,1
1506624607093,true,1637.839,0,-0.02222,-0.008253,-0.001981,-7.028E-4,-0.00218,-3.194E-4,-0.001215,-0.001541,0.00353,-0.005643,5.537E-4,8.341E-5,7.825E-4,-5.309E-4,0.001571,-8.274E-4,1
1506624607129,true,1637.896,0,-0.02263,-0.008697,-0.001955,-7.003E-4,-0.002151,-3.388E-4,-0.00123,-0.001531,0.004135,-0.005707,5.311E-4,9.582E-5,8.314E-4,-5.459E-4,0.001525,-8.013E-4,1
1506624607258,true,1637.94,0,-0.02189,-0.008906,-0.001976,-6.96E-4,-0.002128,-3.353E-4,-0.001284,-0.001543,0.005177,-0.00643,5.155E-4,1.07E-4,8.689E-4,-5.65E-4,0.001532,-7.906E-4,1
1506624607294,true,1637.998,0,-0.02129,-0.008638,-0.002005,-7.021E-4,-0.002115,-3.291E-4,-0.001292,-0.001572,0.005742,-0.006983,5.54E-4,1.075E-4,8.506E-4,-5.62E-4,0.001566,-7.974E-4,1
1506624607331,true,1638.055,0,-0.02097,-0.008409,-0.001988,-7.13E-4,-0.002126,-3.211E-4,-0.001264,-0.001581,0.004733,-0.006536,6.038E-4,9.382E-5,8.166E-4,-5.47E-4,0.001612,-8.218E-4,1
1506624607367,true,1638.113,0,-0.02177,-0.008201,-0.00195,-7.15E-4,-0.002165,-3.288E-4,-0.001241,-0.001576,0.003465,-0.005813,6.488E-4,7.407E-5,8.236E-4,-5.4E-4,0.001616,-8.306E-4,1
1506624607403,true,1638.17,0,-0.02299,-0.008496,-0.001924,-7.132E-4,-0.002175,-3.505E-4,-0.001234,-0.001571,0.003096,-0.005402,6.343E-4,7.444E-5,8.623E-4,-5.489E-4,0.001564,-8.134E-4,1
1506624607559,true,1638.241,0,-0.02327,-0.009044,-0.00193,-7.082E-4,-0.002135,-3.588E-4,-0.001287,-0.001567,0.003609,-0.005743,5.742E-4,9.615E-5,8.942E-4,-5.678E-4,0.001542,-8.031E-4,1
1506624607595,true,1638.299,0,-0.02277,-0.009231,-0.001989,-7.046E-4,-0.002112,-3.496E-4,-0.001337,-0.001587,0.004568,-0.006619,5.508E-4,1.051E-4,9.072E-4,-5.802E-4,0.001575,-8.04E-4,1
1506624607631,true,1638.356,0,-0.02266,-0.009114,-0.002045,-7.108E-4,-0.002103,-3.406E-4,-0.001316,-0.001605,0.00467,-0.007037,5.579E-4,1.029E-4,8.471E-4,-5.622E-4,0.001614,-8.229E-4,1
1506624607668,true,1638.414,0,-0.02267,-0.009023,-0.002051,-7.169E-4,-0.002147,-3.356E-4,-0.001287,-0.001593,0.003596,-0.006597,5.756E-4,8.659E-5,7.894E-4,-5.418E-4,0.001651,-8.438E-4,1
1506624607704,true,1638.471,0,-0.02369,-0.009014,-0.002052,-7.144E-4,-0.002207,-3.513E-4,-0.001275,-0.001577,0.003101,-0.00628,5.916E-4,6.726E-5,7.882E-4,-5.367E-4,0.00161,-8.343E-4,1
1506624607834,true,1638.515,0,-0.0245,-0.009396,-0.002056,-7.128E-4,-0.002216,-3.777E-4,-0.001304,-0.00156,0.003428,-0.006202,5.481E-4,7.308E-5,8.018E-4,-5.486E-4,0.001535,-8.115E-4,1
1506624607870,true,1638.573,0,-0.02401,-0.009786,-0.002094,-7.059E-4,-0.002201,-3.822E-4,-0.001384,-0.001564,0.00435,-0.006844,4.876E-4,8.517E-5,8.208E-4,-5.704E-4,0.001501,-8.0E-4,1
1506624607906,true,1638.63,0,-0.02333,-0.009612,-0.002157,-7.012E-4,-0.0022,-3.748E-4,-0.001435,-0.001588,0.005089,-0.007526,4.872E-4,8.975E-5,8.009E-4,-5.711E-4,0.001515,-8.024E-4,1
1506624607942,true,1638.688,0,-0.02306,-0.009351,-0.002155,-7.107E-4,-0.002208,-3.676E-4,-0.001414,-0.0016,0.004397,-0.007275,5.201E-4,8.324E-5,7.565E-4,-5.534E-4,0.001551,-8.227E-4,1
1506624607979,true,1638.745,0,-0.02355,-0.009084,-0.00212,-7.121E-4,-0.002246,-3.684E-4,-0.001395,-0.00159,0.002923,-0.006469,5.67E-4,6.309E-5,7.576E-4,-5.46E-4,0.001571,-8.386E-4,1
1506624608134,true,1638.816,0,-0.02475,-0.009234,-0.00209,-7.082E-4,-0.002267,-3.868E-4,-0.001374,-0.001585,0.002407,-0.006038,5.675E-4,6.181E-5,8.067E-4,-5.509E-4,0.001528,-8.254E-4,1
1506624608170,true,1638.874,0,-0.02536,-0.009728,-0.002078,-7.038E-4,-0.002236,-3.98E-4,-0.001411,-0.001576,0.002793,-0.00615,5.218E-4,7.813E-5,8.583E-4,-5.705E-4,0.001499,-8.135E-4,1
1506624608206,true,1638.931,0,-0.0249,-0.009992,-0.00212,-6.982E-4,-0.002207,-3.864E-4,-0.001462,-0.001587,0.003761,-0.006993,4.879E-4,9.286E-5,8.865E-4,-5.846E-4,0.001528,-8.126E-4,1
1506624608243,true,1638.989,0,-0.02462,-0.009832,-0.002165,-7.048E-4,-0.002185,-3.786E-4,-0.001445,-0.001609,0.004357,-0.007686,5.01E-4,9.71E-5,8.531E-4,-5.722E-4,0.001576,-8.266E-4,1
1506624608279,true,1639.046,0,-0.02438,-0.009688,-0.002159,-7.165E-4,-0.00221,-3.666E-4,-0.00139,-0.001608,0.003577,-0.00741,5.315E-4,8.116E-5,8.017E-4,-5.506E-4,0.001614,-8.453E-4,1
1506624608409,true,1639.09,0,-0.02512,-0.009496,-0.002135,-7.182E-4,-0.002267,-3.773E-4,-0.001361,-0.001592,0.002799,-0.007005,5.618E-4,6.114E-5,7.996E-4,-5.425E-4,0.0016,-8.436E-4,1
1506624608445,true,1639.148,0,-0.02588,-0.009797,-0.002125,-7.147E-4,-0.002284,-4.047E-4,-0.001357,-0.001581,0.002967,-0.006811,5.404E-4,6.084E-5,8.236E-4,-5.484E-4,0.001531,-8.195E-4,1
1506624608481,true,1639.205,0,-0.02558,-0.01021,-0.002141,-7.083E-4,-0.00226,-4.114E-4,-0.001426,-0.00158,0.00372,-0.007204,4.918E-4,7.409E-5,8.54E-4,-5.696E-4,0.001501,-8.062E-4,1
1506624608518,true,1639.263,0,-0.02469,-0.01015,-0.002193,-7.055E-4,-0.002245,-4.048E-4,-0.001488,-0.001599,0.004631,-0.007971,4.793E-4,7.992E-5,8.555E-4,-5.785E-4,0.001517,-8.045E-4,1
1506624608554,true,1639.32,0,-0.02426,-0.009859,-0.002224,-7.109E-4,-0.002244,-3.976E-4,-0.001484,-0.001615,0.004375,-0.008002,4.988E-4,7.573E-5,8.063E-4,-5.64E-4,0.001546,-8.218E-4,1
1506624608704,true,1639.387,0,-0.0242,-0.009614,-0.002206,-7.156E-4,-0.002289,-3.885E-4,-0.00146,-0.001608,0.002907,-0.007176,5.125E-4,6.13E-5,7.765E-4,-5.512E-4,0.001562,-8.407E-4,1
1506624608741,true,1639.445,0,-0.02522,-0.00959,-0.002192,-7.104E-4,-0.002326,-4.004E-4,-0.00145,-0.001595,0.002139,-0.006605,5.082E-4,5.36E-5,7.881E-4,-5.465E-4,0.001518,-8.339E-4,1
1506624608777,true,1639.502,0,-0.02602,-0.00998,-0.00219,-7.054E-4,-0.002313,-4.121E-4,-0.001471,-0.001582,0.002322,-0.006434,4.353E-4,7.13E-5,8.162E-4,-5.583E-4,0.001454,-8.136E-4,1
1506624608840,true,1639.56,0,-0.02567,-0.0103,-0.002232,-6.934E-4,-0.002287,-3.994E-4,-0.001531,-0.001583,0.003203,-0.007128,3.67E-4,9.584E-5,8.35E-4,-5.698E-4,0.001454,-8.063E-4,1
1506624608875,true,1639.617,0,-0.02515,-0.01011,-0.002282,-6.912E-4,-0.002266,-3.849E-4,-0.001528,-0.001603,0.004025,-0.00789,3.647E-4,1.075E-4,8.037E-4,-5.563E-4,0.001493,-8.103E-4,1
1506624608984,true,1639.665,0,-0.02468,-0.009918,-0.002288,-6.975E-4,-0.002272,-3.681E-4,-0.00147,-0.001602,0.003543,-0.00778,4.034E-4,9.861E-5,7.478E-4,-5.285E-4,0.001538,-8.274E-4,1
1506624609020,true,1639.723,0,-0.02499,-0.009643,-0.002252,-7.003E-4,-0.002316,-3.694E-4,-0.001422,-0.001584,0.002608,-0.007237,4.454E-4,8.056E-5,7.397E-4,-5.123E-4,0.00155,-8.329E-4,1
1506624609056,true,1639.78,0,-0.02576,-0.00973,-0.002222,-6.971E-4,-0.002337,-3.862E-4,-0.001401,-0.00157,0.002534,-0.006865,4.532E-4,7.66E-5,7.702E-4,-5.105E-4,0.001492,-8.083E-4,1
1506624609092,true,1639.838,0,-0.0256,-0.01012,-0.0022,-6.943E-4,-0.002307,-3.968E-4,-0.001442,-0.001559,0.003255,-0.007038,4.25E-4,9.012E-5,8.095E-4,-5.266E-4,0.001453,-7.872E-4,1
1506624609129,true,1639.895,0,-0.02458,-0.01015,-0.002221,-6.887E-4,-0.00228,-3.859E-4,-0.001491,-0.001577,0.00423,-0.007716,4.225E-4,9.837E-5,8.419E-4,-5.398E-4,0.001471,-7.799E-4,1
1506624609284,true,1639.966,0,-0.02398,-0.009817,-0.002241,-6.931E-4,-0.002258,-3.77E-4,-0.001479,-0.001601,0.00438,-0.007937,4.614E-4,9.545E-5,8.138E-4,-5.269E-4,0.001516,-7.954E-4,1
1506624609320,true,1640.024,0,-0.02367,-0.009558,-0.002217,-6.996E-4,-0.002278,-3.64E-4,-0.001431,-0.001603,0.003162,-0.007225,5.074E-4,7.948E-5,7.837E-4,-5.113E-4,0.001565,-8.191E-4,1
1506624609356,true,1640.081,0,-0.02451,-0.009406,-0.002182,-6.955E-4,-0.002313,-3.716E-4,-0.001398,-0.001596,0.002175,-0.006597,5.351E-4,6.62E-5,7.995E-4,-5.04E-4,0.001559,-8.207E-4,1
1506624609393,true,1640.139,0,-0.02547,-0.009693,-0.002161,-6.912E-4,-0.002303,-3.868E-4,-0.001389,-0.001582,0.002212,-0.006311,5.0E-4,7.6E-5,8.322E-4,-5.063E-4,0.001518,-8.049E-4,1
1506624609429,true,1640.196,0,-0.02536,-0.01006,-0.002169,-6.846E-4,-0.002266,-3.826E-4,-0.001433,-0.00158,0.002989,-0.006747,4.367E-4,9.821E-5,8.678E-4,-5.233E-4,0.001512,-7.936E-4,1
1506624609584,true,1640.266,0,-0.02469,-0.009988,-0.00222,-6.847E-4,-0.002249,-3.689E-4,-0.001459,-0.001595,0.00403,-0.007557,4.215E-4,1.074E-4,8.587E-4,-5.222E-4,0.001543,-7.941E-4,1
1506624609620,true,1640.324,0,-0.02417,-0.009801,-0.002246,-6.933E-4,-0.002245,-3.592E-4,-0.001418,-0.001605,0.003941,-0.007693,4.438E-4,1.023E-4,7.864E-4,-4.963E-4,0.001574,-8.08E-4,1
1506624609656,true,1640.381,0,-0.02404,-0.00956,-0.002232,-6.975E-4,-0.002298,-3.525E-4,-0.001374,-0.001592,0.002983,-0.007123,4.662E-4,8.341E-5,7.469E-4,-4.786E-4,0.001583,-8.181E-4,1
1506624609693,true,1640.439,0,-0.02484,-0.00953,-0.002221,-6.921E-4,-0.002346,-3.666E-4,-0.001363,-0.001576,0.002687,-0.006714,4.627E-4,7.074E-5,7.522E-4,-4.753E-4,0.001523,-7.977E-4,1
1506624609729,true,1640.496,0,-0.02511,-0.009859,-0.002213,-6.867E-4,-0.002345,-3.811E-4,-0.001403,-0.001561,0.003142,-0.006632,4.065E-4,8.644E-5,7.69E-4,-4.866E-4,0.001447,-7.735E-4,1
1506624609859,true,1640.541,0,-0.02434,-0.009993,-0.002239,-6.774E-4,-0.002325,-3.733E-4,-0.001465,-0.00157,0.004017,-0.007172,3.777E-4,1.004E-4,7.904E-4,-5.016E-4,0.001442,-7.646E-4,1
1506624609895,true,1640.599,0,-0.0237,-0.009682,-0.002267,-6.768E-4,-0.002299,-3.637E-4,-0.001477,-0.001593,0.004521,-0.007632,4.01E-4,1.066E-4,7.645E-4,-4.922E-4,0.001472,-7.686E-4,1
1506624609931,true,1640.656,0,-0.02327,-0.009473,-0.002242,-6.843E-4,-0.002299,-3.52E-4,-0.001427,-0.001602,0.00359,-0.007158,4.417E-4,9.879E-5,7.36E-4,-4.74E-4,0.001526,-7.943E-4,1
1506624609968,true,1640.714,0,-0.024,-0.00924,-0.002191,-6.845E-4,-0.002331,-3.566E-4,-0.001394,-0.001592,0.002349,-0.006453,4.826E-4,8.386E-5,7.529E-4,-4.656E-4,0.00154,-8.027E-4,1
1506624610004,true,1640.771,0,-0.02512,-0.00947,-0.002156,-6.823E-4,-0.002331,-3.74E-4,-0.00137,-0.001581,0.002112,-0.006113,4.768E-4,8.569E-5,8.006E-4,-4.723E-4,0.0015,-7.866E-4,1
1506624610134,true,1640.817,0,-0.02534,-0.009976,-0.002153,-6.763E-4,-0.002294,-3.782E-4,-0.001407,-0.001576,0.002742,-0.006441,4.29E-4,1.038E-4,8.472E-4,-4.909E-4,0.001481,-7.739E-4,1
1506624610170,true,1640.875,0,-0.02478,-0.01007,-0.002197,-6.742E-4,-0.002269,-3.646E-4,-0.001444,-0.001592,0.003848,-0.007353,4.219E-4,1.126E-4,8.632E-4,-5.013E-4,0.001519,-7.75E-4,1
1506624610206,true,1640.932,0,-0.02434,-0.009845,-0.002233,-6.819E-4,-0.002256,-3.538E-4,-0.001411,-0.00161,0.004108,-0.007739,4.583E-4,1.062E-4,8.2E-4,-4.853E-4,0.001564,-7.9E-4,1
1506624610243,true,1640.99,0,-0.02403,-0.009635,-0.00221,-6.923E-4,-0.002292,-3.468E-4,-0.001371,-0.0016,0.003176,-0.00725,5.031E-4,8.642E-5,7.782E-4,-4.682E-4,0.001594,-8.071E-4,1
1506624610279,true,1641.047,0,-0.02482,-0.009541,-0.002191,-6.9E-4,-0.002338,-3.633E-4,-0.001344,-0.001589,0.002544,-0.006754,5.289E-4,6.749E-5,7.849E-4,-4.65E-4,0.001558,-7.992E-4,1
1506624610434,true,1641.116,0,-0.02537,-0.009881,-0.002172,-6.888E-4,-0.002334,-3.878E-4,-0.001363,-0.001578,0.002837,-0.006505,5.051E-4,7.126E-5,8.213E-4,-4.796E-4,0.001487,-7.732E-4,1
1506624610470,true,1641.174,0,-0.02479,-0.01019,-0.002186,-6.843E-4,-0.002311,-3.9E-4,-0.001436,-0.001582,0.003651,-0.006953,4.684E-4,8.234E-5,8.602E-4,-5.051E-4,0.001464,-7.62E-4,1
1506624610507,true,1641.231,0,-0.02408,-0.009982,-0.002228,-6.858E-4,-0.002296,-3.822E-4,-0.001476,-0.001609,0.004448,-0.007599,4.676E-4,8.652E-5,8.472E-4,-5.122E-4,0.001486,-7.691E-4,1
1506624610542,true,1641.289,0,-0.02368,-0.009732,-0.002237,-6.954E-4,-0.002304,-3.707E-4,-0.001453,-0.001623,0.003733,-0.007356,4.964E-4,7.606E-5,8.023E-4,-5.005E-4,0.00152,-7.941E-4,1
1506624610579,true,1641.346,0,-0.02408,-0.009497,-0.002218,-6.973E-4,-0.002345,-3.716E-4,-0.00144,-0.001611,0.002387,-0.006648,5.177E-4,5.771E-5,7.876E-4,-4.942E-4,0.001531,-8.107E-4,1
1506624610734,true,1641.417,0,-0.0253,-0.009644,-0.002206,-6.943E-4,-0.002373,-3.866E-4,-0.001425,-0.001603,0.001838,-0.00621,4.965E-4,5.323E-5,8.065E-4,-4.958E-4,0.001477,-7.983E-4,1
1506624610770,true,1641.475,0,-0.02588,-0.01014,-0.002216,-6.878E-4,-0.00236,-3.964E-4,-0.001473,-0.00159,0.002299,-0.006334,4.22E-4,6.974E-5,8.225E-4,-5.106E-4,0.001422,-7.85E-4,1
1506624610807,true,1641.532,0,-0.0253,-0.0104,-0.00227,-6.803E-4,-0.00234,-3.816E-4,-0.001531,-0.001599,0.003394,-0.007213,3.814E-4,8.636E-5,8.344E-4,-5.246E-4,0.001428,-7.799E-4,1
1506624610843,true,1641.59,0,-0.02479,-0.01019,-0.002318,-6.843E-4,-0.002321,-3.708E-4,-0.001523,-0.001619,0.004049,-0.007856,4.056E-4,8.575E-5,7.966E-4,-5.108E-4,0.00147,-7.928E-4,1
1506624610879,true,1641.647,0,-0.02439,-0.009977,-0.002313,-6.941E-4,-0.002346,-3.6E-4,-0.001485,-0.001614,0.003356,-0.007564,4.502E-4,6.83E-5,7.507E-4,-4.915E-4,0.001508,-8.139E-4,1
1506624611009,true,1641.691,0,-0.02502,-0.009729,-0.00228,-6.951E-4,-0.002402,-3.701E-4,-0.001463,-0.001604,0.002519,-0.007061,5.054E-4,4.259E-5,7.477E-4,-4.812E-4,0.001493,-8.128E-4,1
1506624611045,true,1641.749,0,-0.02583,-0.009936,-0.00225,-6.934E-4,-0.002415,-3.928E-4,-0.001461,-0.001595,0.002567,-0.006766,4.999E-4,3.978E-5,7.865E-4,-4.93E-4,0.001429,-7.9E-4,1
1506624611081,true,1641.806,0,-0.02564,-0.01032,-0.002246,-6.885E-4,-0.002381,-4.017E-4,-0.00153,-0.001595,0.003303,-0.007134,4.68E-4,5.159E-5,8.391E-4,-5.219E-4,0.001403,-7.796E-4,1
1506624611117,true,1641.864,0,-0.02487,-0.01027,-0.002282,-6.876E-4,-0.002358,-3.917E-4,-0.001593,-0.001617,0.00407,-0.007817,4.729E-4,5.541E-5,8.646E-4,-5.394E-4,0.001427,-7.808E-4,1
1506624611153,true,1641.921,0,-0.0245,-0.01002,-0.002298,-6.968E-4,-0.002341,-3.852E-4,-0.00158,-0.001637,0.003796,-0.007894,5.12E-4,4.855E-5,8.27E-4,-5.259E-4,0.001468,-8.015E-4,1
1506624611285,true,1641.967,0,-0.02458,-0.009847,-0.002275,-7.03E-4,-0.002368,-3.812E-4,-0.001547,-0.001635,0.00247,-0.007212,5.481E-4,2.968E-5,8.019E-4,-5.15E-4,0.001504,-8.265E-4,1
1506624611321,true,1642.025,0,-0.02573,-0.009888,-0.002254,-7.005E-4,-0.002402,-3.95E-4,-0.001536,-0.001625,0.00172,-0.006765,5.67E-4,1.485E-5,8.217E-4,-5.152E-4,0.001475,-8.233E-4,1
1506624611357,true,1642.082,0,-0.02661,-0.01034,-0.002249,-6.97E-4,-0.00239,-4.102E-4,-0.001553,-0.001612,0.002079,-0.006732,5.124E-4,2.736E-5,8.486E-4,-5.298E-4,0.001413,-8.045E-4,1
1506624611393,true,1642.14,0,-0.02614,-0.01074,-0.002294,-6.898E-4,-0.002359,-4.061E-4,-0.001619,-0.001617,0.003086,-0.007507,4.492E-4,4.383E-5,8.713E-4,-5.5E-4,0.00141,-7.976E-4,1
1506624611430,true,1642.197,0,-0.02557,-0.01058,-0.002359,-6.921E-4,-0.002352,-3.952E-4,-0.001637,-0.001639,0.004078,-0.008372,4.419E-4,4.474E-5,8.321E-4,-5.455E-4,0.001439,-8.063E-4,1
1506624611584,true,1642.266,0,-0.02517,-0.01036,-0.002377,-7.046E-4,-0.002374,-3.854E-4,-0.001606,-0.001643,0.003642,-0.008285,4.558E-4,3.257E-5,7.62E-4,-5.253E-4,0.001465,-8.258E-4,1
1506624611620,true,1642.324,0,-0.0256,-0.01007,-0.002365,-7.075E-4,-0.002445,-3.882E-4,-0.001584,-0.001632,0.002644,-0.007731,4.808E-4,5.616E-6,7.252E-4,-5.134E-4,0.001455,-8.361E-4,1
1506624611657,true,1642.381,0,-0.02654,-0.01017,-0.002357,-7.011E-4,-0.00249,-4.099E-4,-0.001589,-0.001622,0.002465,-0.007372,4.628E-4,1.999E-6,7.323E-4,-5.15E-4,0.001372,-8.13E-4,1
1506624611693,true,1642.439,0,-0.02668,-0.01056,-0.002352,-6.947E-4,-0.002465,-4.234E-4,-0.001651,-0.001615,0.003078,-0.007483,4.215E-4,1.728E-5,7.701E-4,-5.343E-4,0.00132,-7.952E-4,1
1506624611729,true,1642.496,0,-0.02586,-0.01063,-0.00238,-6.89E-4,-0.002446,-4.128E-4,-0.001721,-0.001632,0.003994,-0.00818,4.23E-4,2.541E-5,8.052E-4,-5.526E-4,0.001341,-7.937E-4,1
1506624611884,true,1642.568,0,-0.02543,-0.01034,-0.002398,-6.942E-4,-0.002416,-4.04E-4,-0.00172,-0.001658,0.004159,-0.008492,4.603E-4,2.376E-5,7.818E-4,-5.432E-4,0.001392,-8.112E-4,1
1506624611921,true,1642.626,0,-0.02528,-0.01016,-0.00237,-7.025E-4,-0.002427,-3.933E-4,-0.001676,-0.001662,0.002923,-0.007896,5.053E-4,1.108E-5,7.522E-4,-5.273E-4,0.00145,-8.409E-4,1
1506624611957,true,1642.683,0,-0.02629,-0.01006,-0.002338,-7.008E-4,-0.002462,-4.003E-4,-0.001649,-0.001653,0.001941,-0.007332,5.393E-4,-7.7E-6,7.676E-4,-5.201E-4,0.001446,-8.464E-4,1
1506624611993,true,1642.741,0,-0.02727,-0.01045,-0.00231,-6.984E-4,-0.002457,-4.173E-4,-0.001639,-0.001642,0.002021,-0.007138,5.135E-4,3.674E-7,8.058E-4,-5.278E-4,0.001398,-8.288E-4,1
1506624612030,true,1642.798,0,-0.02711,-0.0109,-0.00232,-6.929E-4,-0.002408,-4.211E-4,-0.001689,-0.00164,0.002964,-0.007732,4.701E-4,1.558E-5,8.446E-4,-5.478E-4,0.001393,-8.196E-4,1
1506624612159,true,1642.841,0,-0.0264,-0.01083,-0.002364,-6.952E-4,-0.002389,-4.086E-4,-0.001716,-0.001658,0.004122,-0.008623,4.8E-4,1.532E-5,8.351E-4,-5.48E-4,0.001438,-8.239E-4,1
1506624612195,true,1642.899,0,-0.02589,-0.01056,-0.002386,-7.042E-4,-0.002381,-4.011E-4,-0.001677,-0.001671,0.004075,-0.008762,5.163E-4,3.601E-6,7.699E-4,-5.255E-4,0.001475,-8.404E-4,1
1506624612231,true,1642.956,0,-0.02581,-0.01026,-0.00236,-7.118E-4,-0.002433,-4.004E-4,-0.001647,-0.001658,0.003056,-0.008138,5.577E-4,-2.232E-5,7.373E-4,-5.13E-4,0.001495,-8.558E-4,1
1506624612267,true,1643.014,0,-0.02664,-0.01022,-0.002335,-7.094E-4,-0.002474,-4.193E-4,-0.00163,-0.001648,0.002625,-0.007641,5.73E-4,-3.578E-5,7.504E-4,-5.125E-4,0.00144,-8.433E-4,1
1506624612303,true,1643.071,0,-0.02707,-0.01054,-0.002317,-7.07E-4,-0.002458,-4.397E-4,-0.001671,-0.001639,0.002901,-0.007464,5.319E-4,-2.572E-5,7.907E-4,-5.36E-4,0.001373,-8.242E-4,1
1506624612460,true,1643.142,0,-0.02633,-0.01073,-0.002342,-7.011E-4,-0.002438,-4.344E-4,-0.001747,-0.001651,0.003726,-0.008017,4.946E-4,-1.326E-5,8.226E-4,-5.63E-4,0.001369,-8.197E-4,1
1506624612496,true,1643.2,0,-0.02581,-0.01042,-0.002381,-7.048E-4,-0.002416,-4.264E-4,-0.001764,-0.00168,0.004226,-0.008491,4.999E-4,-1.079E-5,7.94E-4,-5.611E-4,0.001398,-8.325E-4,1
1506624612532,true,1643.257,0,-0.02556,-0.0102,-0.002378,-7.123E-4,-0.002426,-4.125E-4,-0.001732,-0.001683,0.003276,-0.008074,5.12E-4,-1.959E-5,7.384E-4,-5.426E-4,0.001429,-8.557E-4,1
1506624612568,true,1643.315,0,-0.02633,-0.009972,-0.002351,-7.12E-4,-0.002477,-4.093E-4,-0.001713,-0.001668,0.002105,-0.007398,5.315E-4,-3.457E-5,7.211E-4,-5.291E-4,0.001436,-8.686E-4,1
1506624612604,true,1643.372,0,-0.02743,-0.01019,-0.002326,-7.09E-4,-0.002486,-4.225E-4,-0.001683,-0.001657,0.002013,-0.007073,5.268E-4,-3.258E-5,7.556E-4,-5.316E-4,0.001391,-8.519E-4,1
