1506623502492,true,532.928,0,-0.05062,-0.01933,-0.003221,-7.535E-4,-0.003246,-8.083E-4,-0.003761,-0.001453,-0.002222,-0.01447,-6.684E-4,7.786E-5,-6.868E-4,-4.131E-4,-0.001381,-1.651E-4,0
1506623502528,true,532.986,0,-0.04981,-0.0193,-0.003239,-7.53E-4,-0.003221,-8.038E-4,-0.003806,-0.001471,-0.00151,-0.01495,-6.754E-4,7.891E-5,-6.601E-4,-4.375E-4,-0.001366,-1.673E-4,0
1506623502564,true,533.043,0,-0.04926,-0.01899,-0.003252,-7.597E-4,-0.003189,-7.996E-4,-0.003796,-0.001492,-0.001337,-0.01516,-6.516E-4,7.355E-5,-6.788E-4,-4.374E-4,-0.001337,-1.851E-4,0
1506623502601,true,533.101,0,-0.04887,-0.01875,-0.003224,-7.684E-4,-0.003194,-7.911E-4,-0.00375,-0.001494,-0.002356,-0.01459,-6.319E-4,5.963E-5,-7.101E-4,-4.289E-4,-0.001296,-2.129E-4,0
1506623502637,true,533.158,0,-0.04937,-0.01885,-0.003198,-7.663E-4,-0.003219,-8.174E-4,-0.003725,-0.001489,-0.003351,-0.01413,-6.192E-4,3.661E-5,-7.06E-4,-4.318E-4,-0.001306,-2.273E-4,0
1506623502792,true,533.227,0,-0.05071,-0.01927,-0.003188,-7.609E-4,-0.003213,-8.483E-4,-0.003738,-0.001477,-0.003377,-0.01405,-6.705E-4,4.535E-5,-6.758E-4,-4.489E-4,-0.001369,-2.133E-4,0
1506623502828,true,533.285,0,-0.05077,-0.01982,-0.003215,-7.528E-4,-0.003167,-8.532E-4,-0.003797,-0.001485,-0.002478,-0.01481,-7.323E-4,6.223E-5,-6.36E-4,-4.794E-4,-0.001385,-2.083E-4,0
1506623502865,true,533.342,0,-0.05024,-0.01985,-0.003284,-7.539E-4,-0.003141,-8.434E-4,-0.003828,-0.001515,-0.001339,-0.01594,-7.312E-4,6.492E-5,-6.45E-4,-4.882E-4,-0.001341,-2.187E-4,0
1506623502900,true,533.4,0,-0.04986,-0.0197,-0.003304,-7.715E-4,-0.003132,-8.394E-4,-0.003771,-0.001537,-0.001587,-0.01621,-6.873E-4,5.071E-5,-7.095E-4,-4.698E-4,-0.001294,-2.458E-4,0
1506623502937,true,533.457,0,-0.05013,-0.01947,-0.003268,-7.846E-4,-0.003188,-8.482E-4,-0.003735,-0.001525,-0.002829,-0.01572,-6.34E-4,1.779E-5,-7.478E-4,-4.589E-4,-0.001264,-2.716E-4,0
1506623503067,true,533.502,0,-0.05128,-0.01954,-0.003234,-7.86E-4,-0.003247,-8.788E-4,-0.00371,-0.001518,-0.003313,-0.01538,-6.08E-4,-8.3E-6,-7.223E-4,-4.645E-4,-0.001328,-2.593E-4,0
1506623503103,true,533.56,0,-0.05192,-0.01996,-0.003209,-7.869E-4,-0.003235,-9.077E-4,-0.003769,-0.001509,-0.002854,-0.01551,-6.45E-4,-3.112E-6,-6.78E-4,-4.95E-4,-0.001407,-2.384E-4,0
1506623503139,true,533.617,0,-0.05131,-0.0202,-0.003246,-7.831E-4,-0.00321,-9.054E-4,-0.003858,-0.001529,-0.00191,-0.01632,-6.82E-4,5.43E-6,-6.305E-4,-5.332E-4,-0.001413,-2.346E-4,0
1506623503176,true,533.675,0,-0.05096,-0.01991,-0.003292,-7.92E-4,-0.003186,-9.01E-4,-0.003868,-0.001572,-0.001356,-0.01701,-6.705E-4,2.093E-6,-6.599E-4,-5.39E-4,-0.001368,-2.582E-4,0
1506623503212,true,533.732,0,-0.05075,-0.01972,-0.003286,-8.076E-4,-0.003202,-8.901E-4,-0.003827,-0.001584,-0.002496,-0.01666,-6.431E-4,-1.821E-5,-7.228E-4,-5.25E-4,-0.001325,-2.962E-4,0
1506623503367,true,533.803,0,-0.05167,-0.01955,-0.003254,-8.115E-4,-0.00326,-8.991E-4,-0.003799,-0.001575,-0.0039,-0.01603,-6.242E-4,-4.49E-5,-7.304E-4,-5.232E-4,-0.001329,-3.128E-4,0
1506623503404,true,533.861,0,-0.05298,-0.01989,-0.003245,-8.087E-4,-0.003284,-9.243E-4,-0.003787,-0.001566,-0.004107,-0.01584,-6.703E-4,-4.624E-5,-7.102E-4,-5.327E-4,-0.001396,-2.995E-4,0
1506623503440,true,533.918,0,-0.05322,-0.02047,-0.003269,-8.034E-4,-0.003251,-9.355E-4,-0.003845,-0.001565,-0.003239,-0.01642,-7.584E-4,-2.951E-5,-6.926E-4,-5.594E-4,-0.001442,-2.884E-4,0
1506623503476,true,533.976,0,-0.05253,-0.02062,-0.003348,-8.008E-4,-0.003236,-9.207E-4,-0.003909,-0.001586,-0.002036,-0.01753,-8.013E-4,-1.947E-5,-6.993E-4,-5.759E-4,-0.001434,-2.864E-4,0
1506623503512,true,534.033,0,-0.05204,-0.02042,-0.003403,-8.097E-4,-0.003229,-9.088E-4,-0.003881,-0.00161,-0.001772,-0.01807,-7.77E-4,-2.657E-5,-7.66E-4,-5.603E-4,-0.001394,-3.087E-4,0
1506623503642,true,534.078,0,-0.05178,-0.02019,-0.003381,-8.212E-4,-0.003281,-9.045E-4,-0.003833,-0.001599,-0.002932,-0.01761,-7.253E-4,-5.317E-5,-8.189E-4,-5.427E-4,-0.001363,-3.34E-4,0
1506623503679,true,534.136,0,-0.05268,-0.02014,-0.003344,-8.184E-4,-0.003339,-9.29E-4,-0.003808,-0.001588,-0.003682,-0.01719,-6.866E-4,-7.826E-5,-8.044E-4,-5.422E-4,-0.001403,-3.268E-4,0
1506623503715,true,534.193,0,-0.0535,-0.0205,-0.003306,-8.172E-4,-0.003325,-9.62E-4,-0.003831,-0.001578,-0.003438,-0.01703,-7.21E-4,-6.958E-5,-7.522E-4,-5.666E-4,-0.001485,-3.013E-4,0
1506623503751,true,534.251,0,-0.05304,-0.02084,-0.003317,-8.094E-4,-0.003281,-9.656E-4,-0.003922,-0.001589,-0.002517,-0.01769,-7.687E-4,-5.331E-5,-6.945E-4,-6.027E-4,-0.001495,-2.937E-4,0
1506623503787,true,534.308,0,-0.05243,-0.02067,-0.003363,-8.112E-4,-0.003254,-9.553E-4,-0.003958,-0.001624,-0.001736,-0.01847,-7.53E-4,-5.067E-5,-6.932E-4,-6.141E-4,-0.001446,-3.083E-4,0
1506623503942,true,534.379,0,-0.05223,-0.02044,-0.003361,-8.253E-4,-0.003252,-9.427E-4,-0.003912,-0.001644,-0.002532,-0.01834,-7.151E-4,-6.252E-5,-7.5E-4,-5.986E-4,-0.001386,-3.436E-4,0
1506623503979,true,534.437,0,-0.0529,-0.0202,-0.003316,-8.324E-4,-0.003298,-9.445E-4,-0.003872,-0.001633,-0.00402,-0.01765,-6.829E-4,-8.621E-5,-7.696E-4,-5.89E-4,-0.001362,-3.684E-4,0
1506623504015,true,534.494,0,-0.05422,-0.0204,-0.003294,-8.304E-4,-0.003334,-9.659E-4,-0.003842,-0.001624,-0.004425,-0.01735,-6.968E-4,-9.551E-5,-7.333E-4,-5.953E-4,-0.001416,-3.567E-4,0
1506623504051,true,534.552,0,-0.05483,-0.02092,-0.003292,-8.284E-4,-0.003304,-9.815E-4,-0.003887,-0.00161,-0.003754,-0.01765,-7.818E-4,-7.489E-5,-7.047E-4,-6.196E-4,-0.001473,-3.385E-4,0
1506623504087,true,534.609,0,-0.05416,-0.02119,-0.003355,-8.253E-4,-0.003285,-9.652E-4,-0.003949,-0.00163,-0.002552,-0.01862,-8.399E-4,-6.078E-5,-6.865E-4,-6.434E-4,-0.001463,-3.348E-4,0
1506623504217,true,534.653,0,-0.05365,-0.02094,-0.003427,-8.347E-4,-0.003268,-9.571E-4,-0.003935,-0.001661,-0.001869,-0.01935,-8.303E-4,-6.577E-5,-7.513E-4,-6.314E-4,-0.00142,-3.526E-4,0
1506623504253,true,534.711,0,-0.0532,-0.02067,-0.003434,-8.459E-4,-0.003316,-9.442E-4,-0.003888,-0.001658,-0.002847,-0.01896,-8.041E-4,-8.849E-5,-8.307E-4,-6.094E-4,-0.001379,-3.815E-4,0
1506623504289,true,534.768,0,-0.05394,-0.02039,-0.003411,-8.435E-4,-0.003397,-9.534E-4,-0.003862,-0.001644,-0.003884,-0.01834,-7.764E-4,-1.13E-4,-8.471E-4,-5.998E-4,-0.001408,-3.829E-4,0
1506623504326,true,534.826,0,-0.05483,-0.02059,-0.003382,-8.371E-4,-0.003409,-9.801E-4,-0.00386,-0.00163,-0.003879,-0.01794,-7.986E-4,-1.089E-4,-8.068E-4,-6.122E-4,-0.001486,-3.567E-4,0
1506623504362,true,534.883,0,-0.05454,-0.02097,-0.003376,-8.272E-4,-0.003362,-9.836E-4,-0.003931,-0.00163,-0.003159,-0.01827,-8.478E-4,-8.474E-5,-7.475E-4,-6.423E-4,-0.001507,-3.428E-4,0
1506623504517,true,534.952,0,-0.05361,-0.02088,-0.003415,-8.225E-4,-0.003324,-9.674E-4,-0.003976,-0.00166,-0.002232,-0.01903,-8.386E-4,-7.312E-5,-7.209E-4,-6.564E-4,-0.001469,-3.447E-4,0
1506623504553,true,535.01,0,-0.05314,-0.02057,-0.00342,-8.315E-4,-0.003287,-9.519E-4,-0.003929,-0.001682,-0.002542,-0.01912,-7.934E-4,-7.463E-5,-7.651E-4,-6.368E-4,-0.001407,-3.73E-4,0
1506623504589,true,535.067,0,-0.05323,-0.02032,-0.003372,-8.377E-4,-0.00331,-9.399E-4,-0.003868,-0.001669,-0.004054,-0.01833,-7.424E-4,-9.569E-5,-7.869E-4,-6.193E-4,-0.001346,-4.02E-4,0
1506623504626,true,535.125,0,-0.05438,-0.02034,-0.003325,-8.344E-4,-0.003342,-9.55E-4,-0.003816,-0.001653,-0.00472,-0.01783,-7.234E-4,-1.061E-4,-7.579E-4,-6.134E-4,-0.001368,-3.965E-4,0
1506623504662,true,535.182,0,-0.05512,-0.02076,-0.003302,-8.304E-4,-0.003312,-9.722E-4,-0.003829,-0.001627,-0.004239,-0.0178,-7.812E-4,-8.753E-5,-7.136E-4,-6.293E-4,-0.001418,-3.743E-4,0
1506623504793,true,535.228,0,-0.05448,-0.02105,-0.003333,-8.234E-4,-0.003267,-9.623E-4,-0.003877,-0.001632,-0.002976,-0.01859,-8.295E-4,-6.935E-5,-6.782E-4,-6.532E-4,-0.001409,-3.649E-4,0
1506623504829,true,535.286,0,-0.05356,-0.02078,-0.003395,-8.244E-4,-0.003248,-9.459E-4,-0.003878,-0.001655,-0.001899,-0.01937,-8.118E-4,-6.905E-5,-7.137E-4,-6.464E-4,-0.00137,-3.721E-4,0
1506623504865,true,535.343,0,-0.05281,-0.02046,-0.003397,-8.394E-4,-0.003261,-9.331E-4,-0.003814,-0.001656,-0.002509,-0.01913,-7.713E-4,-8.455E-5,-7.822E-4,-6.245E-4,-0.001326,-3.961E-4,0
1506623504901,true,535.401,0,-0.05303,-0.02006,-0.003357,-8.434E-4,-0.003325,-9.377E-4,-0.003783,-0.001638,-0.0037,-0.01836,-7.302E-4,-1.106E-4,-7.994E-4,-6.149E-4,-0.001331,-4.045E-4,0
1506623504937,true,535.458,0,-0.05385,-0.02015,-0.003336,-8.346E-4,-0.00336,-9.625E-4,-0.003765,-0.001626,-0.003962,-0.01784,-7.461E-4,-1.147E-4,-7.633E-4,-6.233E-4,-0.001411,-3.78E-4,0
1506623505092,true,535.529,0,-0.05381,-0.02057,-0.003328,-8.268E-4,-0.003329,-9.735E-4,-0.003833,-0.001616,-0.003417,-0.01792,-8.236E-4,-8.902E-5,-7.214E-4,-6.509E-4,-0.001467,-3.588E-4,0
1506623505129,true,535.587,0,-0.05291,-0.02063,-0.003378,-8.173E-4,-0.003306,-9.524E-4,-0.003908,-0.001637,-0.002517,-0.01863,-8.559E-4,-7.015E-5,-6.927E-4,-6.713E-4,-0.001448,-3.568E-4,0
1506623505165,true,535.644,0,-0.0524,-0.02035,-0.003416,-8.182E-4,-0.00327,-9.337E-4,-0.003885,-0.001662,-0.002436,-0.0189,-8.243E-4,-6.723E-5,-7.349E-4,-6.538E-4,-0.001393,-3.793E-4,0
1506623505201,true,535.702,0,-0.05217,-0.02012,-0.003385,-8.227E-4,-0.00329,-9.131E-4,-0.003825,-0.001653,-0.003714,-0.01825,-7.788E-4,-8.271E-5,-7.747E-4,-6.299E-4,-0.001332,-4.093E-4,0
1506623505238,true,535.759,0,-0.05314,-0.02,-0.003344,-8.153E-4,-0.00333,-9.174E-4,-0.00377,-0.001634,-0.004606,-0.01768,-7.406E-4,-9.866E-5,-7.585E-4,-6.189E-4,-0.001335,-4.086E-4,0
1506623505368,true,535.803,0,-0.054,-0.02036,-0.003318,-8.087E-4,-0.003309,-9.374E-4,-0.003748,-0.001609,-0.004317,-0.0175,-7.753E-4,-8.459E-5,-7.202E-4,-6.245E-4,-0.00139,-3.802E-4,0
1506623505404,true,535.861,0,-0.05362,-0.02077,-0.003335,-7.988E-4,-0.00326,-9.334E-4,-0.003801,-0.001598,-0.003254,-0.0181,-8.244E-4,-6.365E-5,-6.771E-4,-6.459E-4,-0.001393,-3.648E-4,0
1506623505440,true,535.918,0,-0.05259,-0.02067,-0.003389,-7.997E-4,-0.003231,-9.188E-4,-0.00382,-0.001618,-0.001992,-0.01899,-8.161E-4,-5.754E-5,-6.808E-4,-6.478E-4,-0.001348,-3.651E-4,0
1506623505476,true,535.976,0,-0.05182,-0.02033,-0.00341,-8.099E-4,-0.00322,-9.056E-4,-0.00378,-0.001625,-0.002186,-0.01903,-7.719E-4,-6.798E-5,-7.438E-4,-6.246E-4,-0.001305,-3.848E-4,0
1506623505512,true,536.033,0,-0.05174,-0.01992,-0.003381,-8.115E-4,-0.003275,-9.012E-4,-0.003739,-0.001605,-0.003379,-0.01829,-7.22E-4,-9.342E-5,-7.768E-4,-6.08E-4,-0.001284,-4.019E-4,0
1506623505667,true,536.103,0,-0.05258,-0.01983,-0.003346,-8.05E-4,-0.003319,-9.207E-4,-0.003716,-0.001591,-0.003891,-0.01767,-7.113E-4,-1.072E-4,-7.53E-4,-6.093E-4,-0.001338,-3.858E-4,0
1506623505703,true,536.161,0,-0.05292,-0.02019,-0.003331,-7.951E-4,-0.003294,-9.375E-4,-0.003762,-0.001575,-0.003542,-0.01746,-7.622E-4,-9.288E-5,-7.092E-4,-6.346E-4,-0.001404,-3.632E-4,0
1506623505739,true,536.218,0,-0.05216,-0.02036,-0.003369,-7.828E-4,-0.003256,-9.25E-4,-0.00384,-0.001589,-0.002634,-0.01809,-8.098E-4,-7.469E-5,-6.725E-4,-6.593E-4,-0.001403,-3.557E-4,0
1506623505776,true,536.276,0,-0.05158,-0.0201,-0.003431,-7.822E-4,-0.003228,-9.085E-4,-0.003846,-0.00162,-0.002056,-0.01869,-8.078E-4,-6.779E-5,-7.123E-4,-6.508E-4,-0.001361,-3.716E-4,0
1506623505812,true,536.333,0,-0.05133,-0.01988,-0.003433,-7.879E-4,-0.003242,-8.855E-4,-0.003799,-0.001618,-0.003158,-0.01824,-7.806E-4,-7.676E-5,-7.748E-4,-6.244E-4,-0.001303,-4.037E-4,0
1506623505942,true,536.378,0,-0.05212,-0.01966,-0.0034,-7.82E-4,-0.003296,-8.841E-4,-0.003744,-0.001598,-0.004351,-0.01761,-7.429E-4,-9.359E-5,-7.783E-4,-6.071E-4,-0.001289,-4.132E-4,0
1506623505979,true,536.436,0,-0.05318,-0.01995,-0.003377,-7.739E-4,-0.003299,-9.045E-4,-0.00371,-0.001578,-0.004316,-0.01735,-7.572E-4,-8.871E-5,-7.325E-4,-6.097E-4,-0.00135,-3.874E-4,0
1506623506015,true,536.493,0,-0.05313,-0.02045,-0.003378,-7.646E-4,-0.003252,-9.081E-4,-0.003756,-0.001563,-0.003377,-0.01779,-8.093E-4,-6.59E-5,-6.857E-4,-6.303E-4,-0.001373,-3.674E-4,0
1506623506051,true,536.551,0,-0.05201,-0.02054,-0.003434,-7.581E-4,-0.003215,-8.959E-4,-0.003803,-0.001581,-0.002014,-0.01879,-8.194E-4,-5.434E-5,-6.718E-4,-6.403E-4,-0.001338,-3.64E-4,0
1506623506087,true,536.608,0,-0.05128,-0.02022,-0.003466,-7.682E-4,-0.003197,-8.854E-4,-0.003758,-0.001605,-0.001783,-0.01913,-7.62E-4,-6.303E-5,-7.248E-4,-6.192E-4,-0.001296,-3.8E-4,0
1506623506243,true,536.679,0,-0.05085,-0.01991,-0.00343,-7.764E-4,-0.003241,-8.766E-4,-0.003708,-0.001596,-0.003059,-0.01843,-6.944E-4,-9.242E-5,-7.673E-4,-6.0E-4,-0.001257,-4.018E-4,0
1506623506279,true,536.737,0,-0.05167,-0.01979,-0.003389,-7.717E-4,-0.003298,-8.957E-4,-0.003688,-0.001579,-0.003923,-0.01777,-6.463E-4,-1.197E-4,-7.342E-4,-6.003E-4,-0.001296,-3.933E-4,0
1506623506315,true,536.794,0,-0.05238,-0.02013,-0.003365,-7.637E-4,-0.003283,-9.227E-4,-0.003716,-0.001564,-0.003774,-0.0174,-6.826E-4,-1.1E-4,-6.782E-4,-6.232E-4,-0.001369,-3.692E-4,0
1506623506351,true,536.852,0,-0.05198,-0.02045,-0.003389,-7.52E-4,-0.003238,-9.182E-4,-0.0038,-0.00157,-0.002946,-0.01797,-7.412E-4,-9.116E-5,-6.188E-4,-6.552E-4,-0.001372,-3.628E-4,0
1506623506387,true,536.909,0,-0.05133,-0.0203,-0.003455,-7.494E-4,-0.003213,-8.995E-4,-0.003839,-0.001599,-0.002164,-0.01871,-7.494E-4,-8.365E-5,-6.305E-4,-6.575E-4,-0.001326,-3.743E-4,0
1506623506543,true,536.979,0,-0.05107,-0.0201,-0.003474,-7.591E-4,-0.003209,-8.796E-4,-0.003783,-0.00161,-0.002824,-0.01856,-7.228E-4,-9.357E-5,-6.936E-4,-6.334E-4,-0.001267,-4.022E-4,0
1506623506579,true,537.037,0,-0.05164,-0.01987,-0.003454,-7.626E-4,-0.003272,-8.733E-4,-0.003741,-0.001589,-0.004197,-0.01787,-6.927E-4,-1.209E-4,-7.253E-4,-6.186E-4,-0.001237,-4.226E-4,0
1506623506615,true,537.094,0,-0.05289,-0.02005,-0.003454,-7.524E-4,-0.003314,-8.903E-4,-0.00371,-0.001567,-0.004423,-0.01754,-7.195E-4,-1.221E-4,-7.048E-4,-6.159E-4,-0.001295,-4.045E-4,0
1506623506651,true,537.152,0,-0.05332,-0.02051,-0.003452,-7.442E-4,-0.003286,-9.0E-4,-0.003751,-0.001546,-0.003666,-0.01777,-7.788E-4,-1.017E-4,-6.598E-4,-6.342E-4,-0.001353,-3.786E-4,0
1506623506688,true,537.209,0,-0.05245,-0.02068,-0.003499,-7.351E-4,-0.003255,-8.836E-4,-0.00381,-0.001556,-0.002358,-0.0187,-7.977E-4,-9.002E-5,-6.243E-4,-6.493E-4,-0.001335,-3.679E-4,0
1506623506818,true,537.254,0,-0.05166,-0.02036,-0.003545,-7.402E-4,-0.003232,-8.724E-4,-0.003798,-0.001579,-0.00168,-0.01931,-7.467E-4,-9.383E-5,-6.517E-4,-6.352E-4,-0.00128,-3.801E-4,0
1506623506854,true,537.312,0,-0.05111,-0.02004,-0.003519,-7.524E-4,-0.003264,-8.582E-4,-0.003744,-0.001575,-0.002761,-0.01877,-6.791E-4,-1.175E-4,-6.915E-4,-6.158E-4,-0.001228,-4.061E-4,0
1506623506890,true,537.369,0,-0.05181,-0.01976,-0.00347,-7.492E-4,-0.003325,-8.693E-4,-0.003716,-0.001559,-0.004025,-0.01797,-6.114E-4,-1.489E-4,-6.639E-4,-6.124E-4,-0.001239,-4.078E-4,0
1506623506926,true,537.427,0,-0.05277,-0.02001,-0.003436,-7.407E-4,-0.003325,-8.969E-4,-0.003709,-0.001547,-0.004138,-0.01753,-6.096E-4,-1.518E-4,-5.973E-4,-6.302E-4,-0.001301,-3.839E-4,0
1506623506962,true,537.484,0,-0.05271,-0.02042,-0.003432,-7.319E-4,-0.003266,-9.024E-4,-0.003783,-0.001545,-0.003525,-0.01787,-6.518E-4,-1.349E-4,-5.259E-4,-6.629E-4,-0.001318,-3.732E-4,0
1506623507093,true,537.528,0,-0.05195,-0.02042,-0.003478,-7.305E-4,-0.003234,-8.827E-4,-0.003827,-0.001576,-0.002571,-0.01867,-6.506E-4,-1.288E-4,-5.004E-4,-6.798E-4,-0.001274,-3.801E-4,0
1506623507129,true,537.586,0,-0.05165,-0.02022,-0.00351,-7.413E-4,-0.003209,-8.68E-4,-0.003789,-0.001596,-0.002786,-0.0188,-6.196E-4,-1.36E-4,-5.443E-4,-6.641E-4,-0.001207,-4.119E-4,0
1506623507165,true,537.643,0,-0.05186,-0.02006,-0.003492,-7.483E-4,-0.003257,-8.576E-4,-0.00374,-0.001581,-0.00418,-0.01815,-5.853E-4,-1.594E-4,-5.805E-4,-6.467E-4,-0.001159,-4.413E-4,0
1506623507201,true,537.701,0,-0.05302,-0.02015,-0.00348,-7.455E-4,-0.003318,-8.715E-4,-0.003704,-0.001559,-0.00467,-0.01779,-5.716E-4,-1.778E-4,-5.592E-4,-6.432E-4,-0.001192,-4.337E-4,0
1506623507237,true,537.758,0,-0.05378,-0.02059,-0.003481,-7.409E-4,-0.003314,-8.914E-4,-0.003732,-0.001536,-0.004145,-0.01779,-6.299E-4,-1.684E-4,-5.162E-4,-6.62E-4,-0.001257,-4.093E-4,0
1506623507393,true,537.829,0,-0.05314,-0.02092,-0.003539,-7.307E-4,-0.003294,-8.815E-4,-0.003813,-0.00154,-0.00293,-0.01859,-6.832E-4,-1.556E-4,-4.823E-4,-6.892E-4,-0.001267,-3.98E-4,0
1506623507429,true,537.887,0,-0.05234,-0.02061,-0.003608,-7.328E-4,-0.003289,-8.655E-4,-0.003835,-0.001565,-0.001954,-0.01937,-6.655E-4,-1.547E-4,-5.101E-4,-6.859E-4,-0.001237,-4.038E-4,0
1506623507465,true,537.944,0,-0.05175,-0.02027,-0.003602,-7.468E-4,-0.003307,-8.523E-4,-0.003785,-0.001569,-0.002703,-0.01907,-6.01E-4,-1.76E-4,-5.565E-4,-6.677E-4,-0.001186,-4.308E-4,0
1506623507502,true,538.002,0,-0.05223,-0.01985,-0.003547,-7.49E-4,-0.003367,-8.564E-4,-0.003757,-0.00155,-0.004117,-0.01819,-5.219E-4,-2.096E-4,-5.514E-4,-6.602E-4,-0.001172,-4.436E-4,0
1506623507538,true,538.059,0,-0.05328,-0.01998,-0.003497,-7.428E-4,-0.003384,-8.806E-4,-0.003734,-0.001539,-0.004491,-0.01763,-5.054E-4,-2.172E-4,-4.895E-4,-6.717E-4,-0.001227,-4.253E-4,0
1506623507668,true,538.105,0,-0.05347,-0.02042,-0.003469,-7.351E-4,-0.003335,-8.9E-4,-0.003788,-0.001532,-0.003938,-0.01776,-5.497E-4,-1.973E-4,-4.118E-4,-7.035E-4,-0.001262,-4.091E-4,0
1506623507704,true,538.163,0,-0.05274,-0.02052,-0.003511,-7.28E-4,-0.003287,-8.739E-4,-0.003844,-0.001555,-0.002984,-0.01855,-5.559E-4,-1.876E-4,-3.6E-4,-7.286E-4,-0.001222,-4.132E-4,0
1506623507740,true,538.22,0,-0.05239,-0.02027,-0.003556,-7.337E-4,-0.003251,-8.57E-4,-0.003809,-0.001581,-0.002806,-0.01894,-5.159E-4,-1.924E-4,-3.951E-4,-7.143E-4,-0.001156,-4.379E-4,0
1506623507776,true,538.278,0,-0.05228,-0.02009,-0.00354,-7.447E-4,-0.003281,-8.387E-4,-0.003743,-0.001575,-0.003998,-0.01838,-4.744E-4,-2.152E-4,-4.392E-4,-6.928E-4,-0.001086,-4.735E-4,0
1506623507813,true,538.335,0,-0.05329,-0.02,-0.003521,-7.425E-4,-0.003339,-8.474E-4,-0.003702,-0.001554,-0.00478,-0.01792,-4.424E-4,-2.406E-4,-4.286E-4,-6.871E-4,-0.001099,-4.752E-4,0
1506623507968,true,538.404,0,-0.05425,-0.02037,-0.003519,-7.397E-4,-0.003339,-8.721E-4,-0.003701,-0.001533,-0.004456,-0.01775,-4.832E-4,-2.383E-4,-3.88E-4,-7.038E-4,-0.001168,-4.519E-4,0
1506623508003,true,538.462,0,-0.05383,-0.02081,-0.003551,-7.33E-4,-0.003304,-8.75E-4,-0.00377,-0.001532,-0.003286,-0.01839,-5.389E-4,-2.272E-4,-3.496E-4,-7.348E-4,-0.001192,-4.391E-4,0
1506623508040,true,538.519,0,-0.05272,-0.02072,-0.003625,-7.34E-4,-0.0033,-8.632E-4,-0.003814,-0.001559,-0.002075,-0.01928,-5.341E-4,-2.306E-4,-3.553E-4,-7.473E-4,-0.001165,-4.423E-4,0
1506623508076,true,538.577,0,-0.05209,-0.02038,-0.003656,-7.446E-4,-0.003309,-8.542E-4,-0.003786,-0.001576,-0.002376,-0.01924,-4.982E-4,-2.431E-4,-4.228E-4,-7.318E-4,-0.001127,-4.694E-4,0
1506623508112,true,538.634,0,-0.05218,-0.01999,-0.003625,-7.446E-4,-0.003373,-8.495E-4,-0.003768,-0.001557,-0.00387,-0.01835,-4.466E-4,-2.687E-4,-4.457E-4,-7.217E-4,-0.001103,-4.907E-4,0
1506623508268,true,538.705,0,-0.05313,-0.01996,-0.003582,-7.382E-4,-0.003411,-8.683E-4,-0.00375,-0.001543,-0.004584,-0.01763,-4.184E-4,-2.827E-4,-3.969E-4,-7.244E-4,-0.001145,-4.815E-4,0
1506623508304,true,538.763,0,-0.05363,-0.02033,-0.00355,-7.3E-4,-0.003376,-8.807E-4,-0.003784,-0.001529,-0.004281,-0.01744,-4.548E-4,-2.664E-4,-3.252E-4,-7.501E-4,-0.001191,-4.649E-4,0
1506623508340,true,538.82,0,-0.05303,-0.02053,-0.003575,-7.199E-4,-0.003315,-8.689E-4,-0.003843,-0.001543,-0.003445,-0.01806,-4.783E-4,-2.506E-4,-2.56E-4,-7.817E-4,-0.001162,-4.647E-4,0
1506623508376,true,538.878,0,-0.05249,-0.02031,-0.003617,-7.229E-4,-0.003283,-8.479E-4,-0.003829,-0.001571,-0.002854,-0.01865,-4.474E-4,-2.499E-4,-2.755E-4,-7.757E-4,-0.001092,-4.832E-4,0
1506623508412,true,538.935,0,-0.05221,-0.02015,-0.003606,-7.336E-4,-0.003287,-8.283E-4,-0.003749,-0.001576,-0.003727,-0.01834,-4.005E-4,-2.661E-4,-3.192E-4,-7.541E-4,-0.001013,-5.197E-4,0
1506623508543,true,538.979,0,-0.05291,-0.01995,-0.003568,-7.367E-4,-0.003342,-8.3E-4,-0.0037,-0.001552,-0.004756,-0.0178,-3.568E-4,-2.904E-4,-3.16E-4,-7.418E-4,-0.001006,-5.306E-4,0
1506623508579,true,539.037,0,-0.05389,-0.02019,-0.003551,-7.312E-4,-0.003357,-8.554E-4,-0.003667,-0.001535,-0.004597,-0.01757,-3.722E-4,-2.92E-4,-2.747E-4,-7.512E-4,-0.001068,-5.083E-4,0
1506623508615,true,539.094,0,-0.0537,-0.02064,-0.003561,-7.243E-4,-0.003327,-8.645E-4,-0.003726,-0.001525,-0.003688,-0.01795,-4.213E-4,-2.794E-4,-2.256E-4,-7.793E-4,-0.00111,-4.898E-4,0
1506623508651,true,539.152,0,-0.05259,-0.02069,-0.003623,-7.216E-4,-0.003313,-8.54E-4,-0.003781,-0.00155,-0.002419,-0.01885,-4.371E-4,-2.744E-4,-2.096E-4,-8.008E-4,-0.001083,-4.911E-4,0
1506623508688,true,539.209,0,-0.05184,-0.02035,-0.003666,-7.322E-4,-0.003302,-8.481E-4,-0.003766,-0.001577,-0.002342,-0.01909,-4.048E-4,-2.846E-4,-2.615E-4,-7.907E-4,-0.00105,-5.127E-4,0
1506623508843,true,539.28,0,-0.05158,-0.02003,-0.00365,-7.39E-4,-0.003352,-8.426E-4,-0.003736,-0.001571,-0.0038,-0.01827,-3.648E-4,-3.109E-4,-3.082E-4,-7.778E-4,-0.001018,-5.422E-4,0
1506623508879,true,539.338,0,-0.05258,-0.01992,-0.003623,-7.337E-4,-0.003414,-8.608E-4,-0.003727,-0.001561,-0.004783,-0.01755,-3.485E-4,-3.334E-4,-2.852E-4,-7.827E-4,-0.001064,-5.4E-4,0
1506623508951,true,539.395,0,-0.05344,-0.02032,-0.003619,-7.224E-4,-0.00341,-8.822E-4,-0.003768,-0.001546,-0.004723,-0.01723,-4.127E-4,-3.164E-4,-2.414E-4,-8.045E-4,-0.001138,-5.205E-4,0
1506623508987,true,539.453,0,-0.05316,-0.02068,-0.00364,-7.109E-4,-0.003363,-8.766E-4,-0.003849,-0.001553,-0.003909,-0.0178,-4.709E-4,-2.926E-4,-1.904E-4,-8.321E-4,-0.001138,-5.173E-4,0
1506623509024,true,539.51,0,-0.05268,-0.02055,-0.003693,-7.089E-4,-0.003332,-8.575E-4,-0.00387,-0.001581,-0.003071,-0.01857,-4.638E-4,-2.821E-4,-2.004E-4,-8.306E-4,-0.00108,-5.318E-4,0
1506623509117,true,539.554,0,-0.05237,-0.02039,-0.003703,-7.207E-4,-0.003325,-8.388E-4,-0.0038,-0.001593,-0.003685,-0.0185,-4.094E-4,-2.935E-4,-2.533E-4,-8.041E-4,-0.001011,-5.642E-4,0
1506623509153,true,539.612,0,-0.05278,-0.02021,-0.003663,-7.244E-4,-0.003374,-8.396E-4,-0.00374,-0.001575,-0.004866,-0.01792,-3.594E-4,-3.183E-4,-2.671E-4,-7.884E-4,-9.731E-4,-5.83E-4,0
1506623509190,true,539.669,0,-0.0538,-0.02039,-0.003642,-7.197E-4,-0.003409,-8.628E-4,-0.0037,-0.001558,-0.004994,-0.01764,-3.467E-4,-3.292E-4,-2.281E-4,-7.889E-4,-0.001025,-5.651E-4,0
1506623509226,true,539.727,0,-0.05413,-0.02082,-0.003626,-7.16E-4,-0.003381,-8.795E-4,-0.003745,-0.00154,-0.004172,-0.01788,-3.882E-4,-3.145E-4,-1.8E-4,-8.101E-4,-0.001086,-5.373E-4,0
1506623509262,true,539.784,0,-0.05317,-0.02097,-0.003664,-7.119E-4,-0.003352,-8.703E-4,-0.003817,-0.001555,-0.002921,-0.01873,-3.991E-4,-3.065E-4,-1.399E-4,-8.325E-4,-0.001072,-5.299E-4,0
1506623509417,true,539.855,0,-0.05241,-0.02058,-0.003705,-7.204E-4,-0.003336,-8.616E-4,-0.003817,-0.001586,-0.00238,-0.01925,-3.549E-4,-3.125E-4,-1.714E-4,-8.257E-4,-0.001029,-5.463E-4,0
1506623509454,true,539.913,0,-0.05187,-0.0203,-0.003684,-7.333E-4,-0.003376,-8.497E-4,-0.003772,-0.001587,-0.003593,-0.01862,-3.034E-4,-3.348E-4,-2.22E-4,-8.113E-4,-9.847E-4,-5.781E-4,0
1506623509490,true,539.97,0,-0.05266,-0.02005,-0.003638,-7.331E-4,-0.003438,-8.608E-4,-0.003754,-0.001577,-0.004814,-0.0178,-2.631E-4,-3.599E-4,-2.095E-4,-8.096E-4,-9.979E-4,-5.862E-4,0
1506623509526,true,540.028,0,-0.05366,-0.02034,-0.003614,-7.282E-4,-0.003439,-8.885E-4,-0.00376,-0.001566,-0.004995,-0.01736,-3.016E-4,-3.521E-4,-1.703E-4,-8.236E-4,-0.001066,-5.669E-4,0
1506623509562,true,540.085,0,-0.05364,-0.0208,-0.003631,-7.19E-4,-0.003392,-8.923E-4,-0.003834,-0.001568,-0.004349,-0.01773,-3.704E-4,-3.292E-4,-1.185E-4,-8.55E-4,-0.001092,-5.578E-4,0
1506623509693,true,540.131,0,-0.05293,-0.02084,-0.003702,-7.159E-4,-0.003361,-8.76E-4,-0.00389,-0.001591,-0.003353,-0.01861,-3.975E-4,-3.173E-4,-1.238E-4,-8.652E-4,-0.001052,-5.662E-4,0
1506623509729,true,540.189,0,-0.05267,-0.02064,-0.003752,-7.243E-4,-0.003359,-8.559E-4,-0.003854,-0.001607,-0.003474,-0.01884,-3.863E-4,-3.182E-4,-1.967E-4,-8.409E-4,-9.975E-4,-5.948E-4,0
1506623509766,true,540.246,0,-0.0527,-0.02046,-0.003738,-7.286E-4,-0.003414,-8.449E-4,-0.0038,-0.00159,-0.004664,-0.01827,-3.491E-4,-3.382E-4,-2.449E-4,-8.174E-4,-9.601E-4,-6.188E-4,0
1506623509802,true,540.304,0,-0.05373,-0.02046,-0.00371,-7.237E-4,-0.003465,-8.611E-4,-0.003758,-0.00157,-0.005092,-0.01789,-3.194E-4,-3.544E-4,-2.271E-4,-8.101E-4,-9.937E-4,-6.086E-4,0
1506623509838,true,540.361,0,-0.05427,-0.02086,-0.003685,-7.202E-4,-0.003441,-8.846E-4,-0.00378,-0.001548,-0.004438,-0.01788,-3.386E-4,-3.438E-4,-1.797E-4,-8.252E-4,-0.001058,-5.823E-4,0
1506623509993,true,540.43,0,-0.0534,-0.02112,-0.003709,-7.118E-4,-0.003402,-8.81E-4,-0.003853,-0.001556,-0.003247,-0.0186,-3.614E-4,-3.31E-4,-1.259E-4,-8.544E-4,-0.001073,-5.666E-4,0
1506623510029,true,540.488,0,-0.05259,-0.02077,-0.003752,-7.168E-4,-0.003378,-8.699E-4,-0.00387,-0.001586,-0.00231,-0.01931,-3.193E-4,-3.319E-4,-1.392E-4,-8.53E-4,-0.001035,-5.757E-4,0
1506623510065,true,540.545,0,-0.05202,-0.02043,-0.003735,-7.321E-4,-0.003375,-8.607E-4,-0.003824,-0.001596,-0.003109,-0.01892,-2.59E-4,-3.465E-4,-1.886E-4,-8.333E-4,-9.847E-4,-6.041E-4,0
1506623510102,true,540.603,0,-0.05251,-0.02008,-0.003678,-7.342E-4,-0.003424,-8.628E-4,-0.00379,-0.001584,-0.00455,-0.01804,-1.906E-4,-3.758E-4,-1.878E-4,-8.262E-4,-9.723E-4,-6.176E-4,0
1506623510138,true,540.66,0,-0.05364,-0.02019,-0.003634,-7.304E-4,-0.003443,-8.836E-4,-0.003774,-0.001571,-0.00496,-0.01751,-1.951E-4,-3.785E-4,-1.319E-4,-8.35E-4,-0.001026,-6.015E-4,0
1506623510294,true,540.73,0,-0.05397,-0.02061,-0.003622,-7.247E-4,-0.003394,-8.92E-4,-0.003823,-0.001564,-0.004375,-0.01769,-2.608E-4,-3.555E-4,-7.967E-5,-8.603E-4,-0.00107,-5.844E-4,0
1506623510330,true,540.788,0,-0.05325,-0.02074,-0.003667,-7.205E-4,-0.00335,-8.76E-4,-0.00388,-0.001582,-0.003313,-0.01852,-2.981E-4,-3.388E-4,-5.209E-5,-8.827E-4,-0.001035,-5.861E-4,0
1506623510366,true,540.845,0,-0.05281,-0.0205,-0.003719,-7.288E-4,-0.003324,-8.589E-4,-0.003838,-0.001605,-0.002963,-0.01899,-2.764E-4,-3.395E-4,-1.075E-4,-8.65E-4,-9.814E-4,-6.081E-4,0
1506623510402,true,540.903,0,-0.0525,-0.02027,-0.003713,-7.383E-4,-0.003357,-8.425E-4,-0.003774,-0.001592,-0.003982,-0.01852,-2.495E-4,-3.565E-4,-1.697E-4,-8.415E-4,-9.401E-4,-6.368E-4,0
1506623510438,true,540.96,0,-0.05328,-0.02007,-0.003697,-7.353E-4,-0.003423,-8.489E-4,-0.003737,-0.001567,-0.004739,-0.01798,-2.278E-4,-3.782E-4,-1.783E-4,-8.309E-4,-9.653E-4,-6.337E-4,0
1506623510543,true,540.98,0,-0.05398,-0.02026,-0.003686,-7.256E-4,-0.003429,-8.645E-4,-0.003742,-0.001538,-0.004381,-0.0177,-2.684E-4,-3.66E-4,-1.507E-4,-8.416E-4,-0.001046,-6.041E-4,0
1506623510579,true,541.038,0,-0.05321,-0.02043,-0.00369,-7.114E-4,-0.003388,-8.552E-4,-0.0038,-0.001523,-0.003339,-0.01806,-3.077E-4,-3.45E-4,-9.933E-5,-8.657E-4,-0.001065,-5.861E-4,0
1506623510615,true,541.095,0,-0.05181,-0.01996,-0.003713,-7.044E-4,-0.003339,-8.355E-4,-0.003808,-0.001532,-0.002279,-0.01858,-2.707E-4,-3.383E-4,-8.761E-5,-8.679E-4,-0.001023,-5.842E-4,0
1506623510652,true,541.153,0,-0.05065,-0.01929,-0.003686,-7.09E-4,-0.00329,-8.127E-4,-0.003733,-0.001533,-0.002668,-0.01818,-2.017E-4,-3.458E-4,-1.196E-4,-8.44E-4,-9.706E-4,-6.009E-4,0
1506623510688,true,541.21,0,-0.05015,-0.01862,-0.003601,-7.086E-4,-0.003297,-7.931E-4,-0.003655,-0.001506,-0.004079,-0.01695,-1.284E-4,-3.628E-4,-1.22E-4,-8.255E-4,-9.229E-4,-6.194E-4,0
1506623510843,true,541.281,0,-0.05046,-0.01825,-0.003521,-6.969E-4,-0.003283,-7.918E-4,-0.00358,-0.001476,-0.0047,-0.01598,-8.307E-5,-3.693E-4,-6.317E-5,-8.217E-4,-9.447E-4,-6.053E-4,0
1506623510879,true,541.339,0,-0.05029,-0.01821,-0.003454,-6.853E-4,-0.003202,-7.839E-4,-0.003546,-0.00144,-0.004304,-0.01548,-1.073E-4,-3.469E-4,3.794E-6,-8.319E-4,-9.695E-4,-5.817E-4,0
1506623510915,true,541.396,0,-0.04879,-0.01797,-0.003432,-6.712E-4,-0.003113,-7.488E-4,-0.003537,-0.001422,-0.003347,-0.01571,-1.242E-4,-3.257E-4,6.442E-5,-8.446E-4,-9.261E-4,-5.728E-4,0
1506623510951,true,541.454,0,-0.0472,-0.01726,-0.003423,-6.664E-4,-0.003031,-7.145E-4,-0.003457,-0.001416,-0.002589,-0.01585,-9.285E-5,-3.166E-4,5.813E-5,-8.3E-4,-8.538E-4,-5.78E-4,0
1506623510987,true,541.511,0,-0.04553,-0.01657,-0.003371,-6.677E-4,-0.002986,-6.755E-4,-0.00333,-0.001386,-0.003122,-0.01503,-4.956E-5,-3.202E-4,2.299E-5,-7.976E-4,-7.869E-4,-5.934E-4,0
1506623511143,true,541.58,0,-0.04474,-0.01579,-0.003292,-6.61E-4,-0.002978,-6.527E-4,-0.003222,-0.001339,-0.003912,-0.01396,3.01E-6,-3.34E-4,3.844E-5,-7.789E-4,-7.572E-4,-5.921E-4,0
1506623511179,true,541.638,0,-0.04421,-0.01543,-0.003222,-6.493E-4,-0.00294,-6.454E-4,-0.00313,-0.001296,-0.003674,-0.01314,3.68E-6,-3.276E-4,7.975E-5,-7.736E-4,-7.962E-4,-5.635E-4,0
1506623511215,true,541.695,0,-0.04256,-0.01526,-0.003165,-6.378E-4,-0.002862,-6.251E-4,-0.0031,-0.001258,-0.002755,-0.01286,-2.583E-5,-3.038E-4,1.296E-4,-7.841E-4,-8.038E-4,-5.395E-4,0
1506623511252,true,541.753,0,-0.04006,-0.01468,-0.003154,-6.225E-4,-0.002793,-5.888E-4,-0.003076,-0.001245,-0.001614,-0.01298,-2.323E-5,-2.874E-4,1.565E-4,-7.866E-4,-7.69E-4,-5.275E-4,0
1506623511288,true,541.81,0,-0.03809,-0.01373,-0.003124,-6.128E-4,-0.002717,-5.525E-4,-0.002981,-0.001228,-0.001518,-0.01247,2.892E-5,-2.792E-4,1.381E-4,-7.614E-4,-7.136E-4,-5.333E-4,0
1506623511417,true,541.854,0,-0.03638,-0.01276,-0.003023,-6.071E-4,-0.002673,-5.125E-4,-0.002864,-0.001187,-0.002673,-0.01103,1.023E-4,-2.835E-4,1.461E-4,-7.378E-4,-6.511E-4,-5.396E-4,0
1506623511453,true,541.912,0,-0.03556,-0.01193,-0.002913,-5.897E-4,-0.00263,-4.843E-4,-0.002749,-0.001139,-0.003373,-0.009661,1.658E-4,-2.822E-4,1.969E-4,-7.202E-4,-6.264E-4,-5.266E-4,0
1506623511489,true,541.969,0,-0.03457,-0.01154,-0.002799,-5.76E-4,-0.002533,-4.623E-4,-0.002642,-0.001091,-0.003224,-0.008574,1.846E-4,-2.612E-4,2.715E-4,-7.16E-4,-6.177E-4,-5.025E-4,0
1506623511525,true,542.027,0,-0.03249,-0.01114,-0.002718,-5.579E-4,-0.002401,-4.28E-4,-0.002575,-0.001054,-0.002297,-0.008291,1.977E-4,-2.36E-4,3.439E-4,-7.171E-4,-5.589E-4,-4.86E-4,0
1506623511562,true,542.084,0,-0.03006,-0.01034,-0.002667,-5.446E-4,-0.002289,-3.855E-4,-0.002469,-0.001033,-0.001189,-0.008239,2.48E-4,-2.209E-4,3.785E-4,-7.038E-4,-4.748E-4,-4.802E-4,0
1506623511717,true,542.154,0,-0.02776,-0.009435,-0.002585,-5.429E-4,-0.002199,-3.426E-4,-0.002313,-0.001003,-0.001238,-0.007491,3.196E-4,-2.177E-4,3.667E-4,-6.699E-4,-3.899E-4,-4.871E-4,0
1506623511753,true,542.212,0,-0.02603,-0.008523,-0.002482,-5.355E-4,-0.002149,-3.107E-4,-0.00218,-9.519E-4,-0.001911,-0.006226,3.922E-4,-2.281E-4,3.874E-4,-6.472E-4,-3.31E-4,-4.865E-4,0
1506623511789,true,542.269,0,-0.025,-0.00793,-0.002391,-5.236E-4,-0.002098,-2.968E-4,-0.00206,-9.055E-4,-0.001852,-0.005173,4.365E-4,-2.286E-4,4.356E-4,-6.368E-4,-3.323E-4,-4.627E-4,0
1506623511825,true,542.327,0,-0.0234,-0.007662,-0.002304,-5.134E-4,-0.002008,-2.808E-4,-0.001996,-8.616E-4,-0.001097,-0.004567,4.332E-4,-2.092E-4,4.898E-4,-6.441E-4,-3.432E-4,-4.342E-4,0
1506623511862,true,542.384,0,-0.02078,-0.007184,-0.002265,-4.997E-4,-0.001921,-2.481E-4,-0.001958,-8.409E-4,-4.351E-5,-0.004527,4.354E-4,-1.936E-4,5.437E-4,-6.534E-4,-3.077E-4,-4.186E-4,0
1506623512017,true,542.454,0,-0.01856,-0.006302,-0.002228,-4.935E-4,-0.001848,-2.158E-4,-0.001876,-8.351E-4,5.503E-4,-0.004303,4.833E-4,-1.886E-4,5.404E-4,-6.382E-4,-2.529E-4,-4.172E-4,0
1506623512053,true,542.512,0,-0.0167,-0.005555,-0.002167,-4.905E-4,-0.001812,-1.782E-4,-0.001764,-8.129E-4,-3.082E-4,-0.003147,5.306E-4,-1.936E-4,5.263E-4,-6.177E-4,-1.98E-4,-4.292E-4,0
1506623512089,true,542.569,0,-0.01603,-0.004879,-0.002095,-4.787E-4,-0.0018,-1.609E-4,-0.001681,-7.775E-4,-0.001224,-0.001971,5.621E-4,-1.999E-4,5.454E-4,-6.041E-4,-1.769E-4,-4.28E-4,0
1506623512126,true,542.627,0,-0.01574,-0.004717,-0.002031,-4.646E-4,-0.001749,-1.535E-4,-0.001616,-7.425E-4,-0.00118,-0.001134,5.495E-4,-1.844E-4,5.908E-4,-5.998E-4,-1.971E-4,-4.038E-4,0
1506623512162,true,542.684,0,-0.0146,-0.004759,-0.001989,-4.482E-4,-0.001661,-1.335E-4,-0.001599,-7.124E-4,-2.933E-4,-0.001121,5.237E-4,-1.587E-4,6.458E-4,-6.053E-4,-1.852E-4,-3.843E-4,0
1506623512292,true,542.73,0,-0.0128,-0.004438,-0.001979,-4.371E-4,-0.001593,-1.009E-4,-0.001556,-7.086E-4,7.778E-4,-0.001517,5.407E-4,-1.421E-4,6.756E-4,-6.037E-4,-1.339E-4,-3.748E-4,0
1506623512328,true,542.788,0,-0.01132,-0.003932,-0.001953,-4.389E-4,-0.00153,-7.825E-5,-0.00146,-7.018E-4,0.001004,-0.001442,5.976E-4,-1.419E-4,6.547E-4,-5.801E-4,-7.483E-5,-3.824E-4,0
1506623512364,true,542.845,0,-0.01026,-0.003424,-0.001894,-4.386E-4,-0.00152,-5.85E-5,-0.001365,-6.77E-4,2.276E-4,-6.315E-4,6.628E-4,-1.558E-4,6.423E-4,-5.59E-4,-2.614E-5,-3.895E-4,0
1506623512400,true,542.903,0,-0.01018,-0.003134,-0.001834,-4.316E-4,-0.001513,-6.138E-5,-0.001293,-6.522E-4,-2.595E-5,7.537E-5,7.073E-4,-1.661E-4,6.688E-4,-5.492E-4,-4.209E-5,-3.715E-4,0
1506623512436,true,542.96,0,-0.009992,-0.003254,-0.001779,-4.281E-4,-0.001473,-7.045E-5,-0.001272,-6.304E-4,4.098E-4,4.993E-4,6.992E-4,-1.552E-4,7.136E-4,-5.599E-4,-8.972E-5,-3.431E-4,0
1506623512567,true,543.005,0,-0.008732,-0.003314,-0.001769,-4.189E-4,-0.001416,-6.297E-5,-0.001306,-6.266E-4,0.00139,1.275E-4,6.776E-4,-1.401E-4,7.636E-4,-5.815E-4,-8.396E-5,-3.321E-4,0
1506623512603,true,543.063,0,-0.007558,-0.002939,-0.001784,-4.189E-4,-0.001376,-5.206E-5,-0.001301,-6.441E-4,0.002208,-3.473E-4,7.011E-4,-1.367E-4,7.601E-4,-5.819E-4,-4.749E-5,-3.359E-4,0
1506623512640,true,543.12,0,-0.006751,-0.002613,-0.001774,-4.233E-4,-0.001366,-3.689E-5,-0.001255,-6.488E-4,0.001478,7.809E-5,7.307E-4,-1.446E-4,7.295E-4,-5.695E-4,-7.768E-6,-3.564E-4,0
1506623512675,true,543.178,0,-0.006948,-0.002357,-0.001746,-4.219E-4,-0.001397,-3.681E-5,-0.00123,-6.355E-4,2.637E-4,8.58E-4,7.587E-4,-1.619E-4,7.218E-4,-5.61E-4,3.983E-6,-3.691E-4,0
1506623512712,true,543.235,0,-0.007903,-0.002571,-0.001732,-4.158E-4,-0.00141,-5.199E-5,-0.00121,-6.248E-4,-1.059E-5,0.001224,7.309E-4,-1.619E-4,7.407E-4,-5.656E-4,-5.097E-5,-3.535E-4,0
1506623512867,true,543.305,0,-0.008174,-0.00317,-0.001741,-4.093E-4,-0.001385,-6.293E-5,-0.001259,-6.142E-4,5.485E-4,9.501E-4,6.533E-4,-1.407E-4,7.605E-4,-5.835E-4,-9.095E-5,-3.395E-4,0
1506623512903,true,543.363,0,-0.007626,-0.003478,-0.001804,-4.047E-4,-0.001379,-5.113E-5,-0.001314,-6.316E-4,0.001676,-5.364E-5,5.998E-4,-1.268E-4,7.62E-4,-5.981E-4,-8.486E-5,-3.389E-4,0
1506623512939,true,543.42,0,-0.007394,-0.003438,-0.001868,-4.075E-4,-0.00138,-4.449E-5,-0.001316,-6.531E-4,0.002263,-8.121E-4,6.017E-4,-1.246E-4,7.024E-4,-5.839E-4,-6.659E-5,-3.504E-4,0
1506623512976,true,543.478,0,-0.007321,-0.003414,-0.001871,-4.163E-4,-0.001426,-3.959E-5,-0.001302,-6.478E-4,0.001378,-6.274E-4,6.251E-4,-1.41E-4,6.411E-4,-5.66E-4,-4.145E-5,-3.708E-4,0
1506623513011,true,543.535,0,-0.008472,-0.003449,-0.001867,-4.131E-4,-0.001493,-5.925E-5,-0.001305,-6.394E-4,6.974E-4,-3.704E-4,6.503E-4,-1.636E-4,6.285E-4,-5.601E-4,-7.757E-5,-3.678E-4,0
1506623513167,true,543.604,0,-0.00967,-0.003958,-0.001863,-4.099E-4,-0.001515,-9.384E-5,-0.001337,-6.364E-4,7.963E-4,-3.261E-4,6.249E-4,-1.627E-4,6.47E-4,-5.734E-4,-1.576E-4,-3.452E-4,0
1506623513203,true,543.662,0,-0.009729,-0.004569,-0.001886,-4.027E-4,-0.001505,-1.059E-4,-0.00143,-6.478E-4,0.00149,-9.784E-4,5.831E-4,-1.508E-4,6.823E-4,-6.034E-4,-1.927E-4,-3.353E-4,0
1506623513239,true,543.719,0,-0.009463,-0.004682,-0.001947,-4.032E-4,-0.001504,-1.054E-4,-0.001505,-6.825E-4,0.002306,-0.001959,5.756E-4,-1.471E-4,6.741E-4,-6.139E-4,-1.819E-4,-3.406E-4,0
1506623513275,true,543.777,0,-0.009572,-0.004674,-0.001981,-4.147E-4,-0.001519,-1.045E-4,-0.001516,-7.099E-4,0.001851,-0.002154,6.003E-4,-1.57E-4,6.22E-4,-6.031E-4,-1.532E-4,-3.683E-4,0
1506623513312,true,543.834,0,-0.01038,-0.004649,-0.001973,-4.222E-4,-0.00158,-1.087E-4,-0.001525,-7.099E-4,4.67E-4,-0.001678,6.139E-4,-1.737E-4,5.913E-4,-5.965E-4,-1.383E-4,-3.94E-4,0
1506623513442,true,543.88,0,-0.01218,-0.004949,-0.001981,-4.189E-4,-0.001639,-1.299E-4,-0.001535,-7.11E-4,-1.698E-4,-0.001473,5.966E-4,-1.82E-4,5.951E-4,-6.008E-4,-1.884E-4,-3.902E-4,0
1506623513478,true,543.938,0,-0.01348,-0.005621,-0.001999,-4.179E-4,-0.001648,-1.514E-4,-0.001599,-7.051E-4,1.207E-4,-0.001729,5.165E-4,-1.666E-4,6.079E-4,-6.198E-4,-2.562E-4,-3.769E-4,0
1506623513514,true,543.995,0,-0.01361,-0.006103,-0.002063,-4.15E-4,-0.001649,-1.484E-4,-0.00169,-7.173E-4,0.001056,-0.002765,4.476E-4,-1.519E-4,6.066E-4,-6.375E-4,-2.723E-4,-3.749E-4,0
1506623513551,true,544.053,0,-0.01355,-0.006106,-0.002146,-4.187E-4,-0.001664,-1.442E-4,-0.001721,-7.453E-4,0.001895,-0.003768,4.167E-4,-1.446E-4,5.514E-4,-6.323E-4,-2.612E-4,-3.857E-4,0
1506623513587,true,544.11,0,-0.01367,-0.006034,-0.002183,-4.298E-4,-0.001718,-1.391E-4,-0.001713,-7.531E-4,0.001278,-0.003784,4.098E-4,-1.554E-4,4.655E-4,-6.143E-4,-2.525E-4,-4.076E-4,0
1506623513742,true,544.18,0,-0.0147,-0.005888,-0.002191,-4.288E-4,-0.00181,-1.481E-4,-0.001721,-7.457E-4,2.753E-4,-0.003391,4.119E-4,-1.735E-4,4.185E-4,-6.013E-4,-2.887E-4,-4.114E-4,0
1506623513778,true,544.238,0,-0.01598,-0.006202,-0.002193,-4.225E-4,-0.001856,-1.731E-4,-0.001745,-7.378E-4,7.474E-5,-0.003156,3.933E-4,-1.752E-4,4.29E-4,-6.084E-4,-3.759E-4,-3.893E-4,0
1506623513814,true,544.295,0,-0.01623,-0.006771,-0.002197,-4.175E-4,-0.001838,-1.879E-4,-0.001819,-7.382E-4,6.472E-4,-0.00354,3.428E-4,-1.573E-4,4.545E-4,-6.305E-4,-4.251E-4,-3.756E-4,0
1506623513851,true,544.353,0,-0.01572,-0.006919,-0.002237,-4.138E-4,-0.001835,-1.81E-4,-0.001891,-7.657E-4,0.001494,-0.004412,3.344E-4,-1.488E-4,4.739E-4,-6.46E-4,-4.092E-4,-3.754E-4,0
1506623513887,true,544.41,0,-0.01568,-0.006755,-0.002262,-4.224E-4,-0.001822,-1.769E-4,-0.001896,-7.953E-4,0.001394,-0.004752,3.623E-4,-1.484E-4,4.329E-4,-6.339E-4,-3.749E-4,-3.956E-4,0
1506623514017,true,544.455,0,-0.01593,-0.006703,-0.002247,-4.268E-4,-0.001859,-1.715E-4,-0.001877,-7.968E-4,3.148E-5,-0.004211,3.976E-4,-1.628E-4,3.91E-4,-6.18E-4,-3.375E-4,-4.234E-4,0
1506623514053,true,544.513,0,-0.01745,-0.006738,-0.002225,-4.253E-4,-0.001905,-1.88E-4,-0.001863,-7.923E-4,-8.522E-4,-0.00384,4.127E-4,-1.751E-4,3.943E-4,-6.127E-4,-3.681E-4,-4.209E-4,0
1506623514089,true,544.57,0,-0.01873,-0.007259,-0.002215,-4.233E-4,-0.001909,-2.062E-4,-0.00188,-7.825E-4,-7.343E-4,-0.003814,3.671E-4,-1.625E-4,4.253E-4,-6.27E-4,-4.27E-4,-4.043E-4,0
1506623514125,true,544.628,0,-0.01881,-0.007766,-0.002249,-4.173E-4,-0.001883,-2.072E-4,-0.001955,-7.861E-4,1.096E-4,-0.004538,3.077E-4,-1.444E-4,4.467E-4,-6.441E-4,-4.391E-4,-3.976E-4,0
1506623514162,true,544.685,0,-0.01836,-0.00773,-0.00231,-4.2E-4,-0.001878,-1.988E-4,-0.001986,-8.095E-4,0.001149,-0.005491,2.928E-4,-1.38E-4,4.186E-4,-6.44E-4,-4.163E-4,-3.999E-4,0
1506623514317,true,544.755,0,-0.01804,-0.007593,-0.002343,-4.312E-4,-0.001897,-1.893E-4,-0.001969,-8.157E-4,9.434E-4,-0.005619,3.074E-4,-1.46E-4,3.498E-4,-6.246E-4,-3.949E-4,-4.149E-4,0
1506623514353,true,544.813,0,-0.01839,-0.007314,-0.002335,-4.371E-4,-0.001964,-1.923E-4,-0.00196,-8.025E-4,-1.253E-4,-0.00509,3.319E-4,-1.659E-4,3.142E-4,-6.145E-4,-3.989E-4,-4.244E-4,0
1506623514389,true,544.87,0,-0.0195,-0.007362,-0.002329,-4.343E-4,-0.002016,-2.144E-4,-0.001961,-7.927E-4,-4.942E-4,-0.00469,3.23E-4,-1.733E-4,3.209E-4,-6.182E-4,-4.669E-4,-4.073E-4,0
1506623514425,true,544.928,0,-0.01987,-0.007749,-0.002328,-4.301E-4,-0.002008,-2.301E-4,-0.002024,-7.809E-4,-2.036E-4,-0.004636,2.65E-4,-1.596E-4,3.411E-4,-6.373E-4,-5.361E-4,-3.876E-4,0
1506623514462,true,544.985,0,-0.01916,-0.0079,-0.00237,-4.206E-4,-0.001998,-2.19E-4,-0.002105,-7.922E-4,5.699E-4,-0.005234,2.223E-4,-1.415E-4,3.538E-4,-6.51E-4,-5.455E-4,-3.798E-4,0
1506623514592,true,545.03,0,-0.01875,-0.00759,-0.002402,-4.207E-4,-0.001977,-2.053E-4,-0.002106,-8.175E-4,9.375E-4,-0.00567,2.472E-4,-1.354E-4,3.264E-4,-6.425E-4,-5.19E-4,-3.901E-4,0
1506623514628,true,545.088,0,-0.01852,-0.007367,-0.002381,-4.289E-4,-0.001986,-1.908E-4,-0.002066,-8.181E-4,-1.014E-4,-0.005186,2.886E-4,-1.448E-4,2.847E-4,-6.2E-4,-4.778E-4,-4.124E-4,0
1506623514665,true,545.145,0,-0.01937,-0.007199,-0.00234,-4.276E-4,-0.002019,-1.928E-4,-0.002024,-8.05E-4,-0.001194,-0.004559,3.294E-4,-1.571E-4,2.965E-4,-6.113E-4,-4.672E-4,-4.178E-4,0
1506623514701,true,545.203,0,-0.02043,-0.007528,-0.002316,-4.22E-4,-0.002009,-2.11E-4,-0.002006,-7.89E-4,-0.001231,-0.00429,3.187E-4,-1.499E-4,3.344E-4,-6.144E-4,-5.134E-4,-3.965E-4,0
1506623514737,true,545.26,0,-0.02041,-0.008008,-0.002318,-4.161E-4,-0.001962,-2.149E-4,-0.002044,-7.816E-4,-4.805E-4,-0.004729,2.67E-4,-1.272E-4,3.776E-4,-6.328E-4,-5.273E-4,-3.817E-4,0
1506623514892,true,545.331,0,-0.01961,-0.008022,-0.002361,-4.156E-4,-0.001938,-2.019E-4,-0.002075,-7.973E-4,7.074E-4,-0.005663,2.674E-4,-1.186E-4,3.838E-4,-6.363E-4,-5.035E-4,-3.769E-4,0
1506623514928,true,545.389,0,-0.01903,-0.007774,-0.00238,-4.274E-4,-0.001923,-1.96E-4,-0.00205,-8.086E-4,8.49E-4,-0.005951,3.042E-4,-1.228E-4,3.308E-4,-6.162E-4,-4.689E-4,-3.898E-4,0
1506623514964,true,545.446,0,-0.01883,-0.007458,-0.002349,-4.386E-4,-0.001967,-1.911E-4,-0.002021,-7.955E-4,-2.45E-4,-0.005349,3.406E-4,-1.426E-4,2.978E-4,-6.027E-4,-4.399E-4,-4.063E-4,0
1506623515001,true,545.504,0,-0.01965,-0.007383,-0.002327,-4.375E-4,-0.002013,-2.098E-4,-0.002008,-7.82E-4,-8.076E-4,-0.004845,3.62E-4,-1.593E-4,3.172E-4,-6.024E-4,-4.865E-4,-3.935E-4,0
1506623515037,true,545.561,0,-0.02026,-0.007706,-0.002306,-4.37E-4,-0.002008,-2.294E-4,-0.002043,-7.682E-4,-6.504E-4,-0.004559,3.154E-4,-1.48E-4,3.51E-4,-6.2E-4,-5.572E-4,-3.713E-4,0
1506623515168,true,545.605,0,-0.01964,-0.008033,-0.002335,-4.292E-4,-0.001983,-2.279E-4,-0.002116,-7.796E-4,9.131E-5,-0.005075,2.74E-4,-1.352E-4,3.855E-4,-6.445E-4,-5.698E-4,-3.628E-4,0
1506623515204,true,545.663,0,-0.01918,-0.007802,-0.002386,-4.311E-4,-0.001969,-2.164E-4,-0.002142,-8.096E-4,8.149E-4,-0.005775,2.697E-4,-1.297E-4,3.674E-4,-6.474E-4,-5.434E-4,-3.696E-4,0
1506623515240,true,545.72,0,-0.01896,-0.007637,-0.002399,-4.425E-4,-0.001978,-2.044E-4,-0.002113,-8.227E-4,1.254E-5,-0.005547,2.786E-4,-1.372E-4,3.088E-4,-6.301E-4,-5.112E-4,-3.947E-4,0
1506623515276,true,545.778,0,-0.01974,-0.007429,-0.002395,-4.412E-4,-0.00203,-2.05E-4,-0.002103,-8.074E-4,-0.001231,-0.004937,2.817E-4,-1.51E-4,2.698E-4,-6.138E-4,-5.11E-4,-4.085E-4,0
1506623515313,true,545.835,0,-0.02105,-0.007686,-0.002387,-4.359E-4,-0.00206,-2.231E-4,-0.002092,-7.906E-4,-0.00152,-0.004649,2.587E-4,-1.471E-4,2.885E-4,-6.125E-4,-5.584E-4,-3.951E-4,0
1506623515467,true,545.906,0,-0.02143,-0.008234,-0.002388,-4.312E-4,-0.002035,-2.311E-4,-0.00213,-7.785E-4,-8.451E-4,-0.004976,2.007E-4,-1.248E-4,3.174E-4,-6.245E-4,-5.949E-4,-3.785E-4,0
1506623515504,true,545.964,0,-0.02077,-0.008439,-0.002433,-4.288E-4,-0.002018,-2.189E-4,-0.002187,-7.913E-4,3.519E-4,-0.005931,1.793E-4,-1.126E-4,3.324E-4,-6.359E-4,-5.81E-4,-3.709E-4,0
1506623515539,true,546.021,0,-0.02028,-0.00823,-0.002476,-4.372E-4,-0.002002,-2.155E-4,-0.002177,-8.113E-4,9.001E-4,-0.006507,2.105E-4,-1.168E-4,2.888E-4,-6.207E-4,-5.518E-4,-3.811E-4,0
1506623515576,true,546.079,0,-0.01987,-0.008036,-0.002469,-4.473E-4,-0.002039,-2.089E-4,-0.002144,-8.089E-4,-4.075E-5,-0.006063,2.508E-4,-1.355E-4,2.422E-4,-6.028E-4,-5.238E-4,-4.016E-4,0
1506623515612,true,546.136,0,-0.02064,-0.00787,-0.002436,-4.481E-4,-0.002095,-2.25E-4,-0.00214,-7.971E-4,-9.102E-4,-0.005505,2.901E-4,-1.579E-4,2.469E-4,-5.957E-4,-5.424E-4,-4.016E-4,0
1506623515767,true,546.205,0,-0.02159,-0.008191,-0.002411,-4.467E-4,-0.002099,-2.539E-4,-0.00216,-7.877E-4,-9.466E-4,-0.00519,2.658E-4,-1.544E-4,2.87E-4,-6.101E-4,-6.03E-4,-3.811E-4,0
1506623515804,true,546.263,0,-0.02144,-0.008648,-0.002419,-4.417E-4,-0.002069,-2.602E-4,-0.002235,-7.965E-4,-2.626E-4,-0.005605,2.12E-4,-1.374E-4,3.355E-4,-6.401E-4,-6.266E-4,-3.707E-4,0
1506623515839,true,546.32,0,-0.02088,-0.008592,-0.002468,-4.441E-4,-0.002059,-2.504E-4,-0.002286,-8.266E-4,5.179E-4,-0.006376,1.995E-4,-1.308E-4,3.274E-4,-6.474E-4,-6.011E-4,-3.755E-4,0
1506623515876,true,546.378,0,-0.02066,-0.008439,-0.002498,-4.545E-4,-0.002049,-2.424E-4,-0.002267,-8.469E-4,1.422E-4,-0.006451,2.106E-4,-1.343E-4,2.657E-4,-6.322E-4,-5.623E-4,-4.015E-4,0
1506623515912,true,546.435,0,-0.02108,-0.008298,-0.002489,-4.608E-4,-0.002102,-2.356E-4,-0.002241,-8.402E-4,-0.001189,-0.005854,2.169E-4,-1.487E-4,2.313E-4,-6.18E-4,-5.286E-4,-4.265E-4,0
1506623516017,true,546.455,0,-0.02242,-0.008462,-0.002488,-4.591E-4,-0.002152,-2.519E-4,-0.002221,-8.329E-4,-0.001733,-0.005498,1.982E-4,-1.567E-4,2.375E-4,-6.15E-4,-5.731E-4,-4.175E-4,0
1506623516053,true,546.513,0,-0.02325,-0.009003,-0.002503,-4.545E-4,-0.002146,-2.699E-4,-0.002263,-8.175E-4,-0.00125,-0.005674,1.171E-4,-1.38E-4,2.461E-4,-6.264E-4,-6.339E-4,-3.97E-4,0
1506623516090,true,546.57,0,-0.02276,-0.009376,-0.002558,-4.482E-4,-0.002133,-2.639E-4,-0.00233,-8.277E-4,-1.014E-4,-0.006615,6.25E-5,-1.204E-4,2.555E-4,-6.406E-4,-6.36E-4,-3.91E-4,0
1506623516126,true,546.628,0,-0.0222,-0.009171,-0.002616,-4.525E-4,-0.002126,-2.56E-4,-0.002347,-8.524E-4,8.094E-4,-0.007449,7.516E-5,-1.17E-4,2.09E-4,-6.285E-4,-6.078E-4,-3.996E-4,0
1506623516162,true,546.685,0,-0.02178,-0.008943,-0.002617,-4.644E-4,-0.002149,-2.474E-4,-0.002309,-8.575E-4,1.297E-4,-0.007193,1.099E-4,-1.304E-4,1.55E-4,-6.078E-4,-5.698E-4,-4.218E-4,0
1506623516317,true,546.756,0,-0.0224,-0.008652,-0.002579,-4.673E-4,-0.002207,-2.59E-4,-0.002294,-8.466E-4,-9.379E-4,-0.00656,1.571E-4,-1.533E-4,1.535E-4,-5.991E-4,-5.671E-4,-4.309E-4,0
1506623516354,true,546.814,0,-0.02352,-0.008826,-0.002552,-4.641E-4,-0.002235,-2.828E-4,-0.002298,-8.379E-4,-0.00115,-0.006115,1.509E-4,-1.536E-4,1.878E-4,-6.051E-4,-6.282E-4,-4.118E-4,0
1506623516389,true,546.871,0,-0.02364,-0.009283,-0.002546,-4.578E-4,-0.002201,-2.96E-4,-0.002363,-8.373E-4,-6.417E-4,-0.006311,1.035E-4,-1.342E-4,2.451E-4,-6.307E-4,-6.648E-4,-3.973E-4,0
1506623516426,true,546.929,0,-0.02294,-0.009391,-0.002584,-4.533E-4,-0.002172,-2.869E-4,-0.00242,-8.632E-4,2.18E-4,-0.007119,7.938E-5,-1.206E-4,2.668E-4,-6.448E-4,-6.37E-4,-4.0E-4,0
1506623516462,true,546.986,0,-0.02272,-0.009174,-0.002621,-4.604E-4,-0.002152,-2.803E-4,-0.002404,-8.909E-4,2.318E-4,-0.007452,9.907E-5,-1.207E-4,2.251E-4,-6.324E-4,-5.927E-4,-4.196E-4,0
1506623516617,true,547.056,0,-0.02275,-0.00906,-0.002607,-4.687E-4,-0.002188,-2.699E-4,-0.002362,-8.888E-4,-0.001049,-0.006878,1.205E-4,-1.359E-4,1.809E-4,-6.155E-4,-5.476E-4,-4.456E-4,0
1506623516654,true,547.114,0,-0.02388,-0.009082,-0.002598,-4.653E-4,-0.00224,-2.825E-4,-0.002344,-8.736E-4,-0.001766,-0.006448,1.241E-4,-1.461E-4,1.826E-4,-6.07E-4,-5.693E-4,-4.45E-4,0
1506623516690,true,547.171,0,-0.02486,-0.009559,-0.002598,-4.627E-4,-0.002243,-3.049E-4,-0.002349,-8.588E-4,-0.001386,-0.00639,6.584E-5,-1.36E-4,1.986E-4,-6.166E-4,-6.361E-4,-4.222E-4,0
1506623516726,true,547.229,0,-0.02449,-0.009997,-0.002638,-4.56E-4,-0.002221,-3.048E-4,-0.002416,-8.565E-4,-3.066E-4,-0.007102,2.119E-6,-1.202E-4,2.145E-4,-6.357E-4,-6.542E-4,-4.091E-4,0
1506623516762,true,547.286,0,-0.02366,-0.009897,-0.002707,-4.582E-4,-0.002224,-2.956E-4,-0.002455,-8.787E-4,7.941E-4,-0.008002,-1.316E-5,-1.174E-4,1.791E-4,-6.324E-4,-6.364E-4,-4.078E-4,0
1506623516892,true,547.331,0,-0.02307,-0.009609,-0.002743,-4.643E-4,-0.002247,-2.843E-4,-0.002434,-8.856E-4,4.563E-4,-0.007985,6.618E-7,-1.231E-4,1.024E-4,-6.102E-4,-6.093E-4,-4.25E-4,0
1506623516929,true,547.389,0,-0.02333,-0.009222,-0.002718,-4.649E-4,-0.002309,-2.837E-4,-0.00242,-8.702E-4,-7.696E-4,-0.007228,3.727E-5,-1.409E-4,7.706E-5,-5.969E-4,-5.97E-4,-4.385E-4,0
1506623516965,true,547.446,0,-0.02434,-0.009257,-0.002683,-4.592E-4,-0.002345,-3.047E-4,-0.002407,-8.602E-4,-0.001276,-0.006633,4.777E-5,-1.458E-4,1.127E-4,-5.982E-4,-6.515E-4,-4.224E-4,0
1506623517001,true,547.504,0,-0.02478,-0.009635,-0.002655,-4.519E-4,-0.002313,-3.167E-4,-0.002456,-8.495E-4,-0.001001,-0.006501,1.023E-5,-1.27E-4,1.688E-4,-6.191E-4,-6.939E-4,-4.022E-4,0
1506623517037,true,547.561,0,-0.02414,-0.009789,-0.002668,-4.474E-4,-0.002279,-3.056E-4,-0.002512,-8.651E-4,-1.402E-4,-0.007152,-7.968E-6,-1.117E-4,2.073E-4,-6.38E-4,-6.776E-4,-3.962E-4,0
1506623517192,true,547.631,0,-0.02375,-0.009524,-0.002695,-4.51E-4,-0.00225,-2.902E-4,-0.002506,-8.887E-4,2.174E-4,-0.0076,1.737E-5,-1.039E-4,1.854E-4,-6.248E-4,-6.247E-4,-4.106E-4,0
1506623517229,true,547.689,0,-0.02356,-0.009345,-0.002674,-4.607E-4,-0.002264,-2.705E-4,-0.002451,-8.887E-4,-7.618E-4,-0.007156,4.478E-5,-1.106E-4,1.448E-4,-6.022E-4,-5.653E-4,-4.36E-4,0
1506623517264,true,547.746,0,-0.02435,-0.009174,-0.002645,-4.59E-4,-0.0023,-2.74E-4,-0.00241,-8.745E-4,-0.001697,-0.006622,7.371E-5,-1.27E-4,1.459E-4,-5.898E-4,-5.602E-4,-4.388E-4,0
1506623517301,true,547.804,0,-0.02529,-0.009453,-0.002625,-4.567E-4,-0.002308,-2.927E-4,-0.002386,-8.581E-4,-0.001563,-0.006411,4.883E-5,-1.201E-4,1.695E-4,-5.929E-4,-6.105E-4,-4.184E-4,0
1506623517337,true,547.861,0,-0.02505,-0.009916,-0.002637,-4.499E-4,-0.00227,-2.99E-4,-0.00243,-8.496E-4,-6.731E-4,-0.006855,-1.1E-5,-1.017E-4,1.964E-4,-6.114E-4,-6.374E-4,-3.995E-4,0
1506623517467,true,547.906,0,-0.02396,-0.009934,-0.002687,-4.494E-4,-0.00226,-2.888E-4,-0.00247,-8.671E-4,5.278E-4,-0.007699,-2.442E-5,-9.451E-5,1.907E-4,-6.18E-4,-6.23E-4,-3.921E-4,0
1506623517504,true,547.964,0,-0.0232,-0.009616,-0.002721,-4.569E-4,-0.002257,-2.817E-4,-0.00245,-8.843E-4,6.581E-4,-0.007877,-3.712E-6,-1.011E-4,1.29E-4,-6.02E-4,-5.903E-4,-4.082E-4,0
1506623517540,true,548.021,0,-0.02289,-0.009254,-0.002702,-4.613E-4,-0.002306,-2.768E-4,-0.002429,-8.715E-4,-5.269E-4,-0.00715,2.318E-5,-1.196E-4,8.338E-5,-5.861E-4,-5.757E-4,-4.251E-4,0
1506623517575,true,548.079,0,-0.02371,-0.009134,-0.002681,-4.562E-4,-0.002357,-2.927E-4,-0.002409,-8.64E-4,-0.001221,-0.006498,2.643E-5,-1.309E-4,8.938E-5,-5.862E-4,-6.245E-4,-4.147E-4,0
1506623517612,true,548.136,0,-0.02432,-0.009504,-0.002668,-4.474E-4,-0.002353,-3.082E-4,-0.002457,-8.485E-4,-0.001188,-0.006171,-2.691E-5,-1.133E-4,1.173E-4,-6.007E-4,-6.873E-4,-3.931E-4,0
1506623517767,true,548.206,0,-0.02389,-0.009795,-0.002684,-4.374E-4,-0.002309,-3.009E-4,-0.002526,-8.55E-4,-4.107E-4,-0.006698,-7.796E-5,-9.064E-5,1.546E-4,-6.214E-4,-6.931E-4,-3.838E-4,0
1506623517804,true,548.264,0,-0.02337,-0.009581,-0.00272,-4.376E-4,-0.002277,-2.862E-4,-0.002535,-8.808E-4,3.194E-4,-0.007382,-7.098E-5,-7.875E-5,1.451E-4,-6.169E-4,-6.526E-4,-3.925E-4,0
1506623517840,true,548.321,0,-0.02313,-0.009413,-0.002715,-4.471E-4,-0.002277,-2.682E-4,-0.002479,-8.88E-4,-3.614E-4,-0.007197,-4.29E-5,-8.147E-5,9.699E-5,-5.926E-4,-6.0E-4,-4.18E-4,0
1506623517876,true,548.379,0,-0.02377,-0.009193,-0.002673,-4.499E-4,-0.00232,-2.653E-4,-0.002442,-8.684E-4,-0.00147,-0.006625,-2.573E-6,-9.898E-5,8.454E-5,-5.789E-4,-5.748E-4,-4.319E-4,0
1506623517912,true,548.436,0,-0.02496,-0.009415,-0.00265,-4.482E-4,-0.002336,-2.856E-4,-0.002409,-8.529E-4,-0.00159,-0.00636,-1.093E-5,-9.804E-5,1.083E-4,-5.774E-4,-6.182E-4,-4.133E-4,0
1506623518042,true,548.481,0,-0.02517,-0.009929,-0.002636,-4.465E-4,-0.002305,-2.972E-4,-0.002446,-8.38E-4,-8.082E-4,-0.006681,-5.648E-5,-8.142E-5,1.44E-4,-5.955E-4,-6.623E-4,-3.922E-4,0
1506623518079,true,548.539,0,-0.02431,-0.0101,-0.002676,-4.437E-4,-0.002292,-2.877E-4,-0.002503,-8.546E-4,3.694E-4,-0.007582,-8.044E-5,-7.166E-5,1.594E-4,-6.093E-4,-6.538E-4,-3.833E-4,0
1506623518115,true,548.596,0,-0.02368,-0.009781,-0.002708,-4.548E-4,-0.002281,-2.823E-4,-0.002492,-8.836E-4,8.142E-4,-0.008086,-5.33E-5,-7.771E-5,1.115E-4,-5.982E-4,-6.276E-4,-3.957E-4,0
1506623518151,true,548.654,0,-0.02327,-0.009509,-0.002695,-4.668E-4,-0.002317,-2.793E-4,-0.002466,-8.832E-4,-2.446E-4,-0.00754,-1.729E-5,-9.638E-5,6.206E-5,-5.821E-4,-6.052E-4,-4.158E-4,0
1506623518187,true,548.711,0,-0.02412,-0.00932,-0.002666,-4.677E-4,-0.002374,-2.95E-4,-0.002458,-8.754E-4,-0.001277,-0.006877,4.719E-6,-1.145E-4,5.703E-5,-5.794E-4,-6.349E-4,-4.16E-4,0
1506623518343,true,548.781,0,-0.02515,-0.009676,-0.002655,-4.627E-4,-0.002383,-3.203E-4,-0.002477,-8.677E-4,-0.001455,-0.006459,-4.721E-5,-1.051E-4,8.388E-5,-5.92E-4,-7.062E-4,-3.972E-4,0
1506623518379,true,548.839,0,-0.02511,-0.01014,-0.002673,-4.561E-4,-0.00235,-3.251E-4,-0.002553,-8.749E-4,-7.901E-4,-0.006905,-1.199E-4,-8.524E-5,1.162E-4,-6.185E-4,-7.365E-4,-3.874E-4,0
1506623518415,true,548.896,0,-0.02457,-0.01019,-0.002739,-4.542E-4,-0.002337,-3.119E-4,-0.002611,-9.012E-4,1.166E-5,-0.007737,-1.534E-4,-7.057E-5,9.358E-5,-6.207E-4,-7.118E-4,-3.937E-4,0
1506623518451,true,548.954,0,-0.02447,-0.01006,-0.002775,-4.621E-4,-0.002336,-2.988E-4,-0.002583,-9.201E-4,-2.997E-4,-0.007894,-1.463E-4,-7.114E-5,2.536E-5,-5.988E-4,-6.69E-4,-4.186E-4,0
1506623518487,true,549.011,0,-0.02494,-0.00991,-0.002756,-4.697E-4,-0.00238,-2.934E-4,-0.002544,-9.105E-4,-0.001454,-0.007429,-1.25E-4,-8.47E-5,-1.923E-5,-5.765E-4,-6.385E-4,-4.387E-4,0
1506623518642,true,549.082,0,-0.02623,-0.01006,-0.002739,-4.675E-4,-0.00242,-3.14E-4,-0.002512,-8.991E-4,-0.001771,-0.007208,-1.162E-4,-9.23E-5,-1.172E-5,-5.659E-4,-6.788E-4,-4.272E-4,0
1506623518679,true,549.14,0,-0.02694,-0.01059,-0.002724,-4.663E-4,-0.002402,-3.34E-4,-0.002545,-8.815E-4,-0.001136,-0.00738,-1.637E-4,-7.637E-5,1.664E-5,-5.779E-4,-7.317E-4,-4.071E-4,0
1506623518715,true,549.197,0,-0.02636,-0.0109,-0.002762,-4.604E-4,-0.002379,-3.305E-4,-0.002613,-8.91E-4,6.083E-5,-0.008259,-1.998E-4,-6.11E-5,4.715E-5,-5.997E-4,-7.416E-4,-3.952E-4,0
1506623518751,true,549.255,0,-0.02573,-0.01067,-0.0028,-4.697E-4,-0.002371,-3.261E-4,-0.002614,-9.246E-4,9.507E-4,-0.009052,-1.773E-4,-5.882E-5,1.599E-5,-5.926E-4,-7.138E-4,-4.025E-4,0
1506623518787,true,549.312,0,-0.02533,-0.01042,-0.002789,-4.858E-4,-0.002398,-3.189E-4,-0.002581,-9.33E-4,1.438E-4,-0.008735,-1.397E-4,-7.263E-5,-3.704E-5,-5.738E-4,-6.753E-4,-4.289E-4,0
1506623518918,true,549.356,0,-0.02611,-0.01013,-0.002746,-4.906E-4,-0.002451,-3.304E-4,-0.002575,-9.237E-4,-0.001179,-0.00795,-1.001E-4,-9.505E-5,-4.394E-5,-5.69E-4,-6.788E-4,-4.398E-4,0
1506623518954,true,549.414,0,-0.02729,-0.01035,-0.002719,-4.878E-4,-0.002471,-3.566E-4,-0.002574,-9.182E-4,-0.001528,-0.007478,-1.167E-4,-9.822E-5,-9.651E-6,-5.789E-4,-7.365E-4,-4.255E-4,0
1506623518990,true,549.471,0,-0.02763,-0.01082,-0.002716,-4.83E-4,-0.002443,-3.656E-4,-0.002636,-9.191E-4,-0.001049,-0.007696,-1.847E-4,-7.862E-5,2.715E-5,-6.03E-4,-7.748E-4,-4.136E-4,0
1506623519026,true,549.529,0,-0.02716,-0.01095,-0.002771,-4.794E-4,-0.002424,-3.524E-4,-0.0027,-9.429E-4,-1.682E-4,-0.008569,-2.223E-4,-6.534E-5,4.263E-5,-6.194E-4,-7.524E-4,-4.171E-4,0
1506623519062,true,549.586,0,-0.02699,-0.0108,-0.002819,-4.889E-4,-0.002412,-3.428E-4,-0.002688,-9.674E-4,-8.709E-5,-0.008956,-2.185E-4,-6.392E-5,-2.098E-5,-6.018E-4,-7.123E-4,-4.369E-4,0
1506623519218,true,549.657,0,-0.02704,-0.01069,-0.002817,-4.995E-4,-0.00245,-3.341E-4,-0.002655,-9.581E-4,-0.001235,-0.008486,-2.139E-4,-7.805E-5,-8.235E-5,-5.805E-4,-6.856E-4,-4.6E-4,0
1506623519254,true,549.715,0,-0.02812,-0.0107,-0.002816,-4.965E-4,-0.002515,-3.448E-4,-0.002631,-9.431E-4,-0.001957,-0.008136,-2.196E-4,-9.066E-5,-9.619E-5,-5.695E-4,-7.236E-4,-4.545E-4,0
1506623519290,true,549.772,0,-0.02909,-0.01108,-0.002807,-4.936E-4,-0.002514,-3.664E-4,-0.002644,-9.24E-4,-0.001579,-0.008072,-2.742E-4,-7.628E-5,-7.603E-5,-5.772E-4,-7.941E-4,-4.296E-4,0
1506623519326,true,549.83,0,-0.0286,-0.01146,-0.002822,-4.88E-4,-0.002484,-3.647E-4,-0.002706,-9.265E-4,-4.883E-4,-0.00876,-3.165E-4,-5.79E-5,-4.284E-5,-5.965E-4,-8.132E-4,-4.137E-4,0
1506623519362,true,549.887,0,-0.02768,-0.01125,-0.00286,-4.91E-4,-0.00247,-3.545E-4,-0.002735,-9.52E-4,6.29E-4,-0.009604,-2.95E-4,-5.4E-5,-5.885E-5,-5.947E-4,-7.848E-4,-4.145E-4,0
1506623519493,true,549.933,0,-0.0271,-0.01094,-0.002859,-5.021E-4,-0.002461,-3.488E-4,-0.002699,-9.641E-4,1.012E-4,-0.009433,-2.41E-4,-6.305E-5,-1.029E-4,-5.742E-4,-7.407E-4,-4.348E-4,0
1506623519530,true,549.991,0,-0.02734,-0.01061,-0.00281,-5.077E-4,-0.002499,-3.501E-4,-0.002674,-9.513E-4,-0.001273,-0.008589,-1.852E-4,-8.568E-5,-1.09E-4,-5.632E-4,-7.201E-4,-4.506E-4,0
1506623519566,true,550.048,0,-0.02839,-0.0107,-0.002764,-5.059E-4,-0.002521,-3.715E-4,-0.002655,-9.441E-4,-0.001899,-0.007986,-1.74E-4,-9.137E-5,-6.519E-5,-5.667E-4,-7.611E-4,-4.379E-4,0
1506623519602,true,550.106,0,-0.02896,-0.01112,-0.002731,-5.026E-4,-0.002479,-3.865E-4,-0.002701,-9.333E-4,-0.001606,-0.007931,-2.145E-4,-7.359E-5,-1.453E-5,-5.879E-4,-8.018E-4,-4.206E-4,0
1506623519638,true,550.163,0,-0.02838,-0.01134,-0.002757,-4.999E-4,-0.002435,-3.756E-4,-0.002755,-9.484E-4,-7.07E-4,-0.008651,-2.497E-4,-5.721E-5,2.855E-5,-6.094E-4,-7.763E-4,-4.19E-4,0
1506623519768,true,550.207,0,-0.028,-0.01113,-0.0028,-5.064E-4,-0.002409,-3.633E-4,-0.002738,-9.777E-4,-2.034E-4,-0.00924,-2.322E-4,-5.548E-5,-1.196E-5,-6.009E-4,-7.229E-4,-4.346E-4,0
1506623519804,true,550.265,0,-0.02776,-0.01098,-0.002791,-5.204E-4,-0.002423,-3.519E-4,-0.002679,-9.768E-4,-0.001071,-0.008927,-2.093E-4,-6.735E-5,-7.74E-5,-5.745E-4,-6.713E-4,-4.601E-4,0
1506623519840,true,550.322,0,-0.02854,-0.01079,-0.002773,-5.232E-4,-0.002474,-3.609E-4,-0.002642,-9.594E-4,-0.001912,-0.008482,-1.888E-4,-8.589E-5,-8.998E-5,-5.624E-4,-6.79E-4,-4.631E-4,0
1506623519876,true,550.38,0,-0.02953,-0.01104,-0.00276,-5.221E-4,-0.002486,-3.835E-4,-0.002627,-9.445E-4,-0.001729,-0.008283,-2.22E-4,-8.315E-5,-7.383E-5,-5.666E-4,-7.483E-4,-4.357E-4,0
1506623519912,true,550.437,0,-0.02924,-0.01148,-0.002771,-5.181E-4,-0.002464,-3.89E-4,-0.002684,-9.389E-4,-7.994E-4,-0.008733,-2.908E-4,-6.576E-5,-4.951E-5,-5.887E-4,-7.842E-4,-4.177E-4,0
1506623520068,true,550.507,0,-0.0281,-0.01142,-0.002822,-5.163E-4,-0.002449,-3.798E-4,-0.002732,-9.586E-4,3.48E-4,-0.009571,-3.112E-4,-5.578E-5,-5.685E-5,-5.998E-4,-7.74E-4,-4.135E-4,0
1506623520104,true,550.565,0,-0.02742,-0.01103,-0.002847,-5.235E-4,-0.002435,-3.717E-4,-0.002716,-9.729E-4,2.247E-4,-0.009658,-2.734E-4,-5.938E-5,-1.039E-4,-5.843E-4,-7.404E-4,-4.277E-4,0
1506623520140,true,550.622,0,-0.02722,-0.01066,-0.002803,-5.314E-4,-0.002473,-3.626E-4,-0.002682,-9.638E-4,-0.001115,-0.008812,-2.169E-4,-7.713E-5,-1.241E-4,-5.703E-4,-7.125E-4,-4.455E-4,0
1506623520176,true,550.68,0,-0.02805,-0.01054,-0.002749,-5.278E-4,-0.002495,-3.755E-4,-0.002648,-9.545E-4,-0.001912,-0.008101,-1.824E-4,-8.587E-5,-8.946E-5,-5.676E-4,-7.357E-4,-4.376E-4,0
1506623520212,true,550.737,0,-0.02869,-0.01091,-0.002696,-5.286E-4,-0.002457,-3.931E-4,-0.002658,-9.427E-4,-0.001853,-0.007764,-2.097E-4,-6.987E-5,-3.013E-5,-5.844E-4,-7.729E-4,-4.208E-4,0
1506623520368,true,550.807,0,-0.02826,-0.0112,-0.002699,-5.228E-4,-0.002398,-3.868E-4,-0.00271,-9.489E-4,-0.001079,-0.008305,-2.442E-4,-5.001E-5,2.403E-5,-6.089E-4,-7.64E-4,-4.121E-4,0
1506623520404,true,550.865,0,-0.02765,-0.01107,-0.002731,-5.274E-4,-0.002357,-3.733E-4,-0.002708,-9.728E-4,-2.297E-4,-0.009034,-2.259E-4,-4.404E-5,1.705E-5,-6.051E-4,-7.062E-4,-4.235E-4,0
1506623520440,true,550.922,0,-0.02729,-0.0109,-0.00272,-5.421E-4,-0.00234,-3.647E-4,-0.002646,-9.779E-4,-7.333E-4,-0.008897,-1.911E-4,-5.339E-5,-3.726E-5,-5.813E-4,-6.533E-4,-4.468E-4,0
1506623520476,true,550.98,0,-0.02777,-0.01064,-0.002688,-5.481E-4,-0.00238,-3.666E-4,-0.002592,-9.623E-4,-0.001725,-0.008353,-1.5E-4,-7.386E-5,-5.649E-5,-5.673E-4,-6.271E-4,-4.584E-4,0
1506623520512,true,551.037,0,-0.0287,-0.01078,-0.002669,-5.482E-4,-0.002407,-3.872E-4,-0.002556,-9.487E-4,-0.001715,-0.008089,-1.5E-4,-8.242E-5,-3.249E-5,-5.697E-4,-6.782E-4,-4.383E-4,0
1506623520643,true,551.082,0,-0.0287,-0.01121,-0.00266,-5.485E-4,-0.002379,-4.032E-4,-0.002604,-9.364E-4,-9.437E-4,-0.008331,-2.019E-4,-6.862E-5,-5.225E-6,-5.881E-4,-7.305E-4,-4.153E-4,0
1506623520679,true,551.14,0,-0.02757,-0.01131,-0.0027,-5.484E-4,-0.002362,-3.959E-4,-0.002657,-9.543E-4,1.576E-4,-0.009135,-2.233E-4,-6.168E-5,1.134E-5,-6.075E-4,-7.222E-4,-4.092E-4,0
1506623520715,true,551.197,0,-0.02685,-0.01095,-0.002742,-5.563E-4,-0.002342,-3.946E-4,-0.002657,-9.806E-4,5.486E-4,-0.009525,-2.001E-4,-6.603E-5,-3.276E-5,-6.005E-4,-6.889E-4,-4.252E-4,0
1506623520751,true,551.255,0,-0.0265,-0.01066,-0.00273,-5.652E-4,-0.002377,-3.892E-4,-0.002621,-9.86E-4,-6.524E-4,-0.008856,-1.795E-4,-8.2E-5,-8.245E-5,-5.883E-4,-6.634E-4,-4.463E-4,0
1506623520788,true,551.312,0,-0.0274,-0.01047,-0.0027,-5.627E-4,-0.002427,-3.982E-4,-0.002604,-9.764E-4,-0.001799,-0.008101,-1.571E-4,-9.762E-5,-7.226E-5,-5.85E-4,-6.928E-4,-4.449E-4,0
1506623520918,true,551.357,0,-0.02839,-0.01077,-0.002669,-5.583E-4,-0.002413,-4.205E-4,-0.002603,-9.652E-4,-0.001918,-0.007697,-1.819E-4,-8.881E-5,-2.642E-5,-5.985E-4,-7.546E-4,-4.234E-4,0
1506623520954,true,551.415,0,-0.02825,-0.0112,-0.002668,-5.503E-4,-0.002359,-4.175E-4,-0.002653,-9.658E-4,-0.001216,-0.008133,-2.313E-4,-6.507E-5,2.074E-5,-6.197E-4,-7.594E-4,-4.142E-4,0
1506623520990,true,551.472,0,-0.02759,-0.01123,-0.002707,-5.5E-4,-0.002317,-4.041E-4,-0.002676,-9.899E-4,-1.9E-4,-0.008992,-2.256E-4,-5.651E-5,2.523E-5,-6.23E-4,-7.101E-4,-4.182E-4,0
1506623521026,true,551.53,0,-0.02728,-0.01105,-0.002726,-5.618E-4,-0.002298,-3.917E-4,-0.002624,-0.001005,-3.373E-4,-0.009154,-1.926E-4,-5.983E-5,-2.557E-5,-5.998E-4,-6.587E-4,-4.382E-4,0
1506623521063,true,551.587,0,-0.02746,-0.01084,-0.002696,-5.699E-4,-0.002332,-3.903E-4,-0.002571,-9.906E-4,-0.001421,-0.008605,-1.504E-4,-8.083E-5,-5.229E-5,-5.83E-4,-6.261E-4,-4.562E-4,0
1506623521217,true,551.657,0,-0.02848,-0.0109,-0.002665,-5.699E-4,-0.00237,-4.113E-4,-0.00254,-9.758E-4,-0.001764,-0.008261,-1.222E-4,-9.746E-5,-3.125E-5,-5.805E-4,-6.663E-4,-4.408E-4,0
1506623521254,true,551.715,0,-0.02895,-0.01132,-0.002651,-5.698E-4,-0.002352,-4.357E-4,-0.002564,-9.624E-4,-0.001176,-0.00825,-1.625E-4,-8.709E-5,7.522E-6,-5.996E-4,-7.231E-4,-4.169E-4,0
1506623521290,true,551.772,0,-0.0282,-0.0115,-0.002681,-5.669E-4,-0.002323,-4.343E-4,-0.00263,-9.756E-4,-1.025E-4,-0.008971,-1.954E-4,-7.698E-5,3.604E-5,-6.218E-4,-7.244E-4,-4.096E-4,0
1506623521326,true,551.83,0,-0.0275,-0.01116,-0.002725,-5.728E-4,-0.002307,-4.297E-4,-0.002651,-0.001003,6.06E-4,-0.009595,-1.73E-4,-7.98E-5,8.68E-6,-6.213E-4,-7.008E-4,-4.183E-4,0
1506623521362,true,551.887,0,-0.02708,-0.01086,-0.002717,-5.848E-4,-0.002326,-4.227E-4,-0.002612,-0.001012,-3.022E-4,-0.009149,-1.458E-4,-9.464E-5,-4.989E-5,-6.026E-4,-6.67E-4,-4.428E-4,0
1506623521493,true,551.932,0,-0.02774,-0.01058,-0.002684,-5.869E-4,-0.00238,-4.283E-4,-0.002596,-0.001003,-0.001628,-0.008351,-1.188E-4,-1.153E-4,-5.882E-5,-5.987E-4,-6.766E-4,-4.505E-4,0
1506623521529,true,551.99,0,-0.02885,-0.01082,-0.002673,-5.821E-4,-0.002397,-4.517E-4,-0.002583,-9.967E-4,-0.001949,-0.007899,-1.567E-4,-1.121E-4,-3.098E-5,-6.064E-4,-7.353E-4,-4.338E-4,0
1506623521565,true,552.047,0,-0.02908,-0.01133,-0.002686,-5.746E-4,-0.002363,-4.568E-4,-0.002633,-9.931E-4,-0.001383,-0.008195,-2.312E-4,-9.113E-5,-2.218E-6,-6.268E-4,-7.76E-4,-4.181E-4,0
1506623521601,true,552.105,0,-0.02844,-0.0115,-0.002749,-5.674E-4,-0.002347,-4.392E-4,-0.002684,-0.001012,-3.548E-4,-0.009081,-2.782E-4,-7.293E-5,-2.137E-6,-6.36E-4,-7.625E-4,-4.157E-4,0
1506623521637,true,552.162,0,-0.02813,-0.01126,-0.002787,-5.749E-4,-0.002327,-4.275E-4,-0.002646,-0.001033,-1.236E-4,-0.009504,-2.558E-4,-7.17E-5,-5.305E-5,-6.152E-4,-7.163E-4,-4.324E-4,0
1506623521793,true,552.232,0,-0.02797,-0.01108,-0.002769,-5.837E-4,-0.002357,-4.186E-4,-0.002599,-0.001019,-0.001136,-0.009042,-2.126E-4,-8.952E-5,-9.621E-5,-5.943E-4,-6.712E-4,-4.519E-4,0
1506623521829,true,552.29,0,-0.02879,-0.01102,-0.002733,-5.818E-4,-0.002406,-4.327E-4,-0.002567,-0.001002,-0.001745,-0.008605,-1.762E-4,-1.058E-4,-8.545E-5,-5.843E-4,-6.972E-4,-4.418E-4,0
1506623521865,true,552.347,0,-0.02953,-0.01136,-0.002709,-5.803E-4,-0.002398,-4.572E-4,-0.00257,-9.89E-4,-0.001417,-0.008479,-1.9E-4,-1.025E-4,-5.184E-5,-5.945E-4,-7.61E-4,-4.16E-4,0
1506623521901,true,552.405,0,-0.02893,-0.01173,-0.002723,-5.727E-4,-0.002364,-4.602E-4,-0.002633,-9.937E-4,-5.172E-4,-0.009008,-2.16E-4,-8.951E-5,-3.87E-6,-6.213E-4,-7.851E-4,-3.986E-4,0
1506623521937,true,552.462,0,-0.0281,-0.0115,-0.002761,-5.755E-4,-0.002339,-4.56E-4,-0.002667,-0.001023,3.785E-4,-0.009719,-1.968E-4,-8.553E-5,-8.648E-6,-6.241E-4,-7.548E-4,-4.021E-4,0
1506623522093,true,552.532,0,-0.02765,-0.0112,-0.002759,-5.885E-4,-0.002335,-4.469E-4,-0.002634,-0.001041,-1.791E-4,-0.00953,-1.551E-4,-9.637E-5,-5.092E-5,-6.095E-4,-7.14E-4,-4.262E-4,0
1506623522129,true,552.59,0,-0.02805,-0.01091,-0.002723,-5.944E-4,-0.002376,-4.493E-4,-0.002602,-0.001034,-0.001614,-0.008699,-1.173E-4,-1.166E-4,-5.671E-5,-6.028E-4,-6.89E-4,-4.461E-4,0
1506623522165,true,552.647,0,-0.02921,-0.01103,-0.002699,-5.915E-4,-0.002402,-4.686E-4,-0.002582,-0.001027,-0.002202,-0.008229,-1.261E-4,-1.228E-4,-2.703E-5,-6.047E-4,-7.347E-4,-4.339E-4,0
1506623522201,true,552.705,0,-0.02988,-0.01148,-0.002684,-5.908E-4,-0.002374,-4.821E-4,-0.002614,-0.001017,-0.001807,-0.00826,-1.931E-4,-1.036E-4,3.132E-6,-6.217E-4,-7.82E-4,-4.169E-4,0
1506623522237,true,552.762,0,-0.02933,-0.01176,-0.002726,-5.873E-4,-0.002347,-4.689E-4,-0.002665,-0.00103,-8.234E-4,-0.009062,-2.421E-4,-8.946E-5,2.413E-5,-6.392E-4,-7.722E-4,-4.115E-4,0
1506623522368,true,552.808,0,-0.02894,-0.01157,-0.00279,-5.919E-4,-0.002337,-4.572E-4,-0.002649,-0.001056,-2.044E-4,-0.009754,-2.525E-4,-8.366E-5,-2.825E-5,-6.24E-4,-7.42E-4,-4.202E-4,0
1506623522404,true,552.866,0,-0.02859,-0.01141,-0.002801,-6.023E-4,-0.002372,-4.448E-4,-0.002598,-0.001056,-0.001016,-0.00943,-2.333E-4,-9.795E-5,-1.033E-4,-6.001E-4,-7.059E-4,-4.427E-4,0
1506623522440,true,552.923,0,-0.02929,-0.01118,-0.002789,-6.013E-4,-0.002436,-4.526E-4,-0.002576,-0.001037,-0.001849,-0.008968,-2.238E-4,-1.143E-4,-1.275E-4,-5.875E-4,-7.301E-4,-4.416E-4,0
1506623522476,true,552.981,0,-0.03015,-0.0114,-0.002772,-5.967E-4,-0.002459,-4.744E-4,-0.002571,-0.001021,-0.001729,-0.008682,-2.455E-4,-1.099E-4,-1.095E-4,-5.902E-4,-8.073E-4,-4.145E-4,0
1506623522513,true,553.038,0,-0.02986,-0.01178,-0.00277,-5.892E-4,-0.002425,-4.83E-4,-0.002631,-0.001015,-9.157E-4,-0.009027,-2.814E-4,-9.31E-5,-6.408E-5,-6.133E-4,-8.444E-4,-3.965E-4,0
1506623522668,true,553.107,0,-0.02887,-0.0117,-0.0028,-5.869E-4,-0.002396,-4.75E-4,-0.002682,-0.001036,1.068E-4,-0.009776,-2.679E-4,-8.681E-5,-4.279E-5,-6.24E-4,-8.316E-4,-3.914E-4,0
1506623522704,true,553.165,0,-0.02822,-0.0114,-0.00281,-5.939E-4,-0.00237,-4.695E-4,-0.002661,-0.001056,-1.193E-4,-0.009788,-2.174E-4,-9.155E-5,-8.038E-5,-6.074E-4,-7.916E-4,-4.097E-4,0
1506623522740,true,553.222,0,-0.02814,-0.01114,-0.002768,-6.008E-4,-0.002394,-4.651E-4,-0.002623,-0.001051,-0.001496,-0.009017,-1.662E-4,-1.091E-4,-9.901E-5,-5.952E-4,-7.468E-4,-4.351E-4,0
1506623522777,true,553.28,0,-0.02926,-0.0111,-0.002729,-5.981E-4,-0.002423,-4.8E-4,-0.002594,-0.00104,-0.002322,-0.008461,-1.462E-4,-1.214E-4,-5.967E-5,-5.957E-4,-7.772E-4,-4.279E-4,0
1506623522812,true,553.337,0,-0.03012,-0.01155,-0.002705,-5.958E-4,-0.0024,-4.954E-4,-0.002602,-0.001027,-0.002085,-0.008322,-1.872E-4,-1.104E-4,-2.21E-5,-6.103E-4,-8.315E-4,-4.062E-4,0
1506623522943,true,553.383,0,-0.02979,-0.01189,-0.002733,-5.9E-4,-0.002351,-4.894E-4,-0.002658,-0.001033,-0.001156,-0.008991,-2.316E-4,-9.316E-5,1.24E-5,-6.302E-4,-8.258E-4,-3.992E-4,0
1506623522979,true,553.441,0,-0.02926,-0.01173,-0.002791,-5.936E-4,-0.002327,-4.787E-4,-0.002659,-0.001058,-2.241E-4,-0.009799,-2.344E-4,-8.908E-5,-1.204E-5,-6.266E-4,-7.91E-4,-4.033E-4,0
1506623523015,true,553.498,0,-0.0288,-0.01154,-0.002811,-6.062E-4,-0.002334,-4.659E-4,-0.002613,-0.001061,-6.535E-4,-0.009715,-2.21E-4,-9.885E-5,-8.136E-5,-6.023E-4,-7.544E-4,-4.222E-4,0
1506623523051,true,553.556,0,-0.02921,-0.01121,-0.002793,-6.105E-4,-0.002394,-4.685E-4,-0.00258,-0.001045,-0.00169,-0.009133,-2.002E-4,-1.203E-4,-1.129E-4,-5.896E-4,-7.539E-4,-4.315E-4,0
1506623523088,true,553.613,0,-0.03012,-0.01131,-0.002788,-6.056E-4,-0.002437,-4.877E-4,-0.002565,-0.001032,-0.001797,-0.008775,-2.244E-4,-1.243E-4,-1.022E-4,-5.893E-4,-8.279E-4,-4.063E-4,0
1506623523243,true,553.682,0,-0.03019,-0.01164,-0.002786,-6.004E-4,-0.002421,-4.977E-4,-0.002616,-0.001022,-0.001218,-0.00887,-2.855E-4,-1.104E-4,-8.303E-5,-6.082E-4,-8.875E-4,-3.868E-4,0
1506623523279,true,553.74,0,-0.02917,-0.01169,-0.00283,-5.926E-4,-0.002408,-4.873E-4,-0.002684,-0.001037,-2.931E-4,-0.009508,-3.192E-4,-9.621E-5,-7.157E-5,-6.239E-4,-8.891E-4,-3.793E-4,0
1506623523316,true,553.797,0,-0.02857,-0.01135,-0.00286,-5.947E-4,-0.002383,-4.773E-4,-0.002682,-0.001059,-3.026E-5,-0.009806,-2.987E-4,-9.071E-5,-1.069E-4,-6.113E-4,-8.587E-4,-3.92E-4,0
1506623523351,true,553.855,0,-0.02819,-0.01109,-0.002829,-6.001E-4,-0.002394,-4.645E-4,-0.002637,-0.001057,-0.001222,-0.009149,-2.662E-4,-9.96E-5,-1.484E-4,-5.895E-4,-8.149E-4,-4.162E-4,0
1506623523388,true,553.912,0,-0.02902,-0.01092,-0.002793,-5.934E-4,-0.002426,-4.7E-4,-0.002599,-0.001046,-0.002331,-0.008459,-2.348E-4,-1.126E-4,-1.393E-4,-5.791E-4,-8.132E-4,-4.208E-4,0
1506623523518,true,553.958,0,-0.0299,-0.01123,-0.002767,-5.884E-4,-0.002415,-4.859E-4,-0.002579,-0.001034,-0.002325,-0.008146,-2.662E-4,-9.915E-5,-1.023E-4,-5.857E-4,-8.589E-4,-4.023E-4,0
1506623523554,true,554.016,0,-0.02978,-0.01167,-0.002773,-5.804E-4,-0.002372,-4.843E-4,-0.002619,-0.00103,-0.001626,-0.008608,-3.229E-4,-7.761E-5,-6.647E-5,-6.026E-4,-8.745E-4,-3.885E-4,0
1506623523590,true,554.073,0,-0.02898,-0.01166,-0.002821,-5.799E-4,-0.002347,-4.712E-4,-0.002638,-0.00105,-5.109E-4,-0.009458,-3.337E-4,-6.667E-5,-8.158E-5,-6.003E-4,-8.488E-4,-3.854E-4,0
1506623523627,true,554.131,0,-0.02846,-0.01148,-0.002849,-5.901E-4,-0.002335,-4.622E-4,-0.002596,-0.001062,-5.284E-4,-0.00963,-3.071E-4,-7.372E-5,-1.467E-4,-5.763E-4,-8.095E-4,-4.013E-4,0
1506623523663,true,554.188,0,-0.02838,-0.01122,-0.002833,-5.979E-4,-0.002389,-4.576E-4,-0.002564,-0.001047,-0.001657,-0.009006,-2.777E-4,-9.566E-5,-1.948E-4,-5.569E-4,-7.922E-4,-4.166E-4,0
1506623523818,true,554.257,0,-0.02926,-0.01121,-0.002825,-5.922E-4,-0.002447,-4.749E-4,-0.002541,-0.001036,-0.002076,-0.008568,-2.741E-4,-1.091E-4,-1.92E-4,-5.508E-4,-8.498E-4,-3.996E-4,0
1506623523854,true,554.315,0,-0.02973,-0.01156,-0.002821,-5.871E-4,-0.002437,-4.948E-4,-0.002583,-0.00102,-0.001599,-0.008484,-3.405E-4,-9.268E-5,-1.668E-4,-5.667E-4,-9.21E-4,-3.759E-4,0
1506623523890,true,554.372,0,-0.02896,-0.01178,-0.00286,-5.78E-4,-0.002416,-4.897E-4,-0.002666,-0.001031,-6.942E-4,-0.009107,-3.941E-4,-7.771E-5,-1.476E-4,-5.9E-4,-9.396E-4,-3.645E-4,0
1506623523926,true,554.43,0,-0.02836,-0.01149,-0.002917,-5.774E-4,-0.002408,-4.799E-4,-0.002691,-0.001063,-8.239E-5,-0.009668,-4.003E-4,-7.077E-5,-1.875E-4,-5.847E-4,-9.264E-4,-3.705E-4,0
1506623523963,true,554.487,0,-0.02798,-0.01127,-0.002933,-5.828E-4,-0.002429,-4.64E-4,-0.002662,-0.001071,-0.001104,-0.009265,-3.984E-4,-7.58E-5,-2.603E-4,-5.611E-4,-8.965E-4,-3.944E-4,0
1506623524118,true,554.558,0,-0.02875,-0.01103,-0.002917,-5.78E-4,-0.002485,-4.62E-4,-0.002644,-0.001058,-0.002375,-0.008571,-3.864E-4,-8.662E-5,-2.885E-4,-5.426E-4,-9.016E-4,-4.023E-4,0
1506623524154,true,554.616,0,-0.02999,-0.01126,-0.002901,-5.689E-4,-0.002499,-4.791E-4,-0.002626,-0.001045,-0.002599,-0.008206,-4.045E-4,-8.065E-5,-2.702E-4,-5.369E-4,-9.593E-4,-3.808E-4,0
1506623524191,true,554.673,0,-0.03019,-0.01175,-0.002903,-5.606E-4,-0.002461,-4.817E-4,-0.002672,-0.001033,-0.001872,-0.008567,-4.673E-4,-5.264E-5,-2.408E-4,-5.486E-4,-9.892E-4,-3.621E-4,0
1506623524226,true,554.731,0,-0.02947,-0.01188,-0.002955,-5.538E-4,-0.002433,-4.654E-4,-0.002714,-0.001048,-7.017E-4,-0.00952,-4.877E-4,-3.706E-5,-2.306E-4,-5.521E-4,-9.686E-4,-3.544E-4,0
1506623524263,true,554.788,0,-0.02887,-0.01168,-0.002993,-5.604E-4,-0.002419,-4.545E-4,-0.002684,-0.001068,-3.511E-4,-0.00996,-4.606E-4,-3.622E-5,-2.888E-4,-5.277E-4,-9.294E-4,-3.659E-4,0
1506623524393,true,554.833,0,-0.02849,-0.01144,-0.002973,-5.679E-4,-0.002454,-4.475E-4,-0.002639,-0.001061,-0.001369,-0.009442,-4.251E-4,-4.907E-5,-3.389E-4,-5.042E-4,-8.997E-4,-3.814E-4,0
1506623524429,true,554.891,0,-0.02933,-0.01129,-0.002945,-5.654E-4,-0.002505,-4.614E-4,-0.002611,-0.001051,-0.002027,-0.00892,-3.869E-4,-6.887E-5,-3.336E-4,-4.946E-4,-9.355E-4,-3.704E-4,0
1506623524465,true,554.948,0,-0.03013,-0.0116,-0.002925,-5.598E-4,-0.00251,-4.848E-4,-0.002634,-0.001035,-0.00191,-0.008609,-4.185E-4,-5.917E-5,-3.091E-4,-5.044E-4,-0.001005,-3.441E-4,0
1506623524502,true,555.006,0,-0.02967,-0.01195,-0.002943,-5.508E-4,-0.002477,-4.862E-4,-0.002709,-0.001041,-0.001165,-0.009067,-4.684E-4,-3.994E-5,-2.765E-4,-5.268E-4,-0.001028,-3.278E-4,0
1506623524538,true,555.063,0,-0.02901,-0.01177,-0.002995,-5.488E-4,-0.002461,-4.736E-4,-0.002749,-0.00107,-3.398E-4,-0.009799,-4.755E-4,-3.079E-5,-2.852E-4,-5.305E-4,-0.00101,-3.284E-4,0
1506623524668,true,555.108,0,-0.02868,-0.01155,-0.003016,-5.547E-4,-0.002462,-4.624E-4,-0.002721,-0.001086,-9.139E-4,-0.009682,-4.604E-4,-3.467E-5,-3.465E-4,-5.076E-4,-9.744E-4,-3.482E-4,0
1506623524704,true,555.166,0,-0.02913,-0.0113,-0.002995,-5.563E-4,-0.002509,-4.569E-4,-0.002698,-0.001073,-0.002302,-0.008971,-4.398E-4,-4.985E-5,-3.837E-4,-4.879E-4,-9.52E-4,-3.642E-4,0
1506623524740,true,555.223,0,-0.03037,-0.01146,-0.002994,-5.475E-4,-0.002552,-4.706E-4,-0.002679,-0.00106,-0.002833,-0.008541,-4.684E-4,-4.954E-5,-3.771E-4,-4.805E-4,-0.001008,-3.468E-4,0
1506623524777,true,555.281,0,-0.03099,-0.01193,-0.003006,-5.364E-4,-0.002538,-4.782E-4,-0.002727,-0.00104,-0.002274,-0.008681,-5.483E-4,-2.243E-5,-3.649E-4,-4.872E-4,-0.001067,-3.25E-4,0
1506623524813,true,555.338,0,-0.03037,-0.0122,-0.003063,-5.22E-4,-0.002521,-4.63E-4,-0.002787,-0.001047,-0.001169,-0.00955,-5.988E-4,2.763E-6,-3.588E-4,-4.929E-4,-0.00107,-3.102E-4,0
1506623524968,true,555.409,0,-0.02982,-0.01191,-0.003116,-5.22E-4,-0.002513,-4.457E-4,-0.002772,-0.001066,-4.287E-4,-0.01025,-5.744E-4,1.042E-5,-4.065E-4,-4.751E-4,-0.001037,-3.131E-4,0
1506623525004,true,555.467,0,-0.02931,-0.01166,-0.003107,-5.292E-4,-0.002534,-4.311E-4,-0.002722,-0.001064,-0.001205,-0.009901,-5.236E-4,-9.055E-7,-4.648E-4,-4.447E-4,-9.958E-4,-3.279E-4,0
1506623525040,true,555.524,0,-0.02992,-0.01136,-0.003071,-5.263E-4,-0.002583,-4.384E-4,-0.002693,-0.00105,-0.002183,-0.009298,-4.736E-4,-1.824E-5,-4.646E-4,-4.31E-4,-0.00101,-3.236E-4,0
1506623525076,true,555.582,0,-0.03086,-0.01155,-0.003036,-5.201E-4,-0.002585,-4.66E-4,-0.002684,-0.00104,-0.002246,-0.008895,-4.746E-4,-1.722E-5,-4.331E-4,-4.331E-4,-0.00108,-2.926E-4,0
1506623525113,true,555.639,0,-0.03068,-0.012,-0.003025,-5.115E-4,-0.002539,-4.762E-4,-0.002748,-0.001041,-0.00159,-0.009211,-5.075E-4,1.838E-6,-3.857E-4,-4.538E-4,-0.001124,-2.698E-4,0
1506623525243,true,555.683,0,-0.02984,-0.01203,-0.003064,-5.091E-4,-0.002509,-4.655E-4,-0.002797,-0.001072,-6.83E-4,-0.009999,-5.077E-4,1.298E-5,-3.683E-4,-4.63E-4,-0.001098,-2.679E-4,0
1506623525279,true,555.741,0,-0.02955,-0.01185,-0.003088,-5.174E-4,-0.002489,-4.576E-4,-0.002774,-0.001098,-8.246E-4,-0.01017,-4.757E-4,1.182E-5,-4.18E-4,-4.445E-4,-0.001057,-2.865E-4,0
1506623525316,true,555.798,0,-0.02974,-0.01175,-0.003069,-5.252E-4,-0.002536,-4.473E-4,-0.002744,-0.001094,-0.002236,-0.009527,-4.472E-4,-5.254E-6,-4.549E-4,-4.249E-4,-0.001019,-3.105E-4,0
1506623525352,true,555.856,0,-0.03112,-0.01188,-0.00306,-5.213E-4,-0.002588,-4.657E-4,-0.00272,-0.001087,-0.002972,-0.009166,-4.409E-4,-1.805E-5,-4.486E-4,-4.164E-4,-0.001058,-3.009E-4,0
1506623525388,true,555.913,0,-0.03223,-0.0125,-0.003067,-5.181E-4,-0.002584,-4.914E-4,-0.002751,-0.001075,-0.002603,-0.009247,-5.043E-4,-2.195E-6,-4.266E-4,-4.263E-4,-0.001127,-2.763E-4,0
1506623525543,true,555.984,0,-0.03211,-0.01307,-0.003123,-5.113E-4,-0.002572,-4.915E-4,-0.002842,-0.001085,-0.001504,-0.01019,-5.763E-4,1.895E-5,-4.148E-4,-4.461E-4,-0.001145,-2.631E-4,0
1506623525579,true,556.042,0,-0.03177,-0.01311,-0.00321,-5.153E-4,-0.002581,-4.867E-4,-0.002883,-0.001121,-4.005E-4,-0.01126,-5.947E-4,2.445E-5,-4.58E-4,-4.431E-4,-0.00113,-2.649E-4,0
1506623525615,true,556.099,0,-0.03162,-0.01309,-0.003252,-5.291E-4,-0.002623,-4.833E-4,-0.00287,-0.001138,-9.117E-4,-0.01135,-5.811E-4,1.468E-5,-5.451E-4,-4.16E-4,-0.001117,-2.849E-4,0
1506623525652,true,556.157,0,-0.03242,-0.01298,-0.003239,-5.337E-4,-0.002713,-4.959E-4,-0.002868,-0.001134,-0.002105,-0.01086,-5.395E-4,-8.489E-6,-5.693E-4,-4.027E-4,-0.001122,-2.957E-4,0
1506623525688,true,556.214,0,-0.03399,-0.01327,-0.003232,-5.296E-4,-0.002765,-5.325E-4,-0.002884,-0.001134,-0.002516,-0.01054,-5.374E-4,-1.452E-5,-5.355E-4,-4.094E-4,-0.001199,-2.743E-4,0
1506623525819,true,556.259,0,-0.03474,-0.01393,-0.00323,-5.264E-4,-0.002756,-5.562E-4,-0.002981,-0.001138,-0.002069,-0.01078,-5.882E-4,5.434E-6,-4.838E-4,-4.363E-4,-0.001259,-2.547E-4,0
1506623525855,true,556.317,0,-0.03449,-0.0143,-0.00328,-5.231E-4,-0.002742,-5.544E-4,-0.003077,-0.001173,-0.001211,-0.01172,-6.158E-4,2.088E-5,-4.468E-4,-4.61E-4,-0.001256,-2.513E-4,0
1506623525891,true,556.374,0,-0.03462,-0.01427,-0.003342,-5.308E-4,-0.002738,-5.505E-4,-0.003098,-0.001216,-0.001016,-0.01236,-5.884E-4,1.985E-5,-4.851E-4,-4.512E-4,-0.001213,-2.703E-4,0
1506623525927,true,556.432,0,-0.03507,-0.01427,-0.003342,-5.442E-4,-0.00278,-5.425E-4,-0.003075,-0.001225,-0.00235,-0.01198,-5.546E-4,3.047E-6,-5.349E-4,-4.327E-4,-0.001164,-3.037E-4,0
1506623525964,true,556.489,0,-0.03665,-0.01432,-0.003331,-5.427E-4,-0.002855,-5.556E-4,-0.003062,-0.001217,-0.003413,-0.01157,-5.25E-4,-2.01E-5,-5.342E-4,-4.237E-4,-0.001178,-3.068E-4,0
1506623526118,true,556.559,0,-0.03816,-0.0148,-0.003337,-5.392E-4,-0.002871,-5.84E-4,-0.00308,-0.001203,-0.003339,-0.01145,-5.718E-4,-1.351E-5,-5.153E-4,-4.279E-4,-0.001244,-2.854E-4,0
1506623526154,true,556.617,0,-0.03841,-0.01531,-0.003372,-5.33E-4,-0.002847,-5.88E-4,-0.003151,-0.001201,-0.002393,-0.01212,-6.376E-4,5.68E-6,-4.896E-4,-4.481E-4,-0.001271,-2.717E-4,0
1506623526190,true,556.674,0,-0.03775,-0.01522,-0.003445,-5.305E-4,-0.002842,-5.722E-4,-0.003194,-0.001222,-0.001163,-0.01305,-6.513E-4,1.187E-5,-5.054E-4,-4.498E-4,-0.001253,-2.692E-4,0
1506623526227,true,556.732,0,-0.03712,-0.01479,-0.003475,-5.38E-4,-0.002843,-5.572E-4,-0.003167,-0.001229,-0.00122,-0.01311,-6.239E-4,4.927E-6,-5.705E-4,-4.253E-4,-0.001221,-2.823E-4,0
1506623526263,true,556.789,0,-0.03692,-0.0142,-0.003444,-5.427E-4,-0.002893,-5.457E-4,-0.003134,-0.001201,-0.002406,-0.0122,-5.886E-4,-1.372E-5,-6.066E-4,-4.054E-4,-0.001199,-2.947E-4,0
1506623526393,true,556.834,0,-0.03764,-0.01387,-0.003408,-5.316E-4,-0.002928,-5.532E-4,-0.003101,-0.001177,-0.003029,-0.01133,-5.751E-4,-1.988E-5,-5.834E-4,-4.0E-4,-0.001244,-2.758E-4,0
1506623526429,true,556.892,0,-0.03772,-0.01398,-0.003355,-5.224E-4,-0.002881,-5.587E-4,-0.003114,-0.001147,-0.002775,-0.01073,-5.998E-4,-2.535E-6,-5.297E-4,-4.078E-4,-0.001286,-2.507E-4,0
1506623526465,true,556.949,0,-0.03643,-0.0139,-0.003336,-5.105E-4,-0.002802,-5.374E-4,-0.003138,-0.001142,-0.001924,-0.01092,-6.101E-4,1.9E-5,-4.561E-4,-4.252E-4,-0.001266,-2.38E-4,0
1506623526502,true,557.007,0,-0.03506,-0.01324,-0.003325,-5.098E-4,-0.002729,-5.111E-4,-0.003099,-0.00115,-0.001218,-0.01112,-5.71E-4,3.18E-5,-4.469E-4,-4.13E-4,-0.001203,-2.435E-4,0
1506623526538,true,557.064,0,-0.03391,-0.01262,-0.003268,-5.151E-4,-0.002685,-4.786E-4,-0.002997,-0.001134,-0.001909,-0.01039,-5.133E-4,3.141E-5,-4.613E-4,-3.874E-4,-0.00112,-2.642E-4,0
1506623526693,true,557.134,0,-0.03376,-0.01197,-0.003182,-5.133E-4,-0.002681,-4.6E-4,-0.002898,-0.0011,-0.002959,-0.009344,-4.474E-4,1.863E-5,-4.341E-4,-3.684E-4,-0.001083,-2.679E-4,0
1506623526729,true,557.192,0,-0.03403,-0.0118,-0.003109,-5.046E-4,-0.002643,-4.611E-4,-0.0028,-0.001067,-0.002964,-0.008624,-4.285E-4,2.196E-5,-3.731E-4,-3.644E-4,-0.001097,-2.454E-4,0
1506623526765,true,557.249,0,-0.03315,-0.01188,-0.003054,-4.949E-4,-0.002554,-4.521E-4,-0.002782,-0.001029,-0.002067,-0.008496,-4.455E-4,4.139E-5,-3.096E-4,-3.746E-4,-0.00109,-2.264E-4,0
1506623526802,true,557.307,0,-0.031,-0.01152,-0.003043,-4.884E-4,-0.00248,-4.192E-4,-0.002762,-0.001019,-8.106E-4,-0.008843,-4.273E-4,5.297E-5,-2.641E-4,-3.809E-4,-0.001043,-2.142E-4,0
1506623526838,true,557.364,0,-0.02908,-0.01069,-0.00302,-4.926E-4,-0.002413,-3.911E-4,-0.00267,-0.001014,-3.739E-4,-0.008663,-3.679E-4,5.202E-5,-2.827E-4,-3.593E-4,-9.807E-4,-2.194E-4,0
1506623526993,true,557.433,0,-0.02737,-0.009795,-0.002946,-4.952E-4,-0.002391,-3.603E-4,-0.002557,-9.833E-4,-0.001381,-0.007451,-3.03E-4,3.798E-5,-2.955E-4,-3.355E-4,-9.19E-4,-2.309E-4,0
1506623527029,true,557.491,0,-0.02693,-0.009004,-0.002865,-4.843E-4,-0.002384,-3.496E-4,-0.002464,-9.424E-4,-0.002116,-0.006146,-2.555E-4,2.899E-5,-2.566E-4,-3.255E-4,-9.208E-4,-2.16E-4,0
1506623527065,true,557.548,0,-0.0264,-0.008733,-0.002781,-4.759E-4,-0.002317,-3.504E-4,-0.002403,-9.013E-4,-0.002058,-0.005028,-2.606E-4,4.151E-5,-1.915E-4,-3.32E-4,-9.475E-4,-1.881E-4,0
1506623527102,true,557.606,0,-0.02462,-0.008488,-0.002732,-4.614E-4,-0.002217,-3.258E-4,-0.002387,-8.757E-4,-0.001243,-0.004772,-2.752E-4,6.213E-5,-1.277E-4,-3.446E-4,-9.251E-4,-1.73E-4,0
1506623527138,true,557.663,0,-0.02247,-0.007705,-0.00271,-4.509E-4,-0.002129,-2.851E-4,-0.002339,-8.667E-4,-3.817E-4,-0.004791,-2.657E-4,8.046E-5,-1.051E-4,-3.353E-4,-8.637E-4,-1.697E-4,0
1506623527268,true,557.709,0,-0.02062,-0.006826,-0.00264,-4.503E-4,-0.002045,-2.433E-4,-0.002213,-8.457E-4,-7.5E-4,-0.003994,-1.988E-4,8.415E-5,-1.217E-4,-3.043E-4,-7.785E-4,-1.83E-4,0
1506623527304,true,557.767,0,-0.01953,-0.005892,-0.002531,-4.474E-4,-0.002003,-2.11E-4,-0.002077,-8.023E-4,-0.001692,-0.002715,-1.205E-4,7.499E-5,-9.703E-5,-2.804E-4,-7.067E-4,-1.895E-4,0
1506623527341,true,557.824,0,-0.01907,-0.005386,-0.002428,-4.375E-4,-0.001947,-2.001E-4,-0.001944,-7.62E-4,-0.001897,-0.001686,-7.43E-5,7.646E-5,-3.01E-5,-2.66E-4,-6.907E-4,-1.684E-4,0
1506623527377,true,557.882,0,-0.01791,-0.005264,-0.002336,-4.283E-4,-0.001849,-1.853E-4,-0.00187,-7.149E-4,-0.001149,-0.001146,-5.977E-5,9.349E-5,4.225E-5,-2.69E-4,-6.834E-4,-1.438E-4,0
1506623527412,true,557.939,0,-0.01553,-0.004894,-0.002286,-4.197E-4,-0.001746,-1.537E-4,-0.00182,-6.955E-4,1.296E-4,-0.001327,-2.917E-5,1.051E-4,1.068E-4,-2.748E-4,-6.308E-4,-1.283E-4,0
1506623527568,true,558.008,0,-0.0132,-0.004023,-0.002239,-4.211E-4,-0.001658,-1.237E-4,-0.001725,-6.898E-4,0.001035,-0.001295,4.471E-5,1.063E-4,1.226E-4,-2.583E-4,-5.517E-4,-1.297E-4,0
1506623527604,true,558.066,0,-0.01112,-0.003142,-0.002156,-4.261E-4,-0.001611,-9.316E-5,-0.001605,-6.648E-4,4.636E-4,-3.079E-4,1.238E-4,9.505E-5,1.297E-4,-2.396E-4,-4.783E-4,-1.427E-4,0
1506623527640,true,558.123,0,-0.01028,-0.002308,-0.002058,-4.224E-4,-0.00159,-8.021E-5,-0.001503,-6.324E-4,-4.32E-4,9.976E-4,2.051E-4,7.58E-5,1.701E-4,-2.308E-4,-4.424E-4,-1.401E-4,0
1506623527676,true,558.181,0,-0.009839,-0.002053,-0.001972,-4.166E-4,-0.001539,-8.158E-5,-0.001428,-5.992E-4,-5.69E-4,0.002074,2.318E-4,7.72E-5,2.379E-4,-2.355E-4,-4.548E-4,-1.177E-4,0
1506623527712,true,558.238,0,-0.008559,-0.002022,-0.001915,-4.078E-4,-0.001448,-6.87E-5,-0.001412,-5.75E-4,-6.587E-5,0.00242,2.181E-4,9.532E-5,3.063E-4,-2.515E-4,-4.46E-4,-1.034E-4,0
1506623527843,true,558.284,0,-0.006587,-0.00164,-0.001901,-4.029E-4,-0.00137,-4.325E-5,-0.001381,-5.795E-4,8.272E-4,0.002195,2.285E-4,1.057E-4,3.427E-4,-2.572E-4,-3.945E-4,-9.969E-5,0
1506623527879,true,558.342,0,-0.005107,-0.00105,-0.001882,-4.061E-4,-0.001303,-1.864E-5,-0.001308,-5.779E-4,8.917E-4,0.002412,2.67E-4,1.07E-4,3.209E-4,-2.388E-4,-3.245E-4,-1.162E-4,0
1506623527915,true,558.399,0,-0.004062,-5.237E-4,-0.001825,-4.114E-4,-0.001291,1.96E-6,-0.001215,-5.54E-4,-8.677E-5,0.003358,3.002E-4,9.685E-5,3.064E-4,-2.224E-4,-2.674E-4,-1.326E-4,0
1506623527951,true,558.457,0,-0.004136,-2.077E-4,-0.001785,-4.025E-4,-0.001293,5.063E-6,-0.001138,-5.265E-4,-4.316E-4,0.004045,3.213E-4,8.855E-5,3.209E-4,-2.098E-4,-2.812E-4,-1.197E-4,0
1506623527987,true,558.514,0,-0.004011,-3.572E-4,-0.001734,-3.978E-4,-0.001244,9.534E-7,-0.001102,-4.966E-4,6.858E-5,0.004446,3.137E-4,9.831E-5,3.668E-4,-2.163E-4,-3.034E-4,-9.745E-5,0
1506623528118,true,558.559,0,-0.002567,-4.283E-4,-0.001713,-3.906E-4,-0.001184,1.448E-5,-0.001109,-4.873E-4,0.001083,0.004112,3.158E-4,1.068E-4,4.177E-4,-2.31E-4,-2.864E-4,-8.495E-5,0
1506623528154,true,558.617,0,-0.001011,2.401E-5,-0.00171,-3.914E-4,-0.001135,3.113E-5,-0.001085,-4.97E-4,0.002126,0.003627,3.659E-4,1.046E-4,4.321E-4,-2.296E-4,-2.446E-4,-8.251E-5,0
1506623528190,true,558.674,0,2.696E-4,5.41E-4,-0.001675,-4.014E-4,-0.001106,4.383E-5,-0.001009,-4.979E-4,0.001706,0.004071,4.299E-4,9.35E-5,4.132E-4,-2.142E-4,-1.924E-4,-9.679E-5,0
1506623528226,true,558.732,0,6.079E-4,0.001086,-0.00161,-4.035E-4,-0.001117,4.632E-5,-9.527E-4,-4.825E-4,6.325E-4,0.005049,4.983E-4,7.094E-5,4.268E-4,-2.061E-4,-1.644E-4,-1.055E-4,0
1506623528262,true,558.789,0,1.255E-4,0.001126,-0.001553,-4.016E-4,-0.001106,3.163E-5,-9.173E-4,-4.657E-4,2.21E-4,0.005794,5.257E-4,6.216E-5,4.802E-4,-2.112E-4,-1.877E-4,-9.159E-5,0
1506623528417,true,558.859,0,2.643E-4,8.294E-4,-0.001509,-4.007E-4,-0.001057,2.572E-5,-9.293E-4,-4.527E-4,6.27E-4,0.005957,5.08E-4,7.376E-5,5.429E-4,-2.341E-4,-2.019E-4,-8.031E-5,0
1506623528454,true,558.917,0,0.001318,8.149E-4,-0.001517,-3.968E-4,-0.001009,3.804E-5,-9.544E-4,-4.625E-4,0.001423,0.005433,4.942E-4,8.254E-5,5.839E-4,-2.527E-4,-1.701E-4,-8.075E-5,0
1506623528490,true,558.974,0,0.002047,0.001162,-0.00153,-4.035E-4,-9.708E-4,5.108E-5,-9.233E-4,-4.809E-4,0.001796,0.005141,5.107E-4,8.257E-5,5.616E-4,-2.423E-4,-1.164E-4,-9.543E-5,0
1506623528526,true,559.032,0,0.002657,0.001432,-0.001511,-4.129E-4,-9.739E-4,6.618E-5,-8.574E-4,-4.753E-4,9.859E-4,0.005664,5.381E-4,6.854E-5,5.317E-4,-2.269E-4,-6.799E-5,-1.169E-4,0
1506623528562,true,559.089,0,0.002139,0.001662,-0.001484,-4.132E-4,-0.001005,6.277E-5,-8.158E-4,-4.587E-4,2.212E-4,0.006231,5.633E-4,5.166E-5,5.368E-4,-2.219E-4,-7.441E-5,-1.157E-4,0
1506623528718,true,559.16,0,0.001568,0.001446,-0.001466,-4.12E-4,-0.001005,4.972E-5,-8.004E-4,-4.382E-4,4.249E-4,0.006518,5.388E-4,5.254E-5,5.587E-4,-2.286E-4,-1.225E-4,-9.624E-5,0
1506623528754,true,559.218,0,0.002198,0.001133,-0.001475,-4.079E-4,-9.769E-4,4.937E-5,-8.406E-4,-4.305E-4,0.001264,0.006158,4.908E-4,6.31E-5,5.805E-4,-2.472E-4,-1.468E-4,-8.016E-5,0
1506623528790,true,559.275,0,0.003468,0.001321,-0.001513,-4.05E-4,-9.64E-4,6.389E-5,-8.677E-4,-4.431E-4,0.002333,0.005478,4.833E-4,6.946E-5,5.722E-4,-2.506E-4,-1.335E-4,-7.828E-5,0
1506623528826,true,559.333,0,0.004347,0.00179,-0.001513,-4.108E-4,-9.464E-4,7.427E-5,-8.356E-4,-4.51E-4,0.002176,0.005578,5.302E-4,6.189E-5,5.37E-4,-2.374E-4,-1.037E-4,-8.897E-5,0
1506623528862,true,559.39,0,0.004744,0.002246,-0.001466,-4.145E-4,-9.608E-4,7.769E-5,-7.93E-4,-4.395E-4,0.001087,0.006464,5.829E-4,4.532E-5,5.314E-4,-2.271E-4,-7.491E-5,-1.033E-4,0
1506623528991,true,559.433,0,0.004098,0.002433,-0.001417,-4.119E-4,-9.694E-4,6.7E-5,-7.661E-4,-4.264E-4,4.532E-4,0.007203,6.161E-4,3.573E-5,5.647E-4,-2.273E-4,-9.711E-5,-9.362E-5,0
1506623529027,true,559.491,0,0.003862,0.002149,-0.001377,-4.095E-4,-9.306E-4,5.68E-5,-7.732E-4,-4.121E-4,6.386E-4,0.007555,6.028E-4,4.581E-5,6.112E-4,-2.412E-4,-1.266E-4,-7.944E-5,0
1506623529063,true,559.548,0,0.004574,0.001986,-0.001377,-4.048E-4,-8.839E-4,6.334E-5,-8.029E-4,-4.156E-4,0.001316,0.007155,5.893E-4,5.817E-5,6.595E-4,-2.593E-4,-1.076E-4,-7.693E-5,0
1506623529099,true,559.606,0,0.005275,0.002258,-0.001388,-4.07E-4,-8.469E-4,7.858E-5,-7.831E-4,-4.337E-4,0.001909,0.006696,6.053E-4,6.337E-5,6.608E-4,-2.58E-4,-6.49E-5,-8.442E-5,0
1506623529136,true,559.663,0,0.005785,0.002494,-0.001376,-4.166E-4,-8.396E-4,9.395E-5,-7.285E-4,-4.312E-4,0.001333,0.007041,6.306E-4,5.504E-5,6.364E-4,-2.411E-4,-1.942E-5,-1.001E-4,0
1506623529292,true,559.734,0,0.00557,0.002803,-0.001338,-4.199E-4,-8.549E-4,9.456E-5,-6.834E-4,-4.138E-4,5.682E-4,0.007616,6.444E-4,4.426E-5,6.258E-4,-2.284E-4,-7.199E-6,-1.045E-4,0
1506623529328,true,559.792,0,0.005037,0.002683,-0.001318,-4.198E-4,-8.554E-4,8.197E-5,-6.488E-4,-3.987E-4,5.436E-4,0.008002,6.291E-4,4.555E-5,6.423E-4,-2.291E-4,-4.822E-5,-8.732E-5,0
1506623529364,true,559.849,0,0.005383,0.002366,-0.001307,-4.171E-4,-8.31E-4,7.63E-5,-6.651E-4,-3.876E-4,0.001271,0.007856,5.826E-4,5.977E-5,6.667E-4,-2.438E-4,-7.924E-5,-6.86E-5,0
1506623529400,true,559.907,0,0.006623,0.002426,-0.001333,-4.161E-4,-8.095E-4,8.3E-5,-6.953E-4,-3.954E-4,0.002264,0.007271,5.63E-4,6.56E-5,6.712E-4,-2.534E-4,-7.885E-5,-5.967E-5,0
1506623529436,true,559.964,0,0.007524,0.002827,-0.001358,-4.198E-4,-7.96E-4,8.648E-5,-6.779E-4,-4.079E-4,0.002452,0.007123,5.73E-4,6.408E-5,6.31E-4,-2.428E-4,-5.887E-5,-7.085E-5,0
1506623529567,true,560.008,0,0.008164,0.003207,-0.001343,-4.254E-4,-8.239E-4,9.426E-5,-6.481E-4,-4.052E-4,0.001451,0.007867,5.898E-4,5.2E-5,5.964E-4,-2.334E-4,-4.387E-5,-8.684E-5,0
1506623529603,true,560.066,0,0.007664,0.003426,-0.001321,-4.201E-4,-8.556E-4,8.776E-5,-6.287E-4,-3.945E-4,5.607E-4,0.008629,5.962E-4,4.753E-5,5.961E-4,-2.278E-4,-6.441E-5,-8.589E-5,0
1506623529639,true,560.123,0,0.006994,0.00324,-0.00129,-4.147E-4,-8.38E-4,7.74E-5,-6.34E-4,-3.787E-4,4.566E-4,0.009109,5.729E-4,6.072E-5,6.32E-4,-2.361E-4,-9.922E-5,-7.115E-5,0
1506623529675,true,560.181,0,0.007445,0.002906,-0.001281,-4.085E-4,-7.91E-4,8.18E-5,-6.664E-4,-3.793E-4,9.801E-4,0.008787,5.388E-4,7.923E-5,6.761E-4,-2.524E-4,-9.498E-5,-6.604E-5,0
1506623529711,true,560.238,0,0.00812,0.003031,-0.001301,-4.087E-4,-7.618E-4,9.814E-5,-6.705E-4,-3.963E-4,0.001797,0.008122,5.449E-4,8.972E-5,6.838E-4,-2.518E-4,-5.016E-5,-7.236E-5,0
1506623529867,true,560.309,0,0.008531,0.00324,-0.001297,-4.164E-4,-7.385E-4,1.09E-4,-6.286E-4,-4.025E-4,0.00153,0.008126,5.732E-4,8.83E-5,6.502E-4,-2.322E-4,-1.431E-6,-8.947E-5,0
1506623529903,true,560.367,0,0.008419,0.003416,-0.001263,-4.221E-4,-7.643E-4,1.131E-4,-5.839E-4,-3.891E-4,6.067E-4,0.008686,6.085E-4,7.526E-5,6.382E-4,-2.186E-4,3.335E-5,-1.029E-4,0
1506623529939,true,560.424,0,0.007575,0.003298,-0.001234,-4.222E-4,-7.874E-4,9.932E-5,-5.418E-4,-3.817E-4,4.297E-4,0.008969,6.222E-4,7.005E-5,6.555E-4,-2.146E-4,2.291E-6,-8.883E-5,0
1506623529975,true,560.482,0,0.007275,0.00287,-0.001212,-4.249E-4,-7.714E-4,8.606E-5,-5.677E-4,-3.698E-4,0.001042,0.008858,5.956E-4,7.984E-5,6.832E-4,-2.275E-4,-4.018E-5,-6.923E-5,0
1506623530011,true,560.539,0,0.008088,0.002697,-0.00123,-4.255E-4,-7.528E-4,8.777E-5,-6.152E-4,-3.792E-4,0.002093,0.00811,5.708E-4,8.957E-5,7.045E-4,-2.45E-4,-3.731E-5,-6.211E-5,0
1506623530142,true,560.583,0,0.008759,0.002988,-0.001259,-4.324E-4,-7.406E-4,9.013E-5,-6.193E-4,-4.044E-4,0.002748,0.007507,5.783E-4,9.178E-5,6.738E-4,-2.39E-4,-1.169E-5,-7.297E-5,0
1506623530178,true,560.641,0,0.009154,0.003233,-0.001258,-4.422E-4,-7.627E-4,9.461E-5,-5.952E-4,-4.12E-4,0.001908,0.007949,6.023E-4,8.118E-5,6.377E-4,-2.303E-4,1.211E-5,-9.141E-5,0
1506623530214,true,560.698,0,0.008513,0.003413,-0.001241,-4.414E-4,-8.032E-4,8.456E-5,-5.92E-4,-4.071E-4,7.805E-4,0.008658,6.12E-4,6.76E-5,6.354E-4,-2.281E-4,-2.569E-6,-9.408E-5,0
1506623530250,true,560.756,0,0.007367,0.00313,-0.001231,-4.385E-4,-8.156E-4,6.512E-5,-5.928E-4,-4.035E-4,5.354E-4,0.009037,5.748E-4,7.244E-5,6.555E-4,-2.364E-4,-5.583E-5,-8.103E-5,0
1506623530286,true,560.813,0,0.007196,0.002605,-0.001243,-4.332E-4,-7.912E-4,5.925E-5,-6.464E-4,-4.031E-4,9.85E-4,0.008712,5.046E-4,9.288E-5,6.733E-4,-2.534E-4,-8.212E-5,-7.301E-5,0
1506623530441,true,560.884,0,0.007568,0.002504,-0.001301,-4.265E-4,-7.771E-4,6.863E-5,-6.993E-4,-4.186E-4,0.001876,0.007859,4.653E-4,1.092E-4,6.641E-4,-2.592E-4,-7.355E-5,-7.116E-5,0
1506623530478,true,560.942,0,0.007673,0.002639,-0.001333,-4.329E-4,-7.657E-4,7.699E-5,-6.828E-4,-4.327E-4,0.00195,0.007495,4.718E-4,1.153E-4,6.118E-4,-2.419E-4,-3.072E-5,-8.917E-5,0
1506623530514,true,560.999,0,0.007633,0.002748,-0.001317,-4.39E-4,-7.924E-4,8.364E-5,-6.433E-4,-4.257E-4,0.001081,0.00789,4.998E-4,1.09E-4,5.756E-4,-2.241E-4,-1.257E-6,-1.041E-4,0
1506623530550,true,561.057,0,0.006638,0.002717,-0.00129,-4.382E-4,-8.259E-4,7.075E-5,-6.204E-4,-4.146E-4,7.043E-4,0.008143,5.242E-4,1.003E-4,5.807E-4,-2.167E-4,-2.749E-5,-9.395E-5,0
1506623530586,true,561.114,0,0.005878,0.002286,-0.001272,-4.367E-4,-8.161E-4,4.897E-5,-6.273E-4,-4.056E-4,0.00112,0.008175,5.007E-4,1.091E-4,6.064E-4,-2.256E-4,-7.699E-5,-7.19E-5,0
1506623530717,true,561.158,0,0.006363,0.001916,-0.001284,-4.355E-4,-7.93E-4,4.473E-5,-6.804E-4,-4.143E-4,0.002049,0.007489,4.793E-4,1.2E-4,6.333E-4,-2.451E-4,-8.107E-5,-6.547E-5,0
1506623530753,true,561.216,0,0.007016,0.002101,-0.001311,-4.403E-4,-7.77E-4,4.5E-5,-7.0E-4,-4.426E-4,0.00287,0.006734,5.024E-4,1.205E-4,6.261E-4,-2.472E-4,-5.535E-5,-7.063E-5,0
1506623530789,true,561.273,0,0.007266,0.002345,-0.001308,-4.512E-4,-7.812E-4,4.83E-5,-6.869E-4,-4.524E-4,0.002321,0.006891,5.35E-4,1.117E-4,5.866E-4,-2.352E-4,-3.28E-5,-8.974E-5,0
1506623530825,true,561.331,0,0.006674,0.002588,-0.001279,-4.553E-4,-8.231E-4,4.33E-5,-6.801E-4,-4.454E-4,0.001129,0.007561,5.683E-4,9.251E-5,5.781E-4,-2.303E-4,-2.587E-5,-1.033E-4,0
1506623530861,true,561.388,0,0.005375,0.002366,-0.001265,-4.533E-4,-8.52E-4,2.363E-5,-6.768E-4,-4.42E-4,6.932E-4,0.007919,5.574E-4,8.937E-5,6.048E-4,-2.382E-4,-7.267E-5,-9.165E-5,0
1506623531017,true,561.459,0,0.004732,0.001822,-0.001262,-4.518E-4,-8.33E-4,1.237E-5,-7.262E-4,-4.379E-4,0.001086,0.007709,5.008E-4,1.04E-4,6.274E-4,-2.542E-4,-1.087E-4,-8.131E-5,0
1506623531053,true,561.517,0,0.005018,0.001542,-0.001304,-4.498E-4,-8.164E-4,1.887E-5,-7.876E-4,-4.517E-4,0.002032,0.006833,4.531E-4,1.173E-4,6.303E-4,-2.664E-4,-9.944E-5,-8.419E-5,0
1506623531089,true,561.574,0,0.005117,0.001655,-0.001356,-4.556E-4,-8.157E-4,2.796E-5,-7.902E-4,-4.753E-4,0.002458,0.006188,4.422E-4,1.217E-4,5.84E-4,-2.569E-4,-7.693E-5,-9.869E-5,0
1506623531125,true,561.632,0,0.005108,0.001755,-0.001372,-4.626E-4,-8.489E-4,3.634E-5,-7.647E-4,-4.718E-4,0.001691,0.006392,4.402E-4,1.133E-4,5.167E-4,-2.414E-4,-5.733E-5,-1.193E-4,0
1506623531162,true,561.689,0,0.004128,0.001832,-0.001377,-4.599E-4,-9.079E-4,2.607E-5,-7.57E-4,-4.611E-4,0.00103,0.006676,4.346E-4,1.022E-4,4.886E-4,-2.328E-4,-8.481E-5,-1.179E-4,0
1506623531317,true,561.759,0,0.003153,0.001452,-0.001381,-4.562E-4,-9.355E-4,8.211E-6,-7.712E-4,-4.489E-4,0.001238,0.006756,3.941E-4,1.109E-4,4.906E-4,-2.37E-4,-1.461E-4,-9.603E-5,0
1506623531354,true,561.817,0,0.003321,0.001007,-0.001395,-4.501E-4,-9.193E-4,4.318E-6,-8.372E-4,-4.457E-4,0.002076,0.006236,3.568E-4,1.279E-4,5.091E-4,-2.527E-4,-1.64E-4,-8.671E-5,0
1506623531389,true,561.874,0,0.004202,0.001047,-0.001435,-4.472E-4,-9.023E-4,9.317E-6,-8.842E-4,-4.67E-4,0.003001,0.005452,3.646E-4,1.338E-4,5.121E-4,-2.591E-4,-1.537E-4,-8.463E-5,0
1506623531426,true,561.932,0,0.004632,0.001302,-0.001447,-4.546E-4,-8.975E-4,1.544E-5,-8.685E-4,-4.847E-4,0.002762,0.005381,3.968E-4,1.295E-4,4.713E-4,-2.441E-4,-1.244E-4,-9.885E-5,0
1506623531462,true,561.989,0,0.004435,0.001604,-0.00142,-4.573E-4,-9.349E-4,2.056E-5,-8.45E-4,-4.803E-4,0.001487,0.006087,4.347E-4,1.154E-4,4.605E-4,-2.352E-4,-9.289E-5,-1.169E-4,0
1506623531591,true,562.034,0,0.003224,0.001578,-0.001398,-4.512E-4,-9.716E-4,1.034E-5,-8.36E-4,-4.724E-4,7.8E-4,0.006585,4.463E-4,1.092E-4,4.859E-4,-2.345E-4,-1.227E-4,-1.129E-4,0
1506623531627,true,562.092,0,0.002354,0.00113,-0.001384,-4.471E-4,-9.566E-4,-1.51E-6,-8.513E-4,-4.653E-4,8.804E-4,0.006717,4.054E-4,1.24E-4,5.179E-4,-2.496E-4,-1.603E-4,-1.002E-4,0
1506623531664,true,562.149,0,0.002627,7.841E-4,-0.001405,-4.437E-4,-9.32E-4,7.963E-6,-9.026E-4,-4.733E-4,0.001705,0.006007,3.585E-4,1.398E-4,5.402E-4,-2.64E-4,-1.591E-4,-9.611E-5,0
1506623531700,true,562.207,0,0.00303,9.013E-4,-0.001452,-4.454E-4,-9.158E-4,1.63E-5,-9.101E-4,-4.928E-4,0.002492,0.005231,3.478E-4,1.469E-4,5.098E-4,-2.575E-4,-1.367E-4,-1.036E-4,0
1506623531736,true,562.264,0,0.003253,0.001086,-0.001461,-4.56E-4,-9.384E-4,3.131E-5,-8.69E-4,-4.947E-4,0.002012,0.005301,3.565E-4,1.405E-4,4.519E-4,-2.389E-4,-1.029E-4,-1.217E-4,0
1506623531867,true,562.31,0,0.002586,0.001379,-0.001456,-4.572E-4,-9.986E-4,3.183E-5,-8.494E-4,-4.774E-4,0.001218,0.005726,3.666E-4,1.25E-4,4.217E-4,-2.277E-4,-1.169E-4,-1.265E-4,0
1506623531903,true,562.368,0,0.001653,0.001178,-0.001459,-4.518E-4,-0.001038,1.634E-5,-8.45E-4,-4.651E-4,0.00114,0.00596,3.389E-4,1.248E-4,4.201E-4,-2.266E-4,-1.768E-4,-1.095E-4,0
1506623531939,true,562.425,0,0.001663,7.541E-4,-0.001472,-4.457E-4,-0.001033,8.786E-6,-9.001E-4,-4.538E-4,0.001749,0.005741,2.832E-4,1.4E-4,4.368E-4,-2.44E-4,-2.291E-4,-9.442E-5,0
1506623531975,true,562.483,0,0.002636,7.029E-4,-0.001522,-4.378E-4,-0.001038,2.039E-5,-9.642E-4,-4.676E-4,0.002653,0.005011,2.461E-4,1.513E-4,4.326E-4,-2.554E-4,-2.285E-4,-9.13E-5,0
1506623532011,true,562.54,0,0.003124,0.001044,-0.001564,-4.373E-4,-0.001043,3.478E-5,-9.669E-4,-4.881E-4,0.002674,0.004788,2.576E-4,1.558E-4,3.856E-4,-2.408E-4,-2.034E-4,-1.035E-4,0
1506623532167,true,562.609,0,0.003326,0.001331,-0.001546,-4.39E-4,-0.001078,4.968E-5,-9.452E-4,-4.832E-4,0.001489,0.0055,2.854E-4,1.487E-4,3.568E-4,-2.267E-4,-1.692E-4,-1.236E-4,0
1506623532203,true,562.667,0,0.002408,0.001473,-0.001517,-4.296E-4,-0.001114,4.685E-5,-9.281E-4,-4.725E-4,5.447E-4,0.006147,3.079E-4,1.43E-4,3.704E-4,-2.174E-4,-1.777E-4,-1.238E-4,0
1506623532239,true,562.724,0,0.001524,0.001119,-0.001487,-4.233E-4,-0.001099,3.483E-5,-9.261E-4,-4.61E-4,5.272E-4,0.006432,2.793E-4,1.594E-4,4.041E-4,-2.227E-4,-2.075E-4,-1.112E-4,0
1506623532276,true,562.782,0,0.001721,6.963E-4,-0.001488,-4.17E-4,-0.00106,4.023E-5,-9.64E-4,-4.601E-4,0.001218,0.005956,2.377E-4,1.797E-4,4.398E-4,-2.36E-4,-1.96E-4,-1.07E-4,0
1506623532312,true,562.839,0,0.002308,7.323E-4,-0.001525,-4.136E-4,-0.001041,5.594E-5,-9.742E-4,-4.776E-4,0.002104,0.00518,2.441E-4,1.872E-4,4.324E-4,-2.335E-4,-1.57E-4,-1.123E-4,0
