1520353296758,true,1521.816,0,0.014778,0.0045532,0.0029676,1.513E-4,0.0043113,0.0020089,0.0037185,4.339E-4,0.014179,0.022683,0.0057939,0.001732,0.0063669,0.0026299,0.008512,0.0016839,0
1520353296804,true,1521.862,0,0.015076,0.004665,0.0029536,1.4986E-4,0.0043079,0.0020063,0.0037113,4.2746E-4,0.014094,0.022709,0.0057857,0.0017306,0.0063557,0.0026287,0.0085008,0.0016846,0
1520353296862,true,1521.92,0,0.014701,0.0048062,0.0029658,1.4381E-4,0.0043067,0.0020014,0.0037168,4.2384E-4,0.013536,0.023132,0.0057756,0.0017322,0.0063508,0.0026314,0.0085006,0.0016805,0
1520353296919,true,1521.977,0,0.014046,0.0047086,0.0029616,1.4278E-4,0.0043023,0.0019949,0.0037126,4.1943E-4,0.013486,0.023194,0.0057675,0.0017337,0.0063545,0.00263,0.0084999,0.0016786,0
1520353296977,true,1522.035,0,0.013905,0.0043296,0.0029607,1.3962E-4,0.0043059,0.0019908,0.0037026,4.2151E-4,0.013672,0.023054,0.0057622,0.0017362,0.0063566,0.0026276,0.0084921,0.0016813,0
1520353297034,true,1522.092,0,0.014582,0.0041739,0.002957,1.3629E-4,0.0043257,0.0019826,0.0036889,4.1698E-4,0.014173,0.022575,0.0057485,0.0017407,0.0063542,0.0026244,0.0084947,0.0016802,0
1520353297103,true,1522.161,0,0.015083,0.004373,0.0029594,1.317E-4,0.0043338,0.0019789,0.0036849,4.1225E-4,0.014455,0.022276,0.0057493,0.0017438,0.0063509,0.0026228,0.0085074,0.0016746,0
1520353297161,true,1522.219,0,0.015541,0.0045903,0.0029677,1.2533E-4,0.0043341,0.001976,0.0036772,4.1118E-4,0.014165,0.022519,0.0057497,0.0017436,0.0063508,0.0026228,0.0085232,0.0016701,0
1520353297218,true,1522.276,0,0.014936,0.0050212,0.0029696,1.2125E-4,0.0043292,0.0019681,0.003672,4.0727E-4,0.013707,0.022984,0.0057542,0.0017394,0.006347,0.0026208,0.008526,0.0016691,0
1520353297276,true,1522.334,0,0.014506,0.0048673,0.0029696,1.2001E-4,0.0043169,0.0019602,0.0036649,4.0589E-4,0.013254,0.02359,0.0057532,0.0017391,0.0063508,0.0026168,0.0085191,0.0016721,0
1520353297333,true,1522.391,0,0.014677,0.0046333,0.0029518,1.2281E-4,0.0043329,0.0019485,0.0036542,4.0287E-4,0.013332,0.023559,0.0057471,0.0017432,0.0063528,0.0026109,0.0085073,0.0016762,0
1520353297379,true,1522.437,0,0.015079,0.0046893,0.0029415,1.2055E-4,0.0043352,0.001945,0.0036469,3.9846E-4,0.013664,0.023158,0.0057433,0.0017444,0.0063456,0.0026097,0.0084996,0.0016802,0
1520353297437,true,1522.495,0,0.015245,0.0048621,0.0029318,1.1484E-4,0.0043407,0.0019403,0.0036434,3.9249E-4,0.013854,0.022922,0.00574,0.0017448,0.0063349,0.0026088,0.0085011,0.0016776,0
1520353297494,true,1522.552,0,0.01512,0.0051122,0.0029233,1.1294E-4,0.0043291,0.0019354,0.0036414,3.9117E-4,0.013461,0.023151,0.0057278,0.0017474,0.0063404,0.0026052,0.0085048,0.0016763,0
1520353297552,true,1522.61,0,0.014266,0.0051126,0.0029055,1.1532E-4,0.0043157,0.0019304,0.0036393,3.9285E-4,0.013344,0.023214,0.0057283,0.0017514,0.0063363,0.002608,0.0085034,0.0016775,0
1520353297609,true,1522.667,0,0.01369,0.0047835,0.0029047,1.1694E-4,0.0043149,0.0019256,0.0036363,3.9261E-4,0.013441,0.023237,0.005723,0.0017552,0.0063429,0.0026052,0.0085058,0.0016751,0
1520353297654,true,1522.712,0,0.014201,0.0045368,0.0029039,1.175E-4,0.0043188,0.0019235,0.0036404,3.883E-4,0.014004,0.022724,0.0057273,0.0017589,0.0063509,0.0025989,0.0085068,0.0016757,0
1520353297712,true,1522.77,0,0.014423,0.0049244,0.0029014,1.1795E-4,0.0043318,0.0019217,0.003653,3.8653E-4,0.014475,0.02222,0.0057366,0.0017601,0.0063659,0.0025901,0.0085147,0.0016739,0
1520353297769,true,1522.827,0,0.01466,0.00526,0.0029011,1.1734E-4,0.0043385,0.0019199,0.0036595,3.8728E-4,0.014374,0.02232,0.0057583,0.0017584,0.0063691,0.0025899,0.0085348,0.0016671,0
1520353297827,true,1522.885,0,0.014506,0.0055806,0.0029085,1.175E-4,0.0043399,0.0019168,0.0036764,3.8842E-4,0.014095,0.02273,0.0057772,0.0017572,0.0063729,0.0025904,0.0085383,0.0016653,0
1520353297884,true,1522.942,0,0.01406,0.005578,0.0029219,1.1784E-4,0.0043406,0.0019136,0.0037011,3.8369E-4,0.013705,0.02324,0.0057991,0.0017551,0.0063827,0.0025877,0.0085399,0.0016651,0
1520353297954,true,1523.012,0,0.014271,0.0052536,0.0029303,1.19E-4,0.0043717,0.0019058,0.0037128,3.8332E-4,0.013544,0.023406,0.0058117,0.0017574,0.0063971,0.0025809,0.0085245,0.001673,0
1520353298012,true,1523.07,0,0.014754,0.0052137,0.0029265,1.2032E-4,0.0044036,0.0019008,0.0037255,3.7803E-4,0.013865,0.023096,0.0058267,0.001759,0.006397,0.0025798,0.008533,0.0016711,0
1520353298069,true,1523.127,0,0.015109,0.005325,0.0029248,1.2044E-4,0.0044266,0.001897,0.0037412,3.75E-4,0.014077,0.022764,0.0058343,0.0017598,0.0064072,0.0025758,0.0085502,0.0016657,0
1520353298127,true,1523.185,0,0.01502,0.0055747,0.0029305,1.1994E-4,0.0044363,0.0018939,0.0037598,3.7589E-4,0.013986,0.02276,0.0058431,0.0017594,0.0063972,0.0025797,0.0085649,0.0016579,0
1520353298184,true,1523.242,0,0.014563,0.0056248,0.0029469,1.1788E-4,0.0044297,0.0018952,0.0037893,3.7292E-4,0.013732,0.022984,0.0058513,0.0017564,0.0063948,0.0025803,0.0085626,0.0016598,0
1520353298255,true,1523.313,0,0.01387,0.0053353,0.0029494,1.1948E-4,0.0044322,0.001893,0.0037968,3.7915E-4,0.013759,0.022897,0.0058562,0.0017553,0.0063852,0.0025846,0.0085594,0.001659,0
1520353298313,true,1523.371,0,0.014069,0.0050685,0.0029606,1.2025E-4,0.0044366,0.0018918,0.0037936,3.8606E-4,0.013992,0.02261,0.0058521,0.0017609,0.0063883,0.0025834,0.0085544,0.0016592,0
1520353298370,true,1523.428,0,0.014436,0.0051083,0.0029618,1.2374E-4,0.0044536,0.0018946,0.003809,3.8868E-4,0.014593,0.021983,0.005869,0.0017629,0.0063935,0.0025822,0.0085639,0.0016603,0
1520353298428,true,1523.486,0,0.015058,0.0053568,0.0029789,1.255E-4,0.0044722,0.0019021,0.0038447,3.8869E-4,0.014762,0.02173,0.0058941,0.0017589,0.0063896,0.002587,0.0085725,0.0016579,0
1520353298485,true,1523.543,0,0.015121,0.0056554,0.0030014,1.236E-4,0.004487,0.0019035,0.0038753,3.9182E-4,0.014484,0.02199,0.0059063,0.0017566,0.0063987,0.0025884,0.0085911,0.0016555,0
1520353298529,true,1523.587,0,0.014589,0.0057341,0.0030244,1.283E-4,0.0044989,0.0019018,0.003912,3.9115E-4,0.01406,0.022549,0.0059314,0.0017552,0.006414,0.0025844,0.0085884,0.0016591,0
1520353298587,true,1523.645,0,0.014092,0.0055766,0.0030589,1.3034E-4,0.0045263,0.0019023,0.0039492,3.9586E-4,0.013921,0.022716,0.0059508,0.0017545,0.0064314,0.0025824,0.0085892,0.0016614,0
1520353298644,true,1523.702,0,0.014475,0.0054172,0.0030862,1.3053E-4,0.0045539,0.0019064,0.0039687,4.0198E-4,0.014349,0.022326,0.0059662,0.0017545,0.0064487,0.0025791,0.0085975,0.0016592,0
1520353298702,true,1523.76,0,0.014729,0.0055391,0.0030992,1.3289E-4,0.004596,0.0019057,0.0040097,3.9891E-4,0.014707,0.021906,0.005979,0.0017545,0.006456,0.00258,0.0086007,0.0016597,0
1520353298759,true,1523.817,0,0.014804,0.0056477,0.0031286,1.2967E-4,0.0046315,0.0019068,0.0040474,4.0028E-4,0.014513,0.022087,0.0059927,0.0017518,0.0064658,0.0025771,0.0086029,0.0016559,0
1520353298805,true,1523.863,0,0.014409,0.005742,0.0031563,1.2988E-4,0.0046498,0.0019059,0.0040848,4.0136E-4,0.014138,0.022415,0.0060065,0.0017483,0.0064641,0.0025765,0.0086045,0.0016513,0
1520353298863,true,1523.921,0,0.01372,0.0056181,0.0031696,1.3175E-4,0.0046801,0.0019015,0.0041104,4.1015E-4,0.014194,0.022405,0.0060209,0.0017424,0.0064774,0.0025705,0.0085919,0.0016522,0
1520353298920,true,1523.978,0,0.013832,0.005223,0.0031786,1.3178E-4,0.0047091,0.0018982,0.0041314,4.1393E-4,0.014395,0.022205,0.0060302,0.001741,0.0064827,0.0025639,0.0085786,0.001654,0
1520353298978,true,1524.036,0,0.014377,0.0051635,0.0031884,1.3014E-4,0.0047333,0.0018989,0.004141,4.1497E-4,0.014925,0.021693,0.0060286,0.0017392,0.0064824,0.0025621,0.0085772,0.0016482,0
1520353299035,true,1524.093,0,0.014657,0.0054461,0.0031944,1.3252E-4,0.0047624,0.0018974,0.0041671,4.17E-4,0.0152,0.02145,0.0060312,0.0017379,0.0064692,0.0025651,0.0085717,0.0016439,0
1520353299104,true,1524.162,0,0.015087,0.0057567,0.0032195,1.3231E-4,0.0047759,0.001902,0.0041927,4.2283E-4,0.014682,0.021957,0.0060406,0.0017366,0.0064604,0.0025661,0.0085659,0.0016437,0
1520353299162,true,1524.22,0,0.014741,0.005997,0.0032451,1.3333E-4,0.0047987,0.0018976,0.004234,4.2491E-4,0.014284,0.022434,0.0060617,0.0017336,0.0064731,0.0025634,0.0085676,0.0016428,0
1520353299219,true,1524.277,0,0.014443,0.0057121,0.0032789,1.3227E-4,0.0048301,0.0018943,0.0042666,4.2651E-4,0.013946,0.022845,0.006069,0.0017344,0.0064858,0.0025606,0.0085611,0.0016432,0
1520353299277,true,1524.335,0,0.014478,0.0055602,0.0033,1.336E-4,0.0048703,0.0018907,0.0042899,4.2805E-4,0.014151,0.022747,0.0060777,0.0017332,0.0064958,0.0025573,0.0085551,0.0016454,0
1520353299334,true,1524.392,0,0.015082,0.005589,0.0033232,1.3099E-4,0.0048979,0.0018978,0.0043209,4.2753E-4,0.014617,0.022277,0.0060909,0.0017307,0.0065077,0.0025523,0.0085476,0.0016468,0
1520353299380,true,1524.438,0,0.01518,0.00573,0.003347,1.3007E-4,0.0049439,0.0018995,0.0043572,4.2986E-4,0.014482,0.022386,0.0061087,0.001729,0.0065096,0.0025551,0.0085613,0.001641,0
1520353299438,true,1524.496,0,0.014882,0.0059401,0.0033685,1.3172E-4,0.0049548,0.0019031,0.0043996,4.3069E-4,0.014227,0.022717,0.0061274,0.0017255,0.0065169,0.0025533,0.008566,0.0016366,0
1520353299495,true,1524.553,0,0.014338,0.0058051,0.0033969,1.3086E-4,0.0049778,0.0018985,0.0044317,4.3417E-4,0.013916,0.023156,0.0061268,0.0017242,0.0065263,0.0025517,0.0085641,0.001637,0
1520353299553,true,1524.611,0,0.014045,0.0054581,0.0034283,1.2739E-4,0.0050046,0.0018977,0.0044547,4.3795E-4,0.014059,0.023058,0.0061313,0.001722,0.0065472,0.002544,0.0085584,0.0016345,0
1520353299610,true,1524.668,0,0.014684,0.0052194,0.0034445,1.2481E-4,0.0050296,0.0018968,0.0044658,4.3954E-4,0.014621,0.02251,0.0061375,0.0017179,0.0065559,0.0025342,0.0085609,0.0016309,0
1520353299680,true,1524.738,0,0.015083,0.0054616,0.0034506,1.2386E-4,0.0050504,0.0018951,0.0044895,4.3695E-4,0.014852,0.022285,0.0061368,0.0017166,0.0065475,0.0025389,0.0085666,0.0016279,0
1520353299738,true,1524.796,0,0.015614,0.0056325,0.0034775,1.2041E-4,0.005078,0.0018954,0.0044969,4.4095E-4,0.014661,0.022343,0.0061308,0.0017164,0.0065383,0.0025379,0.0085677,0.001626,0
1520353299795,true,1524.853,0,0.015279,0.0059585,0.0034989,1.209E-4,0.0050958,0.0018925,0.0045077,4.4476E-4,0.013988,0.023041,0.006127,0.0017154,0.0065379,0.0025371,0.0085538,0.0016293,0
1520353299853,true,1524.911,0,0.014655,0.0058792,0.0035196,1.2166E-4,0.0051054,0.001894,0.004534,4.4811E-4,0.013474,0.023612,0.0061228,0.0017159,0.0065517,0.0025314,0.0085546,0.001627,0
1520353299910,true,1524.968,0,0.014592,0.0056278,0.0035507,1.2046E-4,0.0051245,0.0018974,0.0045547,4.4947E-4,0.013521,0.023614,0.0061296,0.0017129,0.0065652,0.0025287,0.0085642,0.0016251,0
1520353299980,true,1525.038,0,0.015145,0.0056076,0.0035659,1.2166E-4,0.0051647,0.0018977,0.0045727,4.4744E-4,0.013691,0.023317,0.0061489,0.0017076,0.0065788,0.0025262,0.0085661,0.0016262,0
1520353300038,true,1525.096,0,0.01528,0.0057697,0.0035786,1.2269E-4,0.0052007,0.0018962,0.0045999,4.4792E-4,0.013626,0.023372,0.0061618,0.0017047,0.0065754,0.0025269,0.0085726,0.0016264,0
1520353300095,true,1525.153,0,0.015083,0.0059339,0.0036001,1.2076E-4,0.0052259,0.0018986,0.0046266,4.5013E-4,0.013174,0.023867,0.0061723,0.0017022,0.0065816,0.0025264,0.008583,0.0016221,0
1520353300153,true,1525.211,0,0.014496,0.0059084,0.0036259,1.1891E-4,0.00524,0.0019007,0.0046632,4.4851E-4,0.012947,0.024078,0.0061759,0.0017005,0.0065926,0.0025254,0.0085826,0.0016253,0
1520353300210,true,1525.268,0,0.013938,0.0056192,0.0036465,1.1873E-4,0.0052566,0.0019023,0.0046832,4.5385E-4,0.012918,0.024278,0.0061748,0.0016987,0.0066019,0.0025208,0.0085796,0.0016239,0
1520353300255,true,1525.313,0,0.014632,0.0052999,0.0036496,1.2205E-4,0.0052895,0.0019006,0.0046893,4.6094E-4,0.013245,0.0239,0.0061729,0.0016974,0.0066047,0.0025203,0.0085759,0.0016261,0
1520353300313,true,1525.371,0,0.015185,0.0055022,0.0036589,1.1986E-4,0.0053043,0.0019025,0.0047032,4.5987E-4,0.013515,0.023569,0.0061644,0.0016996,0.0066081,0.0025191,0.008585,0.0016225,0
1520353300370,true,1525.428,0,0.015653,0.0057567,0.0036776,1.1464E-4,0.0053205,0.0019035,0.0047271,4.5683E-4,0.013448,0.023579,0.006174,0.0016955,0.0066048,0.0025182,0.0085838,0.0016219,0
1520353300428,true,1525.486,0,0.015541,0.0060265,0.0036921,1.1456E-4,0.0053225,0.0019039,0.0047353,4.5904E-4,0.012994,0.023952,0.006166,0.0016932,0.0066038,0.0025201,0.0085958,0.0016152,0
1520353300485,true,1525.543,0,0.015024,0.0060279,0.0037055,1.1332E-4,0.0053221,0.0019007,0.0047376,4.6169E-4,0.012522,0.02453,0.0061609,0.0016917,0.0066075,0.0025181,0.008596,0.0016124,0
1520353300555,true,1525.613,0,0.014746,0.0058503,0.0037216,1.1349E-4,0.0053327,0.0019051,0.0047251,4.7121E-4,0.012345,0.024743,0.0061595,0.001691,0.0066103,0.0025148,0.0086034,0.0016098,0
1520353300613,true,1525.671,0,0.015256,0.0056854,0.0037371,1.1436E-4,0.0053518,0.0019106,0.0047358,4.7003E-4,0.012775,0.024221,0.006162,0.0016872,0.0066136,0.0025133,0.0086118,0.00161,0
1520353300670,true,1525.728,0,0.015228,0.0059354,0.0037488,1.1311E-4,0.0053637,0.0019173,0.0047461,4.7385E-4,0.013065,0.023906,0.0061624,0.0016855,0.0066158,0.0025124,0.0086246,0.0016074,0
1520353300728,true,1525.786,0,0.015289,0.0060699,0.0037608,1.1421E-4,0.0053856,0.0019226,0.0047638,4.7812E-4,0.012878,0.023983,0.0061718,0.001681,0.0066186,0.0025138,0.0086282,0.0016041,0
1520353300785,true,1525.843,0,0.014669,0.0062209,0.0037697,1.1819E-4,0.0053833,0.0019249,0.0047739,4.8684E-4,0.012672,0.024186,0.006174,0.0016774,0.0066243,0.0025141,0.0086314,0.0016047,0
1520353300831,true,1525.889,0,0.013934,0.0060156,0.0037852,1.1899E-4,0.0053947,0.0019256,0.0047871,4.9288E-4,0.012528,0.024331,0.0061779,0.0016773,0.0066344,0.0025095,0.0086331,0.0016051,0
1520353300889,true,1525.947,0,0.01408,0.0057806,0.0038086,1.1845E-4,0.0054181,0.0019285,0.0047943,4.9577E-4,0.012854,0.02405,0.0061759,0.0016762,0.0066396,0.0025064,0.0086414,0.0016029,0
1520353300946,true,1526.004,0,0.014659,0.0058427,0.0038074,1.2241E-4,0.0054169,0.0019396,0.0047907,4.9679E-4,0.013362,0.023529,0.0061758,0.0016739,0.0066481,0.0025031,0.0086406,0.0016032,0
1520353301004,true,1526.062,0,0.015191,0.0061195,0.0038064,1.2254E-4,0.0054319,0.0019441,0.0048096,4.9314E-4,0.013477,0.023402,0.0061761,0.0016716,0.006647,0.0025017,0.0086564,0.0015995,0
1520353301061,true,1526.119,0,0.015235,0.0064271,0.0038159,1.229E-4,0.0054432,0.0019414,0.0048095,5.0114E-4,0.012984,0.023866,0.0061856,0.0016679,0.0066348,0.0025068,0.0086651,0.0015947,0
1520353301130,true,1526.188,0,0.014778,0.0065384,0.0038222,1.2332E-4,0.0054312,0.0019433,0.0048082,5.0518E-4,0.012476,0.024388,0.0061779,0.0016663,0.0066313,0.0025068,0.0086543,0.0015963,0
1520353301188,true,1526.246,0,0.014648,0.0062538,0.0038209,1.2674E-4,0.0054385,0.0019405,0.0047917,5.1445E-4,0.012397,0.024611,0.006166,0.0016669,0.0066348,0.0025009,0.0086434,0.001597,0
1520353301245,true,1526.303,0,0.014802,0.0061998,0.0038126,1.3114E-4,0.0054435,0.0019458,0.0047725,5.1929E-4,0.012644,0.024214,0.0061424,0.0016707,0.0066292,0.0025017,0.0086451,0.001595,0
1520353301303,true,1526.361,0,0.014756,0.006363,0.00381,1.3408E-4,0.0054538,0.0019499,0.0047686,5.2098E-4,0.013053,0.02382,0.0061411,0.0016713,0.0066246,0.0024997,0.0086573,0.0015908,0
1520353301360,true,1526.418,0,0.014823,0.0064592,0.0038087,1.3642E-4,0.0054605,0.0019554,0.0047855,5.2479E-4,0.013035,0.023782,0.0061333,0.0016716,0.0066174,0.0024991,0.0086643,0.0015849,0
1520353301405,true,1526.463,0,0.014227,0.0066344,0.0038105,1.4084E-4,0.0054588,0.0019604,0.0047973,5.3032E-4,0.0128,0.024038,0.0061389,0.00167,0.0066187,0.0024998,0.0086744,0.0015793,0
1520353301463,true,1526.521,0,0.013666,0.0063749,0.0038265,1.4041E-4,0.0054685,0.0019551,0.0048023,5.3467E-4,0.012631,0.02418,0.0061374,0.001669,0.0066115,0.0024957,0.0086666,0.0015768,0
1520353301520,true,1526.578,0,0.013692,0.0060271,0.0038262,1.4319E-4,0.0054627,0.0019594,0.0048028,5.403E-4,0.013067,0.02383,0.0061309,0.0016715,0.0066012,0.0024953,0.0086612,0.0015781,0
1520353301578,true,1526.636,0,0.014524,0.0059315,0.0038196,1.4771E-4,0.0054793,0.0019621,0.0048096,5.3783E-4,0.013425,0.02347,0.0061293,0.001672,0.0066047,0.0024897,0.0086577,0.0015794,0
1520353301635,true,1526.693,0,0.015114,0.0061713,0.0038191,1.4795E-4,0.0055003,0.0019589,0.0048177,5.3838E-4,0.013684,0.023166,0.0061332,0.0016691,0.0066101,0.0024858,0.0086598,0.0015758,0
1520353301705,true,1526.763,0,0.015517,0.0063632,0.0038233,1.4588E-4,0.0055034,0.001961,0.0048246,5.4085E-4,0.013235,0.023638,0.0061383,0.001667,0.0066072,0.0024864,0.008672,0.0015689,0
1520353301763,true,1526.821,0,0.014817,0.0066256,0.0038328,1.4639E-4,0.0054882,0.0019609,0.0048193,5.4222E-4,0.012899,0.023964,0.0061289,0.0016667,0.0065961,0.0024893,0.0086588,0.0015697,0
1520353301820,true,1526.878,0,0.014201,0.006408,0.0038377,1.4627E-4,0.0054999,0.0019548,0.0048178,5.4314E-4,0.012759,0.024273,0.0061288,0.0016661,0.0065912,0.0024858,0.0086493,0.0015673,0
1520353301878,true,1526.936,0,0.014387,0.0061661,0.0038324,1.4831E-4,0.0055024,0.0019591,0.0048156,5.374E-4,0.012908,0.024162,0.0061119,0.0016675,0.0065833,0.0024847,0.0086317,0.0015683,0
1520353301935,true,1526.993,0,0.01437,0.0063226,0.0038199,1.4802E-4,0.0055051,0.0019544,0.0048109,5.3609E-4,0.013196,0.023809,0.0060893,0.0016691,0.0065675,0.0024839,0.0086238,0.0015684,0
1520353302006,true,1527.064,0,0.01425,0.0064718,0.0038145,1.4988E-4,0.0055071,0.0019554,0.0048014,5.4007E-4,0.013202,0.023692,0.0060717,0.0016711,0.0065474,0.0024842,0.008614,0.0015659,0
1520353302064,true,1527.122,0,0.014037,0.0066265,0.0038109,1.504E-4,0.0054992,0.0019565,0.0048009,5.4433E-4,0.012907,0.023979,0.0060646,0.0016689,0.006537,0.0024824,0.0086099,0.001562,0
1520353302121,true,1527.179,0,0.013413,0.006432,0.0038124,1.4924E-4,0.0054969,0.0019546,0.0048126,5.4463E-4,0.012846,0.024055,0.0060549,0.0016694,0.0065252,0.0024849,0.0086019,0.0015606,0
1520353302179,true,1527.237,0,0.013019,0.0061707,0.0038077,1.5041E-4,0.0054872,0.001955,0.0048168,5.4581E-4,0.012992,0.024034,0.0060526,0.0016654,0.0065186,0.0024834,0.0085874,0.0015617,0
1520353302236,true,1527.294,0,0.01323,0.0061087,0.003808,1.4966E-4,0.0054816,0.0019568,0.004813,5.4388E-4,0.01365,0.023422,0.0060384,0.0016644,0.0065014,0.0024856,0.00856,0.0015668,0
1520353302280,true,1527.338,0,0.013878,0.0062439,0.0038048,1.4811E-4,0.0054884,0.0019571,0.0048064,5.4209E-4,0.01391,0.023017,0.0060337,0.0016613,0.0064883,0.002487,0.0085485,0.0015647,0
1520353302338,true,1527.396,0,0.014337,0.0065291,0.0038056,1.479E-4,0.0054882,0.001957,0.0048174,5.3978E-4,0.01367,0.023263,0.006022,0.0016621,0.0064743,0.0024873,0.0085373,0.0015614,0
1520353302395,true,1527.453,0,0.014089,0.0067384,0.0038049,1.4871E-4,0.0054866,0.0019531,0.0048169,5.4224E-4,0.013204,0.023753,0.0060123,0.0016603,0.0064632,0.0024883,0.0085311,0.0015584,0
1520353302453,true,1527.511,0,0.013445,0.0065829,0.0038087,1.452E-4,0.0054946,0.0019446,0.0048162,5.4315E-4,0.0128,0.024216,0.0059914,0.0016612,0.0064479,0.0024905,0.0085103,0.0015588,0
1520353302510,true,1527.568,0,0.013634,0.0062378,0.0037993,1.4824E-4,0.0054949,0.0019434,0.0048034,5.4417E-4,0.012825,0.024247,0.0059784,0.0016599,0.0064479,0.0024839,0.0084979,0.0015551,0
1520353302556,true,1527.614,0,0.013937,0.006175,0.003791,1.455E-4,0.0055049,0.0019408,0.0048025,5.3559E-4,0.013261,0.023686,0.0059698,0.0016592,0.0064313,0.0024824,0.0084746,0.0015577,0
1520353302614,true,1527.672,0,0.014078,0.0062236,0.0037768,1.4144E-4,0.0055016,0.0019439,0.0047955,5.3132E-4,0.01334,0.023463,0.0059567,0.0016575,0.0063988,0.0024855,0.0084673,0.0015501,0
1520353302671,true,1527.729,0,0.013875,0.0063586,0.0037558,1.4263E-4,0.0054828,0.0019451,0.0047878,5.331E-4,0.012942,0.02371,0.0059439,0.0016555,0.0063786,0.0024882,0.0084515,0.0015495,0
1520353302729,true,1527.787,0,0.013085,0.0063563,0.003756,1.4083E-4,0.0054713,0.0019414,0.0047856,5.3288E-4,0.012713,0.023835,0.0059258,0.0016561,0.0063609,0.0024875,0.0084388,0.0015465,0
1520353302786,true,1527.844,0,0.012433,0.0060833,0.0037627,1.3611E-4,0.0054736,0.0019362,0.0047886,5.3145E-4,0.012537,0.024066,0.0059242,0.0016517,0.0063449,0.0024869,0.0084188,0.0015503,0
1520353302855,true,1527.913,0,0.012718,0.005897,0.0037538,1.3411E-4,0.0054665,0.0019397,0.0047795,5.3063E-4,0.012772,0.023734,0.0059027,0.0016546,0.0063373,0.0024847,0.0083999,0.0015548,0
1520353302913,true,1527.971,0,0.013306,0.0061043,0.0037366,1.3563E-4,0.0054533,0.0019445,0.0047784,5.2728E-4,0.013245,0.02319,0.005891,0.0016541,0.0063197,0.0024851,0.0083889,0.0015569,0
1520353302970,true,1528.028,0,0.013967,0.0062798,0.003722,1.3445E-4,0.0054399,0.0019509,0.0047798,5.248E-4,0.013,0.023381,0.005881,0.0016532,0.0063048,0.0024835,0.0083892,0.0015511,0
1520353303028,true,1528.086,0,0.013764,0.0066654,0.0037186,1.3538E-4,0.0054253,0.0019522,0.0047781,5.2479E-4,0.012269,0.024034,0.0058751,0.0016489,0.0062932,0.0024846,0.0083721,0.0015485,0
1520353303085,true,1528.143,0,0.013257,0.0066341,0.0037161,1.3456E-4,0.0054256,0.0019446,0.0047752,5.2551E-4,0.011631,0.024714,0.0058674,0.0016463,0.0062803,0.0024856,0.0083576,0.0015468,0
1520353303130,true,1528.188,0,0.013203,0.006328,0.0037115,1.3265E-4,0.0054322,0.0019375,0.0047656,5.2266E-4,0.011433,0.024882,0.0058513,0.0016481,0.0062725,0.0024834,0.0083326,0.001549,0
1520353303188,true,1528.246,0,0.013469,0.0062661,0.0037027,1.2931E-4,0.0054293,0.0019401,0.0047583,5.156E-4,0.011908,0.02439,0.0058426,0.0016463,0.0062615,0.0024774,0.0083162,0.0015507,0
1520353303245,true,1528.303,0,0.013398,0.0064385,0.0036833,1.2768E-4,0.0054263,0.0019388,0.0047578,5.0943E-4,0.012294,0.023978,0.0058268,0.0016461,0.0062468,0.0024803,0.0082972,0.0015468,0
1520353303303,true,1528.361,0,0.013701,0.0064875,0.0036601,1.2527E-4,0.0054097,0.0019373,0.0047496,5.0871E-4,0.011845,0.024327,0.0058063,0.0016439,0.0062285,0.0024806,0.0082877,0.0015421,0
1520353303360,true,1528.418,0,0.013302,0.0065005,0.0036354,1.2831E-4,0.0053871,0.0019337,0.0047374,5.097E-4,0.011646,0.024415,0.0057847,0.0016453,0.006209,0.0024821,0.0082647,0.0015424,0
1520353303430,true,1528.488,0,0.012978,0.0062347,0.0036212,1.3055E-4,0.005382,0.0019302,0.0047325,5.1025E-4,0.011734,0.024452,0.0057777,0.0016457,0.0061975,0.0024824,0.0082321,0.0015526,0
1520353303488,true,1528.546,0,0.013512,0.0058445,0.0036048,1.3345E-4,0.0053676,0.0019364,0.0047273,5.0924E-4,0.01211,0.024022,0.0057731,0.0016476,0.0061932,0.0024802,0.0082161,0.0015546,0
1520353303545,true,1528.603,0,0.01428,0.0058809,0.0035971,1.3359E-4,0.0053872,0.0019353,0.004723,5.0612E-4,0.012655,0.023383,0.0057693,0.001649,0.0061958,0.0024767,0.0082022,0.0015598,0
1520353303603,true,1528.661,0,0.01482,0.0061508,0.0035911,1.322E-4,0.0053837,0.0019376,0.0047318,5.041E-4,0.012675,0.023303,0.0057668,0.0016486,0.0061741,0.0024783,0.0082013,0.0015535,0
1520353303660,true,1528.718,0,0.014851,0.0064737,0.0035882,1.3434E-4,0.0053798,0.0019403,0.0047373,5.0145E-4,0.012057,0.023866,0.0057726,0.0016454,0.0061631,0.0024801,0.0081856,0.0015555,0
1520353303706,true,1528.764,0,0.014423,0.0065454,0.0035967,1.3616E-4,0.0053701,0.0019419,0.0047448,5.0125E-4,0.011483,0.024438,0.0057745,0.0016465,0.0061646,0.0024781,0.0081674,0.00156,0
1520353303764,true,1528.822,0,0.014433,0.0061287,0.0035958,1.3733E-4,0.0053877,0.0019354,0.0047449,5.0097E-4,0.011271,0.024728,0.0057733,0.0016449,0.0061551,0.0024771,0.0081404,0.0015684,0
1520353303821,true,1528.879,0,0.014896,0.0059692,0.0035849,1.4305E-4,0.0053952,0.0019396,0.0047464,4.9871E-4,0.011383,0.024563,0.0057688,0.0016488,0.0061546,0.0024776,0.0081357,0.001568,0
1520353303879,true,1528.937,0,0.01529,0.0059926,0.0035811,1.4267E-4,0.0054051,0.0019419,0.0047514,4.9361E-4,0.011778,0.024148,0.005772,0.0016494,0.0061408,0.0024778,0.0081286,0.0015706,0
1520353303936,true,1528.994,0,0.015625,0.0060145,0.0035815,1.4166E-4,0.0054118,0.0019428,0.0047712,4.8895E-4,0.011636,0.024223,0.0057783,0.001646,0.0061214,0.0024826,0.0081334,0.0015662,0
1520353304006,true,1529.064,0,0.01524,0.006153,0.0035871,1.4267E-4,0.005403,0.0019438,0.0047837,4.8673E-4,0.011568,0.024334,0.0057846,0.0016445,0.0061225,0.0024795,0.0081289,0.0015651,0
1520353304064,true,1529.122,0,0.014924,0.0058409,0.003583,1.4503E-4,0.0054025,0.0019404,0.0047826,4.8758E-4,0.011494,0.024456,0.0057777,0.0016466,0.0061163,0.0024817,0.0081105,0.0015719,0
1520353304121,true,1529.179,0,0.015102,0.0054957,0.003581,1.5199E-4,0.0053954,0.0019431,0.0047785,4.8807E-4,0.011762,0.024249,0.005768,0.0016547,0.0061158,0.0024794,0.008091,0.001579,0
1520353304179,true,1529.237,0,0.015737,0.0054826,0.003595,1.5173E-4,0.0054078,0.0019434,0.0047843,4.8813E-4,0.012181,0.023788,0.0057693,0.001658,0.0061187,0.0024777,0.0080972,0.0015792,0
1520353304236,true,1529.294,0,0.015917,0.0058062,0.0036024,1.5683E-4,0.0054253,0.0019466,0.0048074,4.8273E-4,0.012416,0.023607,0.0057839,0.0016566,0.0061221,0.0024746,0.008099,0.0015824,0
1520353304281,true,1529.339,0,0.016306,0.0061317,0.0036197,1.6033E-4,0.0054397,0.0019505,0.0048397,4.8216E-4,0.011913,0.024237,0.0058024,0.0016567,0.0061329,0.0024766,0.0081029,0.0015819,0
1520353304339,true,1529.397,0,0.015905,0.0063338,0.0036429,1.6324E-4,0.0054563,0.0019445,0.0048573,4.828E-4,0.011445,0.024847,0.0058145,0.0016588,0.0061449,0.0024784,0.008106,0.0015852,0
1520353304396,true,1529.454,0,0.015404,0.0061822,0.0036647,1.6719E-4,0.0054973,0.0019376,0.004893,4.7769E-4,0.011411,0.025041,0.0058316,0.0016629,0.0061654,0.0024793,0.0081137,0.0015862,0
1520353304454,true,1529.512,0,0.015726,0.0059964,0.0036901,1.7125E-4,0.0055256,0.0019354,0.0049167,4.7925E-4,0.011706,0.02488,0.005853,0.001664,0.0061731,0.0024827,0.0081184,0.0015902,0
1520353304511,true,1529.569,0,0.01585,0.0060903,0.0037093,1.7436E-4,0.0055629,0.0019387,0.0049272,4.8741E-4,0.012299,0.024294,0.005873,0.0016657,0.0061872,0.0024856,0.0081379,0.0015888,0
1520353304581,true,1529.639,0,0.016086,0.0061665,0.0037234,1.7788E-4,0.0055957,0.0019417,0.0049588,4.8927E-4,0.012127,0.024524,0.0058859,0.0016666,0.0061871,0.0024901,0.008149,0.0015846,0
1520353304639,true,1529.697,0,0.016058,0.0062293,0.0037379,1.8389E-4,0.0056085,0.0019423,0.0049877,4.9344E-4,0.011762,0.024916,0.0059049,0.0016677,0.0061999,0.0024927,0.0081548,0.0015842,0
1520353304696,true,1529.754,0,0.015732,0.0060575,0.0037661,1.8468E-4,0.0056361,0.0019392,0.0050052,5.0034E-4,0.011813,0.024895,0.0059194,0.0016685,0.0062041,0.0024959,0.0081583,0.0015891,0
1520353304754,true,1529.812,0,0.015734,0.0057367,0.0037772,1.8805E-4,0.0056586,0.0019376,0.0050217,5.0611E-4,0.012162,0.024762,0.0059313,0.0016708,0.0062157,0.0024989,0.0081665,0.0015911,0
1520353304811,true,1529.869,0,0.01624,0.0056879,0.0037948,1.902E-4,0.0056774,0.0019386,0.0050393,5.047E-4,0.012732,0.024284,0.00594,0.0016752,0.006221,0.002499,0.0081774,0.0015911,0
1520353304881,true,1529.939,0,0.016839,0.0058985,0.0038132,1.9294E-4,0.0057026,0.0019408,0.0050597,5.097E-4,0.013118,0.023977,0.0059589,0.0016763,0.0062413,0.0024953,0.0081882,0.0015917,0
1520353304939,true,1529.997,0,0.017441,0.0061176,0.0038494,1.9385E-4,0.0057275,0.0019457,0.0050965,5.0911E-4,0.012894,0.024274,0.0059857,0.0016763,0.0062495,0.0024998,0.0082116,0.0015875,0
1520353304996,true,1530.054,0,0.017174,0.0062571,0.0038898,1.9531E-4,0.005748,0.0019464,0.0051284,5.147E-4,0.012206,0.025059,0.0060029,0.0016785,0.0062746,0.0025033,0.0082345,0.0015868,0
1520353305054,true,1530.112,0,0.016754,0.0061876,0.0039194,1.9806E-4,0.0057833,0.001946,0.0051635,5.2018E-4,0.011912,0.025456,0.0060323,0.0016789,0.0063018,0.0025026,0.008246,0.001589,0
1520353305111,true,1530.169,0,0.016816,0.0059858,0.0039453,2.0872E-4,0.0058155,0.0019513,0.0051835,5.2795E-4,0.011909,0.025559,0.006046,0.0016856,0.0063323,0.0025008,0.0082625,0.0015893,0
1520353305157,true,1530.215,0,0.017272,0.0059682,0.0039844,2.112E-4,0.0058709,0.0019549,0.0052234,5.3177E-4,0.012348,0.025198,0.0060738,0.0016857,0.0063504,0.0024999,0.0082925,0.0015883,0
1520353305215,true,1530.273,0,0.017251,0.0061503,0.0040212,2.1242E-4,0.0059265,0.0019576,0.0052642,5.3915E-4,0.012546,0.024979,0.0061029,0.0016835,0.0063785,0.0024962,0.0083153,0.0015864,0
1520353305272,true,1530.33,0,0.017108,0.0063752,0.0040642,2.1271E-4,0.0059552,0.0019643,0.0053062,5.4415E-4,0.012315,0.0252,0.0061301,0.0016842,0.0063905,0.0025003,0.0083499,0.0015802,0
1520353305330,true,1530.388,0,0.016283,0.0065234,0.0041041,2.1591E-4,0.0059667,0.0019718,0.0053532,5.4922E-4,0.012275,0.025274,0.006159,0.0016821,0.0064159,0.0025003,0.0083713,0.0015788,0
1520353305387,true,1530.445,0,0.016069,0.0061932,0.0041435,2.1503E-4,0.0059889,0.0019766,0.0053772,5.5903E-4,0.012291,0.025457,0.006188,0.0016795,0.0064253,0.0025036,0.0083918,0.0015787,0
1520353305456,true,1530.514,0,0.016597,0.0060129,0.0041691,2.1709E-4,0.0060222,0.0019794,0.0054011,5.6359E-4,0.012505,0.025216,0.0062004,0.0016786,0.0064312,0.0025092,0.0084147,0.0015755,0
1520353305514,true,1530.572,0,0.017226,0.0062569,0.0041868,2.1975E-4,0.0060561,0.0019804,0.0054343,5.6402E-4,0.013029,0.024741,0.0062194,0.0016772,0.0064512,0.0025093,0.0084289,0.0015753,0
1520353305571,true,1530.629,0,0.017592,0.0064982,0.0042068,2.1954E-4,0.0060736,0.0019845,0.0054729,5.6014E-4,0.012956,0.024834,0.0062325,0.0016765,0.0064687,0.0025081,0.00844,0.0015753,0
1520353305629,true,1530.687,0,0.017487,0.0068793,0.0042301,2.1994E-4,0.0060801,0.0019844,0.0055034,5.6158E-4,0.01248,0.02539,0.0062447,0.0016783,0.0064887,0.0025064,0.0084555,0.0015676,0
1520353305686,true,1530.744,0,0.016881,0.0068245,0.0042582,2.2163E-4,0.0060857,0.0019845,0.0055208,5.6711E-4,0.012015,0.025848,0.0062558,0.001681,0.0065123,0.0025078,0.0084674,0.0015713,0
1520353305732,true,1530.79,0,0.016697,0.0065392,0.0042895,2.2124E-4,0.0061293,0.0019827,0.0055425,5.7017E-4,0.011939,0.025948,0.0062739,0.0016824,0.0065511,0.002504,0.008486,0.0015691,0
1520353305790,true,1530.848,0,0.017279,0.006377,0.0043159,2.2155E-4,0.0061677,0.0019861,0.0055744,5.661E-4,0.012252,0.025657,0.0062989,0.0016824,0.0065823,0.002502,0.0085031,0.0015703,0
1520353305847,true,1530.905,0,0.017189,0.0066853,0.0043333,2.2478E-4,0.0062096,0.0019894,0.0056198,5.6062E-4,0.012471,0.025317,0.0063175,0.0016844,0.0066019,0.0025003,0.0085314,0.0015647,0
1520353305905,true,1530.963,0,0.017453,0.0067846,0.0043589,2.2427E-4,0.0062281,0.0019969,0.0056552,5.6987E-4,0.012321,0.025378,0.0063364,0.0016849,0.0066158,0.0025018,0.0085683,0.0015595,0
1520353305962,true,1531.02,0,0.017077,0.0067265,0.0043816,2.2345E-4,0.0062501,0.0019988,0.0056908,5.7375E-4,0.011968,0.025704,0.006359,0.0016832,0.006641,0.0025019,0.0085767,0.0015616,0
1520353306007,true,1531.065,0,0.016648,0.0065002,0.0044019,2.2576E-4,0.0062935,0.0019895,0.0057166,5.8285E-4,0.011936,0.025841,0.006378,0.0016842,0.006656,0.0025083,0.0085889,0.0015644,0
1520353306065,true,1531.123,0,0.017049,0.006257,0.0044207,2.2928E-4,0.0063284,0.0019891,0.0057481,5.8193E-4,0.012186,0.025632,0.0063826,0.0016876,0.006668,0.0025099,0.0086072,0.0015662,0
1520353306122,true,1531.18,0,0.017742,0.0064169,0.0044446,2.261E-4,0.006354,0.0019921,0.0057778,5.7801E-4,0.012678,0.025101,0.0063941,0.0016868,0.0066929,0.0025064,0.0086374,0.001564,0
1520353306180,true,1531.238,0,0.017987,0.0067103,0.0044637,2.2532E-4,0.00637,0.0019893,0.0058074,5.7352E-4,0.012703,0.025151,0.0064117,0.0016854,0.0067092,0.0025092,0.0086508,0.0015676,0
1520353306237,true,1531.295,0,0.018128,0.0069615,0.0044779,2.2595E-4,0.0063806,0.0019892,0.0058188,5.7783E-4,0.012326,0.025562,0.0064282,0.0016835,0.0067251,0.0025105,0.0086617,0.0015651,0
1520353306307,true,1531.365,0,0.017614,0.0070907,0.0044993,2.2374E-4,0.0063809,0.0019858,0.0058309,5.7767E-4,0.011934,0.026018,0.0064458,0.0016815,0.0067385,0.0025145,0.0086685,0.0015655,0
1520353306365,true,1531.423,0,0.017128,0.0068246,0.004512,2.2108E-4,0.0064096,0.0019792,0.005845,5.7788E-4,0.011584,0.026461,0.0064445,0.0016807,0.0067589,0.002511,0.0086743,0.0015649,0
1520353306422,true,1531.48,0,0.017366,0.0066999,0.0045172,2.2125E-4,0.0064124,0.0019809,0.005849,5.7463E-4,0.012053,0.025937,0.0064424,0.0016818,0.0067732,0.0025073,0.0086784,0.001567,0
1520353306480,true,1531.538,0,0.017323,0.0068244,0.0045175,2.1829E-4,0.0064338,0.0019797,0.0058556,5.746E-4,0.012358,0.025532,0.0064548,0.0016815,0.0067875,0.002505,0.0086947,0.0015645,0
1520353306537,true,1531.595,0,0.017311,0.0070004,0.0045325,2.1298E-4,0.006439,0.0019858,0.0058844,5.6917E-4,0.01232,0.025562,0.0064623,0.0016829,0.0067907,0.0025123,0.0087153,0.001564,0
1520353306606,true,1531.664,0,0.016805,0.0072475,0.0045413,2.1517E-4,0.0064376,0.0019837,0.0059041,5.7187E-4,0.011947,0.025804,0.0064794,0.0016811,0.0068074,0.002513,0.0087266,0.0015634,0
1520353306664,true,1531.722,0,0.016394,0.0070113,0.0045503,2.1444E-4,0.0064548,0.0019797,0.0059197,5.7443E-4,0.011929,0.025871,0.0064967,0.0016795,0.0068244,0.0025148,0.0087405,0.0015686,0
1520353306721,true,1531.779,0,0.016373,0.0066989,0.0045535,2.1685E-4,0.0064719,0.0019788,0.0059222,5.7725E-4,0.012081,0.02569,0.0065077,0.0016795,0.0068339,0.0025172,0.0087424,0.0015753,0
1520353306779,true,1531.837,0,0.017231,0.006699,0.0045582,2.1857E-4,0.0064801,0.0019835,0.0059288,5.7835E-4,0.012465,0.025269,0.0065084,0.0016824,0.0068464,0.0025182,0.0087579,0.0015759,0
1520353306836,true,1531.894,0,0.017876,0.0069482,0.0045741,2.1723E-4,0.0065061,0.0019775,0.005936,5.7672E-4,0.01257,0.025152,0.0065238,0.0016796,0.006861,0.0025182,0.0087811,0.0015752,0
1520353306882,true,1531.94,0,0.018389,0.0072104,0.0045845,2.1615E-4,0.0065255,0.0019753,0.0059563,5.7723E-4,0.012081,0.025646,0.006536,0.0016799,0.0068697,0.0025229,0.0087967,0.0015759,0
1520353306940,true,1531.998,0,0.017774,0.0074447,0.0046062,2.1108E-4,0.0065271,0.0019719,0.0059743,5.7678E-4,0.011611,0.026271,0.0065512,0.00168,0.0068817,0.0025238,0.008802,0.0015772,0
1520353306997,true,1532.055,0,0.017358,0.0072385,0.0046271,2.0758E-4,0.0065504,0.0019642,0.0059891,5.7529E-4,0.011212,0.02678,0.0065592,0.0016774,0.0069023,0.0025228,0.008803,0.0015862,0
1520353307055,true,1532.113,0,0.017336,0.0070679,0.0046265,2.0834E-4,0.0065595,0.0019651,0.0059912,5.7358E-4,0.011463,0.026528,0.0065606,0.0016788,0.0069144,0.0025218,0.0088167,0.0015861,0
1520353307112,true,1532.17,0,0.017535,0.0070828,0.0046264,2.0496E-4,0.0065773,0.0019587,0.0059863,5.6724E-4,0.011809,0.026081,0.0065643,0.0016769,0.006919,0.0025227,0.0088237,0.0015845,0
1520353307183,true,1532.241,0,0.01773,0.0072041,0.004624,2.0179E-4,0.0065756,0.0019657,0.0059852,5.6893E-4,0.011753,0.026003,0.0065601,0.0016766,0.0069193,0.0025242,0.0088392,0.0015777,0
1520353307241,true,1532.299,0,0.017719,0.0072489,0.0046228,2.0038E-4,0.0065598,0.0019655,0.0059918,5.6546E-4,0.011624,0.026138,0.0065607,0.0016749,0.006919,0.0025267,0.0088509,0.0015726,0
1520353307298,true,1532.356,0,0.01705,0.0071637,0.0046265,1.9648E-4,0.0065358,0.0019664,0.005979,5.6947E-4,0.011558,0.026139,0.0065577,0.0016726,0.006921,0.0025262,0.0088436,0.0015786,0
1520353307356,true,1532.414,0,0.017025,0.0068484,0.0046292,1.9675E-4,0.0065302,0.0019647,0.0059746,5.7269E-4,0.011599,0.026137,0.006554,0.0016737,0.0069277,0.0025274,0.0088366,0.0015829,0
1520353307413,true,1532.471,0,0.017501,0.0067697,0.0046284,1.9577E-4,0.0065384,0.0019606,0.0059777,5.7137E-4,0.012034,0.025659,0.0065649,0.0016745,0.006943,0.0025263,0.0088447,0.0015867,0
1520353307457,true,1532.515,0,0.018119,0.0069206,0.00464,1.9353E-4,0.0065417,0.0019646,0.0059845,5.6757E-4,0.012254,0.025432,0.0065832,0.0016732,0.0069591,0.0025223,0.0088701,0.0015814,0
1520353307515,true,1532.573,0,0.018566,0.0070853,0.0046622,1.9466E-4,0.0065581,0.0019619,0.0060068,5.633E-4,0.011828,0.025835,0.0066024,0.0016707,0.0069662,0.0025237,0.0088842,0.0015812,0
1520353307572,true,1532.63,0,0.018262,0.0073018,0.0046735,1.9843E-4,0.0065562,0.0019633,0.0060192,5.6307E-4,0.011432,0.026287,0.0066224,0.0016677,0.0069785,0.0025237,0.0088969,0.0015793,0
1520353307630,true,1532.688,0,0.017713,0.0071411,0.0046952,1.9849E-4,0.0065756,0.0019568,0.0060309,5.6345E-4,0.011087,0.02673,0.0066342,0.0016711,0.0070074,0.0025229,0.0089052,0.0015807,0
1520353307687,true,1532.745,0,0.017922,0.0066698,0.0047183,1.9726E-4,0.0066029,0.0019535,0.0060391,5.6076E-4,0.011193,0.026681,0.006651,0.001671,0.0070241,0.0025223,0.0089132,0.0015853,0
1520353307758,true,1532.816,0,0.018134,0.0067206,0.0047338,1.9732E-4,0.0066249,0.0019512,0.0060453,5.5838E-4,0.011567,0.026263,0.0066694,0.0016715,0.0070503,0.0025175,0.008923,0.0015914,0
1520353307816,true,1532.874,0,0.018248,0.0067783,0.0047499,1.9368E-4,0.0066359,0.0019569,0.0060596,5.6118E-4,0.011717,0.026063,0.0066824,0.0016696,0.0070693,0.0025149,0.0089465,0.0015902,0
1520353307873,true,1532.931,0,0.018269,0.0067126,0.0047665,1.9322E-4,0.0066457,0.0019546,0.0060705,5.6729E-4,0.011474,0.026279,0.0066941,0.0016705,0.0070936,0.0025137,0.0089673,0.001587,0
1520353307931,true,1532.989,0,0.017763,0.0067229,0.0047843,1.9337E-4,0.0066446,0.0019551,0.0060932,5.644E-4,0.011601,0.026208,0.0067048,0.0016705,0.0071147,0.002513,0.0089746,0.0015856,0
1520353307988,true,1533.046,0,0.017483,0.0064777,0.004809,1.8986E-4,0.0066517,0.0019574,0.0061035,5.6407E-4,0.011516,0.026296,0.0067063,0.0016711,0.0071434,0.0025088,0.0089769,0.0015902,0
1520353308032,true,1533.09,0,0.017918,0.0063671,0.0048193,1.902E-4,0.0066603,0.0019571,0.0061193,5.5934E-4,0.011812,0.026072,0.0067056,0.0016751,0.007153,0.002512,0.0089954,0.0015915,0
1520353308090,true,1533.148,0,0.018266,0.0066501,0.0048242,1.8595E-4,0.0066492,0.0019619,0.006121,5.5291E-4,0.012208,0.025697,0.0067174,0.0016754,0.0071642,0.0025106,0.00901,0.0015908,0
1520353308147,true,1533.205,0,0.018623,0.0069484,0.0048276,1.8433E-4,0.0066446,0.0019586,0.0061299,5.4925E-4,0.011931,0.025902,0.0067227,0.0016757,0.0071643,0.0025159,0.0090098,0.0015885,0
1520353308205,true,1533.263,0,0.018628,0.0072341,0.0048461,1.8611E-4,0.0066431,0.0019588,0.0061301,5.5207E-4,0.011412,0.026432,0.0067376,0.0016751,0.007177,0.0025171,0.0090199,0.0015874,0
1520353308262,true,1533.32,0,0.01809,0.0070817,0.0048644,1.8911E-4,0.0066596,0.0019502,0.0061586,5.4494E-4,0.010935,0.026955,0.0067589,0.0016753,0.0072006,0.0025157,0.0090348,0.0015875,0
1520353308332,true,1533.39,0,0.017837,0.0068444,0.0048861,1.9364E-4,0.0066867,0.0019442,0.0061883,5.3831E-4,0.010776,0.027158,0.0067712,0.0016806,0.0072367,0.0025122,0.0090563,0.0015882,0
1520353308390,true,1533.448,0,0.018182,0.0066839,0.0048998,1.9454E-4,0.006705,0.0019476,0.006213,5.3101E-4,0.011074,0.02685,0.0067909,0.0016812,0.0072622,0.0025074,0.0090865,0.0015847,0
1520353308447,true,1533.505,0,0.018299,0.006804,0.0049106,1.9937E-4,0.0067207,0.0019509,0.0062457,5.2562E-4,0.011261,0.026685,0.0068175,0.0016821,0.0072951,0.0025057,0.009109,0.0015849,0
1520353308505,true,1533.563,0,0.01847,0.0069024,0.0049438,1.9878E-4,0.0067294,0.001957,0.006269,5.2501E-4,0.011111,0.026787,0.0068399,0.0016849,0.0073242,0.0025082,0.0091406,0.0015825,0
1520353308562,true,1533.62,0,0.017889,0.0069872,0.00497,1.9847E-4,0.0067426,0.0019522,0.0062921,5.2674E-4,0.010722,0.027178,0.0068612,0.0016867,0.0073548,0.0025108,0.0091499,0.001585,0
1520353308609,true,1533.667,0,0.017476,0.0067438,0.005005,1.9462E-4,0.0067567,0.0019503,0.0063201,5.3019E-4,0.010631,0.027404,0.0068842,0.0016849,0.0073826,0.0025116,0.0091686,0.0015895,0
1520353308667,true,1533.725,0,0.017283,0.0065512,0.0050301,1.9237E-4,0.006762,0.0019505,0.0063349,5.2666E-4,0.010931,0.02721,0.0069034,0.0016862,0.007405,0.0025123,0.0091922,0.0015938,0
1520353308724,true,1533.782,0,0.017873,0.0066395,0.0050513,1.8939E-4,0.0067875,0.0019482,0.0063556,5.2225E-4,0.011347,0.026828,0.00693,0.0016854,0.0074355,0.0025095,0.0092166,0.0015945,0
1520353308782,true,1533.84,0,0.018253,0.0069182,0.0050701,1.8814E-4,0.0068021,0.0019473,0.0063731,5.1879E-4,0.011435,0.026779,0.0069463,0.0016849,0.0074519,0.002509,0.0092373,0.0015928,0
1520353308839,true,1533.897,0,0.018243,0.0071336,0.0050967,1.8326E-4,0.0068063,0.0019433,0.0063851,5.1842E-4,0.011168,0.027179,0.0069616,0.0016852,0.0074645,0.0025119,0.0092634,0.0015899,0
1520353308908,true,1533.966,0,0.01762,0.0071106,0.0051163,1.8114E-4,0.0068143,0.0019343,0.0063822,5.232E-4,0.010811,0.027646,0.0069681,0.0016898,0.0074917,0.002513,0.0092754,0.0015954,0
1520353308966,true,1534.024,0,0.017406,0.0067534,0.0051289,1.8015E-4,0.006814,0.0019319,0.0063844,5.1914E-4,0.010697,0.027801,0.0069737,0.0016911,0.0075144,0.0025127,0.0092952,0.0015955,0
1520353309023,true,1534.081,0,0.017506,0.0065981,0.0051317,1.7954E-4,0.0068125,0.0019329,0.0063865,5.1409E-4,0.010832,0.027625,0.0069806,0.0016923,0.0075287,0.0025125,0.0093074,0.0015951,0
1520353309081,true,1534.139,0,0.017591,0.0067218,0.005126,1.7965E-4,0.0067992,0.00194,0.006392,5.1014E-4,0.011169,0.027283,0.0069876,0.0016947,0.0075344,0.0025181,0.0093147,0.0015964,0
1520353309138,true,1534.196,0,0.017505,0.0068291,0.0051283,1.7939E-4,0.0068092,0.001941,0.0064072,5.0584E-4,0.01128,0.027211,0.0070053,0.0016975,0.0075428,0.0025206,0.0093334,0.0015994,0
1520353309182,true,1534.24,0,0.016948,0.007058,0.0051545,1.7239E-4,0.0068295,0.0019308,0.0064236,5.0621E-4,0.011157,0.027301,0.0070227,0.0016968,0.0075521,0.0025285,0.0093567,0.0015969,0
1520353309240,true,1534.298,0,0.016462,0.0068117,0.0051797,1.6731E-4,0.006825,0.0019287,0.0064416,5.0343E-4,0.011318,0.02725,0.0070398,0.0016956,0.0075668,0.0025323,0.0093688,0.0016062,0
1520353309297,true,1534.355,0,0.016606,0.006357,0.0051913,1.6695E-4,0.0068282,0.0019266,0.0064494,5.0178E-4,0.011536,0.027105,0.0070535,0.0016971,0.0075927,0.0025298,0.0093918,0.0016064,0
1520353309355,true,1534.413,0,0.017452,0.0062012,0.0052062,1.6111E-4,0.0068439,0.0019239,0.0064481,4.9523E-4,0.012165,0.02652,0.0070731,0.0016988,0.0076099,0.0025328,0.0094145,0.0016092,0
1520353309412,true,1534.47,0,0.017673,0.0065112,0.0052149,1.5983E-4,0.0068561,0.0019191,0.0064643,4.876E-4,0.012354,0.026309,0.0070971,0.0016989,0.0076274,0.0025356,0.0094271,0.0016124,0
1520353309482,true,1534.54,0,0.018042,0.0067522,0.0052267,1.5494E-4,0.0068498,0.001923,0.0064741,4.8666E-4,0.012036,0.026666,0.0071161,0.0016982,0.0076366,0.0025415,0.0094694,0.0016067,0
1520353309540,true,1534.598,0,0.017729,0.0069295,0.0052395,1.5161E-4,0.0068296,0.0019214,0.0064847,4.8373E-4,0.01158,0.027216,0.0071374,0.0016985,0.0076573,0.0025451,0.0094805,0.0016117,0
1520353309597,true,1534.655,0,0.017326,0.0066188,0.0052459,1.4885E-4,0.0068361,0.0019144,0.0064798,4.8353E-4,0.011429,0.027457,0.0071462,0.0017017,0.0076754,0.0025433,0.0094902,0.001615,0
1520353309655,true,1534.713,0,0.017618,0.0062961,0.0052472,1.4569E-4,0.0068476,0.0019112,0.0064699,4.7952E-4,0.011694,0.027186,0.0071469,0.0017054,0.0076953,0.0025439,0.0095053,0.0016144,0
1520353309712,true,1534.77,0,0.018,0.006216,0.0052362,1.4344E-4,0.0068459,0.0019118,0.0064752,4.6754E-4,0.012173,0.026665,0.0071503,0.0017082,0.0077046,0.0025431,0.0095121,0.0016159,0
1520353309758,true,1534.816,0,0.01826,0.0063021,0.0052386,1.341E-4,0.0068481,0.0019068,0.0064774,4.617E-4,0.012367,0.026361,0.0071573,0.0017097,0.0077082,0.0025471,0.0095274,0.001615,0
1520353309816,true,1534.874,0,0.017738,0.0064707,0.005229,1.2824E-4,0.0068335,0.0019052,0.0064681,4.6225E-4,0.012144,0.026448,0.0071639,0.0017109,0.0077075,0.0025483,0.0095486,0.0016097,0
1520353309873,true,1534.931,0,0.017002,0.0063577,0.0052139,1.2786E-4,0.0068176,0.0019003,0.0064581,4.5758E-4,0.012288,0.026384,0.0071611,0.0017123,0.0077071,0.0025493,0.0095373,0.0016173,0
1520353309931,true,1534.989,0,0.016596,0.006048,0.0051989,1.2288E-4,0.0068006,0.0018963,0.006438,4.5634E-4,0.012467,0.026262,0.0071519,0.0017163,0.007718,0.0025477,0.0095327,0.0016224,0
1520353309988,true,1535.046,0,0.016745,0.0059921,0.0051833,1.2146E-4,0.0068004,0.0018908,0.0064155,4.5441E-4,0.012938,0.025827,0.0071589,0.0017154,0.0077251,0.0025458,0.0095468,0.0016211,0
1520353310058,true,1535.116,0,0.017087,0.0063054,0.0051714,1.1746E-4,0.0068029,0.0018839,0.0064098,4.4497E-4,0.013345,0.025434,0.0071632,0.0017188,0.0077268,0.002549,0.0095662,0.0016239,0
1520353310116,true,1535.174,0,0.017547,0.0065186,0.0051665,1.116E-4,0.0067826,0.0018865,0.0064177,4.3872E-4,0.013066,0.02568,0.0071645,0.0017206,0.0077245,0.0025522,0.0095897,0.0016206,0
1520353310173,true,1535.231,0,0.017223,0.0066474,0.0051645,1.0729E-4,0.0067689,0.001879,0.006418,4.3328E-4,0.012797,0.025948,0.0071778,0.0017176,0.007726,0.0025529,0.0096048,0.0016161,0
1520353310231,true,1535.289,0,0.016867,0.006444,0.0051704,1.0607E-4,0.0067553,0.0018737,0.0063964,4.2893E-4,0.012395,0.026495,0.0071769,0.0017201,0.0077249,0.002554,0.0096112,0.0016205,0
1520353310288,true,1535.346,0,0.016946,0.0060625,0.0051645,1.0402E-4,0.0067757,0.0018633,0.0063923,4.2074E-4,0.012466,0.026458,0.0071831,0.0017176,0.007734,0.0025525,0.0096252,0.0016181,0
1520353310357,true,1535.415,0,0.01714,0.006006,0.0051511,9.9466E-5,0.0067681,0.001867,0.0063838,4.123E-4,0.013141,0.025822,0.0071836,0.0017186,0.007743,0.0025534,0.0096344,0.0016219,0
1520353310415,true,1535.473,0,0.017295,0.0060426,0.0051239,9.8017E-5,0.006771,0.0018592,0.0063766,4.0849E-4,0.013311,0.025533,0.0071953,0.0017172,0.007738,0.0025585,0.0096569,0.001617,0
1520353310472,true,1535.53,0,0.017383,0.0060391,0.0051113,9.444E-5,0.0067532,0.0018588,0.0063722,4.0279E-4,0.013311,0.025486,0.0071925,0.001719,0.0077374,0.0025607,0.0096615,0.0016163,0
1520353310530,true,1535.588,0,0.016564,0.0060457,0.0051033,8.9586E-5,0.0067278,0.0018551,0.0063542,4.0054E-4,0.013203,0.025549,0.0071917,0.0017149,0.0077265,0.0025678,0.0096618,0.0016162,0
1520353310587,true,1535.645,0,0.016279,0.0056881,0.00509,8.6757E-5,0.0067126,0.0018462,0.0063407,3.9791E-4,0.013309,0.025458,0.0071846,0.0017146,0.007721,0.0025668,0.0096621,0.0016163,0
1520353310633,true,1535.691,0,0.016703,0.0054284,0.0050617,8.865E-5,0.0066894,0.0018437,0.0063215,3.9172E-4,0.013694,0.0251,0.0071737,0.0017156,0.0077167,0.0025689,0.009663,0.0016171,0
1520353310691,true,1535.749,0,0.017038,0.0057275,0.0050335,8.4631E-5,0.0066812,0.0018333,0.0062947,3.8547E-4,0.01437,0.024435,0.0071642,0.0017134,0.007707,0.0025705,0.0096564,0.0016209,0
1520353310748,true,1535.806,0,0.017101,0.0060544,0.0050101,8.1017E-5,0.0066655,0.0018243,0.006264,3.8097E-4,0.014168,0.024589,0.0071466,0.0017123,0.0076807,0.0025781,0.0096611,0.0016164,0
1520353310806,true,1535.864,0,0.016763,0.0064034,0.0049823,8.0055E-5,0.0066203,0.0018182,0.0062384,3.7815E-4,0.013546,0.025185,0.0071252,0.0017142,0.0076744,0.0025758,0.0096472,0.0016205,0
1520353310863,true,1535.921,0,0.016105,0.006372,0.0049646,7.9098E-5,0.0065781,0.0018176,0.0062152,3.7656E-4,0.013327,0.025399,0.0071202,0.0017134,0.0076733,0.0025739,0.0096301,0.0016277,0
1520353310908,true,1535.966,0,0.015896,0.0060971,0.0049546,8.0558E-5,0.0065785,0.0018078,0.006188,3.7429E-4,0.013323,0.025445,0.0071099,0.0017138,0.0076822,0.0025714,0.0096347,0.0016305,0
1520353310966,true,1536.024,0,0.016177,0.0060241,0.0049344,8.1963E-5,0.0065714,0.001809,0.0061648,3.6963E-4,0.013644,0.025073,0.0071017,0.001713,0.0076812,0.002572,0.0096467,0.0016291,0
1520353311023,true,1536.081,0,0.016281,0.0061215,0.0049171,8.2069E-5,0.0065627,0.0018062,0.0061621,3.5961E-4,0.013894,0.024812,0.0070995,0.0017138,0.0076785,0.0025721,0.0096653,0.0016248,0
1520353311081,true,1536.139,0,0.016291,0.0062302,0.004912,7.9203E-5,0.0065471,0.0018079,0.0061586,3.563E-4,0.013734,0.024881,0.007097,0.0017127,0.0076859,0.0025688,0.0096783,0.0016203,0
1520353311138,true,1536.196,0,0.015749,0.0062792,0.0049105,7.988E-5,0.0065207,0.0018056,0.006161,3.5463E-4,0.013731,0.024913,0.0071011,0.001709,0.0076775,0.0025727,0.0096784,0.0016234,0
1520353311208,true,1536.266,0,0.015326,0.0060558,0.004906,7.9011E-5,0.0065054,0.0018025,0.0061478,3.5657E-4,0.013507,0.025199,0.0070964,0.0017105,0.0076927,0.0025687,0.0096682,0.0016286,0
1520353311266,true,1536.324,0,0.015353,0.0058092,0.0048881,7.873E-5,0.0065011,0.0017983,0.0061357,3.5747E-4,0.013738,0.024963,0.0070952,0.0017072,0.007693,0.0025658,0.0096706,0.0016263,0
1520353311323,true,1536.381,0,0.015921,0.005832,0.00487,7.691E-5,0.0064952,0.001798,0.0061172,3.518E-4,0.014224,0.024434,0.0070926,0.0017053,0.007692,0.0025634,0.0096838,0.0016264,0
1520353311381,true,1536.439,0,0.016149,0.0060949,0.0048474,7.5449E-5,0.0064873,0.0017936,0.006105,3.4773E-4,0.014085,0.024531,0.0070957,0.0017011,0.0076887,0.0025652,0.009688,0.0016243,0
1520353311438,true,1536.496,0,0.016321,0.0064075,0.0048337,7.2933E-5,0.0064591,0.0017876,0.0060994,3.4271E-4,0.013593,0.024981,0.0070926,0.0016991,0.0076958,0.0025607,0.0096918,0.0016183,0
1520353311483,true,1536.541,0,0.015814,0.0064595,0.0048338,6.7734E-5,0.0064342,0.0017849,0.0060884,3.4069E-4,0.013177,0.025403,0.007086,0.001696,0.0076885,0.0025645,0.0096963,0.0016159,0
1520353311541,true,1536.599,0,0.015205,0.0062865,0.0048196,6.6514E-5,0.0064238,0.001777,0.0060674,3.3825E-4,0.012826,0.025869,0.0070785,0.0016934,0.0076828,0.0025636,0.0096826,0.0016186,0
1520353311598,true,1536.656,0,0.015539,0.0060798,0.0047908,6.8457E-5,0.0064031,0.0017773,0.0060299,3.3677E-4,0.013146,0.025556,0.0070657,0.0016903,0.0076721,0.0025603,0.0096668,0.0016229,0
1520353311656,true,1536.714,0,0.015413,0.0062141,0.004749,6.981E-5,0.0063883,0.0017754,0.0060006,3.3424E-4,0.013295,0.02518,0.0070493,0.00169,0.0076619,0.0025583,0.0096678,0.0016204,0
1520353311713,true,1536.771,0,0.015124,0.0064365,0.0047241,7.0202E-5,0.006357,0.0017837,0.0059803,3.3547E-4,0.013086,0.025306,0.0070436,0.0016884,0.0076529,0.0025557,0.0096662,0.0016183,0
1520353311783,true,1536.841,0,0.014703,0.0065706,0.0047131,6.7054E-5,0.0063357,0.001782,0.0059798,3.314E-4,0.012841,0.025503,0.007047,0.001687,0.0076461,0.0025583,0.0096761,0.001613,0
1520353311841,true,1536.899,0,0.014309,0.0062504,0.0047074,6.5806E-5,0.00633,0.0017728,0.0059778,3.3136E-4,0.012919,0.025503,0.0070419,0.0016896,0.0076457,0.0025541,0.0096679,0.001613,0
1520353311898,true,1536.956,0,0.014261,0.0058954,0.004699,6.5984E-5,0.0063314,0.001769,0.0059738,3.262E-4,0.013407,0.025053,0.0070452,0.0016879,0.0076494,0.0025496,0.0096712,0.0016173,0
1520353311956,true,1537.014,0,0.014817,0.0058478,0.0046873,6.584E-5,0.0063238,0.0017733,0.0059711,3.2127E-4,0.014035,0.024427,0.007043,0.0016884,0.0076664,0.0025418,0.0096696,0.0016184,0
1520353312013,true,1537.071,0,0.014963,0.0061551,0.0046801,6.064E-5,0.006311,0.0017709,0.005968,3.1309E-4,0.014094,0.024349,0.007055,0.0016847,0.0076539,0.0025449,0.0096735,0.0016172,0
1520353312084,true,1537.142,0,0.015088,0.0065358,0.0046754,5.8546E-5,0.0063045,0.0017696,0.0059694,3.0648E-4,0.013494,0.024927,0.0070657,0.001681,0.0076548,0.0025401,0.0096659,0.0016181,0
1520353312142,true,1537.2,0,0.01461,0.0067042,0.0046869,5.1992E-5,0.006279,0.0017674,0.0059704,3.0385E-4,0.013109,0.025334,0.0070666,0.0016805,0.0076551,0.0025384,0.0096648,0.001618,0
1520353312199,true,1537.257,0,0.014062,0.0064041,0.0046753,5.4475E-5,0.0062753,0.0017612,0.0059712,2.9665E-4,0.012836,0.025649,0.007054,0.0016832,0.0076642,0.0025302,0.0096685,0.0016153,0
1520353312257,true,1537.315,0,0.014141,0.0061372,0.0046605,5.4682E-5,0.0062865,0.0017556,0.0059605,2.9057E-4,0.013002,0.02543,0.0070509,0.0016816,0.0076595,0.002525,0.0096612,0.0016159,0
1520353312314,true,1537.372,0,0.01461,0.0060335,0.0046405,5.1252E-5,0.0062894,0.0017519,0.0059492,2.8414E-4,0.013445,0.02486,0.0070359,0.0016854,0.0076549,0.0025209,0.0096671,0.0016123,0
1520353312358,true,1537.416,0,0.014841,0.0060254,0.0046263,4.5623E-5,0.0062679,0.0017553,0.0059431,2.777E-4,0.013468,0.024757,0.0070308,0.0016839,0.0076446,0.0025214,0.0096693,0.0016098,0
1520353312416,true,1537.474,0,0.014416,0.0061976,0.0046123,4.3062E-5,0.0062522,0.0017509,0.0059377,2.7148E-4,0.013148,0.025027,0.0070191,0.0016826,0.0076282,0.0025211,0.0096685,0.0016061,0
1520353312473,true,1537.531,0,0.013771,0.0060661,0.0045984,3.7398E-5,0.0062282,0.0017416,0.0059316,2.6388E-4,0.01314,0.024974,0.0070104,0.0016794,0.0076144,0.0025231,0.0096502,0.0016058,0
1520353312531,true,1537.589,0,0.013382,0.0058592,0.0045826,3.3271E-5,0.0061953,0.0017419,0.0058958,2.6314E-4,0.013383,0.024816,0.0069891,0.001681,0.0076056,0.0025202,0.0096484,0.0016052,0
1520353312588,true,1537.646,0,0.013784,0.0056709,0.0045396,3.9779E-5,0.0061824,0.0017353,0.0058585,2.6173E-4,0.013884,0.024224,0.0069811,0.0016809,0.0075927,0.0025145,0.0096507,0.0016006,0
1520353312659,true,1537.717,0,0.014551,0.0058073,0.0045184,3.8329E-5,0.0061716,0.0017376,0.0058379,2.5614E-4,0.014352,0.023643,0.0069726,0.0016816,0.0075869,0.0025146,0.0096425,0.0015991,0
1520353312717,true,1537.775,0,0.014982,0.0059725,0.0045147,3.1405E-5,0.0061458,0.0017381,0.0058324,2.5062E-4,0.014187,0.023756,0.0069721,0.0016803,0.0075865,0.0025101,0.0096453,0.0015946,0
1520353312774,true,1537.832,0,0.014743,0.0061838,0.0045109,2.7437E-5,0.0061249,0.0017322,0.0058222,2.4485E-4,0.013815,0.024028,0.0069646,0.0016802,0.0075689,0.0025129,0.009634,0.0015926,0
1520353312832,true,1537.89,0,0.01406,0.0060801,0.0045008,2.5131E-5,0.0061016,0.0017315,0.0058017,2.4585E-4,0.013496,0.024477,0.0069502,0.0016841,0.0075644,0.0025111,0.0096176,0.0015918,0
1520353312889,true,1537.947,0,0.014054,0.0056962,0.0044815,2.482E-5,0.0060966,0.0017306,0.0057843,2.3995E-4,0.013454,0.02449,0.0069422,0.0016845,0.0075597,0.0025072,0.0096117,0.001591,0
1520353312935,true,1537.993,0,0.014569,0.0055673,0.0044504,2.6585E-5,0.0060969,0.0017254,0.0057661,2.3497E-4,0.013986,0.023933,0.0069302,0.0016864,0.0075476,0.0025089,0.0096015,0.0015894,0
1520353312993,true,1538.051,0,0.014636,0.0057403,0.0044265,2.2286E-5,0.0060879,0.0017224,0.0057551,2.3212E-4,0.014092,0.023743,0.0069261,0.0016877,0.0075353,0.002512,0.0096029,0.0015852,0
1520353313050,true,1538.108,0,0.014746,0.0057632,0.004409,1.7144E-5,0.0060595,0.0017201,0.0057334,2.3196E-4,0.013938,0.023786,0.0069087,0.0016891,0.0075265,0.0025081,0.0096004,0.0015813,0
1520353313108,true,1538.166,0,0.014201,0.0056756,0.0043893,1.5575E-5,0.006024,0.0017182,0.0057119,2.2971E-4,0.013786,0.024045,0.0068925,0.0016922,0.0075116,0.0025099,0.0095776,0.0015827,0
1520353313165,true,1538.223,0,0.013969,0.0052202,0.0043694,1.3926E-5,0.0060006,0.0017113,0.0056847,2.3E-4,0.013851,0.02397,0.0068712,0.0016904,0.007503,0.0025077,0.0095582,0.0015851,0
1520353313209,true,1538.267,0,0.014543,0.0049848,0.0043501,1.0407E-5,0.0059695,0.0017109,0.0056414,2.3185E-4,0.014542,0.023301,0.0068472,0.0016922,0.0074942,0.0025069,0.0095346,0.0015845,0
1520353313267,true,1538.325,0,0.015128,0.0050358,0.0043103,9.5264E-6,0.0059496,0.0017077,0.0056002,2.2897E-4,0.015121,0.022684,0.0068351,0.001688,0.0074854,0.0025031,0.0095157,0.0015869,0
1520353313324,true,1538.382,0,0.015439,0.0052922,0.0042858,4.3792E-6,0.0059187,0.0017064,0.0055697,2.2412E-4,0.0152,0.022554,0.006808,0.0016896,0.0074632,0.0025054,0.0095073,0.0015823,0
1520353313382,true,1538.44,0,0.015064,0.0056559,0.0042673,2.8264E-6,0.005869,0.0017104,0.0055428,2.2178E-4,0.014564,0.023137,0.0067832,0.0016955,0.0074611,0.0024993,0.0094952,0.0015826,0
1520353313439,true,1538.497,0,0.014609,0.0055576,0.0042496,1.5037E-6,0.0058473,0.0017081,0.0055266,2.2019E-4,0.013876,0.023813,0.0067731,0.0016947,0.0074554,0.0025005,0.0094866,0.0015792,0
1520353313510,true,1538.568,0,0.014442,0.0053317,0.0042336,9.8489E-7,0.0058372,0.0017041,0.0054994,2.2254E-4,0.013663,0.024067,0.0067592,0.0016961,0.0074423,0.0025,0.0094699,0.0015832,0
1520353313568,true,1538.626,0,0.014692,0.0052824,0.0042038,3.7401E-6,0.0058295,0.0017028,0.0054755,2.2193E-4,0.01397,0.023682,0.006737,0.0016993,0.0074356,0.0024966,0.009463,0.0015822,0
1520353313625,true,1538.683,0,0.014913,0.0054729,0.0041786,3.176E-6,0.0058148,0.0017039,0.0054614,2.184E-4,0.014315,0.023333,0.0067186,0.0017062,0.0074224,0.0024968,0.0094667,0.0015775,0
1520353313683,true,1538.741,0,0.014925,0.0056801,0.0041586,1.5053E-6,0.0057867,0.0017113,0.005447,2.2197E-4,0.014037,0.023586,0.0067048,0.0017056,0.0074065,0.0024996,0.0094671,0.0015705,0
1520353313740,true,1538.798,0,0.014543,0.0057636,0.0041357,-1.1481E-6,0.0057593,0.0017123,0.005428,2.2463E-4,0.01388,0.023703,0.0066932,0.0017058,0.0073977,0.0025022,0.0094595,0.001571,0
1520353313808,true,1538.866,0,0.014095,0.0054707,0.0041111,-1.2058E-6,0.005738,0.0017097,0.0054152,2.2678E-4,0.013796,0.023805,0.0066771,0.0017051,0.0073788,0.002504,0.0094574,0.0015704,0
1520353313866,true,1538.924,0,0.014367,0.0051423,0.0040918,-6.6674E-7,0.0057096,0.0017117,0.0053868,2.2711E-4,0.014266,0.023422,0.0066582,0.0017068,0.0073648,0.0025042,0.0094443,0.0015699,0
1520353313923,true,1538.981,0,0.014949,0.0051936,0.0040695,-3.8246E-6,0.005684,0.0017113,0.0053605,2.2207E-4,0.014752,0.022921,0.0066419,0.001706,0.0073532,0.0025024,0.009435,0.0015694,0
1520353313981,true,1539.039,0,0.015417,0.0054291,0.004042,-5.3877E-6,0.0056717,0.0017105,0.0053396,2.1991E-4,0.014635,0.022958,0.0066196,0.0017065,0.0073199,0.0025092,0.0094184,0.0015674,0
1520353314038,true,1539.096,0,0.015495,0.0056543,0.0040256,-6.9442E-6,0.0056369,0.0017074,0.0053159,2.2147E-4,0.014144,0.023363,0.006597,0.0017068,0.007288,0.0025108,0.0093954,0.0015694,0
1520353314084,true,1539.142,0,0.014928,0.0057082,0.0040116,-1.2496E-5,0.0056108,0.0017012,0.0052883,2.2148E-4,0.013735,0.023769,0.0065686,0.0017082,0.0072615,0.0025128,0.0093857,0.0015668,0
1520353314142,true,1539.2,0,0.014599,0.0054181,0.0039896,-1.1333E-5,0.0055764,0.0017024,0.0052429,2.2737E-4,0.013588,0.023899,0.0065466,0.0017083,0.0072486,0.0025066,0.0093657,0.0015649,0
1520353314199,true,1539.257,0,0.014604,0.0052691,0.0039544,-5.1744E-6,0.0055637,0.0017034,0.0052174,2.2383E-4,0.013736,0.023659,0.0065193,0.001713,0.0072364,0.0025032,0.0093645,0.0015603,0
1520353314257,true,1539.315,0,0.014568,0.0053979,0.0039419,-6.7831E-6,0.0055521,0.0017078,0.0052086,2.2278E-4,0.014009,0.023301,0.0065051,0.0017132,0.0072224,0.0025072,0.0093539,0.0015641,0
1520353314314,true,1539.372,0,0.014683,0.0054845,0.0039292,-7.2164E-6,0.0055456,0.0017098,0.0052028,2.2029E-4,0.013896,0.023345,0.0064974,0.001711,0.0072034,0.0025097,0.0093448,0.0015668,0
1520353314358,true,1539.416,0,0.014023,0.0057583,0.0039234,-9.4729E-6,0.0055305,0.0017106,0.0051946,2.2636E-4,0.013664,0.023548,0.0064886,0.0017103,0.0071936,0.0025103,0.0093452,0.0015657,0
1520353314416,true,1539.474,0,0.013432,0.0055942,0.003918,-9.9589E-6,0.0055301,0.0017038,0.0051986,2.2636E-4,0.013659,0.023617,0.006478,0.0017104,0.0071884,0.0025109,0.0093417,0.0015654,0
1520353314473,true,1539.531,0,0.013265,0.0053074,0.0039083,-8.0731E-6,0.0055279,0.001704,0.0051895,2.2919E-4,0.013863,0.023501,0.0064636,0.0017105,0.0071799,0.0025077,0.0093452,0.0015638,0
1520353314531,true,1539.589,0,0.01391,0.0052987,0.0038941,-5.0901E-6,0.005526,0.001707,0.0051841,2.2864E-4,0.014307,0.022986,0.0064575,0.0017108,0.0071685,0.0025044,0.0093498,0.0015643,0
1520353314588,true,1539.646,0,0.014509,0.0054211,0.0038815,-3.8915E-6,0.0055216,0.0017096,0.005182,2.2929E-4,0.014571,0.022735,0.0064529,0.001709,0.0071554,0.0025058,0.0093573,0.0015622,0
1520353314659,true,1539.717,0,0.0147,0.0056372,0.0038755,-4.3713E-6,0.0055048,0.0017148,0.0051813,2.2931E-4,0.014105,0.023193,0.0064397,0.0017072,0.0071384,0.0025095,0.0093585,0.001562,0
1520353314717,true,1539.775,0,0.014165,0.0058089,0.0038672,-2.746E-7,0.0054927,0.001713,0.0051814,2.2812E-4,0.013468,0.023783,0.0064414,0.0017028,0.0071175,0.002512,0.0093475,0.0015638,0
1520353314774,true,1539.832,0,0.013739,0.0055236,0.0038636,1.1868E-6,0.0054839,0.0017091,0.0051786,2.2483E-4,0.013233,0.024146,0.0064341,0.0017017,0.0071064,0.0025092,0.0093357,0.0015699,0
1520353314832,true,1539.89,0,0.013873,0.0053513,0.0038567,3.097E-6,0.0054823,0.0017089,0.0051657,2.2283E-4,0.013405,0.023983,0.006429,0.0016994,0.0070951,0.00251,0.0093209,0.0015748,0
1520353314889,true,1539.947,0,0.014181,0.0053733,0.0038407,2.3986E-6,0.0054795,0.0017095,0.0051415,2.235E-4,0.013754,0.023576,0.0064106,0.0017015,0.0070612,0.0025163,0.009311,0.0015761,0
1520353314958,true,1540.016,0,0.014188,0.0054948,0.0038094,8.7516E-6,0.0054758,0.0017098,0.0051289,2.2406E-4,0.013547,0.023617,0.0063975,0.0017022,0.0070352,0.0025204,0.0092993,0.001576,0
1520353315016,true,1540.074,0,0.01395,0.0056101,0.0038137,1.0801E-5,0.0054555,0.0017158,0.0051333,2.2882E-4,0.013194,0.023806,0.0063938,0.0017002,0.0070221,0.0025241,0.0092948,0.0015775,0
1520353315073,true,1540.131,0,0.013395,0.0055068,0.0038177,1.2227E-5,0.0054485,0.0017197,0.005151,2.291E-4,0.012961,0.024037,0.0063947,0.0016981,0.0070239,0.0025265,0.0092881,0.0015813,0
1520353315131,true,1540.189,0,0.013101,0.0052204,0.0038221,1.3934E-5,0.0054588,0.0017198,0.0051491,2.3409E-4,0.012962,0.024072,0.0063916,0.0017003,0.00703,0.002524,0.0092934,0.0015783,0
1520353315188,true,1540.246,0,0.013819,0.0050035,0.0038143,1.7086E-5,0.0054707,0.0017238,0.0051458,2.3886E-4,0.013445,0.023586,0.0063875,0.0017031,0.0070204,0.0025272,0.0093101,0.0015785,0
1520353315234,true,1540.292,0,0.014216,0.0053059,0.0038152,2.0059E-5,0.0054906,0.0017227,0.005162,2.3758E-4,0.013724,0.023173,0.0063881,0.0017061,0.0070136,0.002532,0.0093152,0.0015834,0
1520353315292,true,1540.35,0,0.014825,0.0056237,0.0038194,2.01E-5,0.005484,0.001733,0.0051712,2.3948E-4,0.013515,0.023373,0.0063906,0.0017065,0.0070117,0.0025332,0.0093191,0.0015821,0
1520353315349,true,1540.407,0,0.014314,0.0059747,0.0038211,2.4519E-5,0.005481,0.0017367,0.0051867,2.3924E-4,0.012951,0.023885,0.0063982,0.0017058,0.00701,0.0025365,0.0093204,0.0015834,0
1520353315407,true,1540.465,0,0.013945,0.0057954,0.0038183,3.1281E-5,0.0054925,0.0017332,0.0052003,2.4138E-4,0.012907,0.024044,0.0064024,0.0017034,0.0070121,0.0025355,0.0093111,0.0015931,0
1520353315464,true,1540.522,0,0.014124,0.0054771,0.0038225,3.5909E-5,0.0055052,0.0017399,0.0051939,2.4623E-4,0.012958,0.024049,0.0063912,0.0017076,0.007017,0.0025375,0.0093115,0.0015953,0
1520353315533,true,1540.591,0,0.01454,0.0054605,0.0038231,3.6979E-5,0.0055252,0.0017384,0.0051908,2.4927E-4,0.013483,0.023436,0.0063943,0.0017068,0.0070243,0.0025335,0.0093053,0.0016,0
1520353315591,true,1540.649,0,0.014572,0.005637,0.003819,3.7455E-5,0.005544,0.0017375,0.0051984,2.5095E-4,0.013694,0.023158,0.0063918,0.0017082,0.0070118,0.002538,0.0093087,0.001601,0
1520353315648,true,1540.706,0,0.014584,0.0057375,0.003822,3.8618E-5,0.0055342,0.0017418,0.0052105,2.5113E-4,0.013576,0.023216,0.0063955,0.0017025,0.0070078,0.0025369,0.0093056,0.0016038,0
1520353315706,true,1540.764,0,0.013892,0.0057711,0.0038198,4.1396E-5,0.0055248,0.0017439,0.0052129,2.5684E-4,0.013397,0.023331,0.0063921,0.0017002,0.0070051,0.0025406,0.0092911,0.0016054,0
1520353315763,true,1540.821,0,0.013726,0.0054954,0.0038212,4.3664E-5,0.0055246,0.0017442,0.0051948,2.7057E-4,0.013201,0.023603,0.0063755,0.0017042,0.0069931,0.0025463,0.0092684,0.0016152,0
1520353315809,true,1540.867,0,0.014447,0.0051663,0.0038157,4.7036E-5,0.0055362,0.0017467,0.0051954,2.7527E-4,0.013601,0.023152,0.0063718,0.0017066,0.0070004,0.002544,0.0092664,0.0016183,0
1520353315867,true,1540.925,0,0.014923,0.0054572,0.0038118,4.8879E-5,0.005544,0.0017515,0.0052161,2.719E-4,0.014009,0.022742,0.0063778,0.0017099,0.0070035,0.0025457,0.0092631,0.0016224,0
1520353315924,true,1540.982,0,0.015345,0.0057732,0.0038136,5.2131E-5,0.0055518,0.0017564,0.005243,2.7362E-4,0.014167,0.022661,0.0063855,0.0017109,0.0070105,0.0025473,0.0092784,0.0016182,0
1520353315982,true,1541.04,0,0.015315,0.0060555,0.0038189,5.6339E-5,0.0055555,0.0017606,0.0052514,2.7873E-4,0.013882,0.023036,0.0063967,0.0017114,0.0070165,0.0025511,0.0092759,0.0016211,0
1520353316039,true,1541.097,0,0.01476,0.0060319,0.0038288,6.0464E-5,0.0055648,0.0017605,0.005273,2.8066E-4,0.013534,0.023484,0.0064011,0.0017117,0.0070281,0.0025537,0.009281,0.0016221,0
1520353316108,true,1541.166,0,0.014794,0.005728,0.0038476,6.0203E-5,0.0055852,0.0017621,0.0052802,2.8736E-4,0.013526,0.023585,0.0064098,0.0017145,0.007045,0.0025529,0.0092882,0.0016221,0
1520353316166,true,1541.224,0,0.015243,0.0056572,0.0038536,6.1429E-5,0.0056068,0.0017653,0.0052872,2.8881E-4,0.013955,0.023178,0.0064157,0.0017163,0.00705,0.0025556,0.0092909,0.0016232,0
1520353316223,true,1541.281,0,0.015431,0.0058739,0.0038475,6.4937E-5,0.0056189,0.001769,0.0052915,2.9069E-4,0.01434,0.022734,0.0064175,0.0017174,0.0070587,0.0025535,0.0092913,0.0016251,0
1520353316281,true,1541.339,0,0.015509,0.0059538,0.0038506,6.7478E-5,0.0056228,0.001773,0.0052937,2.9746E-4,0.014147,0.022882,0.0064203,0.0017154,0.0070592,0.0025557,0.0092949,0.0016258,0
1520353316338,true,1541.396,0,0.015171,0.005963,0.0038544,7.0108E-5,0.0056192,0.0017723,0.005298,3.0381E-4,0.013952,0.023106,0.0064172,0.001717,0.0070512,0.0025593,0.0092966,0.0016295,0
1520353316384,true,1541.442,0,0.014534,0.0057723,0.0038544,7.2045E-5,0.005613,0.0017721,0.0052932,3.1146E-4,0.013838,0.023324,0.0064138,0.0017177,0.007047,0.0025614,0.0092762,0.0016355,0
1520353316442,true,1541.5,0,0.014756,0.0054781,0.0038401,7.4923E-5,0.0056174,0.0017699,0.0052873,3.1466E-4,0.014067,0.023138,0.0064016,0.0017214,0.0070447,0.0025595,0.0092684,0.0016373,0
1520353316499,true,1541.557,0,0.015491,0.0055078,0.0038236,7.5541E-5,0.0056184,0.0017727,0.005271,3.1586E-4,0.014625,0.022649,0.0063861,0.0017247,0.0070343,0.0025594,0.0092625,0.0016361,0
1520353316557,true,1541.615,0,0.015968,0.0057994,0.0038039,7.6988E-5,0.0056067,0.0017762,0.0052556,3.1942E-4,0.0147,0.022554,0.0063764,0.0017274,0.0070047,0.0025693,0.0092505,0.0016365,0
1520353316614,true,1541.672,0,0.016039,0.0061325,0.0037965,7.8395E-5,0.005591,0.0017838,0.0052496,3.1979E-4,0.014138,0.023129,0.0063721,0.0017292,0.0069958,0.0025749,0.0092351,0.0016407,0
1520353316683,true,1541.741,0,0.015486,0.0061963,0.0038103,7.8243E-5,0.0055882,0.0017819,0.0052467,3.2363E-4,0.013754,0.023529,0.0063722,0.0017314,0.0070037,0.0025748,0.0092275,0.0016439,0
1520353316741,true,1541.799,0,0.015081,0.005884,0.0038133,8.0658E-5,0.0055935,0.0017794,0.0052371,3.2914E-4,0.013639,0.023757,0.0063691,0.001731,0.0070079,0.0025736,0.0092124,0.0016509,0
1520353316798,true,1541.856,0,0.015209,0.005736,0.0038055,8.3332E-5,0.0055952,0.0017823,0.00523,3.2817E-4,0.013873,0.023536,0.0063693,0.0017327,0.0070146,0.0025716,0.0092202,0.0016487,0
1520353316856,true,1541.914,0,0.015255,0.0058608,0.0038001,8.4398E-5,0.005596,0.0017855,0.0052265,3.276E-4,0.014254,0.023132,0.0063583,0.0017377,0.0070109,0.0025749,0.0092366,0.001646,0
1520353316913,true,1541.971,0,0.015501,0.0059103,0.0037907,8.6572E-5,0.0055898,0.0017884,0.0052351,3.2448E-4,0.014098,0.023222,0.0063463,0.0017399,0.0070011,0.0025829,0.0092436,0.0016423,0
1520353316959,true,1542.017,0,0.015039,0.0060099,0.0037888,8.4183E-5,0.0055729,0.0017899,0.0052316,3.2685E-4,0.013857,0.023473,0.0063444,0.0017396,0.0070046,0.0025816,0.0092426,0.0016406,0
1520353317017,true,1542.075,0,0.014619,0.0057185,0.0037913,8.1165E-5,0.0055576,0.0017918,0.0052157,3.3037E-4,0.013618,0.023733,0.0063359,0.001738,0.0070001,0.0025834,0.0092342,0.0016459,0
1520353317074,true,1542.132,0,0.014793,0.0054166,0.0037832,8.1738E-5,0.0055481,0.0017908,0.005201,3.3217E-4,0.013814,0.023604,0.0063282,0.0017385,0.0069991,0.0025803,0.0092139,0.001651,0
1520353317132,true,1542.19,0,0.015543,0.0053109,0.0037633,8.296E-5,0.0055299,0.001796,0.0051768,3.3002E-4,0.014359,0.022987,0.006313,0.0017378,0.0069945,0.0025766,0.0091999,0.0016542,0
1520353317189,true,1542.247,0,0.016253,0.0055346,0.0037389,8.3292E-5,0.0055115,0.0017995,0.0051607,3.2725E-4,0.014398,0.022829,0.0062975,0.0017394,0.0069759,0.0025791,0.0091787,0.0016557,0
1520353317259,true,1542.317,0,0.016737,0.0057634,0.0037269,8.0244E-5,0.0054795,0.0018037,0.0051392,3.2496E-4,0.013732,0.023445,0.0062932,0.0017372,0.0069556,0.0025836,0.0091764,0.0016527,0
1520353317317,true,1542.375,0,0.016124,0.0059526,0.0037047,8.1475E-5,0.0054465,0.001805,0.0051139,3.2586E-4,0.013245,0.024002,0.0062841,0.0017349,0.0069429,0.0025835,0.0091527,0.0016541,0
1520353317374,true,1542.432,0,0.01578,0.0057139,0.0036963,8.2398E-5,0.0054284,0.0018013,0.0050822,3.2991E-4,0.012808,0.024457,0.0062625,0.0017371,0.0069349,0.0025822,0.0091222,0.0016596,0
1520353317432,true,1542.49,0,0.016099,0.005365,0.0036843,8.5746E-5,0.0054204,0.0018049,0.0050575,3.3174E-4,0.012892,0.024339,0.0062485,0.00174,0.0069242,0.0025832,0.0091073,0.0016653,0
1520353317489,true,1542.547,0,0.016145,0.0053963,0.0036688,8.5209E-5,0.0054153,0.0018108,0.0050426,3.2866E-4,0.013173,0.023925,0.006247,0.001738,0.006908,0.0025832,0.0091048,0.0016635,0
1520353317559,true,1542.617,0,0.016252,0.005445,0.0036444,8.7256E-5,0.0054019,0.001819,0.0050203,3.3138E-4,0.013086,0.023848,0.0062419,0.0017353,0.0068959,0.0025867,0.0091078,0.0016561,0
1520353317617,true,1542.675,0,0.015997,0.0055177,0.0036336,8.729E-5,0.0053944,0.0018184,0.0050038,3.3272E-4,0.01274,0.0242,0.0062312,0.0017358,0.0068832,0.0025868,0.0090949,0.0016593,0
1520353317674,true,1542.732,0,0.015317,0.0054615,0.0036284,8.8628E-5,0.0053869,0.0018143,0.0049952,3.3567E-4,0.012494,0.024351,0.0062236,0.001735,0.0068769,0.0025889,0.0090771,0.0016643,0
1520353317732,true,1542.79,0,0.014973,0.0051235,0.0036066,9.1403E-5,0.0053652,0.0018152,0.0049871,3.3885E-4,0.01249,0.024396,0.0062108,0.001737,0.0068734,0.002587,0.0090632,0.0016679,0
1520353317789,true,1542.847,0,0.015401,0.0049789,0.0035828,9.4269E-5,0.0053697,0.0018159,0.0049547,3.4012E-4,0.012845,0.023933,0.0061912,0.0017396,0.0068714,0.0025833,0.0090454,0.0016725,0
1520353317835,true,1542.893,0,0.015869,0.0051817,0.0035637,9.3722E-5,0.0053616,0.0018178,0.0049458,3.3676E-4,0.013183,0.023497,0.0061752,0.0017385,0.0068509,0.0025838,0.0090276,0.0016747,0
1520353317893,true,1542.951,0,0.016133,0.0053987,0.0035543,8.8354E-5,0.0053336,0.0018191,0.0049298,3.3306E-4,0.012725,0.023896,0.0061661,0.001738,0.0068342,0.0025838,0.0090198,0.0016713,0
1520353317950,true,1543.008,0,0.015929,0.0057084,0.0035397,8.8641E-5,0.0053114,0.0018144,0.0049168,3.3351E-4,0.012384,0.024231,0.0061546,0.0017352,0.0068216,0.002583,0.0090058,0.0016702,0
1520353318008,true,1543.066,0,0.01545,0.00563,0.00352,9.0282E-5,0.0052961,0.0018106,0.0048983,3.3134E-4,0.012063,0.024645,0.0061402,0.0017336,0.006809,0.0025781,0.0089855,0.00167,0
1520353318065,true,1543.123,0,0.015502,0.0053153,0.003504,8.8906E-5,0.0052919,0.0018062,0.0048629,3.336E-4,0.012167,0.024427,0.0061189,0.0017346,0.0068052,0.0025715,0.008955,0.0016743,0
1520353318109,true,1543.167,0,0.015781,0.0052577,0.0034647,9.276E-5,0.0052688,0.0018117,0.0048379,3.3088E-4,0.01262,0.024006,0.0060963,0.0017373,0.0067933,0.0025687,0.0089394,0.0016724,0
1520353318167,true,1543.225,0,0.015915,0.0054083,0.0034391,9.4898E-5,0.0052637,0.0018136,0.0048338,3.3284E-4,0.012609,0.023962,0.0060929,0.0017382,0.0067897,0.0025677,0.0089303,0.0016699,0
1520353318224,true,1543.282,0,0.015828,0.0055218,0.0034264,9.5086E-5,0.0052418,0.0018195,0.004831,3.3312E-4,0.012336,0.024194,0.0060946,0.0017362,0.0067698,0.0025733,0.0089197,0.0016722,0
1520353318282,true,1543.34,0,0.01497,0.0054725,0.0034192,9.5582E-5,0.0052399,0.0018156,0.0048363,3.3326E-4,0.012184,0.024334,0.006091,0.0017369,0.0067611,0.002577,0.0089036,0.0016724,0
1520353318339,true,1543.397,0,0.014546,0.0051829,0.0034021,1.0069E-4,0.0052361,0.0018204,0.0048315,3.3633E-4,0.012175,0.0244,0.0060839,0.0017379,0.0067516,0.0025809,0.0088948,0.001675,0
1520353318410,true,1543.468,0,0.014894,0.0048876,0.0033882,1.0682E-4,0.0052516,0.0018222,0.0048364,3.3616E-4,0.012629,0.023986,0.006069,0.0017437,0.0067545,0.0025802,0.0088894,0.001679,0
1520353318468,true,1543.526,0,0.015136,0.0050584,0.0033833,1.0815E-4,0.0052551,0.0018273,0.004841,3.3613E-4,0.013052,0.02345,0.0060667,0.0017474,0.0067531,0.0025814,0.0088854,0.0016768,0
1520353318525,true,1543.583,0,0.01571,0.0053242,0.0033733,1.1107E-4,0.005271,0.0018232,0.0048406,3.3645E-4,0.013114,0.023382,0.0060686,0.0017453,0.006746,0.0025802,0.0088917,0.0016725,0
1520353318583,true,1543.641,0,0.01546,0.0056877,0.0033719,1.1585E-4,0.0052608,0.0018264,0.004854,3.3654E-4,0.0126,0.023962,0.0060695,0.0017452,0.0067446,0.0025783,0.0088788,0.0016763,0
1520353318640,true,1543.698,0,0.015245,0.0055815,0.0033734,1.1576E-4,0.0052512,0.0018264,0.0048637,3.3701E-4,0.011934,0.024694,0.0060642,0.0017462,0.0067423,0.0025811,0.0088732,0.0016755,0
1520353318709,true,1543.767,0,0.014962,0.0053273,0.0033773,1.1811E-4,0.0052661,0.0018211,0.0048543,3.3911E-4,0.011751,0.024827,0.0060578,0.0017475,0.006741,0.0025788,0.0088534,0.0016795,0
1520353318767,true,1543.825,0,0.015426,0.0051844,0.0033676,1.2109E-4,0.0052619,0.0018246,0.0048412,3.3728E-4,0.012143,0.024484,0.0060462,0.0017481,0.0067328,0.0025823,0.0088473,0.0016827,0
1520353318824,true,1543.882,0,0.015662,0.005308,0.0033527,1.2314E-4,0.0052611,0.0018307,0.0048354,3.3631E-4,0.01252,0.024112,0.0060367,0.0017505,0.0067215,0.0025858,0.008853,0.0016787,0
1520353318882,true,1543.94,0,0.015432,0.0055104,0.0033408,1.2419E-4,0.0052567,0.0018336,0.0048397,3.3405E-4,0.012307,0.0243,0.0060277,0.0017529,0.0067057,0.0025932,0.0088545,0.0016744,0
1520353318939,true,1543.997,0,0.014794,0.0055754,0.0033329,1.3008E-4,0.0052288,0.0018389,0.0048414,3.374E-4,0.012134,0.024462,0.0060303,0.0017515,0.0066988,0.0025956,0.0088505,0.0016732,0
1520353318983,true,1544.041,0,0.014037,0.0053843,0.0033387,1.3329E-4,0.0052291,0.0018418,0.004866,3.3853E-4,0.012032,0.024658,0.0060222,0.0017557,0.0066923,0.0026028,0.0088514,0.0016745,0
1520353319041,true,1544.099,0,0.014204,0.0050895,0.0033453,1.3679E-4,0.0052541,0.0018385,0.0048816,3.3979E-4,0.012381,0.024294,0.006017,0.0017582,0.0066866,0.0026109,0.0088463,0.0016821,0
1520353319098,true,1544.156,0,0.01471,0.005171,0.0033481,1.4074E-4,0.0052677,0.0018416,0.0048835,3.4408E-4,0.013032,0.023614,0.0060219,0.0017616,0.0066903,0.0026123,0.0088493,0.0016874,0
1520353319156,true,1544.214,0,0.015308,0.0053989,0.0033582,1.4602E-4,0.0052841,0.0018417,0.0049053,3.4518E-4,0.013102,0.023569,0.0060254,0.0017662,0.0066952,0.0026157,0.0088549,0.0016925,0
1520353319213,true,1544.271,0,0.015525,0.0058264,0.0033846,1.461E-4,0.0052995,0.0018441,0.0049231,3.4651E-4,0.012651,0.023983,0.0060306,0.0017683,0.0066883,0.0026225,0.008877,0.0016888,0
1520353319259,true,1544.317,0,0.01512,0.0059786,0.0034006,1.5062E-4,0.0053196,0.0018409,0.0049447,3.5085E-4,0.012421,0.024248,0.006038,0.0017729,0.0066986,0.0026245,0.0088733,0.0016956,0
1520353319317,true,1544.375,0,0.014884,0.0057931,0.0034266,1.5216E-4,0.0053377,0.0018437,0.0049716,3.5615E-4,0.012233,0.02467,0.0060395,0.0017772,0.0067155,0.0026242,0.0088791,0.0016945,0
1520353319374,true,1544.432,0,0.015259,0.0056063,0.0034407,1.5741E-4,0.0053576,0.0018527,0.0049856,3.59E-4,0.012332,0.024508,0.0060433,0.0017783,0.0067322,0.0026253,0.0088838,0.0017035,0
1520353319432,true,1544.49,0,0.015438,0.005816,0.0034668,1.5726E-4,0.0053675,0.0018673,0.0049985,3.6271E-4,0.012553,0.024127,0.0060508,0.001778,0.0067501,0.0026237,0.0088944,0.0017021,0
1520353319489,true,1544.547,0,0.015542,0.0060091,0.0034876,1.5791E-4,0.0053873,0.0018761,0.0050256,3.6175E-4,0.012365,0.024277,0.0060658,0.0017743,0.0067479,0.0026304,0.0089108,0.0017026,0
1520353319560,true,1544.618,0,0.015206,0.0061517,0.0035072,1.604E-4,0.0053998,0.0018747,0.0050595,3.6005E-4,0.012102,0.0245,0.0060768,0.0017754,0.006759,0.0026343,0.0089174,0.0017058,0
1520353319618,true,1544.676,0,0.014775,0.0060378,0.0035209,1.6411E-4,0.00541,0.0018736,0.0050802,3.661E-4,0.011797,0.024814,0.0060867,0.0017754,0.0067715,0.0026379,0.0089181,0.0017134,0
1520353319675,true,1544.733,0,0.014982,0.0055687,0.0035356,1.6491E-4,0.0054264,0.0018768,0.0050806,3.7146E-4,0.012121,0.024524,0.006084,0.0017796,0.0067696,0.0026402,0.0089102,0.001721,0
1520353319733,true,1544.791,0,0.015216,0.0056728,0.0035496,1.6846E-4,0.0054336,0.001881,0.0050921,3.7776E-4,0.012689,0.024004,0.0060853,0.0017833,0.0067798,0.0026413,0.0089136,0.0017294,0
1520353319790,true,1544.848,0,0.015474,0.0060404,0.0035741,1.6628E-4,0.0054484,0.0018894,0.0051217,3.7644E-4,0.013016,0.023739,0.006095,0.0017865,0.0067896,0.0026487,0.0089324,0.0017309,0
1520353319836,true,1544.894,0,0.015913,0.00628,0.0035995,1.714E-4,0.0054656,0.0018949,0.0051577,3.7871E-4,0.012829,0.024015,0.0061125,0.0017894,0.0068049,0.0026511,0.0089492,0.001734,0
1520353319894,true,1544.952,0,0.015651,0.0064426,0.0036349,1.7774E-4,0.0054864,0.0018963,0.0051946,3.8061E-4,0.012405,0.02456,0.0061276,0.0017949,0.0068242,0.0026528,0.0089586,0.0017407,0
1520353319951,true,1545.009,0,0.015245,0.0062927,0.0036652,1.8465E-4,0.0055253,0.0018934,0.0052267,3.8272E-4,0.012015,0.025186,0.0061456,0.0017968,0.0068515,0.0026525,0.0089625,0.0017481,0
1520353320009,true,1545.067,0,0.015579,0.0061493,0.0036944,1.936E-4,0.0055564,0.0019006,0.005261,3.8294E-4,0.012006,0.025157,0.0061647,0.0018009,0.0068872,0.0026534,0.008975,0.0017558,0
1520353320066,true,1545.124,0,0.015976,0.0063115,0.0037306,1.9751E-4,0.0055914,0.0019055,0.0052876,3.8679E-4,0.012555,0.024724,0.00618,0.0018079,0.0069068,0.002659,0.0089949,0.0017593,0
1520353320135,true,1545.193,0,0.016252,0.0064272,0.003766,2.0229E-4,0.0056265,0.0019155,0.005319,3.9529E-4,0.012647,0.024606,0.0061989,0.0018089,0.0069312,0.0026648,0.0090224,0.0017548,0
1520353320193,true,1545.251,0,0.016075,0.0066199,0.0038032,2.0688E-4,0.0056548,0.0019252,0.0053584,4.0799E-4,0.012158,0.025212,0.0062225,0.0018075,0.0069535,0.0026663,0.0090469,0.0017573,0
1520353320250,true,1545.308,0,0.015237,0.0066198,0.0038385,2.1109E-4,0.0056715,0.0019279,0.0053972,4.172E-4,0.012016,0.025356,0.0062365,0.0018088,0.0069786,0.0026706,0.0090523,0.0017629,0
1520353320308,true,1545.366,0,0.015167,0.0062602,0.0038725,2.1669E-4,0.0057023,0.0019315,0.0054306,4.2543E-4,0.012387,0.025203,0.00625,0.0018116,0.0070019,0.0026714,0.0090595,0.001771,0
1520353320365,true,1545.423,0,0.015657,0.0060884,0.0038934,2.1928E-4,0.0057235,0.0019353,0.0054494,4.3325E-4,0.013038,0.02467,0.0062571,0.0018145,0.0070301,0.0026734,0.00907,0.0017783,0
1520353320435,true,1545.493,0,0.016068,0.0063963,0.0039232,2.2191E-4,0.005756,0.0019376,0.0054768,4.3696E-4,0.013387,0.024363,0.0062774,0.0018173,0.0070442,0.0026785,0.0090946,0.0017804,0
1520353320493,true,1545.551,0,0.016466,0.0066629,0.0039428,2.2511E-4,0.0057792,0.0019409,0.0055038,4.464E-4,0.013097,0.024719,0.006292,0.001818,0.0070563,0.0026829,0.009098,0.0017852,0
1520353320550,true,1545.608,0,0.01632,0.0069916,0.0039661,2.2741E-4,0.0057715,0.0019488,0.005521,4.4839E-4,0.01287,0.025076,0.006291,0.0018252,0.0070691,0.0026822,0.0090992,0.0017902,0
1520353320608,true,1545.666,0,0.015671,0.0070525,0.0039829,2.3742E-4,0.0057762,0.001951,0.0055401,4.5509E-4,0.012497,0.025583,0.0063038,0.0018283,0.0070874,0.002683,0.0090931,0.0017993,0
1520353320665,true,1545.723,0,0.015727,0.0067761,0.0040243,2.4057E-4,0.0057965,0.0019563,0.0055613,4.5743E-4,0.012531,0.025759,0.0063127,0.0018368,0.0071209,0.0026823,0.009095,0.0018115,0
1520353320710,true,1545.768,0,0.015998,0.0068698,0.0040552,2.44E-4,0.0058266,0.0019605,0.0055842,4.6258E-4,0.013055,0.025345,0.0063329,0.0018387,0.0071603,0.002683,0.0091174,0.0018136,0
1520353320768,true,1545.826,0,0.016125,0.0070206,0.0040794,2.4634E-4,0.0058675,0.0019638,0.0056074,4.702E-4,0.01316,0.025324,0.0063456,0.0018438,0.0071733,0.0026915,0.0091485,0.0018125,0
1520353320825,true,1545.883,0,0.01635,0.0070357,0.0041037,2.4981E-4,0.0058849,0.0019679,0.0056514,4.7067E-4,0.012943,0.025583,0.0063696,0.0018439,0.0071897,0.0027002,0.0091767,0.0018133,0
1520353320883,true,1545.941,0,0.015919,0.0069868,0.0041325,2.5357E-4,0.0059098,0.0019637,0.0056913,4.7719E-4,0.012807,0.025796,0.0063919,0.0018442,0.0072108,0.0027098,0.0091975,0.0018188,0
1520353320940,true,1545.998,0,0.015947,0.0065319,0.0041626,2.5383E-4,0.0059388,0.0019619,0.0057218,4.8336E-4,0.012747,0.025918,0.0064054,0.001848,0.0072427,0.0027076,0.009205,0.0018266,0
1520353321010,true,1546.068,0,0.016291,0.0062345,0.0041861,2.5976E-4,0.0059599,0.0019676,0.0057322,4.9173E-4,0.013266,0.025577,0.0064157,0.0018519,0.0072683,0.0027063,0.0092326,0.0018264,0
1520353321068,true,1546.126,0,0.017048,0.0063031,0.0042091,2.6001E-4,0.0059725,0.0019764,0.0057563,4.9703E-4,0.013882,0.025049,0.0064346,0.0018526,0.0072959,0.0027102,0.0092534,0.0018309,0
1520353321125,true,1546.183,0,0.017539,0.0065311,0.0042244,2.6467E-4,0.0059969,0.0019754,0.0057838,5.0062E-4,0.01372,0.025172,0.0064453,0.0018557,0.0072995,0.0027185,0.0092653,0.0018321,0
1520353321183,true,1546.241,0,0.017819,0.0067917,0.0042375,2.6825E-4,0.005996,0.0019769,0.0058047,5.022E-4,0.013421,0.025504,0.0064624,0.0018577,0.0073179,0.0027244,0.0092702,0.0018387,0
1520353321240,true,1546.298,0,0.017222,0.0068156,0.0042564,2.7057E-4,0.0060044,0.0019706,0.0058139,5.0901E-4,0.013064,0.025993,0.0064673,0.0018629,0.0073389,0.0027247,0.0092727,0.001846,0
1520353321285,true,1546.343,0,0.017095,0.0064533,0.0042793,2.7387E-4,0.0060131,0.0019687,0.0058153,5.1357E-4,0.012917,0.026299,0.0064658,0.0018677,0.007357,0.0027293,0.0092706,0.001855,0
1520353321343,true,1546.401,0,0.017343,0.0064814,0.0042777,2.7691E-4,0.0060301,0.0019698,0.0058231,5.0915E-4,0.013254,0.025959,0.0064733,0.0018698,0.0073634,0.002736,0.0092794,0.0018575,0
1520353321400,true,1546.458,0,0.017596,0.0066178,0.0042814,2.7586E-4,0.0060422,0.0019665,0.0058406,5.0148E-4,0.01341,0.025798,0.0064847,0.0018713,0.0073748,0.002737,0.0092819,0.0018626,0
1520353321458,true,1546.516,0,0.017607,0.006668,0.0042699,2.7836E-4,0.0060339,0.0019721,0.0058441,5.0251E-4,0.013173,0.026086,0.0064836,0.0018763,0.0073793,0.0027412,0.0092917,0.001859,0
1520353321515,true,1546.573,0,0.01679,0.0067267,0.0042716,2.8058E-4,0.0060276,0.0019702,0.0058575,4.9988E-4,0.012951,0.026296,0.0065,0.0018764,0.0073889,0.0027471,0.0092939,0.001864,0
1520353321561,true,1546.619,0,0.016318,0.0064384,0.0042836,2.8056E-4,0.0060435,0.001963,0.0058753,4.9782E-4,0.012908,0.02644,0.0065094,0.0018774,0.0074032,0.0027524,0.0093101,0.001869,0
1520353321619,true,1546.677,0,0.016353,0.0061186,0.0042849,2.8344E-4,0.0060502,0.0019619,0.0058834,4.9707E-4,0.013187,0.026204,0.0065203,0.0018774,0.0074181,0.0027564,0.0093175,0.0018731,0
1520353321676,true,1546.734,0,0.016948,0.0061054,0.0042823,2.8327E-4,0.0060574,0.0019612,0.005889,4.9705E-4,0.013647,0.02577,0.0065313,0.0018802,0.0074252,0.0027594,0.0093425,0.0018722,0
1520353321734,true,1546.792,0,0.017435,0.0063394,0.0042833,2.8078E-4,0.0060614,0.0019604,0.0059034,4.9393E-4,0.013875,0.025575,0.0065433,0.0018796,0.007431,0.002766,0.0093621,0.0018702,0
1520353321791,true,1546.849,0,0.01804,0.0064568,0.0042857,2.8086E-4,0.0060524,0.0019627,0.0059166,4.9135E-4,0.013338,0.026106,0.0065624,0.001878,0.0074363,0.0027697,0.0093849,0.0018674,0
1520353321860,true,1546.918,0,0.017563,0.0065414,0.0042917,2.8164E-4,0.0060544,0.0019559,0.0059223,4.927E-4,0.012889,0.026645,0.0065719,0.001879,0.007449,0.0027724,0.009386,0.0018703,0
1520353321918,true,1546.976,0,0.017247,0.0062657,0.0042936,2.7909E-4,0.0060623,0.0019498,0.0059175,4.9236E-4,0.012719,0.026938,0.0065826,0.001879,0.0074606,0.0027707,0.0093832,0.0018763,0
1520353321975,true,1547.033,0,0.017405,0.0060843,0.00429,2.7745E-4,0.0060692,0.0019469,0.0059155,4.8946E-4,0.013046,0.026605,0.0065847,0.0018819,0.0074753,0.0027701,0.0093908,0.0018801,0
1520353322033,true,1547.091,0,0.017494,0.0061639,0.0042677,2.8178E-4,0.0060735,0.0019462,0.0059175,4.8101E-4,0.013335,0.026323,0.0065831,0.0018845,0.0074792,0.0027721,0.009386,0.0018831,0
1520353322090,true,1547.148,0,0.017664,0.0063252,0.0042514,2.8104E-4,0.0060624,0.0019467,0.0059072,4.8081E-4,0.012956,0.026669,0.0065872,0.001881,0.00749,0.0027711,0.0094021,0.0018785,0
1520353322161,true,1547.219,0,0.017111,0.0064883,0.0042463,2.7576E-4,0.0060476,0.0019452,0.0058956,4.8027E-4,0.012613,0.026842,0.0065756,0.0018828,0.0074872,0.0027757,0.009409,0.0018763,0
1520353322219,true,1547.277,0,0.016441,0.0062159,0.004241,2.7063E-4,0.0060368,0.0019388,0.0059043,4.7106E-4,0.012476,0.02703,0.0065721,0.0018839,0.0074754,0.0027846,0.0094091,0.0018775,0
1520353322276,true,1547.334,0,0.016056,0.0059636,0.0042271,2.6896E-4,0.0060286,0.0019341,0.0058801,4.6846E-4,0.012815,0.026759,0.0065636,0.0018833,0.0074702,0.0027833,0.0094214,0.0018798,0
1520353322334,true,1547.392,0,0.016507,0.0058563,0.0041997,2.6739E-4,0.0060042,0.0019397,0.0058441,4.6985E-4,0.013357,0.026147,0.0065556,0.0018852,0.0074545,0.0027889,0.0094144,0.0018813,0
1520353322391,true,1547.449,0,0.017049,0.0060059,0.0041897,2.632E-4,0.0059901,0.0019406,0.0058456,4.6101E-4,0.013593,0.025928,0.0065615,0.001883,0.007455,0.0027912,0.0094193,0.0018779,0
1520353322435,true,1547.493,0,0.01765,0.0061116,0.0041863,2.6039E-4,0.0059766,0.00194,0.0058533,4.5853E-4,0.013353,0.026162,0.0065744,0.001882,0.0074572,0.0027929,0.0094342,0.0018733,0
1520353322493,true,1547.551,0,0.017256,0.0063377,0.0041849,2.5924E-4,0.0059596,0.0019394,0.0058564,4.5724E-4,0.012971,0.026627,0.0065862,0.0018786,0.0074627,0.0027905,0.0094327,0.0018755,0
1520353322550,true,1547.608,0,0.016715,0.0061651,0.0041893,2.5691E-4,0.0059472,0.0019312,0.0058515,4.5741E-4,0.012657,0.027019,0.0065873,0.0018794,0.0074581,0.0027917,0.0094315,0.0018764,0
1520353322608,true,1547.666,0,0.016848,0.0058945,0.0041821,2.5759E-4,0.0059654,0.0019228,0.0058454,4.5408E-4,0.012691,0.026992,0.0065847,0.0018796,0.0074607,0.0027891,0.0094381,0.0018753,0
1520353322665,true,1547.723,0,0.017051,0.0060199,0.0041728,2.5773E-4,0.0059633,0.001927,0.0058422,4.4918E-4,0.013141,0.026475,0.0065928,0.0018782,0.007469,0.0027856,0.0094489,0.0018722,0
1520353322711,true,1547.769,0,0.017226,0.0061763,0.004161,2.5987E-4,0.0059702,0.0019267,0.0058516,4.4388E-4,0.013103,0.026493,0.0065983,0.0018781,0.007471,0.0027863,0.0094667,0.0018664,0
1520353322769,true,1547.827,0,0.016843,0.0064203,0.0041677,2.5661E-4,0.005967,0.0019292,0.0058545,4.4474E-4,0.012975,0.026576,0.0066028,0.0018774,0.0074653,0.0027859,0.0094907,0.0018574,0
1520353322826,true,1547.884,0,0.016071,0.0063179,0.0041661,2.549E-4,0.0059654,0.0019224,0.0058622,4.4263E-4,0.012882,0.026723,0.0066026,0.0018762,0.0074665,0.0027836,0.0094951,0.0018543,0
1520353322884,true,1547.942,0,0.015664,0.0060161,0.0041658,2.5078E-4,0.0059613,0.0019229,0.0058538,4.4335E-4,0.012921,0.026668,0.0065944,0.0018735,0.0074666,0.0027838,0.0094991,0.0018558,0
1520353322941,true,1547.999,0,0.015765,0.0059382,0.0041564,2.5022E-4,0.0059586,0.0019193,0.0058437,4.3808E-4,0.01343,0.026126,0.0065822,0.0018769,0.0074629,0.0027809,0.0095051,0.0018521,0
1520353323010,true,1548.068,0,0.015995,0.0061287,0.0041439,2.4526E-4,0.0059483,0.001922,0.0058295,4.3346E-4,0.013987,0.025472,0.0065744,0.0018762,0.0074659,0.0027769,0.0095171,0.0018483,0
1520353323068,true,1548.126,0,0.016573,0.0062633,0.00413,2.4093E-4,0.0059344,0.0019217,0.0058299,4.2691E-4,0.013863,0.025563,0.0065714,0.0018725,0.007462,0.0027739,0.0095141,0.0018476,0
1520353323125,true,1548.183,0,0.016416,0.0064264,0.0041202,2.3846E-4,0.0059139,0.0019209,0.0058091,4.2764E-4,0.013588,0.025782,0.0065557,0.0018708,0.0074586,0.0027711,0.0095012,0.0018462,0
1520353323183,true,1548.241,0,0.016141,0.0062384,0.0041154,2.3477E-4,0.0058984,0.0019136,0.0057858,4.2912E-4,0.013375,0.026061,0.0065428,0.0018719,0.0074596,0.0027689,0.0094877,0.0018513,0
1520353323240,true,1548.298,0,0.015936,0.0060766,0.0041083,2.3111E-4,0.0059018,0.0019112,0.0057711,4.2866E-4,0.013373,0.026095,0.0065354,0.0018734,0.0074613,0.002762,0.0094894,0.0018514,0
1520353323311,true,1548.369,0,0.016144,0.0062206,0.0041033,2.288E-4,0.0058983,0.0019114,0.0057748,4.235E-4,0.013731,0.025591,0.0065329,0.0018738,0.0074668,0.0027592,0.0095048,0.0018476,0
1520353323369,true,1548.427,0,0.016561,0.0063226,0.0041049,2.2527E-4,0.0059127,0.0019126,0.0057803,4.1725E-4,0.013721,0.025426,0.0065301,0.0018765,0.0074667,0.0027601,0.0095085,0.0018466,0
1520353323426,true,1548.484,0,0.016773,0.0063353,0.0041112,2.2263E-4,0.005914,0.0019143,0.0057868,4.1419E-4,0.013283,0.025775,0.0065303,0.0018787,0.0074661,0.0027587,0.0095294,0.0018379,0
1520353323484,true,1548.542,0,0.016143,0.0063052,0.0041196,2.231E-4,0.0059041,0.0019136,0.0058043,4.1483E-4,0.01302,0.025951,0.0065336,0.0018783,0.0074752,0.0027567,0.0095427,0.0018357,0
1520353323541,true,1548.599,0,0.015649,0.0060324,0.0041292,2.2218E-4,0.00591,0.0019055,0.0058128,4.1892E-4,0.013091,0.025951,0.0065299,0.0018805,0.00748,0.0027554,0.0095515,0.0018336,0
1520353323585,true,1548.643,0,0.015916,0.0057378,0.0041335,2.1957E-4,0.0059255,0.0019016,0.0058231,4.1682E-4,0.01358,0.025474,0.0065307,0.0018773,0.0074742,0.0027554,0.0095654,0.0018293,0
1520353323643,true,1548.701,0,0.01608,0.005925,0.0041255,2.208E-4,0.0059368,0.0018999,0.0058234,4.0976E-4,0.014137,0.024923,0.006527,0.0018784,0.0074828,0.0027536,0.0095788,0.0018261,0
1520353323700,true,1548.758,0,0.016409,0.0062449,0.004132,2.169E-4,0.0059514,0.0018982,0.0058433,4.0464E-4,0.014077,0.024915,0.0065356,0.0018749,0.0074934,0.0027525,0.0095816,0.001824,0
1520353323758,true,1548.816,0,0.016745,0.0065082,0.0041401,2.121E-4,0.0059487,0.0018946,0.0058367,4.0784E-4,0.01361,0.025274,0.006536,0.0018739,0.0074924,0.0027511,0.0095862,0.0018231,0
1520353323815,true,1548.873,0,0.016551,0.0064183,0.0041525,2.0698E-4,0.0059339,0.0018914,0.0058469,4.0432E-4,0.013228,0.025691,0.0065376,0.0018721,0.0074969,0.0027482,0.0095856,0.0018261,0
1520353323886,true,1548.944,0,0.016439,0.0061743,0.004157,2.053E-4,0.0059333,0.0018918,0.0058334,4.0285E-4,0.013319,0.025676,0.0065251,0.001872,0.0075007,0.0027466,0.0095667,0.0018326,0
1520353323944,true,1549.002,0,0.016755,0.0061029,0.004148,2.0474E-4,0.0059389,0.0018875,0.0058189,3.9945E-4,0.013719,0.025234,0.0065155,0.0018733,0.0075087,0.0027449,0.0095642,0.0018337,0
1520353324001,true,1549.059,0,0.016743,0.0063364,0.0041363,1.999E-4,0.0059284,0.0018917,0.0058078,3.9431E-4,0.014039,0.024911,0.006514,0.0018721,0.0075076,0.0027441,0.0095708,0.00183,0
1520353324059,true,1549.117,0,0.016607,0.0064889,0.0041243,1.9815E-4,0.0059056,0.001899,0.0058004,3.938E-4,0.013706,0.025169,0.0065027,0.0018728,0.0075057,0.0027423,0.0095646,0.0018292,0
1520353324116,true,1549.174,0,0.015712,0.0066626,0.0041052,2.0244E-4,0.005895,0.0018964,0.0058053,3.8968E-4,0.013563,0.025221,0.0065154,0.0018688,0.0075065,0.0027454,0.0095736,0.0018237,0
1520353324162,true,1549.22,0,0.015014,0.0064345,0.0040974,2.044E-4,0.0059,0.0018895,0.0058163,3.8856E-4,0.013591,0.025287,0.0065112,0.0018703,0.00752,0.0027406,0.0095726,0.0018259,0
1520353324220,true,1549.278,0,0.014989,0.0061051,0.0040942,2.079E-4,0.0059193,0.0018873,0.0058146,3.9187E-4,0.014033,0.024805,0.0065108,0.001872,0.0075219,0.0027438,0.009578,0.0018268,0
1520353324277,true,1549.335,0,0.015259,0.0062269,0.0040867,2.1106E-4,0.0059429,0.0018839,0.005821,3.8743E-4,0.014602,0.024205,0.0065072,0.0018745,0.0075301,0.0027424,0.0095899,0.0018281,0
1520353324335,true,1549.393,0,0.015708,0.0064235,0.0040979,2.0488E-4,0.0059425,0.0018857,0.0058325,3.8452E-4,0.014832,0.024004,0.0065186,0.0018721,0.0075357,0.0027434,0.0095966,0.0018245,0
1520353324392,true,1549.45,0,0.016048,0.0066153,0.0040998,2.0632E-4,0.0059456,0.0018861,0.0058437,3.8317E-4,0.014375,0.024461,0.0065282,0.001869,0.0075394,0.0027433,0.0095961,0.0018245,0
1520353324461,true,1549.519,0,0.015773,0.0066598,0.0041252,2.0333E-4,0.0059402,0.0018785,0.0058579,3.8255E-4,0.01405,0.02486,0.0065431,0.0018641,0.0075411,0.0027472,0.0095915,0.0018281,0
1520353324519,true,1549.577,0,0.015554,0.0063471,0.0041344,2.0398E-4,0.0059568,0.0018731,0.0058614,3.8375E-4,0.013777,0.025308,0.0065456,0.0018646,0.0075522,0.002748,0.0095806,0.0018369,0
1520353324576,true,1549.634,0,0.015999,0.006186,0.0041489,2.0025E-4,0.0059703,0.0018715,0.0058672,3.7807E-4,0.014028,0.025108,0.0065525,0.0018637,0.0075736,0.0027411,0.0095799,0.0018366,0
1520353324634,true,1549.692,0,0.016048,0.0064189,0.0041428,1.9838E-4,0.0059814,0.0018703,0.0058741,3.7303E-4,0.014193,0.024835,0.0065581,0.0018639,0.0075772,0.0027388,0.00958,0.0018348,0
1520353324691,true,1549.749,0,0.016375,0.006508,0.0041534,1.94E-4,0.0059934,0.0018682,0.0058779,3.7055E-4,0.013952,0.025041,0.0065623,0.0018649,0.0075677,0.0027431,0.0095808,0.0018353,0
1520353324737,true,1549.795,0,0.016007,0.0065919,0.0041621,1.8969E-4,0.0059764,0.0018702,0.005883,3.6735E-4,0.01374,0.02525,0.006566,0.0018629,0.0075642,0.0027464,0.0095855,0.0018326,0
1520353324795,true,1549.853,0,0.015148,0.0063868,0.0041618,1.8875E-4,0.0059735,0.0018665,0.0058942,3.6179E-4,0.013588,0.025526,0.0065638,0.0018614,0.0075622,0.0027458,0.0095823,0.0018352,0
1520353324852,true,1549.91,0,0.014717,0.0061546,0.0041529,1.8912E-4,0.005976,0.0018601,0.0058862,3.6067E-4,0.013937,0.025216,0.0065606,0.0018624,0.0075618,0.0027409,0.0095804,0.0018359,0
1520353324910,true,1549.968,0,0.015098,0.0060497,0.0041383,1.8767E-4,0.0059599,0.0018599,0.0058733,3.5562E-4,0.014393,0.024699,0.0065537,0.00186,0.0075556,0.0027384,0.0095777,0.0018346,0
1520353324967,true,1550.025,0,0.015179,0.0063241,0.0041259,1.8349E-4,0.0059487,0.0018634,0.0058664,3.5467E-4,0.014677,0.024378,0.0065521,0.0018612,0.0075355,0.0027422,0.0095694,0.0018375,0
1520353325036,true,1550.094,0,0.01565,0.0064448,0.0041248,1.8116E-4,0.0059574,0.0018604,0.0058718,3.5418E-4,0.014423,0.024576,0.0065664,0.0018565,0.0075263,0.0027417,0.0095768,0.0018309,0
1520353325094,true,1550.152,0,0.015335,0.0066365,0.0041363,1.7611E-4,0.0059458,0.0018574,0.0058762,3.5223E-4,0.014319,0.024822,0.0065704,0.0018545,0.0075236,0.0027405,0.0095815,0.0018282,0
1520353325151,true,1550.209,0,0.014999,0.0064301,0.0041558,1.6999E-4,0.0059583,0.0018511,0.0058766,3.4949E-4,0.013803,0.025422,0.0065799,0.0018508,0.0075283,0.0027355,0.009564,0.0018324,0
1520353325209,true,1550.267,0,0.015291,0.0061837,0.0041542,1.7019E-4,0.0059719,0.00185,0.0058636,3.5126E-4,0.014158,0.025106,0.0065703,0.0018537,0.0075349,0.0027334,0.0095822,0.0018284,0
1520353325266,true,1550.324,0,0.015462,0.0063366,0.0041544,1.6756E-4,0.0059663,0.0018506,0.0058475,3.5084E-4,0.014569,0.024752,0.0065738,0.0018519,0.0075304,0.002733,0.0095826,0.0018293,0
1520353325312,true,1550.37,0,0.01557,0.0064967,0.0041523,1.6597E-4,0.005975,0.0018527,0.005838,3.5243E-4,0.014357,0.024916,0.0065786,0.0018496,0.007526,0.0027334,0.0095868,0.001827,0
1520353325370,true,1550.428,0,0.015421,0.006598,0.0041658,1.6118E-4,0.0059729,0.00185,0.0058466,3.5085E-4,0.014165,0.025135,0.0065841,0.0018467,0.0075231,0.0027313,0.0095847,0.0018221,0
1520353325427,true,1550.485,0,0.014714,0.0065353,0.004164,1.6046E-4,0.0059696,0.0018415,0.0058507,3.476E-4,0.01402,0.025372,0.0065863,0.0018448,0.0075192,0.0027331,0.0095724,0.0018239,0
1520353325485,true,1550.543,0,0.01448,0.0060667,0.0041476,1.6068E-4,0.0059704,0.0018376,0.0058412,3.4867E-4,0.013883,0.025507,0.0065827,0.0018443,0.007514,0.0027318,0.009581,0.00182,0
1520353325542,true,1550.6,0,0.014618,0.005853,0.004137,1.5952E-4,0.0059586,0.0018396,0.0058155,3.4999E-4,0.014438,0.024943,0.0065799,0.0018427,0.0075114,0.002729,0.0095678,0.0018225,0
1520353325611,true,1550.669,0,0.01509,0.0059939,0.0041286,1.5485E-4,0.0059448,0.0018409,0.0058045,3.4358E-4,0.01494,0.024408,0.0065731,0.00184,0.0074914,0.0027312,0.0095579,0.0018204,0
1520353325669,true,1550.727,0,0.01537,0.0062143,0.0041215,1.5015E-4,0.0059266,0.0018381,0.0057965,3.3852E-4,0.014959,0.024408,0.0065698,0.001836,0.00748,0.0027292,0.0095639,0.0018114,0
1520353325726,true,1550.784,0,0.015201,0.0063547,0.0041094,1.4755E-4,0.0058982,0.0018334,0.0057826,3.3142E-4,0.014698,0.024693,0.0065641,0.0018324,0.007459,0.0027293,0.0095627,0.0018069,0
1520353325784,true,1550.842,0,0.014931,0.006114,0.0041007,1.4276E-4,0.0058747,0.0018291,0.0057715,3.1891E-4,0.014362,0.025021,0.0065502,0.0018311,0.0074588,0.0027211,0.0095421,0.001809,0
1520353325841,true,1550.899,0,0.015045,0.0058622,0.0040919,1.3938E-4,0.0058457,0.0018274,0.0057338,3.1808E-4,0.014246,0.025064,0.0065299,0.0018319,0.0074616,0.002711,0.0095353,0.001804,0
1520353325911,true,1550.969,0,0.015565,0.0057519,0.0040725,1.4056E-4,0.0058321,0.0018274,0.0057082,3.1354E-4,0.014483,0.024728,0.0065242,0.0018288,0.0074619,0.0027031,0.00953,0.0018033,0
1520353325969,true,1551.027,0,0.015899,0.0059163,0.0040603,1.3903E-4,0.0058381,0.0018196,0.0057057,3.0446E-4,0.01454,0.024526,0.0065277,0.001826,0.0074547,0.002702,0.009519,0.0018053,0
1520353326026,true,1551.084,0,0.01599,0.005971,0.0040598,1.3549E-4,0.0058134,0.0018259,0.0056994,3.0079E-4,0.014298,0.024725,0.0065312,0.0018218,0.007437,0.0027042,0.0095167,0.0018015,0
1520353326084,true,1551.142,0,0.015224,0.0059713,0.004055,1.3012E-4,0.0057765,0.0018282,0.0056947,2.9421E-4,0.0141,0.024955,0.0065172,0.0018208,0.007429,0.0027018,0.0095136,0.0017973,0
1520353326141,true,1551.199,0,0.014567,0.005622,0.0040527,1.2841E-4,0.0057727,0.0018233,0.0056819,2.9224E-4,0.014106,0.024925,0.0065001,0.0018229,0.0074224,0.0027017,0.0095084,0.0017991,0
1520353326186,true,1551.244,0,0.014695,0.005264,0.0040354,1.2498E-4,0.0057679,0.0018196,0.0056588,2.8904E-4,0.014649,0.0244,0.0064853,0.0018225,0.0074154,0.0026968,0.0095067,0.0017929,0
1520353326244,true,1551.302,0,0.014934,0.0053767,0.0040084,1.2293E-4,0.0057572,0.0018175,0.0056305,2.8579E-4,0.015344,0.023612,0.0064803,0.0018191,0.0073969,0.0026994,0.0095102,0.0017842,0
1520353326301,true,1551.359,0,0.015268,0.0055526,0.0039896,1.1863E-4,0.0057431,0.0018178,0.005615,2.7899E-4,0.015231,0.023744,0.0064684,0.0018188,0.0073805,0.0026971,0.0095076,0.0017793,0
1520353326359,true,1551.417,0,0.015485,0.0057022,0.0039722,1.1495E-4,0.0057008,0.0018156,0.0055843,2.7893E-4,0.014848,0.024069,0.006456,0.0018156,0.0073506,0.002702,0.0095001,0.0017762,0
1520353326416,true,1551.474,0,0.015274,0.0056401,0.0039663,1.0793E-4,0.0056624,0.0018112,0.0055493,2.7637E-4,0.014613,0.024362,0.0064419,0.0018147,0.0073289,0.0027036,0.0094885,0.0017787,0
1520353326462,true,1551.52,0,0.015223,0.0052922,0.0039515,1.0575E-4,0.0056368,0.0018071,0.0055097,2.741E-4,0.014406,0.024498,0.0064267,0.0018132,0.0073188,0.0026989,0.0094517,0.001784,0
1520353326520,true,1551.578,0,0.015682,0.0051625,0.0039282,1.0223E-4,0.0055929,0.0018116,0.0054713,2.6674E-4,0.014891,0.023947,0.0064091,0.0018117,0.0073129,0.0026938,0.0094433,0.0017792,0
1520353326577,true,1551.635,0,0.015709,0.0052794,0.0038984,9.951E-5,0.0055792,0.0018074,0.0054414,2.5527E-4,0.014896,0.023764,0.0063878,0.0018142,0.0072908,0.0026906,0.0094264,0.0017781,0
1520353326635,true,1551.693,0,0.015659,0.0053261,0.0038682,9.9054E-5,0.0055539,0.0018098,0.0054102,2.4855E-4,0.014413,0.024112,0.0063667,0.0018147,0.0072641,0.0026943,0.0094144,0.0017763,0
1520353326692,true,1551.75,0,0.014944,0.0054664,0.0038579,9.3621E-5,0.0055195,0.0018078,0.0053962,2.441E-4,0.013995,0.024434,0.0063466,0.0018173,0.0072539,0.0026929,0.0094015,0.0017743,0
