1520353356776,true,1581.834,0,0.014205,0.0055532,0.0031941,1.251E-4,0.0049837,0.0018904,0.0046787,2.1576E-4,0.013603,0.024887,0.0059073,0.0021293,0.0064069,0.00277,0.0088258,0.0018196,1
1520353356833,true,1581.891,0,0.01391,0.005836,0.0031966,1.2632E-4,0.0049577,0.0019007,0.0046844,2.1987E-4,0.013454,0.025091,0.0059099,0.0021247,0.0064015,0.0027695,0.0088186,0.0018184,1
1520353356891,true,1581.949,0,0.013443,0.0057389,0.0031946,1.289E-4,0.0049467,0.0018956,0.0046982,2.2125E-4,0.013318,0.025271,0.0059002,0.0021259,0.0064026,0.0027684,0.0088107,0.0018179,1
1520353356948,true,1582.006,0,0.01373,0.0054747,0.0031881,1.3397E-4,0.0049566,0.0018921,0.0046918,2.228E-4,0.013417,0.025198,0.005888,0.0021278,0.0063968,0.0027651,0.0088099,0.0018155,1
1520353357019,true,1582.077,0,0.014279,0.0054923,0.0031864,1.3564E-4,0.004951,0.0018937,0.0046852,2.2022E-4,0.013621,0.024929,0.0058741,0.0021302,0.0063748,0.0027682,0.008798,0.0018212,1
1520353357077,true,1582.135,0,0.014452,0.0056246,0.0031747,1.3777E-4,0.0049521,0.0018944,0.0046762,2.2188E-4,0.013727,0.024833,0.005863,0.0021311,0.0063611,0.0027676,0.008787,0.0018253,1
1520353357134,true,1582.192,0,0.01442,0.0058596,0.0031826,1.3551E-4,0.0049429,0.0018954,0.0046737,2.2305E-4,0.013401,0.025226,0.005856,0.0021271,0.0063498,0.0027666,0.0087837,0.0018247,1
1520353357192,true,1582.25,0,0.013696,0.0060559,0.0031796,1.3611E-4,0.0049121,0.0018966,0.0046576,2.2902E-4,0.012875,0.025714,0.0058402,0.0021288,0.0063466,0.0027654,0.0087713,0.0018256,1
1520353357249,true,1582.307,0,0.013023,0.0057919,0.0031833,1.4094E-4,0.0049144,0.0018983,0.0046557,2.3491E-4,0.012701,0.025964,0.0058274,0.0021323,0.0063427,0.0027656,0.0087595,0.0018285,1
1520353357294,true,1582.352,0,0.013286,0.0053182,0.0031929,1.4313E-4,0.0049154,0.0019056,0.0046471,2.479E-4,0.012998,0.025725,0.0058156,0.002136,0.0063444,0.0027622,0.0087637,0.0018279,1
1520353357352,true,1582.41,0,0.013813,0.005222,0.0031923,1.4514E-4,0.0049331,0.0019055,0.0046485,2.5309E-4,0.013395,0.025269,0.0058056,0.0021388,0.0063355,0.002767,0.0087633,0.0018296,1
1520353357409,true,1582.467,0,0.014115,0.00531,0.0032012,1.44E-4,0.0049591,0.001907,0.0046652,2.5465E-4,0.013344,0.025215,0.0058058,0.0021386,0.0063212,0.0027748,0.0087609,0.0018315,1
1520353357467,true,1582.525,0,0.01426,0.0054679,0.0032177,1.4514E-4,0.004969,0.0019115,0.0046841,2.5963E-4,0.013061,0.025354,0.005812,0.0021367,0.0063287,0.0027725,0.0087623,0.0018305,1
1520353357524,true,1582.582,0,0.013763,0.0053821,0.0032235,1.5152E-4,0.0049827,0.0019056,0.0046957,2.6701E-4,0.012999,0.025457,0.005811,0.0021383,0.0063288,0.0027753,0.0087651,0.0018313,1
1520353357569,true,1582.627,0,0.013882,0.0051608,0.0032278,1.5842E-4,0.0050115,0.0019009,0.0047025,2.7146E-4,0.013018,0.025613,0.0058046,0.0021429,0.0063334,0.0027743,0.0087666,0.0018377,1
1520353357627,true,1582.685,0,0.014248,0.0052139,0.0032389,1.6147E-4,0.0050301,0.0019065,0.0047084,2.7701E-4,0.013344,0.025295,0.0058098,0.0021422,0.0063467,0.0027685,0.0087638,0.0018417,1
1520353357684,true,1582.742,0,0.014726,0.0054647,0.0032518,1.6038E-4,0.0050449,0.0019167,0.0047316,2.7729E-4,0.013496,0.02506,0.0058163,0.0021419,0.0063579,0.0027631,0.0087628,0.0018438,1
1520353357742,true,1582.8,0,0.014969,0.0057343,0.0032613,1.6373E-4,0.0050479,0.0019297,0.0047501,2.803E-4,0.013099,0.025464,0.0058111,0.0021465,0.0063537,0.0027663,0.0087646,0.0018415,1
1520353357799,true,1582.857,0,0.014613,0.0059415,0.0032718,1.6759E-4,0.0050554,0.001931,0.0047699,2.8256E-4,0.012568,0.026026,0.0058149,0.0021457,0.0063635,0.0027664,0.008757,0.0018449,1
1520353357869,true,1582.927,0,0.013688,0.005912,0.0032754,1.7144E-4,0.0050655,0.0019293,0.0047862,2.878E-4,0.012084,0.026492,0.0058093,0.0021484,0.0063651,0.0027654,0.0087547,0.0018466,1
1520353357927,true,1582.985,0,0.013582,0.0054888,0.0032848,1.7203E-4,0.0050793,0.001931,0.0047731,2.9747E-4,0.012081,0.026509,0.0058082,0.0021487,0.0063653,0.0027639,0.0087391,0.001853,1
1520353357984,true,1583.042,0,0.013732,0.0053946,0.0032767,1.7556E-4,0.0051,0.0019372,0.0047663,3.0346E-4,0.01266,0.025866,0.0058005,0.0021535,0.0063698,0.0027614,0.0087354,0.0018545,1
1520353358042,true,1583.1,0,0.014052,0.0054216,0.0032738,1.7959E-4,0.0051053,0.0019431,0.004778,3.0497E-4,0.012816,0.025551,0.0057924,0.0021585,0.0063567,0.0027673,0.0087407,0.0018546,1
1520353358099,true,1583.157,0,0.014208,0.0055218,0.003291,1.8189E-4,0.005119,0.0019466,0.0048062,3.0896E-4,0.012604,0.025763,0.0058076,0.0021571,0.0063613,0.0027687,0.0087421,0.0018584,1
1520353358169,true,1583.227,0,0.013757,0.0056264,0.0033077,1.862E-4,0.0051325,0.0019473,0.0048322,3.1569E-4,0.012435,0.026036,0.0058227,0.0021573,0.0063642,0.0027723,0.0087409,0.0018638,1
1520353358227,true,1583.285,0,0.013572,0.0054445,0.0033267,1.8646E-4,0.0051564,0.001946,0.004848,3.2523E-4,0.012107,0.026518,0.00583,0.0021592,0.0063756,0.002774,0.0087363,0.0018765,1
1520353358284,true,1583.342,0,0.014055,0.0053293,0.0033398,1.8926E-4,0.005189,0.0019432,0.0048536,3.3274E-4,0.01253,0.026132,0.0058305,0.0021628,0.006397,0.0027727,0.0087449,0.0018794,1
1520353358342,true,1583.4,0,0.014778,0.0054982,0.003353,1.9213E-4,0.0052103,0.001949,0.0048699,3.3461E-4,0.012868,0.025853,0.0058505,0.0021603,0.006407,0.0027755,0.0087655,0.0018791,1
1520353358399,true,1583.457,0,0.01522,0.0057667,0.003371,1.9566E-4,0.0052363,0.0019526,0.0049018,3.3457E-4,0.012675,0.026072,0.0058717,0.0021614,0.006415,0.0027748,0.0087734,0.0018829,1
1520353358443,true,1583.501,0,0.015107,0.0060952,0.0033905,1.9861E-4,0.0052481,0.0019548,0.0049287,3.3839E-4,0.012374,0.026399,0.0058929,0.0021611,0.0064176,0.0027809,0.0087899,0.0018859,1
1520353358501,true,1583.559,0,0.014414,0.0060936,0.0034176,2.0057E-4,0.0052685,0.0019579,0.004959,3.4227E-4,0.011998,0.026823,0.0058983,0.002163,0.0064341,0.002782,0.0087963,0.001888,1
1520353358558,true,1583.616,0,0.014076,0.0058064,0.0034327,2.0485E-4,0.0052954,0.0019609,0.0049792,3.4493E-4,0.011923,0.027007,0.0059153,0.0021643,0.0064548,0.0027808,0.0088048,0.0018906,1
1520353358616,true,1583.674,0,0.014449,0.0056152,0.0034349,2.1107E-4,0.0053198,0.0019684,0.0049967,3.468E-4,0.012191,0.026679,0.0059183,0.0021681,0.0064774,0.0027779,0.008821,0.0018958,1
1520353358673,true,1583.731,0,0.014878,0.0056731,0.0034371,2.1365E-4,0.0053373,0.0019788,0.0050275,3.4538E-4,0.012557,0.026281,0.0059216,0.0021713,0.0064662,0.0027843,0.008836,0.0018964,1
1520353358719,true,1583.777,0,0.015317,0.0057372,0.0034478,2.1655E-4,0.0053528,0.001981,0.0050421,3.506E-4,0.01232,0.026553,0.0059268,0.0021737,0.0064661,0.0027868,0.0088662,0.0018908,1
1520353358777,true,1583.835,0,0.015029,0.0058211,0.0034465,2.2019E-4,0.0053486,0.0019844,0.0050473,3.5648E-4,0.01211,0.026764,0.00594,0.0021728,0.0064752,0.0027885,0.0088605,0.0018935,1
1520353358834,true,1583.892,0,0.014607,0.005645,0.0034513,2.2477E-4,0.0053569,0.001982,0.005053,3.6632E-4,0.012183,0.02683,0.005943,0.0021736,0.0064754,0.002793,0.0088747,0.0018912,1
1520353358892,true,1583.95,0,0.015067,0.0053542,0.003453,2.3101E-4,0.0053652,0.0019861,0.005053,3.7139E-4,0.01245,0.026592,0.0059562,0.0021758,0.0064794,0.0027945,0.0088738,0.0019003,1
1520353358949,true,1584.007,0,0.015673,0.0055322,0.0034599,2.3487E-4,0.0053812,0.0019941,0.0050727,3.7169E-4,0.012895,0.026189,0.0059753,0.0021769,0.0064915,0.0027953,0.008901,0.0018967,1
1520353359020,true,1584.078,0,0.016165,0.0058638,0.0034841,2.3199E-4,0.0054069,0.001995,0.0051009,3.7086E-4,0.012891,0.026198,0.0059896,0.0021805,0.006504,0.0027989,0.0089247,0.0018942,1
1520353359078,true,1584.136,0,0.016168,0.0062962,0.0035168,2.2925E-4,0.0054368,0.0019938,0.0051282,3.7259E-4,0.012395,0.026676,0.006016,0.0021776,0.0065188,0.0027992,0.0089322,0.0018987,1
1520353359135,true,1584.193,0,0.015454,0.0064034,0.0035422,2.3278E-4,0.0054547,0.0019944,0.0051542,3.7857E-4,0.011871,0.027344,0.0060412,0.0021774,0.0065354,0.0028059,0.0089433,0.001901,1
1520353359193,true,1584.251,0,0.015132,0.0061409,0.0035712,2.3434E-4,0.0054921,0.0019908,0.0051857,3.8145E-4,0.01203,0.027312,0.0060594,0.00218,0.0065462,0.0028116,0.0089569,0.0019048,1
1520353359250,true,1584.308,0,0.015407,0.0058993,0.0035862,2.3725E-4,0.0055236,0.0019936,0.005202,3.8463E-4,0.012531,0.026909,0.0060734,0.0021845,0.0065634,0.0028133,0.0089813,0.0019055,1
1520353359294,true,1584.352,0,0.01547,0.0060096,0.0036009,2.3583E-4,0.0055499,0.0019992,0.0052246,3.8675E-4,0.012991,0.026482,0.0060889,0.0021856,0.0065718,0.002815,0.0089948,0.0019069,1
1520353359352,true,1584.41,0,0.015778,0.0061455,0.0036162,2.3461E-4,0.0055625,0.0020044,0.0052486,3.872E-4,0.012917,0.026532,0.0061003,0.0021864,0.0065755,0.0028196,0.0090097,0.0019075,1
1520353359409,true,1584.467,0,0.015495,0.0062893,0.0036379,2.3542E-4,0.0055725,0.0020029,0.0052671,3.9274E-4,0.012698,0.026836,0.0061147,0.0021868,0.0065901,0.0028203,0.0090279,0.0019034,1
1520353359467,true,1584.525,0,0.014991,0.0061829,0.0036575,2.3331E-4,0.0055835,0.0020004,0.0052928,3.9409E-4,0.012774,0.026954,0.0061263,0.0021864,0.0065968,0.0028322,0.0090486,0.0019,1
1520353359524,true,1584.582,0,0.015218,0.0059278,0.0036643,2.3697E-4,0.0055999,0.0020008,0.0052943,3.978E-4,0.012992,0.026827,0.0061394,0.002187,0.0066124,0.0028312,0.0090564,0.0019045,1
1520353359593,true,1584.651,0,0.015779,0.0059351,0.0036704,2.3789E-4,0.0056165,0.002001,0.0052988,3.9979E-4,0.013368,0.026467,0.0061473,0.0021878,0.0066148,0.0028342,0.0090668,0.0019092,1
1520353359651,true,1584.709,0,0.016026,0.0063171,0.0036714,2.3738E-4,0.0056332,0.0019979,0.0053029,3.9788E-4,0.0136,0.026296,0.006153,0.0021905,0.0066092,0.0028417,0.0090811,0.0019089,1
1520353359708,true,1584.766,0,0.016488,0.0064883,0.0036725,2.3987E-4,0.005624,0.0019981,0.005304,4.0091E-4,0.013262,0.02664,0.0061604,0.0021914,0.0066196,0.0028429,0.0090827,0.0019104,1
1520353359766,true,1584.824,0,0.016016,0.0066812,0.0036801,2.4541E-4,0.0056355,0.0019954,0.0053219,4.0122E-4,0.012729,0.027184,0.006172,0.0021939,0.0066361,0.0028444,0.0090896,0.0019083,1
1520353359823,true,1584.881,0,0.015492,0.0064384,0.0036993,2.461E-4,0.005648,0.0019929,0.0053289,4.0317E-4,0.012369,0.027569,0.0061833,0.0021953,0.0066546,0.0028467,0.0090887,0.0019132,1
1520353359894,true,1584.952,0,0.015742,0.006116,0.0037041,2.4969E-4,0.0056734,0.0019935,0.0053356,4.0507E-4,0.012664,0.027328,0.0061943,0.0021973,0.0066739,0.0028501,0.0091058,0.0019144,1
1520353359952,true,1585.01,0,0.015589,0.0062747,0.0037148,2.5066E-4,0.0056711,0.0020018,0.0053541,4.039E-4,0.013234,0.026801,0.0062075,0.0021987,0.0066862,0.0028503,0.0091229,0.0019131,1
1520353360009,true,1585.067,0,0.015763,0.0063484,0.0037201,2.4992E-4,0.0056967,0.0019995,0.0053674,4.0251E-4,0.013319,0.026692,0.0062338,0.0021979,0.0067008,0.0028549,0.0091451,0.00191,1
1520353360067,true,1585.125,0,0.015429,0.0065703,0.0037279,2.5029E-4,0.0057116,0.0019938,0.0053823,4.0805E-4,0.013179,0.026832,0.0062399,0.0022003,0.0067165,0.0028559,0.0091608,0.0019099,1
1520353360124,true,1585.182,0,0.015085,0.0063557,0.0037323,2.516E-4,0.0057031,0.0019983,0.0053969,4.1301E-4,0.013153,0.026955,0.006251,0.0022016,0.0067305,0.0028615,0.0091577,0.0019153,1
1520353360170,true,1585.228,0,0.014723,0.0060851,0.0037425,2.493E-4,0.0057004,0.0019975,0.0054002,4.1689E-4,0.013175,0.027002,0.0062543,0.0022022,0.0067396,0.0028642,0.0091712,0.0019152,1
1520353360228,true,1585.286,0,0.01555,0.0058464,0.0037311,2.5389E-4,0.0057001,0.0019986,0.0053886,4.2334E-4,0.013764,0.026468,0.0062646,0.0022048,0.0067616,0.002862,0.0091788,0.0019166,1
1520353360285,true,1585.343,0,0.016009,0.0061715,0.003736,2.4955E-4,0.0057132,0.0019904,0.0053874,4.2358E-4,0.014151,0.026104,0.0062668,0.002207,0.0067721,0.0028615,0.0091888,0.0019181,1
1520353360343,true,1585.401,0,0.016341,0.0064338,0.0037353,2.4783E-4,0.0057174,0.0019882,0.0053861,4.2135E-4,0.014026,0.026186,0.0062696,0.0022078,0.0067726,0.002869,0.009198,0.0019183,1
1520353360400,true,1585.458,0,0.015896,0.0067399,0.0037399,2.4619E-4,0.0056992,0.0019896,0.0053939,4.1728E-4,0.013631,0.026711,0.0062744,0.0022066,0.0067769,0.0028707,0.0092127,0.0019122,1
1520353360470,true,1585.528,0,0.015298,0.006583,0.0037359,2.451E-4,0.0056727,0.0019876,0.0053865,4.1814E-4,0.013556,0.026841,0.0062684,0.0022094,0.006788,0.0028707,0.0092107,0.0019125,1
1520353360528,true,1585.586,0,0.015309,0.0061625,0.0037261,2.4676E-4,0.0056598,0.0019843,0.0053619,4.2045E-4,0.013462,0.026921,0.0062566,0.0022157,0.0067951,0.0028672,0.0092128,0.001914,1
1520353360585,true,1585.643,0,0.015855,0.0059815,0.0037129,2.4894E-4,0.0056559,0.0019862,0.0053601,4.1819E-4,0.013845,0.02639,0.0062566,0.0022188,0.0068145,0.0028638,0.009217,0.0019141,1
1520353360643,true,1585.701,0,0.015808,0.0061376,0.0037149,2.482E-4,0.0056644,0.0019838,0.0053664,4.1743E-4,0.014107,0.02617,0.0062661,0.0022189,0.0068196,0.0028664,0.0092388,0.0019117,1
1520353360700,true,1585.758,0,0.01577,0.0061908,0.0037107,2.48E-4,0.0056582,0.0019925,0.0053674,4.2368E-4,0.013855,0.026425,0.00628,0.0022176,0.006824,0.0028704,0.0092473,0.0019076,1
1520353360745,true,1585.803,0,0.015113,0.0062112,0.0037155,2.4757E-4,0.0056531,0.0019932,0.0053678,4.2425E-4,0.013917,0.026478,0.0062906,0.0022166,0.0068281,0.0028743,0.0092494,0.0019102,1
1520353360803,true,1585.861,0,0.014694,0.0059251,0.0037177,2.4769E-4,0.0056516,0.0019896,0.0053739,4.2693E-4,0.013969,0.02653,0.0062945,0.0022144,0.0068468,0.0028732,0.0092516,0.0019149,1
1520353360860,true,1585.918,0,0.014854,0.0057938,0.0037187,2.4526E-4,0.0056663,0.0019829,0.0053648,4.2742E-4,0.014368,0.026156,0.0062903,0.0022156,0.0068672,0.0028703,0.0092464,0.001923,1
1520353360918,true,1585.976,0,0.015417,0.0060068,0.0037059,2.4801E-4,0.0056511,0.0019852,0.0053603,4.2461E-4,0.015136,0.02544,0.0062963,0.002217,0.0068718,0.0028725,0.0092619,0.0019219,1
1520353360975,true,1586.033,0,0.016071,0.0062463,0.0036879,2.5038E-4,0.0056445,0.0019883,0.005361,4.2501E-4,0.015151,0.025506,0.0062878,0.0022228,0.0068852,0.0028746,0.0092729,0.0019196,1
1520353361044,true,1586.102,0,0.01605,0.0064801,0.0036854,2.4736E-4,0.0056278,0.0019914,0.00535,4.2685E-4,0.014726,0.025992,0.006299,0.0022209,0.0069019,0.0028716,0.0092881,0.0019163,1
1520353361102,true,1586.16,0,0.015631,0.0064263,0.0036781,2.4938E-4,0.0056024,0.0019937,0.0053537,4.2552E-4,0.014298,0.026454,0.0062972,0.0022205,0.0069019,0.0028734,0.0092836,0.0019124,1
1520353361159,true,1586.217,0,0.015334,0.0061193,0.0036658,2.527E-4,0.0055901,0.0019949,0.005347,4.2481E-4,0.014269,0.026559,0.0062872,0.0022235,0.006921,0.0028674,0.0092835,0.0019116,1
1520353361217,true,1586.275,0,0.015728,0.0059328,0.0036536,2.5108E-4,0.0055893,0.0019932,0.0053406,4.2312E-4,0.014613,0.026166,0.0062834,0.0022237,0.0069365,0.0028614,0.0092839,0.0019128,1
1520353361274,true,1586.332,0,0.015933,0.0060731,0.0036397,2.4961E-4,0.0055736,0.0019983,0.0053247,4.218E-4,0.014756,0.0258,0.0062693,0.0022271,0.0069337,0.002863,0.0092837,0.0019113,1
1520353361320,true,1586.378,0,0.016056,0.0061716,0.0036204,2.5283E-4,0.0055702,0.0020016,0.0053173,4.2501E-4,0.014746,0.025788,0.006261,0.002232,0.0069183,0.0028691,0.0092936,0.0019064,1
1520353361378,true,1586.436,0,0.015479,0.0062518,0.0036117,2.5334E-4,0.0055619,0.0020032,0.0053169,4.2796E-4,0.014256,0.026185,0.0062718,0.002229,0.0069188,0.0028726,0.0092979,0.0019051,1
1520353361435,true,1586.493,0,0.014984,0.0059904,0.0036154,2.5368E-4,0.005554,0.0020039,0.0053318,4.2907E-4,0.014314,0.026245,0.0062761,0.0022309,0.0069339,0.0028704,0.0092905,0.0019075,1
1520353361493,true,1586.551,0,0.015007,0.0057349,0.0036215,2.541E-4,0.0055615,0.0020049,0.0053418,4.277E-4,0.014505,0.026034,0.0062765,0.0022302,0.0069444,0.0028705,0.0092914,0.0019112,1
1520353361550,true,1586.608,0,0.015518,0.0058129,0.00362,2.5226E-4,0.0055677,0.0020079,0.005339,4.284E-4,0.015105,0.025485,0.0062868,0.0022303,0.0069547,0.0028648,0.0093064,0.0019091,1
1520353361620,true,1586.678,0,0.016074,0.0060597,0.0036251,2.5104E-4,0.0055635,0.0020119,0.0053437,4.2865E-4,0.01511,0.025558,0.0062962,0.0022308,0.0069586,0.0028678,0.0093254,0.0019061,1
1520353361678,true,1586.736,0,0.016236,0.0064117,0.0036381,2.4792E-4,0.0055696,0.0020134,0.005358,4.2705E-4,0.014762,0.0259,0.0063112,0.0022272,0.0069612,0.0028696,0.0093441,0.0019025,1
1520353361735,true,1586.793,0,0.015867,0.0065578,0.0036431,2.4889E-4,0.0055711,0.0020108,0.0053669,4.273E-4,0.014504,0.026335,0.0063196,0.0022253,0.0069631,0.0028716,0.0093456,0.0019025,1
1520353361793,true,1586.851,0,0.015352,0.006364,0.0036472,2.5075E-4,0.0055768,0.0020066,0.0053855,4.2614E-4,0.014271,0.0266,0.0063217,0.0022256,0.0069815,0.0028686,0.0093344,0.0019065,1
1520353361850,true,1586.908,0,0.015637,0.0061987,0.0036446,2.5047E-4,0.005596,0.0020045,0.005368,4.2919E-4,0.014391,0.026534,0.0063281,0.002225,0.0069875,0.0028656,0.0093442,0.0019084,1
1520353361920,true,1586.978,0,0.015782,0.0064126,0.0036367,2.5051E-4,0.0056034,0.0020096,0.005381,4.2287E-4,0.014695,0.02627,0.0063319,0.0022265,0.0069916,0.0028642,0.0093502,0.0019072,1
1520353361978,true,1587.036,0,0.016012,0.0064134,0.0036303,2.4974E-4,0.0056151,0.0020112,0.0053928,4.1824E-4,0.014653,0.026211,0.0063193,0.0022321,0.006993,0.0028652,0.0093492,0.0019068,1
1520353362035,true,1587.093,0,0.015467,0.006618,0.0036241,2.5059E-4,0.0056112,0.0020088,0.0053994,4.161E-4,0.014356,0.026391,0.0063172,0.0022325,0.0069949,0.0028657,0.0093513,0.0019042,1
1520353362093,true,1587.151,0,0.01472,0.0065049,0.0036096,2.543E-4,0.0055895,0.0020114,0.0053975,4.1689E-4,0.013896,0.026753,0.0063135,0.0022336,0.0069903,0.0028663,0.0093374,0.001909,1
1520353362150,true,1587.208,0,0.014634,0.0061335,0.0036005,2.5623E-4,0.0055907,0.002016,0.0054113,4.1474E-4,0.013909,0.026713,0.0063101,0.0022365,0.0069981,0.0028656,0.0093228,0.0019189,1
1520353362195,true,1587.253,0,0.014831,0.0061158,0.0035934,2.577E-4,0.0056027,0.002017,0.0054109,4.1546E-4,0.014565,0.026025,0.0063194,0.0022374,0.0069987,0.0028652,0.0093305,0.0019201,1
1520353362253,true,1587.311,0,0.015055,0.0064261,0.0035994,2.545E-4,0.0056122,0.0020181,0.0054133,4.1269E-4,0.014676,0.025825,0.0063264,0.0022393,0.0070059,0.0028673,0.009335,0.0019208,1
1520353362310,true,1587.368,0,0.015328,0.0067624,0.0036124,2.5371E-4,0.0056051,0.002026,0.0054376,4.1066E-4,0.014467,0.026112,0.0063451,0.0022348,0.0070191,0.0028657,0.0093327,0.0019214,1
1520353362368,true,1587.426,0,0.01485,0.0070857,0.0036258,2.5245E-4,0.0056173,0.0020223,0.0054495,4.1063E-4,0.013997,0.026673,0.0063637,0.0022325,0.0070379,0.0028636,0.0093376,0.001927,1
1520353362425,true,1587.483,0,0.014675,0.0068476,0.0036437,2.5068E-4,0.0056249,0.0020203,0.0054738,4.0698E-4,0.013594,0.027238,0.0063884,0.0022307,0.0070541,0.0028642,0.0093357,0.0019325,1
1520353362470,true,1587.528,0,0.014679,0.0066445,0.003657,2.5076E-4,0.005648,0.0020226,0.0054846,4.0456E-4,0.013643,0.027234,0.0063988,0.00223,0.0070698,0.0028608,0.0093342,0.001941,1
1520353362528,true,1587.586,0,0.015204,0.0066157,0.0036675,2.4936E-4,0.0056623,0.0020254,0.0054865,4.0287E-4,0.014138,0.026717,0.006408,0.0022331,0.0070858,0.0028573,0.0093453,0.0019434,1
1520353362585,true,1587.643,0,0.015379,0.0067518,0.0036653,2.4859E-4,0.005683,0.0020241,0.005502,3.9709E-4,0.014118,0.026648,0.0064267,0.0022325,0.0070976,0.002855,0.0093666,0.0019372,1
1520353362643,true,1587.701,0,0.015062,0.0069625,0.0036673,2.4896E-4,0.0056833,0.0020251,0.0055188,3.9241E-4,0.01368,0.027015,0.0064249,0.0022329,0.0071091,0.002855,0.0093595,0.0019413,1
1520353362700,true,1587.758,0,0.014373,0.0068439,0.0036825,2.4488E-4,0.0056777,0.0020231,0.0055182,3.9539E-4,0.013602,0.027198,0.0064215,0.0022352,0.007115,0.0028597,0.0093658,0.0019397,1
1520353362771,true,1587.829,0,0.014049,0.0064322,0.0036757,2.4539E-4,0.0056629,0.0020232,0.0055191,3.979E-4,0.01356,0.027282,0.0064288,0.0022343,0.0071188,0.0028572,0.0093609,0.0019453,1
1520353362829,true,1587.887,0,0.014357,0.0062302,0.0036654,2.4603E-4,0.0056636,0.00202,0.0055093,3.9214E-4,0.014013,0.026785,0.006423,0.0022371,0.0071195,0.0028583,0.0093564,0.0019509,1
1520353362886,true,1587.944,0,0.014932,0.0063467,0.003656,2.4366E-4,0.0056583,0.002022,0.0055,3.8953E-4,0.014387,0.026289,0.0064215,0.0022388,0.0071165,0.0028604,0.0093599,0.0019551,1
1520353362944,true,1588.002,0,0.01529,0.0065344,0.0036549,2.404E-4,0.0056652,0.0020172,0.0055048,3.8575E-4,0.014261,0.026281,0.0064334,0.0022377,0.0071181,0.0028617,0.0093544,0.0019585,1
1520353363001,true,1588.059,0,0.014921,0.0069413,0.0036647,2.391E-4,0.0056522,0.0020154,0.0055157,3.8305E-4,0.013947,0.026623,0.0064465,0.002236,0.0071191,0.0028647,0.0093605,0.0019604,1
1520353363045,true,1588.103,0,0.014391,0.0068992,0.0036691,2.4164E-4,0.0056594,0.0020102,0.0055278,3.7972E-4,0.013801,0.026876,0.0064509,0.002238,0.0071329,0.0028623,0.009359,0.0019651,1
1520353363103,true,1588.161,0,0.014464,0.0067262,0.0036685,2.4524E-4,0.0056691,0.0020075,0.0055272,3.785E-4,0.013779,0.026999,0.0064511,0.002241,0.0071424,0.002858,0.0093679,0.0019687,1
1520353363160,true,1588.218,0,0.014899,0.0066888,0.0036665,2.4661E-4,0.0056748,0.0020083,0.005521,3.7531E-4,0.014195,0.02664,0.0064595,0.0022387,0.0071519,0.0028585,0.009373,0.0019725,1
1520353363218,true,1588.276,0,0.015069,0.0068216,0.0036634,2.4806E-4,0.0056816,0.0020114,0.0055357,3.6857E-4,0.014212,0.026572,0.0064678,0.0022411,0.007158,0.0028607,0.0093866,0.0019747,1
1520353363275,true,1588.333,0,0.014875,0.0070476,0.0036663,2.4572E-4,0.005686,0.0020137,0.0055334,3.7048E-4,0.013933,0.026902,0.0064708,0.0022403,0.0071788,0.0028632,0.0094111,0.0019685,1
1520353363344,true,1588.402,0,0.014576,0.0069277,0.0036741,2.4361E-4,0.005687,0.0020131,0.0055365,3.7111E-4,0.013543,0.027274,0.0064777,0.002239,0.0071957,0.0028616,0.0094208,0.0019668,1
1520353363402,true,1588.46,0,0.014008,0.0066251,0.0036855,2.4017E-4,0.0056879,0.0020088,0.0055406,3.6912E-4,0.013415,0.027312,0.0064762,0.0022389,0.0072062,0.0028612,0.0094312,0.0019646,1
1520353363459,true,1588.517,0,0.014149,0.0062764,0.0036908,2.3664E-4,0.0056983,0.0020068,0.005522,3.6862E-4,0.013721,0.026939,0.0064749,0.0022412,0.0072083,0.0028639,0.0094476,0.0019625,1
1520353363517,true,1588.575,0,0.014702,0.0062798,0.0036816,2.3467E-4,0.0057036,0.0020044,0.0055116,3.6531E-4,0.014467,0.026178,0.0064793,0.0022364,0.0072137,0.0028636,0.0094349,0.0019691,1
1520353363574,true,1588.632,0,0.015164,0.0064642,0.0036709,2.304E-4,0.0057028,0.0020055,0.0055121,3.5948E-4,0.014562,0.026119,0.0064725,0.002238,0.0072046,0.0028644,0.0094438,0.001963,1
1520353363621,true,1588.679,0,0.015094,0.0068273,0.0036659,2.2595E-4,0.0056772,0.0020055,0.0054963,3.5848E-4,0.014212,0.026466,0.006472,0.0022368,0.0072045,0.0028666,0.009449,0.0019592,1
1520353363679,true,1588.737,0,0.014749,0.0067065,0.0036554,2.2678E-4,0.0056579,0.0019982,0.0054795,3.5461E-4,0.013933,0.026774,0.0064572,0.0022378,0.0072131,0.0028624,0.0094325,0.0019628,1
1520353363736,true,1588.794,0,0.014551,0.0064448,0.0036556,2.2201E-4,0.0056308,0.0019963,0.0054607,3.5275E-4,0.013892,0.026843,0.0064421,0.0022409,0.0072166,0.002856,0.0094109,0.0019651,1
1520353363794,true,1588.852,0,0.014962,0.006332,0.003638,2.2139E-4,0.0056294,0.001994,0.0054335,3.4495E-4,0.014186,0.02653,0.0064309,0.0022449,0.0072119,0.0028588,0.0094028,0.0019641,1
1520353363851,true,1588.909,0,0.015179,0.0063888,0.0036349,2.1822E-4,0.0056347,0.0019865,0.0054335,3.3831E-4,0.014424,0.026239,0.0064281,0.0022445,0.0072092,0.0028591,0.0094143,0.0019576,1
1520353363921,true,1588.979,0,0.01532,0.0064458,0.0036218,2.1659E-4,0.0056422,0.0019834,0.0054266,3.3359E-4,0.014174,0.026418,0.006423,0.002243,0.0072045,0.0028593,0.0094277,0.0019536,1
1520353363979,true,1589.037,0,0.014573,0.0065637,0.0036137,2.169E-4,0.0056312,0.0019824,0.0054243,3.3133E-4,0.013778,0.026765,0.0064281,0.0022396,0.0072031,0.0028633,0.0094531,0.0019443,1
1520353364036,true,1589.094,0,0.013735,0.0062685,0.003608,2.1669E-4,0.0056216,0.0019762,0.0054112,3.3152E-4,0.013674,0.02692,0.0064197,0.0022412,0.0072046,0.0028647,0.0094626,0.0019421,1
1520353364094,true,1589.152,0,0.013718,0.0059021,0.0035944,2.1818E-4,0.0056232,0.0019697,0.0053928,3.2743E-4,0.01413,0.026411,0.006407,0.002244,0.0072042,0.0028634,0.0094726,0.001938,1
1520353364151,true,1589.209,0,0.013952,0.0058378,0.0035732,2.1777E-4,0.0056197,0.0019686,0.0053748,3.2209E-4,0.014708,0.025756,0.0063978,0.0022442,0.0071917,0.0028665,0.0094805,0.0019335,1
1520353364195,true,1589.253,0,0.014493,0.0058882,0.0035551,2.1443E-4,0.0056133,0.0019688,0.0053637,3.1542E-4,0.014898,0.025525,0.0063929,0.0022453,0.0071832,0.0028705,0.0094841,0.0019316,1
1520353364253,true,1589.311,0,0.014521,0.0062439,0.0035417,2.1245E-4,0.005597,0.0019666,0.0053658,3.0514E-4,0.014504,0.025855,0.0063878,0.0022396,0.0071715,0.0028734,0.0094995,0.0019216,1
1520353364310,true,1589.368,0,0.01411,0.006345,0.0035291,2.102E-4,0.0055803,0.0019552,0.0053569,2.9936E-4,0.014223,0.026107,0.0063794,0.0022382,0.0071642,0.0028731,0.009488,0.0019224,1
1520353364368,true,1589.426,0,0.013903,0.0060554,0.0035151,2.0952E-4,0.0055705,0.0019449,0.0053169,3.0075E-4,0.013988,0.026442,0.0063645,0.0022379,0.0071588,0.00287,0.0094686,0.0019225,1
1520353364425,true,1589.483,0,0.013999,0.0059818,0.0034918,2.0765E-4,0.0055627,0.0019384,0.0052733,2.9921E-4,0.014165,0.026241,0.0063487,0.0022371,0.0071556,0.0028696,0.0094596,0.00192,1
1520353364496,true,1589.554,0,0.014175,0.0061197,0.0034572,2.0775E-4,0.0055458,0.0019368,0.0052423,2.9256E-4,0.014281,0.025996,0.0063371,0.0022353,0.0071456,0.0028651,0.0094578,0.0019133,1
1520353364554,true,1589.612,0,0.014351,0.0061641,0.0034223,2.0617E-4,0.0055436,0.0019307,0.0052141,2.839E-4,0.014036,0.026088,0.0063301,0.0022295,0.0071246,0.002865,0.0094493,0.0019054,1
1520353364611,true,1589.669,0,0.013925,0.0062078,0.0034048,2.0386E-4,0.0055228,0.0019218,0.0051796,2.8055E-4,0.013655,0.02639,0.0063151,0.0022254,0.007096,0.0028686,0.0094383,0.0019016,1
1520353364669,true,1589.727,0,0.013084,0.0059785,0.0033831,2.0509E-4,0.0054846,0.0019221,0.0051584,2.7524E-4,0.013564,0.026464,0.0062993,0.002223,0.0070875,0.0028661,0.0094245,0.0018984,1
1520353364726,true,1589.784,0,0.013005,0.0054884,0.0033679,2.0184E-4,0.0054723,0.0019163,0.0051415,2.6929E-4,0.01359,0.0264,0.0062854,0.0022214,0.00708,0.0028617,0.0094061,0.0019035,1
1520353364796,true,1589.854,0,0.013421,0.0052744,0.0033435,1.9949E-4,0.0054682,0.0019113,0.005121,2.6412E-4,0.014229,0.025671,0.0062707,0.00222,0.0070751,0.0028592,0.009406,0.0018995,1
1520353364854,true,1589.912,0,0.013733,0.0053843,0.0033155,1.9771E-4,0.0054749,0.0019019,0.0051008,2.5875E-4,0.01455,0.025224,0.0062575,0.0022162,0.0070525,0.0028601,0.0094026,0.001897,1
1520353364911,true,1589.969,0,0.014105,0.0056429,0.0032987,1.9687E-4,0.0054504,0.0019001,0.0050794,2.5516E-4,0.014126,0.025531,0.0062624,0.0022089,0.0070389,0.0028596,0.0093948,0.0018923,1
1520353364969,true,1590.027,0,0.013721,0.0057819,0.0032824,1.9642E-4,0.0054119,0.0018956,0.0050584,2.5395E-4,0.01375,0.025876,0.0062558,0.0022058,0.0070212,0.0028579,0.0093793,0.0018922,1
1520353365026,true,1590.084,0,0.01353,0.005587,0.0032747,1.9191E-4,0.0053897,0.0018859,0.0050335,2.5005E-4,0.0135,0.026118,0.0062494,0.0021996,0.0069964,0.0028576,0.0093685,0.0018886,1
1520353365071,true,1590.129,0,0.013829,0.005342,0.0032567,1.9139E-4,0.0053829,0.0018777,0.004999,2.4779E-4,0.013468,0.026116,0.0062333,0.0021994,0.0069805,0.0028553,0.0093567,0.0018842,1
1520353365129,true,1590.187,0,0.014325,0.0054734,0.0032279,1.9354E-4,0.0053713,0.0018711,0.0049608,2.4218E-4,0.013778,0.025689,0.006221,0.0021979,0.0069786,0.0028516,0.0093457,0.0018819,1
1520353365186,true,1590.244,0,0.014465,0.00573,0.0032043,1.9089E-4,0.0053503,0.0018708,0.0049416,2.3465E-4,0.013691,0.025675,0.0062023,0.0021953,0.0069624,0.0028486,0.0093171,0.0018807,1
1520353365244,true,1590.302,0,0.014381,0.0058795,0.0031883,1.8856E-4,0.0053263,0.0018709,0.0049176,2.3367E-4,0.013188,0.026038,0.0061885,0.0021883,0.0069423,0.0028464,0.0093078,0.0018723,1
1520353365301,true,1590.359,0,0.013847,0.0057766,0.0031694,1.8984E-4,0.0052945,0.0018663,0.0048949,2.2797E-4,0.012843,0.026383,0.0061691,0.0021853,0.0069233,0.0028451,0.0092829,0.0018723,1
1520353365371,true,1590.429,0,0.013309,0.0053876,0.0031442,1.9065E-4,0.0052701,0.0018598,0.0048657,2.2326E-4,0.012843,0.026287,0.0061495,0.0021818,0.0068971,0.0028409,0.0092542,0.001877,1
1520353365429,true,1590.487,0,0.013462,0.0052597,0.0031136,1.8924E-4,0.0052474,0.0018613,0.004833,2.1449E-4,0.013219,0.025762,0.0061324,0.0021767,0.0068794,0.0028337,0.0092358,0.0018724,1
1520353365486,true,1590.544,0,0.013789,0.0052111,0.0030687,1.9227E-4,0.0052208,0.001861,0.0047914,2.0985E-4,0.013616,0.02521,0.0061201,0.0021744,0.0068434,0.0028364,0.0092095,0.0018705,1
1520353365544,true,1590.602,0,0.014281,0.0052414,0.0030501,1.9027E-4,0.005203,0.0018599,0.0047745,2.0561E-4,0.013626,0.025134,0.0061114,0.002169,0.006823,0.0028334,0.0091936,0.0018676,1
1520353365601,true,1590.659,0,0.014055,0.0054557,0.0030382,1.9076E-4,0.0051703,0.0018567,0.0047763,2.0083E-4,0.01344,0.025208,0.0061062,0.0021656,0.0068026,0.0028336,0.0091775,0.0018694,1
1520353365646,true,1590.704,0,0.013763,0.0053298,0.0030267,1.9262E-4,0.0051536,0.0018479,0.0047717,1.9509E-4,0.013174,0.025537,0.0060937,0.0021595,0.0067984,0.00283,0.0091481,0.0018726,1
1520353365704,true,1590.762,0,0.01391,0.0051186,0.0030281,1.9117E-4,0.0051439,0.0018416,0.0047481,1.9093E-4,0.013154,0.025449,0.0060842,0.00216,0.006789,0.0028278,0.0091392,0.0018741,1
1520353365761,true,1590.819,0,0.014549,0.0052039,0.0030146,1.9236E-4,0.0051325,0.001842,0.004727,1.8399E-4,0.013498,0.02504,0.0060724,0.0021579,0.0067699,0.0028262,0.0091268,0.0018733,1
1520353365819,true,1590.877,0,0.0148,0.0054791,0.0030076,1.8972E-4,0.0051306,0.001841,0.0047206,1.7694E-4,0.013532,0.02489,0.0060689,0.0021552,0.0067597,0.0028198,0.0091248,0.0018686,1
1520353365876,true,1590.934,0,0.01476,0.0057373,0.0030103,1.911E-4,0.0051071,0.0018411,0.004721,1.7361E-4,0.0129,0.025369,0.0060655,0.0021524,0.0067544,0.0028133,0.0091165,0.0018661,1
1520353365922,true,1590.98,0,0.014273,0.005765,0.0030222,1.8907E-4,0.0050894,0.0018366,0.0047153,1.6959E-4,0.012627,0.025597,0.0060433,0.0021525,0.006751,0.0028091,0.0091095,0.0018622,1
1520353365980,true,1591.038,0,0.013941,0.0053477,0.0030248,1.8683E-4,0.0050885,0.0018311,0.0046999,1.7191E-4,0.012414,0.025931,0.0060291,0.0021505,0.0067527,0.0028007,0.0090938,0.0018579,1
1520353366037,true,1591.095,0,0.014053,0.005041,0.0030203,1.8559E-4,0.0051006,0.0018249,0.0046831,1.7374E-4,0.012781,0.025454,0.0060227,0.0021449,0.0067433,0.0027996,0.0090733,0.001857,1
1520353366095,true,1591.153,0,0.014091,0.0051502,0.0030124,1.844E-4,0.005102,0.0018222,0.0046629,1.6982E-4,0.013347,0.024739,0.0060099,0.0021432,0.006733,0.0027966,0.0090627,0.0018566,1
1520353366152,true,1591.21,0,0.014376,0.0052085,0.003015,1.799E-4,0.0050937,0.0018208,0.0046591,1.6235E-4,0.0134,0.024587,0.0059916,0.0021452,0.0066992,0.0028001,0.0090381,0.0018547,1
1520353366221,true,1591.279,0,0.014271,0.0054162,0.0030102,1.7752E-4,0.0050732,0.0018194,0.0046449,1.597E-4,0.013178,0.024634,0.0059775,0.0021454,0.0066771,0.0028015,0.0090217,0.0018559,1
1520353366279,true,1591.337,0,0.013733,0.0054966,0.0030047,1.8008E-4,0.0050472,0.001815,0.0046326,1.5614E-4,0.013024,0.024818,0.0059587,0.0021469,0.0066574,0.002799,0.0090021,0.0018573,1
1520353366336,true,1591.394,0,0.013812,0.0052907,0.0030218,1.7635E-4,0.0050332,0.0018141,0.0046166,1.5957E-4,0.012902,0.025001,0.005951,0.0021483,0.0066504,0.0027937,0.0089844,0.0018595,1
1520353366394,true,1591.452,0,0.014412,0.0052749,0.0030314,1.7778E-4,0.0050487,0.0018086,0.0045973,1.5855E-4,0.013203,0.024698,0.005946,0.0021459,0.0066564,0.0027894,0.0089735,0.0018622,1
1520353366451,true,1591.509,0,0.014844,0.0055496,0.0030304,1.799E-4,0.0050501,0.0018081,0.0046013,1.5544E-4,0.013481,0.024421,0.0059414,0.0021473,0.0066587,0.0027854,0.0089654,0.0018611,1
1520353366520,true,1591.578,0,0.014877,0.0058417,0.0030458,1.8229E-4,0.0050447,0.0018102,0.0046184,1.5004E-4,0.013281,0.024587,0.0059395,0.002148,0.0066606,0.0027828,0.008981,0.0018525,1
1520353366578,true,1591.636,0,0.014332,0.0060082,0.0030559,1.8588E-4,0.0050324,0.001812,0.0046162,1.5283E-4,0.012953,0.024991,0.0059377,0.0021491,0.0066645,0.0027812,0.0089962,0.0018439,1
1520353366635,true,1591.693,0,0.013687,0.005771,0.0030788,1.8701E-4,0.0050341,0.001812,0.0046285,1.5149E-4,0.012502,0.025505,0.0059376,0.0021488,0.0066661,0.0027816,0.0090015,0.001843,1
1520353366693,true,1591.751,0,0.013658,0.0054324,0.0031015,1.8705E-4,0.0050595,0.0018087,0.0046292,1.502E-4,0.012829,0.025169,0.0059362,0.0021502,0.0066807,0.0027738,0.0090178,0.0018383,1
1520353366750,true,1591.808,0,0.01376,0.005388,0.0031136,1.8827E-4,0.0050706,0.0018089,0.0046414,1.4962E-4,0.013437,0.024645,0.0059248,0.0021524,0.0066804,0.0027736,0.0090278,0.0018375,1
1520353366796,true,1591.854,0,0.014328,0.0053813,0.0031243,1.859E-4,0.0050718,0.0018116,0.0046519,1.4711E-4,0.013852,0.024252,0.0059239,0.0021525,0.0066743,0.0027755,0.0090305,0.0018374,1
1520353366854,true,1591.912,0,0.014258,0.0055238,0.0031443,1.836E-4,0.0050623,0.0018162,0.0046646,1.4766E-4,0.013629,0.024384,0.0059255,0.0021511,0.0066776,0.0027724,0.0090308,0.0018363,1
1520353366911,true,1591.969,0,0.01376,0.0055726,0.0031631,1.8452E-4,0.0050571,0.0018148,0.0046626,1.5116E-4,0.01358,0.024471,0.0059193,0.0021528,0.006677,0.0027721,0.0090282,0.0018375,1
1520353366969,true,1592.027,0,0.013806,0.0052082,0.0031809,1.81E-4,0.0050526,0.0018115,0.0046681,1.5367E-4,0.013425,0.024789,0.005924,0.0021496,0.0066672,0.0027737,0.0090284,0.0018334,1
1520353367026,true,1592.084,0,0.014353,0.0051088,0.0032034,1.7879E-4,0.005052,0.0018102,0.0046647,1.5169E-4,0.013697,0.024497,0.0059289,0.0021458,0.0066595,0.0027721,0.0090176,0.0018361,1
1520353367095,true,1592.153,0,0.014695,0.0053849,0.0032078,1.7841E-4,0.0050569,0.001806,0.0046594,1.4743E-4,0.014,0.024243,0.0059205,0.0021479,0.0066496,0.0027735,0.0090209,0.0018333,1
1520353367153,true,1592.211,0,0.015021,0.0055912,0.0032164,1.7767E-4,0.0050595,0.0018053,0.0046549,1.4956E-4,0.013748,0.024388,0.0059135,0.0021506,0.0066354,0.0027779,0.0090318,0.0018258,1
1520353367210,true,1592.268,0,0.014832,0.0057676,0.0032334,1.7735E-4,0.0050539,0.0018049,0.004656,1.5142E-4,0.013218,0.024873,0.0059171,0.00215,0.0066358,0.0027841,0.0090267,0.001821,1
1520353367268,true,1592.326,0,0.013805,0.0057316,0.0032575,1.7767E-4,0.0050562,0.001801,0.0046693,1.4889E-4,0.013062,0.025131,0.0059204,0.0021541,0.006649,0.0027795,0.0090142,0.0018256,1
1520353367325,true,1592.383,0,0.01358,0.0054351,0.0032788,1.7916E-4,0.0050704,0.0018008,0.0046832,1.4917E-4,0.013083,0.025065,0.0059303,0.0021527,0.0066601,0.0027749,0.0090224,0.0018251,1
1520353367396,true,1592.454,0,0.013833,0.0053266,0.0032953,1.7891E-4,0.0050633,0.0018106,0.0046987,1.4597E-4,0.013598,0.024547,0.0059374,0.0021547,0.0066595,0.0027794,0.0090163,0.00183,1
1520353367454,true,1592.512,0,0.013998,0.0053587,0.0033153,1.7783E-4,0.0050809,0.0018166,0.0047075,1.4745E-4,0.014106,0.024097,0.0059394,0.0021596,0.0066571,0.0027812,0.009024,0.0018336,1
1520353367511,true,1592.569,0,0.014385,0.0053485,0.0033355,1.7572E-4,0.0050849,0.0018191,0.0047232,1.4967E-4,0.014085,0.024108,0.0059391,0.0021612,0.0066568,0.0027865,0.0090475,0.0018269,1
1520353367569,true,1592.627,0,0.0138,0.0054782,0.0033508,1.7473E-4,0.005075,0.0018217,0.0047421,1.5093E-4,0.01385,0.024356,0.0059522,0.0021588,0.0066548,0.0027905,0.0090473,0.0018318,1
1520353367626,true,1592.684,0,0.013359,0.0052172,0.0033673,1.723E-4,0.0050843,0.0018154,0.0047468,1.5204E-4,0.013829,0.024508,0.0059519,0.0021602,0.006655,0.0027968,0.0090532,0.0018312,1
1520353367670,true,1592.728,0,0.013817,0.0050122,0.0033739,1.7352E-4,0.0050904,0.0018111,0.0047464,1.5167E-4,0.01422,0.024179,0.0059501,0.0021616,0.0066625,0.0027957,0.0090297,0.0018388,1
1520353367728,true,1592.786,0,0.014239,0.0051359,0.003384,1.7007E-4,0.0050796,0.0018101,0.0047414,1.4926E-4,0.014597,0.02382,0.0059462,0.0021624,0.0066602,0.0027969,0.0090235,0.0018448,1
1520353367785,true,1592.843,0,0.014521,0.0054526,0.0033922,1.6404E-4,0.0050768,0.0018121,0.0047379,1.5068E-4,0.0146,0.023909,0.0059462,0.0021644,0.0066526,0.0028,0.0090243,0.0018452,1
1520353367843,true,1592.901,0,0.014411,0.0057247,0.0033997,1.6118E-4,0.0050595,0.0018113,0.0047443,1.5006E-4,0.014053,0.024506,0.0059426,0.0021668,0.0066464,0.0028009,0.0090141,0.0018489,1
1520353367900,true,1592.958,0,0.013921,0.0056916,0.0034032,1.6E-4,0.0050452,0.0018088,0.0047501,1.473E-4,0.013716,0.024927,0.0059458,0.0021661,0.0066399,0.0028057,0.008999,0.0018527,1
1520353367946,true,1593.004,0,0.013443,0.0053513,0.0034027,1.602E-4,0.0050356,0.0018078,0.004743,1.4738E-4,0.01369,0.02509,0.0059368,0.0021699,0.0066436,0.0028065,0.0089865,0.0018565,1
1520353368004,true,1593.062,0,0.013406,0.0052098,0.0034075,1.5836E-4,0.0050422,0.0018136,0.0047499,1.4476E-4,0.014102,0.024663,0.0059348,0.0021737,0.0066469,0.0028061,0.0089766,0.0018653,1
1520353368061,true,1593.119,0,0.013413,0.0054031,0.0034078,1.5709E-4,0.0050482,0.0018146,0.0047668,1.3708E-4,0.014493,0.024323,0.0059396,0.0021734,0.006649,0.0028043,0.0089776,0.0018661,1
1520353368119,true,1593.177,0,0.013536,0.005532,0.0034228,1.5141E-4,0.0050671,0.0018132,0.0047842,1.3768E-4,0.014392,0.024276,0.0059484,0.0021752,0.0066533,0.002808,0.0089922,0.0018611,1
1520353368176,true,1593.234,0,0.013201,0.0056622,0.0034316,1.5191E-4,0.0050706,0.0018104,0.0048041,1.4156E-4,0.014224,0.024494,0.0059603,0.002173,0.0066615,0.0028069,0.0089915,0.0018623,1
1520353368245,true,1593.303,0,0.01291,0.0054635,0.0034406,1.5159E-4,0.0050653,0.0018034,0.0048141,1.434E-4,0.014343,0.024491,0.0059625,0.0021756,0.0066645,0.0028094,0.0089789,0.0018703,1
1520353368303,true,1593.361,0,0.013053,0.0051993,0.0034346,1.5158E-4,0.005073,0.0018046,0.0048255,1.4091E-4,0.014391,0.024549,0.0059649,0.0021768,0.0066606,0.0028103,0.0089747,0.0018729,1
1520353368360,true,1593.418,0,0.013795,0.0052779,0.0034313,1.494E-4,0.0050724,0.0018063,0.0048192,1.39E-4,0.014896,0.024105,0.0059694,0.0021779,0.0066624,0.0028079,0.0089698,0.0018761,1
1520353368418,true,1593.476,0,0.014173,0.0055799,0.0034285,1.4809E-4,0.0050823,0.0018025,0.0048199,1.3982E-4,0.014984,0.023997,0.0059753,0.0021792,0.0066392,0.0028152,0.0089686,0.0018769,1
1520353368475,true,1593.533,0,0.01432,0.0058595,0.0034241,1.452E-4,0.0050637,0.0018037,0.0048307,1.3646E-4,0.014553,0.024434,0.0059916,0.0021753,0.0066355,0.0028132,0.0089677,0.0018765,1
1520353368521,true,1593.579,0,0.013712,0.0060259,0.0034188,1.467E-4,0.0050628,0.0017977,0.0048322,1.3269E-4,0.014155,0.024888,0.0059821,0.0021796,0.006636,0.0028144,0.0089607,0.0018822,1
1520353368579,true,1593.637,0,0.013122,0.0058205,0.0034219,1.4194E-4,0.0050535,0.0017966,0.0048363,1.3279E-4,0.013664,0.025466,0.005977,0.002181,0.0066322,0.0028149,0.008949,0.0018875,1
1520353368636,true,1593.694,0,0.013123,0.0055999,0.0033993,1.4217E-4,0.0050496,0.0017956,0.0048158,1.3582E-4,0.013925,0.025142,0.0059626,0.0021822,0.0066255,0.0028118,0.0089403,0.0018915,1
1520353368694,true,1593.752,0,0.013133,0.0056786,0.0033756,1.439E-4,0.00504,0.0017979,0.0048074,1.3596E-4,0.014426,0.024613,0.0059539,0.0021821,0.0066124,0.0028142,0.0089451,0.0018884,1
1520353368751,true,1593.809,0,0.013265,0.005781,0.0033553,1.4652E-4,0.0050356,0.0018012,0.0048023,1.3991E-4,0.014296,0.024591,0.0059472,0.0021862,0.0066043,0.0028152,0.0089505,0.0018856,1
1520353368822,true,1593.88,0,0.012915,0.0060018,0.0033493,1.486E-4,0.00503,0.0018058,0.0048174,1.3996E-4,0.014203,0.024669,0.0059481,0.0021883,0.0066134,0.0028113,0.0089432,0.0018896,1
1520353368880,true,1593.938,0,0.012156,0.005882,0.0033409,1.5132E-4,0.0050216,0.0018059,0.0048327,1.4177E-4,0.014063,0.024811,0.0059437,0.0021938,0.0066199,0.0028104,0.0089542,0.0018888,1
1520353368937,true,1593.995,0,0.012144,0.0056454,0.0033386,1.5265E-4,0.0050274,0.0018064,0.0048399,1.4609E-4,0.014192,0.024762,0.0059431,0.0021933,0.0066249,0.0028075,0.0089388,0.0018976,1
1520353368995,true,1594.053,0,0.012798,0.0055335,0.0033208,1.553E-4,0.0050464,0.001803,0.0048445,1.4625E-4,0.014614,0.024338,0.0059477,0.0021954,0.0066306,0.0028016,0.0089467,0.0018975,1
1520353369052,true,1594.11,0,0.013222,0.0058855,0.0033121,1.5764E-4,0.0050481,0.0018089,0.0048488,1.4567E-4,0.015031,0.02406,0.0059544,0.0021971,0.0066404,0.0028014,0.0089496,0.0018984,1
1520353369122,true,1594.18,0,0.013602,0.0060696,0.003314,1.5577E-4,0.0050466,0.001809,0.0048574,1.4436E-4,0.014811,0.024302,0.0059654,0.002196,0.0066445,0.0027987,0.0089571,0.0018933,1
1520353369180,true,1594.238,0,0.013058,0.0063696,0.0033136,1.5876E-4,0.0050397,0.001809,0.0048673,1.4504E-4,0.014313,0.024842,0.0059637,0.002198,0.0066433,0.0027967,0.0089745,0.0018919,1
1520353369237,true,1594.295,0,0.012457,0.006237,0.0033037,1.6184E-4,0.0050289,0.0018068,0.0048701,1.5133E-4,0.01412,0.025114,0.0059609,0.0022021,0.00665,0.0027951,0.0089743,0.0018927,1
1520353369295,true,1594.353,0,0.01236,0.0059402,0.0032962,1.6415E-4,0.0050378,0.0018056,0.0048663,1.5362E-4,0.01411,0.025117,0.005948,0.0022056,0.0066463,0.002795,0.0089726,0.0018938,1
1520353369352,true,1594.41,0,0.012579,0.0059617,0.0032765,1.647E-4,0.0050452,0.001808,0.0048561,1.5414E-4,0.014538,0.024658,0.0059379,0.0022103,0.0066391,0.0027949,0.0089774,0.0018922,1
1520353369397,true,1594.455,0,0.012551,0.006069,0.0032677,1.6296E-4,0.0050398,0.0018149,0.0048561,1.5504E-4,0.014597,0.024487,0.0059347,0.0022113,0.0066202,0.0027977,0.0089956,0.0018834,1
1520353369455,true,1594.513,0,0.012648,0.0061158,0.0032599,1.6146E-4,0.0050286,0.001819,0.0048613,1.5878E-4,0.01434,0.024712,0.0059415,0.0022073,0.0066207,0.0027984,0.0090002,0.0018771,1
1520353369512,true,1594.57,0,0.012177,0.0061657,0.0032449,1.6715E-4,0.0050111,0.0018204,0.0048472,1.6585E-4,0.014382,0.024639,0.0059288,0.0022112,0.0066143,0.0027993,0.0089943,0.0018797,1
1520353369570,true,1594.628,0,0.011813,0.0059183,0.0032384,1.6656E-4,0.0049972,0.0018234,0.0048358,1.7728E-4,0.014384,0.024746,0.0059284,0.0022119,0.0066254,0.0027911,0.0089966,0.0018821,1
1520353369627,true,1594.685,0,0.012556,0.005666,0.0032365,1.6787E-4,0.0050002,0.001826,0.004837,1.7992E-4,0.014852,0.024243,0.0059365,0.0022115,0.0066322,0.0027907,0.0090097,0.0018826,1
1520353369697,true,1594.755,0,0.01284,0.0059364,0.0032354,1.7007E-4,0.0050107,0.0018253,0.0048333,1.882E-4,0.015347,0.023654,0.0059335,0.0022155,0.0066391,0.0027887,0.0090211,0.0018815,1
1520353369755,true,1594.813,0,0.013422,0.0061882,0.0032385,1.715E-4,0.0050141,0.0018295,0.00485,1.8781E-4,0.015205,0.023748,0.0059404,0.0022152,0.0066448,0.0027902,0.0090278,0.0018781,1
1520353369812,true,1594.87,0,0.013346,0.0064739,0.0032461,1.7382E-4,0.005008,0.001832,0.0048543,1.9193E-4,0.01465,0.024379,0.0059498,0.0022144,0.0066363,0.0027937,0.0090417,0.0018745,1
1520353369870,true,1594.928,0,0.012815,0.0063225,0.0032546,1.7586E-4,0.0049991,0.0018368,0.0048567,1.9719E-4,0.014184,0.024883,0.0059536,0.0022162,0.0066388,0.0027965,0.0090394,0.0018738,1
1520353369927,true,1594.985,0,0.012954,0.0059546,0.0032617,1.7719E-4,0.005013,0.0018389,0.0048623,2.0297E-4,0.013955,0.025151,0.0059588,0.0022167,0.0066477,0.0027971,0.0090406,0.0018783,1
1520353369972,true,1595.03,0,0.013127,0.0059948,0.0032598,1.8042E-4,0.0050252,0.0018435,0.0048697,2.0413E-4,0.014189,0.024968,0.0059577,0.0022194,0.0066496,0.0027978,0.0090537,0.0018746,1
1520353370030,true,1595.088,0,0.013108,0.0061377,0.0032469,1.8069E-4,0.0050294,0.0018465,0.0048694,2.0561E-4,0.014432,0.024657,0.0059622,0.0022196,0.0066443,0.0027983,0.0090585,0.0018762,1
1520353370087,true,1595.145,0,0.013092,0.0062185,0.0032478,1.7819E-4,0.0050286,0.0018468,0.0048742,2.0984E-4,0.014204,0.024823,0.0059713,0.0022178,0.0066384,0.0028033,0.009077,0.0018708,1
1520353370145,true,1595.203,0,0.012348,0.0062371,0.0032423,1.7816E-4,0.005019,0.0018516,0.0048793,2.149E-4,0.01404,0.025034,0.0059784,0.0022161,0.0066458,0.0028033,0.0090872,0.0018715,1
1520353370202,true,1595.26,0,0.012061,0.0059358,0.003241,1.7867E-4,0.0050019,0.0018555,0.0048772,2.1863E-4,0.013965,0.025246,0.0059719,0.0022177,0.0066401,0.0028096,0.0090707,0.0018814,1
1520353370271,true,1595.329,0,0.012381,0.0056218,0.0032291,1.8123E-4,0.0050026,0.0018556,0.0048605,2.2681E-4,0.01441,0.024885,0.0059674,0.0022169,0.0066408,0.0028048,0.0090702,0.0018823,1
1520353370329,true,1595.387,0,0.012967,0.0056977,0.0032073,1.867E-4,0.0049992,0.0018577,0.0048445,2.3169E-4,0.014819,0.02445,0.0059641,0.0022175,0.0066344,0.0028082,0.0090606,0.0018854,1
1520353370386,true,1595.444,0,0.013147,0.0060397,0.003204,1.8802E-4,0.0049941,0.0018616,0.0048432,2.3719E-4,0.01483,0.024484,0.0059738,0.002216,0.0066289,0.0028133,0.0090663,0.0018829,1
1520353370444,true,1595.502,0,0.013384,0.0063293,0.003211,1.8982E-4,0.0049973,0.0018618,0.0048436,2.4468E-4,0.014462,0.024914,0.0059816,0.002215,0.0066253,0.0028162,0.0090716,0.0018838,1
1520353370501,true,1595.559,0,0.012736,0.006427,0.0032205,1.8966E-4,0.0049843,0.0018642,0.0048466,2.5165E-4,0.014191,0.025297,0.0059915,0.0022109,0.0066138,0.0028234,0.0090726,0.0018851,1
1520353370547,true,1595.605,0,0.012298,0.0061926,0.0032284,1.9171E-4,0.0049937,0.0018635,0.0048515,2.5255E-4,0.013943,0.025678,0.0060008,0.002208,0.0066183,0.0028234,0.0090759,0.0018894,1
1520353370605,true,1595.663,0,0.012883,0.0058833,0.0032316,1.9189E-4,0.0050154,0.0018655,0.0048441,2.5629E-4,0.014081,0.025485,0.0060049,0.002209,0.0066225,0.0028258,0.0090863,0.0018888,1
1520353370662,true,1595.72,0,0.012781,0.0061264,0.0032278,1.9335E-4,0.0050187,0.0018737,0.0048481,2.5452E-4,0.014471,0.02509,0.0060148,0.0022082,0.0066219,0.0028279,0.009085,0.0018917,1
1520353370720,true,1595.778,0,0.012723,0.0062327,0.0032377,1.9195E-4,0.0050276,0.0018756,0.004863,2.5518E-4,0.014361,0.025201,0.0060128,0.0022102,0.0066159,0.0028324,0.0090946,0.0018895,1
1520353370777,true,1595.835,0,0.012107,0.0063074,0.0032354,1.9455E-4,0.0050182,0.0018759,0.0048641,2.5703E-4,0.014257,0.025235,0.0060057,0.002214,0.006611,0.002836,0.0090902,0.0018922,1
1520353370846,true,1595.904,0,0.011339,0.0060965,0.0032335,1.9655E-4,0.0050073,0.0018741,0.0048627,2.6325E-4,0.014258,0.025394,0.0060018,0.0022137,0.0066102,0.0028376,0.0090904,0.0018942,1
1520353370904,true,1595.962,0,0.011411,0.0056922,0.0032157,1.9995E-4,0.0050035,0.0018747,0.0048521,2.7108E-4,0.014512,0.025185,0.0059935,0.0022135,0.0066134,0.0028367,0.0090786,0.0018974,1
1520353370961,true,1596.019,0,0.012104,0.0056777,0.0032032,2.0353E-4,0.0049952,0.0018799,0.0048392,2.7257E-4,0.014998,0.024741,0.0059893,0.0022138,0.006607,0.002843,0.0090773,0.0019,1
1520353371019,true,1596.077,0,0.012606,0.005834,0.0031916,2.0328E-4,0.0049997,0.0018792,0.0048333,2.683E-4,0.015126,0.024531,0.0059875,0.0022136,0.0065948,0.002845,0.0090711,0.0019041,1
1520353371076,true,1596.134,0,0.012749,0.0060833,0.003189,2.0268E-4,0.0049804,0.0018831,0.0048278,2.7182E-4,0.014953,0.024652,0.0059842,0.0022136,0.0065892,0.0028465,0.0090598,0.0019077,1
1520353371122,true,1596.18,0,0.012038,0.0063045,0.0031831,2.0223E-4,0.0049527,0.0018855,0.0048115,2.7777E-4,0.014603,0.025066,0.0059708,0.0022172,0.0065746,0.0028521,0.0090456,0.001911,1
1520353371180,true,1596.238,0,0.011618,0.0060808,0.0031755,2.067E-4,0.0049368,0.0018831,0.0048087,2.768E-4,0.014342,0.025465,0.0059592,0.0022184,0.0065735,0.002853,0.0090428,0.0019115,1
1520353371237,true,1596.295,0,0.012074,0.0058248,0.0031634,2.1111E-4,0.0049418,0.0018855,0.0047929,2.7789E-4,0.014505,0.025203,0.0059569,0.00222,0.0065776,0.0028484,0.0090443,0.00191,1
1520353371295,true,1596.353,0,0.01227,0.0058493,0.0031496,2.1067E-4,0.0049314,0.001891,0.0047961,2.7118E-4,0.014792,0.024814,0.0059534,0.0022218,0.0065812,0.0028499,0.0090396,0.0019135,1
1520353371352,true,1596.41,0,0.012278,0.0059487,0.0031361,2.1318E-4,0.0049318,0.0018968,0.004786,2.7632E-4,0.014597,0.024954,0.0059487,0.0022229,0.0065704,0.002857,0.0090447,0.0019126,1
1520353371397,true,1596.455,0,0.01198,0.0060442,0.0031366,2.1292E-4,0.0049197,0.001905,0.0047915,2.7657E-4,0.014393,0.025082,0.0059479,0.0022248,0.0065742,0.0028558,0.00905,0.0019121,1
1520353371455,true,1596.513,0,0.011439,0.0058162,0.0031316,2.1268E-4,0.0049128,0.001903,0.0047923,2.7913E-4,0.014074,0.025382,0.0059384,0.0022278,0.0065712,0.0028577,0.0090337,0.0019177,1
1520353371512,true,1596.57,0,0.011099,0.0053782,0.0031166,2.1733E-4,0.0049185,0.0018984,0.0047891,2.7874E-4,0.01435,0.025252,0.0059285,0.0022305,0.0065708,0.0028561,0.0090264,0.0019184,1
1520353371570,true,1596.628,0,0.011367,0.0052573,0.0031047,2.1677E-4,0.0049093,0.0019021,0.0047701,2.8067E-4,0.014934,0.024615,0.0059174,0.002232,0.0065643,0.0028534,0.0090292,0.0019169,1
1520353371627,true,1596.685,0,0.011901,0.0054348,0.0030926,2.1615E-4,0.0048909,0.0019041,0.0047513,2.799E-4,0.015337,0.024163,0.0059118,0.002233,0.0065503,0.0028532,0.0090207,0.0019178,1
1520353371697,true,1596.755,0,0.012262,0.0056286,0.003078,2.1384E-4,0.0048727,0.0019093,0.0047472,2.7965E-4,0.015077,0.024434,0.0059064,0.0022345,0.0065278,0.0028573,0.0090194,0.0019134,1
1520353371755,true,1596.813,0,0.011968,0.0058833,0.0030626,2.1491E-4,0.0048542,0.0019101,0.0047329,2.815E-4,0.014789,0.02473,0.0059065,0.0022308,0.006509,0.0028585,0.0090063,0.0019151,1
1520353371812,true,1596.87,0,0.011333,0.0057353,0.0030418,2.176E-4,0.004839,0.0019033,0.0047126,2.8092E-4,0.014497,0.025103,0.0058927,0.0022292,0.0064947,0.00286,0.0089941,0.0019143,1
1520353371870,true,1596.928,0,0.011527,0.005372,0.0030193,2.2163E-4,0.0048255,0.0019066,0.0046875,2.8321E-4,0.014423,0.025116,0.0058801,0.0022299,0.0064924,0.0028575,0.008978,0.0019163,1
1520353371927,true,1596.985,0,0.011514,0.0054974,0.0029991,2.2301E-4,0.0048245,0.0019115,0.0046715,2.8223E-4,0.014719,0.02471,0.0058719,0.0022326,0.0064824,0.0028576,0.008972,0.0019215,1
1520353371998,true,1597.056,0,0.011738,0.0056391,0.0029794,2.2349E-4,0.0048192,0.0019189,0.004668,2.7815E-4,0.01471,0.024597,0.0058689,0.0022321,0.0064684,0.00286,0.008978,0.0019121,1
1520353372056,true,1597.114,0,0.011736,0.0056692,0.0029643,2.248E-4,0.0048026,0.0019242,0.0046725,2.7764E-4,0.014283,0.024968,0.0058553,0.002234,0.0064608,0.0028604,0.0089781,0.0019089,1
1520353372113,true,1597.171,0,0.011105,0.0056158,0.0029556,2.2428E-4,0.0047827,0.0019285,0.0046648,2.8101E-4,0.013884,0.025395,0.0058537,0.0022313,0.0064562,0.0028644,0.0089648,0.0019124,1
1520353372171,true,1597.229,0,0.010576,0.00528,0.0029484,2.2535E-4,0.0047746,0.0019302,0.0046633,2.7889E-4,0.013834,0.025473,0.0058509,0.002234,0.0064575,0.0028637,0.0089576,0.0019159,1
1520353372228,true,1597.286,0,0.011059,0.0049564,0.0029234,2.2966E-4,0.0047739,0.0019347,0.0046496,2.7915E-4,0.014176,0.025085,0.0058538,0.0022333,0.006455,0.0028582,0.0089464,0.0019202,1
1520353372272,true,1597.33,0,0.011457,0.0050808,0.0029168,2.2369E-4,0.004766,0.0019377,0.0046465,2.762E-4,0.014784,0.024521,0.0058426,0.0022328,0.006442,0.0028573,0.0089367,0.0019218,1
1520353372330,true,1597.388,0,0.01178,0.0053222,0.002909,2.2003E-4,0.0047554,0.0019418,0.0046421,2.7346E-4,0.014709,0.024544,0.00585,0.0022288,0.0064295,0.0028576,0.008934,0.0019202,1
1520353372387,true,1597.445,0,0.011945,0.0055294,0.0029054,2.1749E-4,0.0047281,0.0019484,0.0046406,2.7002E-4,0.014195,0.024946,0.0058413,0.0022292,0.0064234,0.002856,0.0089316,0.0019181,1
1520353372445,true,1597.503,0,0.01129,0.0055532,0.0028853,2.2205E-4,0.0047046,0.0019474,0.0046292,2.6943E-4,0.013789,0.02542,0.0058394,0.0022281,0.0064169,0.0028556,0.0089102,0.0019223,1
1520353372502,true,1597.56,0,0.011084,0.0052954,0.0028751,2.2383E-4,0.0046977,0.0019437,0.004595,2.7427E-4,0.013712,0.025439,0.0058249,0.002228,0.0064149,0.0028483,0.0088892,0.0019285,1
1520353372573,true,1597.631,0,0.011606,0.005228,0.0028486,2.2698E-4,0.0046872,0.0019476,0.0045648,2.734E-4,0.014148,0.024944,0.0058159,0.0022255,0.0064022,0.0028476,0.0088769,0.0019273,1
1520353372631,true,1597.689,0,0.011919,0.0054057,0.0028242,2.2682E-4,0.0046657,0.0019543,0.0045465,2.6977E-4,0.014321,0.024617,0.0058131,0.0022222,0.0063924,0.0028439,0.008866,0.001928,1
1520353372688,true,1597.746,0,0.012048,0.0054939,0.0028082,2.2773E-4,0.0046563,0.0019607,0.0045257,2.6929E-4,0.014106,0.024749,0.0058121,0.0022183,0.0063762,0.0028497,0.0088657,0.0019232,1
1520353372746,true,1597.804,0,0.011498,0.0055216,0.0028,2.2879E-4,0.0046473,0.001965,0.0045231,2.7124E-4,0.013741,0.025115,0.0058165,0.0022151,0.0063778,0.0028499,0.008869,0.0019185,1
1520353372803,true,1597.861,0,0.010836,0.0052763,0.0027878,2.3144E-4,0.0046486,0.0019647,0.0045276,2.7138E-4,0.013787,0.025171,0.0058161,0.0022146,0.0063802,0.0028485,0.0088587,0.0019196,1
1520353372847,true,1597.905,0,0.011029,0.0048993,0.0027895,2.2895E-4,0.004665,0.001959,0.0045241,2.7161E-4,0.014043,0.024872,0.0058069,0.0022168,0.006376,0.0028473,0.0088405,0.0019271,1
1520353372905,true,1597.963,0,0.011472,0.0049515,0.0027854,2.2643E-4,0.0046755,0.001958,0.004524,2.6843E-4,0.014707,0.024167,0.0058098,0.0022158,0.0063828,0.0028435,0.0088517,0.0019243,1
1520353372962,true,1598.02,0,0.011865,0.0051093,0.002787,2.2426E-4,0.0046773,0.0019609,0.0045265,2.6668E-4,0.014763,0.02407,0.0058203,0.0022139,0.0063848,0.0028438,0.0088607,0.0019187,1
1520353373020,true,1598.078,0,0.011985,0.0053936,0.0027962,2.2489E-4,0.0046642,0.0019639,0.0045359,2.6669E-4,0.014524,0.024293,0.0058335,0.0022085,0.0063863,0.0028411,0.0088721,0.0019149,1
1520353373077,true,1598.135,0,0.011681,0.005432,0.0027977,2.2638E-4,0.0046681,0.0019571,0.0045499,2.6639E-4,0.014293,0.024587,0.0058389,0.0022055,0.0063861,0.0028445,0.0088626,0.001917,1
1520353373148,true,1598.206,0,0.011407,0.0052541,0.0027917,2.2943E-4,0.0046781,0.0019541,0.0045483,2.6748E-4,0.01412,0.024877,0.005842,0.0022035,0.0063924,0.0028412,0.0088656,0.0019177,1
1520353373206,true,1598.264,0,0.011858,0.0051135,0.0027898,2.3064E-4,0.0046809,0.0019569,0.0045415,2.6416E-4,0.014407,0.024543,0.0058417,0.0022024,0.0063914,0.00284,0.008863,0.0019171,1
1520353373263,true,1598.321,0,0.01192,0.0053565,0.00278,2.3157E-4,0.0047061,0.0019521,0.0045401,2.6006E-4,0.014687,0.024128,0.0058392,0.0022037,0.0063916,0.002839,0.0088679,0.001912,1
1520353373321,true,1598.379,0,0.011967,0.005468,0.0027812,2.2657E-4,0.0047053,0.0019538,0.0045456,2.5753E-4,0.01442,0.024222,0.0058434,0.0022041,0.0063922,0.0028396,0.0088632,0.0019122,1
1520353373378,true,1598.436,0,0.011592,0.0055191,0.0027762,2.2699E-4,0.0046978,0.0019557,0.0045469,2.5603E-4,0.01412,0.024441,0.0058444,0.0022032,0.0063818,0.0028426,0.0088678,0.0019115,1
1520353373422,true,1598.48,0,0.010813,0.00535,0.0027703,2.3007E-4,0.0046921,0.0019528,0.0045439,2.5952E-4,0.013992,0.024551,0.0058406,0.002205,0.0063833,0.002846,0.008853,0.0019154,1
1520353373480,true,1598.538,0,0.010852,0.0049012,0.0027691,2.3398E-4,0.0047102,0.0019518,0.0045535,2.6127E-4,0.014177,0.024383,0.0058416,0.0022072,0.0063906,0.0028452,0.0088494,0.0019172,1
1520353373537,true,1598.595,0,0.011214,0.0048249,0.0027703,2.361E-4,0.0047299,0.0019517,0.0045485,2.6193E-4,0.014653,0.023896,0.0058534,0.002205,0.0064088,0.0028431,0.0088521,0.0019162,1
1520353373595,true,1598.653,0,0.011491,0.0050694,0.002772,2.3671E-4,0.0047532,0.0019516,0.0045649,2.6176E-4,0.015167,0.023434,0.0058715,0.0022023,0.0064267,0.0028415,0.0088598,0.0019185,1
1520353373652,true,1598.71,0,0.01213,0.0051855,0.0027823,2.3512E-4,0.004756,0.0019523,0.0045804,2.6316E-4,0.014974,0.023756,0.0058759,0.0022077,0.0064275,0.0028454,0.0088761,0.0019139,1
1520353373723,true,1598.781,0,0.011873,0.0053965,0.0027888,2.3942E-4,0.0047569,0.0019487,0.0046012,2.6379E-4,0.014693,0.024049,0.0058864,0.0022101,0.0064412,0.0028479,0.0088851,0.0019168,1
1520353373781,true,1598.839,0,0.011683,0.0052505,0.0028033,2.4136E-4,0.0047638,0.0019464,0.0046199,2.639E-4,0.014234,0.024573,0.0058963,0.002211,0.0064658,0.0028452,0.0088926,0.0019154,1
1520353373838,true,1598.896,0,0.012039,0.0049956,0.0028058,2.4668E-4,0.0047795,0.0019477,0.0046284,2.6174E-4,0.01436,0.02438,0.0059072,0.002211,0.0064964,0.002835,0.0089065,0.0019109,1
1520353373896,true,1598.954,0,0.012262,0.0052308,0.0028097,2.4975E-4,0.0047974,0.0019514,0.0046361,2.5616E-4,0.014598,0.024108,0.0059128,0.0022134,0.0065022,0.0028385,0.0089207,0.0019152,1
1520353373953,true,1599.011,0,0.012773,0.0053727,0.0028216,2.4908E-4,0.0048222,0.0019516,0.0046421,2.601E-4,0.014216,0.024383,0.0059162,0.0022133,0.0065103,0.0028448,0.0089505,0.0019069,1
1520353373999,true,1599.057,0,0.012536,0.0055684,0.0028414,2.5026E-4,0.0048229,0.0019589,0.0046485,2.6318E-4,0.013973,0.024659,0.0059344,0.0022118,0.0065122,0.0028482,0.0089657,0.0019022,1
1520353374057,true,1599.115,0,0.011605,0.0055735,0.0028401,2.5505E-4,0.0048221,0.0019549,0.0046553,2.6776E-4,0.013768,0.024893,0.0059374,0.0022124,0.0065246,0.0028502,0.0089718,0.0018996,1
1520353374114,true,1599.172,0,0.011169,0.0051862,0.0028413,2.5651E-4,0.0048343,0.0019519,0.0046734,2.6443E-4,0.013882,0.024891,0.005934,0.0022159,0.0065456,0.0028489,0.008965,0.0019073,1
1520353374172,true,1599.23,0,0.011595,0.0050182,0.0028281,2.6144E-4,0.0048429,0.0019534,0.0046826,2.5837E-4,0.014458,0.024261,0.0059403,0.0022152,0.006547,0.0028512,0.0089782,0.0019089,1
1520353374229,true,1599.287,0,0.012005,0.005101,0.0028248,2.6234E-4,0.0048351,0.0019596,0.0046683,2.6485E-4,0.015,0.0237,0.0059488,0.0022205,0.0065488,0.0028555,0.00898,0.0019157,1
1520353374298,true,1599.356,0,0.012279,0.0052501,0.0028308,2.6678E-4,0.004844,0.0019659,0.0046914,2.6553E-4,0.014748,0.02386,0.0059604,0.0022234,0.0065519,0.0028621,0.0090029,0.0019154,1
1520353374356,true,1599.414,0,0.012083,0.0055416,0.0028397,2.7038E-4,0.0048552,0.0019609,0.004695,2.6746E-4,0.014729,0.023936,0.0059775,0.002223,0.0065578,0.0028704,0.0090083,0.0019163,1
1520353374413,true,1599.471,0,0.011922,0.0053571,0.0028466,2.7275E-4,0.0048672,0.0019588,0.0047066,2.7163E-4,0.014649,0.024204,0.0059855,0.0022262,0.0065799,0.002869,0.0090113,0.0019232,1
1520353374471,true,1599.529,0,0.01219,0.0051477,0.0028609,2.7695E-4,0.0048883,0.0019565,0.0047055,2.7325E-4,0.014648,0.024256,0.0059954,0.0022298,0.0066079,0.002864,0.0090347,0.0019179,1
1520353374528,true,1599.586,0,0.012755,0.005297,0.0028727,2.7808E-4,0.0049042,0.0019568,0.0047001,2.7417E-4,0.014924,0.024069,0.0060142,0.0022304,0.006637,0.0028599,0.0090566,0.0019123,1
1520353374598,true,1599.656,0,0.012885,0.0055667,0.0028833,2.7702E-4,0.0049114,0.0019628,0.0047085,2.7648E-4,0.014987,0.024015,0.0060272,0.0022313,0.0066472,0.0028619,0.0090679,0.0019128,1
1520353374656,true,1599.714,0,0.012872,0.0057574,0.0029042,2.7722E-4,0.0049035,0.0019677,0.0047247,2.7707E-4,0.014598,0.024367,0.0060369,0.0022337,0.0066578,0.0028673,0.0090983,0.0019053,1
1520353374713,true,1599.771,0,0.012156,0.0058051,0.0029163,2.7731E-4,0.0048975,0.0019669,0.0047248,2.8357E-4,0.014211,0.02479,0.0060455,0.0022335,0.0066659,0.0028679,0.0091071,0.0019082,1
1520353374771,true,1599.829,0,0.011814,0.0054167,0.0029118,2.8109E-4,0.0048972,0.0019691,0.0047246,2.859E-4,0.01395,0.025147,0.006051,0.0022366,0.0066793,0.0028685,0.0091161,0.0019094,1
1520353374828,true,1599.886,0,0.012154,0.0050815,0.0029202,2.7951E-4,0.0049001,0.0019696,0.0047205,2.8344E-4,0.01449,0.024567,0.0060466,0.0022407,0.0066992,0.0028641,0.0091236,0.0019131,1
1520353374873,true,1599.931,0,0.012627,0.0051369,0.0029187,2.7945E-4,0.0049078,0.0019646,0.0047132,2.8497E-4,0.015106,0.023958,0.0060607,0.00224,0.0067036,0.002869,0.0091201,0.0019122,1
1520353374931,true,1599.989,0,0.012919,0.0053459,0.0029137,2.7645E-4,0.004895,0.0019644,0.0047036,2.8983E-4,0.01509,0.02399,0.0060637,0.0022394,0.0067011,0.002877,0.0091322,0.0019123,1
1520353374988,true,1600.046,0,0.012654,0.0057764,0.0029106,2.7771E-4,0.0048811,0.0019641,0.0047005,2.9261E-4,0.014808,0.024286,0.0060722,0.0022356,0.0066869,0.0028857,0.0091144,0.0019198,1
1520353375046,true,1600.104,0,0.012352,0.0056732,0.0029183,2.7576E-4,0.0048598,0.0019637,0.0046941,2.9614E-4,0.014648,0.024557,0.0060835,0.0022353,0.0066852,0.0028887,0.0091127,0.0019222,1
1520353375103,true,1600.161,0,0.012445,0.0053879,0.0029237,2.7837E-4,0.0048683,0.0019585,0.0046947,2.9713E-4,0.0147,0.02465,0.0060927,0.0022332,0.0067,0.0028884,0.0091074,0.0019275,1
1520353375148,true,1600.206,0,0.013115,0.0052686,0.0029289,2.7622E-4,0.0048805,0.00196,0.0046858,2.9753E-4,0.014949,0.024348,0.0060924,0.002235,0.0067014,0.0028877,0.0091188,0.0019309,1
1520353375206,true,1600.264,0,0.013344,0.0056407,0.0029281,2.7758E-4,0.0048817,0.0019617,0.0046893,2.9444E-4,0.015031,0.024243,0.0061012,0.0022353,0.0067025,0.0028903,0.0091186,0.0019304,1
1520353375263,true,1600.321,0,0.013802,0.0057249,0.0029388,2.7655E-4,0.0048842,0.0019635,0.0046722,3.0165E-4,0.014445,0.024834,0.0061151,0.002235,0.0066964,0.0028967,0.0091299,0.0019256,1
1520353375321,true,1600.379,0,0.013339,0.0058626,0.0029502,2.7466E-4,0.004873,0.0019644,0.0046723,3.0433E-4,0.014176,0.025064,0.0061253,0.0022343,0.0066979,0.0028986,0.0091399,0.0019218,1
1520353375378,true,1600.436,0,0.01278,0.0055947,0.0029573,2.7324E-4,0.0048703,0.0019634,0.0046548,3.1356E-4,0.013952,0.025349,0.0061315,0.0022325,0.0067109,0.0028989,0.0091371,0.0019258,1
1520353375448,true,1600.506,0,0.012949,0.0051917,0.0029622,2.693E-4,0.0048834,0.0019591,0.0046465,3.1374E-4,0.014294,0.025003,0.0061395,0.0022307,0.0067165,0.0028956,0.0091368,0.0019271,1
1520353375506,true,1600.564,0,0.013526,0.0051838,0.002945,2.7134E-4,0.0048854,0.0019568,0.0046227,3.191E-4,0.014813,0.024454,0.0061337,0.0022328,0.0067032,0.0028987,0.0091401,0.0019266,1
1520353375563,true,1600.621,0,0.013954,0.0052762,0.0029399,2.6759E-4,0.004886,0.0019583,0.0046166,3.2019E-4,0.014898,0.024212,0.0061359,0.0022308,0.0066957,0.0029039,0.0091366,0.0019246,1
1520353375621,true,1600.679,0,0.013972,0.0054501,0.0029452,2.6193E-4,0.0048718,0.0019554,0.0046105,3.2203E-4,0.014598,0.024389,0.0061305,0.0022307,0.0066803,0.0029081,0.0091314,0.0019239,1
1520353375678,true,1600.736,0,0.013507,0.0054641,0.0029415,2.6024E-4,0.0048625,0.0019468,0.004601,3.2358E-4,0.014487,0.024493,0.006127,0.0022265,0.0066704,0.00291,0.0091118,0.0019282,1
1520353375749,true,1600.807,0,0.013345,0.0051778,0.002939,2.5869E-4,0.0048478,0.0019431,0.0045732,3.2789E-4,0.014384,0.024727,0.0061189,0.0022248,0.0066566,0.0029108,0.0090868,0.0019354,1
1520353375807,true,1600.865,0,0.013739,0.0052028,0.0029249,2.6312E-4,0.0048391,0.0019457,0.0045469,3.2968E-4,0.014582,0.024523,0.006121,0.0022229,0.0066597,0.0029073,0.0090694,0.0019427,1
1520353375864,true,1600.922,0,0.014084,0.005514,0.0029221,2.6142E-4,0.0048402,0.0019466,0.0045432,3.2551E-4,0.01484,0.024257,0.0061258,0.0022212,0.0066501,0.0029058,0.009073,0.0019449,1
1520353375922,true,1600.98,0,0.014504,0.0056921,0.0029257,2.6206E-4,0.0048377,0.0019512,0.0045462,3.2481E-4,0.01441,0.024621,0.0061267,0.002222,0.0066402,0.0029089,0.0090862,0.0019394,1
1520353375979,true,1601.037,0,0.014181,0.005854,0.0029278,2.6149E-4,0.004826,0.0019543,0.0045504,3.257E-4,0.013797,0.025122,0.006122,0.0022222,0.0066317,0.002911,0.0090893,0.0019374,1
1520353376023,true,1601.081,0,0.01357,0.0055835,0.002941,2.6141E-4,0.0048205,0.0019541,0.0045626,3.2276E-4,0.013489,0.025423,0.0061184,0.002223,0.0066389,0.0029106,0.0090907,0.0019394,1
1520353376081,true,1601.139,0,0.013192,0.0052354,0.002945,2.5942E-4,0.0048412,0.0019484,0.0045518,3.283E-4,0.013615,0.025168,0.0061142,0.0022259,0.0066441,0.0029099,0.0090936,0.0019373,1
1520353376138,true,1601.196,0,0.013539,0.0051076,0.00294,2.5822E-4,0.0048383,0.0019533,0.0045433,3.2963E-4,0.014357,0.024431,0.0061124,0.0022266,0.0066381,0.002913,0.009095,0.0019368,1
1520353376196,true,1601.254,0,0.013774,0.0052005,0.0029265,2.592E-4,0.0048415,0.0019552,0.0045394,3.3111E-4,0.014512,0.024143,0.0061175,0.0022251,0.0066308,0.0029165,0.0091076,0.0019348,1
1520353376253,true,1601.311,0,0.013937,0.0054174,0.00292,2.5853E-4,0.004827,0.0019562,0.004544,3.3079E-4,0.014419,0.024212,0.0061164,0.0022247,0.0066142,0.0029173,0.0091005,0.0019353,1
1520353376299,true,1601.357,0,0.01365,0.0054376,0.0029167,2.5958E-4,0.0047947,0.0019603,0.0045465,3.3373E-4,0.014311,0.024288,0.006115,0.0022227,0.0066045,0.0029213,0.0090864,0.0019397,1
1520353376357,true,1601.415,0,0.013403,0.005145,0.0029196,2.5529E-4,0.0047822,0.0019579,0.0045366,3.3428E-4,0.014142,0.02456,0.0061171,0.0022204,0.0066091,0.0029173,0.0090671,0.0019413,1
1520353376414,true,1601.472,0,0.013714,0.0049679,0.0029001,2.5749E-4,0.0047741,0.0019534,0.0045216,3.3293E-4,0.014365,0.024283,0.0061093,0.00222,0.0066057,0.0029126,0.0090508,0.0019428,1
1520353376472,true,1601.53,0,0.014212,0.0051134,0.0028804,2.5758E-4,0.0047821,0.0019484,0.0045046,3.3061E-4,0.014647,0.023905,0.0060992,0.002219,0.0066024,0.0029111,0.0090496,0.0019442,1
1520353376529,true,1601.587,0,0.01458,0.0052878,0.0028651,2.589E-4,0.0047665,0.0019535,0.004488,3.3402E-4,0.014329,0.024227,0.0060973,0.0022165,0.0065943,0.0029118,0.0090454,0.0019402,1
1520353376598,true,1601.656,0,0.014312,0.005548,0.0028535,2.6325E-4,0.0047572,0.0019561,0.0044906,3.3095E-4,0.013982,0.024478,0.0060879,0.0022189,0.0065955,0.0029079,0.0090346,0.0019419,1
1520353376656,true,1601.714,0,0.013562,0.0055509,0.0028569,2.6582E-4,0.004749,0.0019574,0.0044925,3.3027E-4,0.013728,0.024721,0.006091,0.0022182,0.006595,0.0029061,0.0090322,0.0019429,1
1520353376713,true,1601.771,0,0.013277,0.0051473,0.0028575,2.6717E-4,0.0047535,0.001955,0.0044905,3.3069E-4,0.01358,0.024978,0.0060862,0.0022197,0.0065962,0.0029073,0.0090295,0.0019455,1
1520353376771,true,1601.829,0,0.013259,0.0049968,0.0028534,2.7136E-4,0.0047636,0.0019551,0.0044887,3.268E-4,0.013935,0.024502,0.0060742,0.0022224,0.0066143,0.0028996,0.0090393,0.0019421,1
1520353376828,true,1601.886,0,0.013301,0.0051351,0.0028439,2.7277E-4,0.0047793,0.0019543,0.004497,3.2102E-4,0.014366,0.024078,0.0060719,0.0022237,0.0066091,0.0029047,0.0090498,0.0019412,1
1520353376874,true,1601.932,0,0.013551,0.005191,0.0028407,2.7327E-4,0.004772,0.0019608,0.0045097,3.2365E-4,0.014387,0.024017,0.0060808,0.0022227,0.0066059,0.0029051,0.0090597,0.0019336,1
1520353376932,true,1601.99,0,0.013027,0.0053814,0.0028389,2.7214E-4,0.0047616,0.0019643,0.0045169,3.2502E-4,0.014274,0.02413,0.0060732,0.0022261,0.0065959,0.0029111,0.0090491,0.001934,1
1520353376989,true,1602.047,0,0.012752,0.0051293,0.002836,2.699E-4,0.0047543,0.0019582,0.0045159,3.2761E-4,0.014232,0.02429,0.0060626,0.002227,0.0065996,0.0029126,0.009039,0.0019368,1
1520353377047,true,1602.105,0,0.01305,0.0048863,0.0028407,2.6715E-4,0.0047565,0.0019553,0.004509,3.3016E-4,0.014376,0.024278,0.006059,0.0022261,0.0065996,0.0029102,0.009031,0.0019407,1
1520353377104,true,1602.162,0,0.013591,0.0049708,0.0028373,2.6516E-4,0.0047564,0.0019541,0.0045004,3.2639E-4,0.014779,0.023904,0.0060599,0.0022258,0.0065992,0.0029079,0.0090316,0.0019416,1
1520353377173,true,1602.231,0,0.013796,0.0052498,0.0028219,2.6384E-4,0.0047437,0.0019588,0.0045009,3.2053E-4,0.014639,0.024014,0.006054,0.0022282,0.0065989,0.0029087,0.0090251,0.0019414,1
1520353377231,true,1602.289,0,0.013673,0.0054375,0.0028171,2.6129E-4,0.0047331,0.0019589,0.0044994,3.1431E-4,0.014105,0.024572,0.0060516,0.002225,0.0065919,0.0029102,0.0090209,0.0019401,1
1520353377288,true,1602.346,0,0.013132,0.0054613,0.0028117,2.5923E-4,0.0047173,0.0019533,0.0045003,3.1095E-4,0.013832,0.024777,0.0060372,0.0022244,0.0065839,0.0029134,0.009001,0.0019415,1
1520353377346,true,1602.404,0,0.012598,0.0051037,0.0027892,2.6278E-4,0.0047163,0.0019495,0.0044734,3.1701E-4,0.013656,0.025016,0.0060153,0.002226,0.0065703,0.0029101,0.0089898,0.0019422,1
1520353377403,true,1602.461,0,0.012676,0.0048429,0.0027752,2.6567E-4,0.0047184,0.0019509,0.0044525,3.1811E-4,0.014162,0.024458,0.0060065,0.0022288,0.0065756,0.0029029,0.0089927,0.0019414,1
1520353377474,true,1602.532,0,0.012816,0.0049577,0.002768,2.6515E-4,0.0047187,0.0019537,0.0044534,3.1926E-4,0.014578,0.024003,0.0060048,0.0022313,0.0065673,0.0029037,0.0089885,0.0019445,1
1520353377532,true,1602.59,0,0.013149,0.0049316,0.0027642,2.6239E-4,0.0047256,0.0019514,0.0044626,3.1569E-4,0.014714,0.023832,0.0060014,0.0022294,0.0065555,0.0029044,0.0089831,0.0019449,1
1520353377589,true,1602.647,0,0.012642,0.0051748,0.0027558,2.6416E-4,0.0047163,0.0019549,0.0044716,3.1468E-4,0.014746,0.023829,0.0059903,0.0022312,0.0065477,0.0029078,0.0089768,0.0019456,1
1520353377647,true,1602.705,0,0.012124,0.0050451,0.0027613,2.6295E-4,0.004693,0.0019538,0.0044833,3.1456E-4,0.014541,0.024087,0.005993,0.0022295,0.0065391,0.0029126,0.0089648,0.0019507,1
1520353377704,true,1602.762,0,0.012041,0.0047912,0.0027548,2.6274E-4,0.0046906,0.0019475,0.0044759,3.1272E-4,0.014624,0.02415,0.0059842,0.0022307,0.0065416,0.0029078,0.0089565,0.0019498,1
1520353377748,true,1602.806,0,0.012689,0.0047647,0.0027431,2.6457E-4,0.0046959,0.0019484,0.0044614,3.1009E-4,0.015047,0.023738,0.0059791,0.0022306,0.0065367,0.0029074,0.0089477,0.0019527,1
1520353377806,true,1602.864,0,0.012985,0.0050191,0.0027384,2.5797E-4,0.0047024,0.001945,0.0044523,3.0649E-4,0.015084,0.02359,0.0059647,0.0022336,0.0065394,0.0029052,0.0089486,0.001946,1
1520353377863,true,1602.921,0,0.0135,0.0051623,0.0027327,2.5698E-4,0.0046983,0.0019445,0.0044411,3.0731E-4,0.014698,0.023899,0.0059625,0.0022296,0.0065375,0.0029033,0.0089519,0.0019417,1
1520353377921,true,1602.979,0,0.012954,0.005333,0.002722,2.5509E-4,0.0046839,0.0019449,0.0044254,3.0556E-4,0.014078,0.024567,0.0059555,0.0022284,0.0065149,0.002908,0.0089337,0.0019416,1
1520353377978,true,1603.036,0,0.012456,0.0050886,0.0027098,2.5519E-4,0.0046814,0.0019395,0.0044155,3.0297E-4,0.013736,0.024944,0.0059445,0.0022283,0.0065046,0.002907,0.0089159,0.0019424,1
1520353378049,true,1603.107,0,0.012532,0.0047258,0.0027005,2.546E-4,0.0046759,0.0019379,0.0044018,2.9988E-4,0.013924,0.024723,0.0059206,0.00223,0.0065038,0.0029018,0.0088996,0.0019477,1
1520353378107,true,1603.165,0,0.012976,0.0046557,0.0026799,2.5549E-4,0.0046662,0.001937,0.0043733,2.938E-4,0.014313,0.024197,0.0059153,0.0022299,0.0064922,0.0029019,0.0088882,0.0019501,1
1520353378164,true,1603.222,0,0.013265,0.0046086,0.0026661,2.5112E-4,0.0046609,0.0019363,0.0043569,2.9407E-4,0.014307,0.024009,0.0059058,0.0022276,0.0064762,0.002906,0.0088727,0.0019481,1
1520353378222,true,1603.28,0,0.013236,0.0047273,0.0026607,2.5014E-4,0.0046426,0.0019345,0.0043557,2.8961E-4,0.014226,0.02399,0.0058904,0.0022293,0.006461,0.0029068,0.008864,0.0019496,1
1520353378279,true,1603.337,0,0.012923,0.0045918,0.0026507,2.5302E-4,0.004631,0.0019297,0.004344,2.9389E-4,0.014107,0.024138,0.0058776,0.0022328,0.0064468,0.0029088,0.0088494,0.0019497,1
1520353378325,true,1603.383,0,0.012708,0.0043343,0.0026473,2.4862E-4,0.0046283,0.0019274,0.004334,2.9677E-4,0.013982,0.024327,0.0058707,0.0022315,0.0064523,0.0029029,0.008833,0.001955,1
1520353378383,true,1603.441,0,0.013443,0.00407,0.0026386,2.4767E-4,0.0046213,0.0019283,0.004313,2.9753E-4,0.014205,0.023985,0.0058602,0.0022322,0.0064529,0.002898,0.008823,0.0019582,1
1520353378440,true,1603.498,0,0.013847,0.0043866,0.0026291,2.4578E-4,0.0046224,0.0019254,0.0042981,2.9592E-4,0.0145,0.023565,0.0058536,0.0022325,0.006436,0.002904,0.0088146,0.0019593,1
1520353378498,true,1603.556,0,0.014223,0.0045779,0.0026318,2.4095E-4,0.0046063,0.0019281,0.0042854,2.9614E-4,0.014051,0.023908,0.0058561,0.0022284,0.0064255,0.0029036,0.0088169,0.0019508,1
1520353378555,true,1603.613,0,0.013967,0.0048363,0.0026173,2.4378E-4,0.0045806,0.0019306,0.0042656,2.9577E-4,0.013412,0.02451,0.0058512,0.0022262,0.006422,0.0029044,0.0088145,0.0019473,1
1520353378624,true,1603.682,0,0.013306,0.0047873,0.0026045,2.4522E-4,0.0045661,0.0019233,0.0042617,2.9273E-4,0.012998,0.024888,0.0058349,0.0022263,0.006402,0.0029062,0.008793,0.0019524,1
1520353378682,true,1603.74,0,0.013076,0.0044934,0.0025879,2.4565E-4,0.0045612,0.0019172,0.0042316,2.9653E-4,0.013106,0.024743,0.0058294,0.0022245,0.0063856,0.0029045,0.0087804,0.0019526,1
1520353378739,true,1603.797,0,0.013154,0.0043844,0.002568,2.4339E-4,0.0045563,0.0019157,0.0042014,2.9984E-4,0.013565,0.024156,0.0058185,0.0022236,0.0063698,0.0029021,0.0087776,0.0019509,1
1520353378797,true,1603.855,0,0.013437,0.0043739,0.002548,2.3907E-4,0.0045341,0.0019168,0.0041923,2.9269E-4,0.013771,0.023839,0.0058063,0.002221,0.0063469,0.002905,0.0087717,0.0019465,1
1520353378854,true,1603.912,0,0.013537,0.0044294,0.0025251,2.3648E-4,0.0045119,0.0019152,0.0041673,2.9518E-4,0.013425,0.024098,0.0057938,0.0022141,0.0063279,0.0029055,0.0087566,0.0019454,1
1520353378900,true,1603.958,0,0.012942,0.0044694,0.0025159,2.3554E-4,0.0044803,0.0019092,0.0041409,2.9436E-4,0.013107,0.0243,0.0057803,0.0022119,0.0063136,0.0029066,0.0087395,0.0019462,1
1520353378958,true,1604.016,0,0.012671,0.0041146,0.0024949,2.3813E-4,0.0044674,0.0019037,0.0041266,2.9374E-4,0.012927,0.024469,0.005774,0.0022103,0.0063122,0.002902,0.0087281,0.0019475,1
1520353379015,true,1604.073,0,0.013056,0.0038827,0.0024811,2.4089E-4,0.0044598,0.001901,0.0041091,2.9144E-4,0.013271,0.024125,0.0057712,0.0022058,0.006305,0.0029025,0.0087047,0.0019502,1
1520353379073,true,1604.131,0,0.013668,0.0040709,0.0024572,2.4433E-4,0.0044539,0.0018984,0.0040912,2.8619E-4,0.013558,0.023774,0.0057562,0.0022084,0.0062897,0.0028991,0.0087043,0.0019504,1
1520353379130,true,1604.188,0,0.014054,0.0042923,0.0024469,2.428E-4,0.0044449,0.0018973,0.0040787,2.8226E-4,0.013369,0.023923,0.0057554,0.0022061,0.006277,0.0029007,0.0086993,0.0019473,1
1520353379199,true,1604.257,0,0.013941,0.0045538,0.0024382,2.4331E-4,0.0044125,0.0019038,0.0040606,2.8526E-4,0.012723,0.024561,0.0057514,0.0022057,0.0062719,0.0028976,0.0086966,0.0019471,1
1520353379257,true,1604.315,0,0.013234,0.0045933,0.0024349,2.4239E-4,0.004386,0.0019023,0.0040525,2.8887E-4,0.012178,0.025084,0.0057398,0.0022071,0.0062622,0.0029011,0.0086831,0.0019512,1
1520353379314,true,1604.372,0,0.01271,0.0043834,0.002437,2.4024E-4,0.0043839,0.0018984,0.0040374,2.8925E-4,0.012056,0.025229,0.0057249,0.0022074,0.0062504,0.002904,0.0086694,0.0019528,1
1520353379372,true,1604.43,0,0.012617,0.0043657,0.0024257,2.3987E-4,0.0043919,0.0018981,0.0040234,2.8478E-4,0.012481,0.024806,0.0057214,0.0022057,0.0062419,0.0029059,0.0086691,0.0019505,1
1520353379429,true,1604.487,0,0.012394,0.0045967,0.0024026,2.4034E-4,0.0043882,0.0018968,0.0040112,2.8199E-4,0.012864,0.024356,0.0057113,0.002204,0.0062325,0.0029081,0.0086569,0.001952,1
1520353379500,true,1604.558,0,0.012622,0.0046269,0.0023865,2.3831E-4,0.0043779,0.0018979,0.0039998,2.8306E-4,0.012764,0.024395,0.0057067,0.0022023,0.0062078,0.0029121,0.0086481,0.0019516,1
1520353379558,true,1604.616,0,0.012197,0.0047108,0.0023728,2.3977E-4,0.0043493,0.0018956,0.0039864,2.8382E-4,0.012495,0.024608,0.0056987,0.0022009,0.0061922,0.0029133,0.0086395,0.0019509,1
1520353379615,true,1604.673,0,0.011406,0.0046141,0.0023577,2.4096E-4,0.0043411,0.0018861,0.0039681,2.8604E-4,0.012474,0.024729,0.0056794,0.0022018,0.0061783,0.0029119,0.0086171,0.0019521,1
1520353379673,true,1604.731,0,0.01151,0.004331,0.0023435,2.3875E-4,0.0043154,0.0018872,0.0039365,2.851E-4,0.01281,0.024446,0.0056689,0.0022017,0.0061662,0.0029114,0.0085928,0.0019565,1
1520353379730,true,1604.788,0,0.012147,0.0044194,0.0023178,2.4075E-4,0.0042917,0.0018928,0.0039138,2.8578E-4,0.01341,0.023828,0.0056584,0.0022024,0.0061472,0.0029086,0.0085954,0.0019556,1
1520353379749,true,1604.807,0,0.012648,0.0046415,0.0023046,2.4017E-4,0.0042781,0.0018949,0.003913,2.7914E-4,0.013535,0.023676,0.0056518,0.0022054,0.006137,0.0029119,0.0085871,0.0019551,1
1520353379807,true,1604.865,0,0.012819,0.0049697,0.0023,2.3769E-4,0.0042743,0.0018907,0.0039157,2.7698E-4,0.013258,0.023996,0.0056554,0.0022018,0.006129,0.0029112,0.0085849,0.001954,1
1520353379864,true,1604.922,0,0.012359,0.0050074,0.0022974,2.4087E-4,0.0042716,0.0018832,0.0039189,2.744E-4,0.013017,0.024241,0.0056553,0.0022027,0.0061284,0.0029123,0.0085748,0.0019575,1
1520353379922,true,1604.98,0,0.011684,0.0048537,0.0023059,2.3854E-4,0.0042644,0.001879,0.0039263,2.675E-4,0.012812,0.024504,0.0056523,0.0022043,0.0061305,0.0029106,0.0085588,0.0019628,1
1520353379979,true,1605.037,0,0.011871,0.0045717,0.002293,2.4384E-4,0.0042714,0.0018826,0.003926,2.6264E-4,0.01306,0.024235,0.0056422,0.00221,0.0061352,0.0029077,0.0085533,0.0019672,1
1520353380050,true,1605.108,0,0.012017,0.0046034,0.0022839,2.4488E-4,0.0042588,0.0018954,0.0039146,2.6171E-4,0.013618,0.023665,0.0056471,0.0022107,0.0061341,0.0029061,0.0085567,0.0019654,1
1520353380108,true,1605.166,0,0.012091,0.004689,0.0022885,2.4165E-4,0.0042547,0.0019014,0.0039287,2.5822E-4,0.013538,0.023693,0.0056448,0.0022105,0.0061258,0.0029088,0.0085628,0.001961,1
1520353380165,true,1605.223,0,0.011672,0.0048929,0.0022851,2.4234E-4,0.0042467,0.0019022,0.0039361,2.5759E-4,0.013425,0.023868,0.0056376,0.0022121,0.0061211,0.0029092,0.008559,0.0019612,1
1520353380223,true,1605.281,0,0.01089,0.0047515,0.0022717,2.4637E-4,0.004238,0.0019004,0.0039392,2.5362E-4,0.013433,0.023877,0.0056472,0.0022076,0.0061311,0.0029098,0.008556,0.0019618,1
1520353380280,true,1605.338,0,0.010825,0.0044044,0.0022673,2.4862E-4,0.0042463,0.001901,0.0039295,2.52E-4,0.013659,0.023644,0.0056394,0.0022079,0.006125,0.0029111,0.0085445,0.0019661,1
1520353380349,true,1605.407,0,0.01139,0.0043476,0.0022456,2.5179E-4,0.0042375,0.0019025,0.0039144,2.5298E-4,0.014209,0.023094,0.0056279,0.0022109,0.0061143,0.0029095,0.0085367,0.0019673,1
1520353380407,true,1605.465,0,0.011684,0.0046435,0.0022303,2.5426E-4,0.0042358,0.0018991,0.0039139,2.4747E-4,0.01452,0.022769,0.00562,0.0022123,0.0061111,0.002906,0.0085334,0.0019675,1
1520353380464,true,1605.522,0,0.012196,0.0048791,0.0022207,2.568E-4,0.0042218,0.0019017,0.0039021,2.472E-4,0.014242,0.023118,0.00562,0.0022125,0.006101,0.0029081,0.0085346,0.0019633,1
1520353380522,true,1605.58,0,0.011842,0.0050681,0.0022195,2.5779E-4,0.0041939,0.0019027,0.0038939,2.4963E-4,0.013827,0.023591,0.0056142,0.002216,0.0060993,0.0029109,0.0085317,0.0019638,1
1520353380579,true,1605.637,0,0.011504,0.0047667,0.0022237,2.6053E-4,0.0041903,0.0018982,0.003893,2.4904E-4,0.013548,0.023907,0.0056139,0.0022157,0.0061018,0.0029122,0.0085244,0.00197,1
1520353380625,true,1605.683,0,0.011677,0.0044373,0.00223,2.6146E-4,0.0041904,0.0019042,0.003893,2.4587E-4,0.013766,0.023683,0.005612,0.0022196,0.0061218,0.0029033,0.0085231,0.001976,1
1520353380683,true,1605.741,0,0.011839,0.0045047,0.0022292,2.6193E-4,0.0042054,0.001908,0.0038898,2.4015E-4,0.014283,0.023115,0.0056162,0.0022212,0.0061304,0.0029036,0.0085241,0.001976,1
1520353380740,true,1605.798,0,0.011844,0.0047234,0.0022318,2.634E-4,0.00422,0.0019095,0.0039078,2.3481E-4,0.014466,0.022883,0.0056121,0.0022265,0.0061316,0.0029033,0.0085337,0.0019711,1
1520353380798,true,1605.856,0,0.011928,0.0047547,0.0022464,2.6087E-4,0.0042198,0.0019121,0.0039139,2.392E-4,0.01418,0.023104,0.0056158,0.0022257,0.0061436,0.0028982,0.0085391,0.0019666,1
1520353380855,true,1605.913,0,0.011257,0.0046194,0.0022503,2.6056E-4,0.0042135,0.0019138,0.0039214,2.437E-4,0.014238,0.023096,0.0056073,0.0022301,0.0061417,0.0029042,0.0085301,0.0019714,1
1520353380924,true,1605.982,0,0.010822,0.0043606,0.0022559,2.603E-4,0.0042183,0.0019116,0.0039177,2.5077E-4,0.01421,0.023197,0.0056107,0.002231,0.0061424,0.002907,0.0085277,0.0019747,1
1520353380982,true,1606.04,0,0.011396,0.0040851,0.0022495,2.6259E-4,0.0042144,0.001916,0.0039158,2.4937E-4,0.014768,0.02267,0.0056074,0.0022306,0.0061424,0.0029069,0.0085317,0.0019749,1
1520353381039,true,1606.097,0,0.011817,0.0042963,0.0022465,2.6311E-4,0.0042126,0.0019203,0.0039154,2.4425E-4,0.015373,0.022077,0.0056015,0.0022293,0.0061357,0.0029075,0.0085379,0.0019709,1
1520353381097,true,1606.155,0,0.012151,0.0045939,0.0022409,2.6209E-4,0.0042072,0.0019221,0.0039114,2.4511E-4,0.015171,0.022209,0.0055965,0.0022297,0.006132,0.0029112,0.00854,0.0019674,1
1520353381154,true,1606.212,0,0.011892,0.0048475,0.0022485,2.6173E-4,0.0041832,0.0019222,0.0039051,2.4444E-4,0.014884,0.022425,0.0055925,0.0022299,0.0061262,0.0029165,0.0085302,0.0019681,1
1520353381200,true,1606.258,0,0.011306,0.0048072,0.002249,2.6312E-4,0.00416,0.0019247,0.0039008,2.3976E-4,0.014522,0.022831,0.005587,0.0022297,0.0061292,0.0029165,0.00851,0.0019782,1
1520353381258,true,1606.316,0,0.011174,0.0045474,0.0022573,2.654E-4,0.0041521,0.001928,0.0038905,2.4355E-4,0.01438,0.022983,0.0055813,0.0022323,0.0061302,0.0029178,0.0084944,0.0019833,1
1520353381315,true,1606.373,0,0.011798,0.0044547,0.0022582,2.6712E-4,0.0041595,0.0019349,0.0038834,2.4437E-4,0.01491,0.022462,0.0055793,0.0022342,0.0061427,0.0029159,0.0085096,0.0019822,1
1520353381373,true,1606.431,0,0.01171,0.0046397,0.0022596,2.6644E-4,0.0041703,0.0019345,0.0038962,2.4205E-4,0.015144,0.022178,0.0055777,0.0022374,0.0061327,0.0029182,0.008528,0.0019753,1
1520353381430,true,1606.488,0,0.011735,0.0047356,0.0022556,2.6596E-4,0.0041599,0.0019389,0.0039017,2.407E-4,0.015016,0.022286,0.0055821,0.0022359,0.006118,0.0029246,0.0085329,0.0019732,1
1520353381499,true,1606.557,0,0.011114,0.0047503,0.0022633,2.6673E-4,0.0041525,0.0019381,0.0039017,2.459E-4,0.014815,0.022498,0.0055797,0.0022387,0.0061312,0.0029251,0.0085229,0.0019786,1
1520353381557,true,1606.615,0,0.01059,0.0044215,0.0022729,2.6794E-4,0.00416,0.0019335,0.0039016,2.4943E-4,0.014683,0.022696,0.0055817,0.0022398,0.0061306,0.0029288,0.0085138,0.0019868,1
1520353381614,true,1606.672,0,0.010856,0.004058,0.0022755,2.6759E-4,0.0041676,0.0019373,0.0038949,2.5424E-4,0.015086,0.022329,0.0055697,0.0022412,0.0061318,0.0029298,0.0085079,0.0019902,1
1520353381672,true,1606.73,0,0.011353,0.0041427,0.0022673,2.6953E-4,0.0041725,0.0019398,0.0038688,2.6091E-4,0.015576,0.021795,0.0055679,0.0022433,0.0061364,0.0029274,0.0084979,0.0019925,1
1520353381729,true,1606.787,0,0.011765,0.0044014,0.0022657,2.6724E-4,0.0041641,0.0019438,0.0038761,2.5886E-4,0.015654,0.021656,0.0055623,0.0022418,0.0061259,0.002932,0.0084997,0.0019884,1
1520353381775,true,1606.833,0,0.011721,0.0047232,0.0022669,2.6577E-4,0.0041501,0.001946,0.0038683,2.6026E-4,0.015235,0.022086,0.0055568,0.0022414,0.0061156,0.0029355,0.0084919,0.0019904,1
1520353381833,true,1606.891,0,0.011085,0.004707,0.0022721,2.641E-4,0.0041438,0.001941,0.0038706,2.5867E-4,0.014976,0.022397,0.0055575,0.0022408,0.006098,0.0029404,0.0084784,0.0019931,1
1520353381890,true,1606.948,0,0.010928,0.0044311,0.0022787,2.6088E-4,0.0041208,0.001945,0.0038502,2.6164E-4,0.01466,0.022741,0.0055408,0.0022413,0.0060837,0.0029436,0.0084626,0.0019957,1
1520353381948,true,1607.006,0,0.011245,0.0043815,0.0022701,2.5996E-4,0.0041041,0.0019511,0.0038235,2.6547E-4,0.014937,0.02238,0.0055266,0.0022423,0.00607,0.0029441,0.0084515,0.0020003,1
1520353382005,true,1607.063,0,0.011586,0.0045628,0.0022573,2.615E-4,0.0040997,0.0019561,0.0038078,2.6524E-4,0.015186,0.022087,0.005529,0.0022404,0.0060662,0.0029407,0.0084445,0.0020018,1
1520353382076,true,1607.134,0,0.011783,0.0047043,0.0022552,2.6058E-4,0.004099,0.001958,0.0038131,2.6979E-4,0.015004,0.022206,0.0055218,0.002241,0.0060442,0.0029474,0.0084527,0.0019995,1
1520353382134,true,1607.192,0,0.011352,0.0047909,0.002278,2.5358E-4,0.0041037,0.0019563,0.003819,2.7311E-4,0.014628,0.02249,0.0055254,0.0022376,0.006034,0.0029545,0.0084541,0.0019994,1
1520353382191,true,1607.249,0,0.010522,0.0045948,0.0022812,2.553E-4,0.0041063,0.0019566,0.0038253,2.7355E-4,0.014568,0.022559,0.0055173,0.00224,0.0060313,0.002956,0.0084305,0.002007,1
1520353382249,true,1607.307,0,0.010413,0.004307,0.002283,2.568E-4,0.0041103,0.0019575,0.0038278,2.7737E-4,0.014792,0.022381,0.0055187,0.0022402,0.0060322,0.0029539,0.0084216,0.0020159,1
1520353382306,true,1607.364,0,0.011155,0.0041908,0.0022823,2.5505E-4,0.0041128,0.0019645,0.0038276,2.7834E-4,0.015303,0.021893,0.0055229,0.0022402,0.0060223,0.0029567,0.0084159,0.0020186,1
1520353382350,true,1607.408,0,0.011778,0.0043929,0.0022915,2.5203E-4,0.0041381,0.0019619,0.0038276,2.8107E-4,0.015491,0.021687,0.0055277,0.0022388,0.0060121,0.0029614,0.0084223,0.0020191,1
1520353382408,true,1607.466,0,0.011897,0.0047561,0.0023051,2.4688E-4,0.0041335,0.0019614,0.0038355,2.8316E-4,0.015241,0.021992,0.0055238,0.0022378,0.0059989,0.0029621,0.0084228,0.0020196,1
1520353382465,true,1607.523,0,0.011485,0.0049154,0.0023013,2.472E-4,0.0041188,0.0019628,0.0038404,2.8474E-4,0.014874,0.022389,0.0055209,0.0022383,0.0060039,0.0029606,0.0084215,0.0020176,1
1520353382523,true,1607.581,0,0.011148,0.0047049,0.002303,2.5045E-4,0.0041085,0.0019631,0.0038282,2.888E-4,0.014761,0.022611,0.0055147,0.0022404,0.0060021,0.0029582,0.0084041,0.002022,1
1520353382580,true,1607.638,0,0.011502,0.0045392,0.0022947,2.5372E-4,0.0041123,0.001964,0.003804,2.9297E-4,0.015028,0.022297,0.0055103,0.0022391,0.0059983,0.0029549,0.0083867,0.0020248,1
1520353382651,true,1607.709,0,0.011715,0.0047347,0.0022814,2.5196E-4,0.0040999,0.0019673,0.0037891,2.9335E-4,0.015484,0.021793,0.0055022,0.0022397,0.0059957,0.0029499,0.0083767,0.0020301,1
1520353382709,true,1607.767,0,0.011772,0.0049835,0.0022707,2.5181E-4,0.0040982,0.0019686,0.0037837,2.9379E-4,0.015227,0.021947,0.0054875,0.0022409,0.0059794,0.0029549,0.008371,0.0020322,1
1520353382766,true,1607.824,0,0.011346,0.005139,0.0022621,2.5361E-4,0.0040849,0.0019719,0.0037841,2.9761E-4,0.014738,0.022371,0.0054886,0.0022391,0.0059665,0.0029607,0.0083708,0.0020332,1
1520353382824,true,1607.882,0,0.010643,0.0050008,0.0022675,2.5345E-4,0.0040891,0.001971,0.0037883,3.0025E-4,0.014669,0.02256,0.0054886,0.0022388,0.005963,0.0029654,0.0083677,0.0020353,1
1520353382881,true,1607.939,0,0.010635,0.0046125,0.0022726,2.5182E-4,0.0041018,0.0019664,0.0037884,3.0509E-4,0.014793,0.022464,0.0054817,0.0022421,0.0059636,0.0029649,0.0083733,0.0020393,1
1520353382950,true,1608.008,0,0.011029,0.0044153,0.0022652,2.5408E-4,0.0041072,0.0019694,0.0037883,3.0583E-4,0.015323,0.021902,0.0054817,0.0022439,0.0059655,0.0029675,0.0083717,0.0020455,1
1520353383008,true,1608.066,0,0.011666,0.0045086,0.0022615,2.5213E-4,0.0041174,0.0019706,0.0037926,3.0727E-4,0.015725,0.021627,0.0054963,0.0022405,0.0059765,0.0029668,0.0083804,0.0020433,1
1520353383065,true,1608.123,0,0.012296,0.0047187,0.0022689,2.5123E-4,0.0041291,0.0019722,0.0038089,3.0982E-4,0.015621,0.021786,0.0055022,0.0022398,0.0059699,0.0029715,0.0083877,0.0020402,1
1520353383123,true,1608.181,0,0.012077,0.0049378,0.0022672,2.5211E-4,0.004135,0.0019684,0.0038163,3.1455E-4,0.015291,0.022276,0.0055023,0.0022407,0.0059796,0.0029731,0.0083886,0.0020419,1
1520353383180,true,1608.238,0,0.011703,0.0048472,0.0022726,2.5351E-4,0.0041371,0.0019636,0.0038163,3.1988E-4,0.014872,0.022777,0.0055075,0.0022397,0.005987,0.0029685,0.00838,0.0020427,1
1520353383226,true,1608.284,0,0.012109,0.0045376,0.0022713,2.5743E-4,0.0041557,0.00196,0.0038145,3.2157E-4,0.014953,0.022755,0.0055072,0.00224,0.0059956,0.0029636,0.0083858,0.0020438,1
1520353383284,true,1608.342,0,0.012564,0.0045945,0.0022661,2.5455E-4,0.0041549,0.0019649,0.0038075,3.2252E-4,0.015398,0.022312,0.0055154,0.0022399,0.0059879,0.0029664,0.0083921,0.0020396,1
1520353383341,true,1608.399,0,0.012831,0.0046339,0.0022496,2.5606E-4,0.0041692,0.0019625,0.0038015,3.2415E-4,0.015248,0.022379,0.0055112,0.0022396,0.0059811,0.0029696,0.0083959,0.0020379,1
1520353383399,true,1608.457,0,0.012587,0.0048329,0.0022393,2.5837E-4,0.0041752,0.0019642,0.0037969,3.2877E-4,0.014938,0.022702,0.0055116,0.0022376,0.0059904,0.0029703,0.0084108,0.0020359,1
1520353383456,true,1608.514,0,0.011609,0.0048484,0.0022291,2.6174E-4,0.0041524,0.0019707,0.003801,3.2978E-4,0.014607,0.023086,0.0055127,0.0022337,0.005981,0.0029764,0.0084044,0.0020356,1
1520353383500,true,1608.558,0,0.011155,0.004468,0.0022213,2.6582E-4,0.0041341,0.0019733,0.0038045,3.3294E-4,0.014623,0.023111,0.0054992,0.0022379,0.0059857,0.0029723,0.0083964,0.0020363,1
1520353383558,true,1608.616,0,0.011437,0.0042003,0.002223,2.6494E-4,0.0041492,0.0019763,0.0038039,3.3539E-4,0.015108,0.022586,0.0054991,0.0022396,0.0059929,0.0029733,0.0083974,0.0020406,1
1520353383615,true,1608.673,0,0.011771,0.0042568,0.0022128,2.6439E-4,0.0041673,0.0019778,0.0038081,3.3479E-4,0.015661,0.022048,0.0055035,0.0022388,0.005996,0.0029771,0.0084109,0.0020408,1
1520353383673,true,1608.731,0,0.012203,0.0044035,0.00221,2.627E-4,0.0041791,0.0019753,0.0038129,3.35E-4,0.015586,0.022108,0.0055003,0.0022408,0.0059878,0.0029847,0.0084347,0.0020376,1
1520353383730,true,1608.788,0,0.012202,0.0046152,0.002208,2.6683E-4,0.0041621,0.0019799,0.0038335,3.3488E-4,0.015142,0.022516,0.0055019,0.002245,0.0059993,0.0029834,0.0084394,0.0020455,1
1520353383800,true,1608.858,0,0.011776,0.004554,0.0022179,2.6882E-4,0.0041657,0.001976,0.0038395,3.3669E-4,0.014796,0.022987,0.0055045,0.0022464,0.006007,0.0029856,0.0084442,0.0020478,1
1520353383858,true,1608.916,0,0.011711,0.0043441,0.0022278,2.7068E-4,0.0041749,0.0019762,0.0038378,3.391E-4,0.014665,0.023185,0.0055143,0.0022481,0.0060276,0.002983,0.0084485,0.0020487,1
1520353383915,true,1608.973,0,0.012012,0.0043502,0.0022307,2.6979E-4,0.0041883,0.0019751,0.0038337,3.4032E-4,0.014988,0.022858,0.0055059,0.002253,0.0060463,0.0029809,0.008459,0.0020483,1
1520353383973,true,1609.031,0,0.012257,0.0044755,0.0022244,2.7114E-4,0.0041945,0.0019812,0.0038302,3.4362E-4,0.015165,0.022598,0.0055144,0.0022553,0.0060525,0.0029844,0.0084624,0.0020475,1
1520353384030,true,1609.088,0,0.012355,0.0045451,0.0022246,2.7043E-4,0.004203,0.0019834,0.0038337,3.4311E-4,0.014729,0.022993,0.005515,0.0022556,0.006058,0.0029877,0.0084723,0.0020459,1
1520353384100,true,1609.158,0,0.011854,0.0044723,0.0022305,2.6901E-4,0.0041885,0.0019852,0.0038292,3.4659E-4,0.014455,0.023221,0.0055136,0.0022561,0.0060616,0.0029903,0.0084714,0.0020452,1
1520353384158,true,1609.216,0,0.011414,0.0041892,0.0022226,2.7187E-4,0.0041845,0.0019843,0.0038207,3.4717E-4,0.014285,0.023315,0.0055075,0.0022561,0.0060641,0.0029881,0.008471,0.0020489,1
1520353384215,true,1609.273,0,0.011394,0.0038234,0.0022146,2.7089E-4,0.004196,0.0019823,0.0038035,3.5176E-4,0.014614,0.022887,0.0054943,0.0022565,0.0060639,0.0029893,0.0084756,0.0020451,1
1520353384273,true,1609.331,0,0.011716,0.0038229,0.0021908,2.7213E-4,0.0041937,0.0019851,0.0037863,3.5561E-4,0.015302,0.022164,0.0054917,0.0022569,0.0060652,0.0029935,0.0084798,0.0020468,1
1520353384330,true,1609.388,0,0.012007,0.003983,0.0021933,2.7135E-4,0.0041964,0.0019902,0.0037899,3.5586E-4,0.015415,0.02199,0.0054859,0.0022588,0.0060647,0.0029934,0.0084864,0.0020453,1
1520353384375,true,1609.433,0,0.012175,0.0041476,0.0021936,2.703E-4,0.004191,0.0019928,0.0037831,3.6129E-4,0.015073,0.022279,0.0054919,0.0022552,0.0060726,0.0029921,0.0084849,0.0020444,1
1520353384433,true,1609.491,0,0.011816,0.0040885,0.0022033,2.6771E-4,0.0042001,0.0019854,0.0037799,3.6611E-4,0.014729,0.022695,0.0054947,0.0022547,0.0060728,0.0029966,0.0084794,0.002046,1
1520353384490,true,1609.548,0,0.011684,0.0038005,0.002208,2.6824E-4,0.0042113,0.0019843,0.0037686,3.6891E-4,0.014638,0.022813,0.0054974,0.002252,0.0060803,0.0029933,0.0084776,0.0020469,1
1520353384548,true,1609.606,0,0.01215,0.0036152,0.0022071,2.6704E-4,0.0042295,0.0019808,0.0037612,3.6984E-4,0.014961,0.022443,0.0054914,0.0022525,0.0060934,0.0029899,0.0084934,0.0020489,1
1520353384605,true,1609.663,0,0.012179,0.0038701,0.0022136,2.6629E-4,0.0042407,0.0019821,0.0037518,3.716E-4,0.014968,0.022295,0.0054865,0.0022541,0.0060999,0.0029893,0.0085011,0.00205,1
1520353384649,true,1609.707,0,0.012381,0.0039863,0.0022222,2.654E-4,0.0042402,0.0019861,0.0037502,3.715E-4,0.014613,0.022683,0.0054901,0.0022565,0.0061076,0.0029854,0.0085087,0.0020459,1
1520353384707,true,1609.765,0,0.012046,0.0040126,0.0022221,2.658E-4,0.0042262,0.0019855,0.0037345,3.7927E-4,0.014348,0.023022,0.0054897,0.0022553,0.0061011,0.0029911,0.0085048,0.002047,1
1520353384764,true,1609.822,0,0.011253,0.0037483,0.0022196,2.6765E-4,0.0042167,0.0019864,0.0037378,3.8112E-4,0.014117,0.023242,0.005486,0.0022562,0.006107,0.0029895,0.0085003,0.0020488,1
1520353384822,true,1609.88,0,0.011044,0.0033777,0.0022073,2.6826E-4,0.0042096,0.0019913,0.0037204,3.8423E-4,0.014221,0.02303,0.0054797,0.0022562,0.006115,0.0029848,0.0084982,0.0020525,1
1520353384879,true,1609.937,0,0.011485,0.0031904,0.0022006,2.6703E-4,0.0041998,0.0019998,0.003707,3.8009E-4,0.014824,0.022326,0.0054738,0.0022551,0.0061143,0.0029813,0.0084953,0.0020522,1
1520353384950,true,1610.008,0,0.011819,0.0033166,0.002176,2.6934E-4,0.0041989,0.0020033,0.0037016,3.7871E-4,0.015332,0.021837,0.0054658,0.002256,0.0061046,0.0029832,0.0084973,0.0020495,1
1520353385008,true,1610.066,0,0.011918,0.0034412,0.0021627,2.7236E-4,0.0041859,0.0020023,0.0036972,3.8425E-4,0.015282,0.021814,0.0054581,0.0022579,0.0060956,0.0029874,0.0084899,0.0020521,1
1520353385065,true,1610.123,0,0.011634,0.0035893,0.0021676,2.7309E-4,0.0041683,0.0020018,0.0037043,3.8192E-4,0.014892,0.022223,0.0054742,0.0022554,0.006096,0.002989,0.0084822,0.0020606,1
1520353385123,true,1610.181,0,0.011055,0.0034051,0.0021617,2.7678E-4,0.0041793,0.0019988,0.0037,3.8668E-4,0.014552,0.022621,0.0054722,0.0022548,0.0060995,0.0029884,0.0084738,0.0020601,1
1520353385180,true,1610.238,0,0.011492,0.0032016,0.0021612,2.8033E-4,0.0041941,0.0019982,0.0036814,3.9372E-4,0.014801,0.022417,0.0054767,0.0022551,0.0061116,0.0029825,0.008471,0.0020604,1
1520353385226,true,1610.284,0,0.01183,0.0033979,0.0021616,2.782E-4,0.0042042,0.0020028,0.0036686,3.9526E-4,0.015247,0.021986,0.0054798,0.0022547,0.0061143,0.0029809,0.0084758,0.0020595,1
1520353385284,true,1610.342,0,0.01206,0.0035229,0.0021646,2.7779E-4,0.0042069,0.002006,0.0036803,3.926E-4,0.01497,0.022087,0.0054796,0.0022543,0.0061062,0.0029816,0.0084705,0.0020605,1
1520353385341,true,1610.399,0,0.011628,0.0037099,0.0021779,2.7635E-4,0.0042132,0.002005,0.0036841,3.9836E-4,0.014487,0.02245,0.0054916,0.0022512,0.0061067,0.0029806,0.0084835,0.0020567,1
1520353385399,true,1610.457,0,0.010909,0.0035562,0.0021762,2.7661E-4,0.0042231,0.0020021,0.0036908,3.9935E-4,0.014161,0.022777,0.0054906,0.0022499,0.0061056,0.0029828,0.0084826,0.0020583,1
1520353385456,true,1610.514,0,0.010785,0.0030788,0.0021764,2.7375E-4,0.0042264,0.0019988,0.0036945,3.9908E-4,0.014372,0.022537,0.0054844,0.0022504,0.0061125,0.0029761,0.0084818,0.0020593,1
1520353385525,true,1610.583,0,0.011171,0.0028804,0.0021632,2.7414E-4,0.0042364,0.0020015,0.0036893,4.0154E-4,0.014902,0.021974,0.0054817,0.0022494,0.0061104,0.0029765,0.0084934,0.002056,1
1520353385583,true,1610.641,0,0.011379,0.0029734,0.0021353,2.7836E-4,0.0042327,0.0020027,0.0036876,4.0184E-4,0.01527,0.021522,0.005485,0.0022471,0.006093,0.00298,0.0084866,0.0020563,1
1520353385640,true,1610.698,0,0.011999,0.0030571,0.0021256,2.7752E-4,0.0042193,0.0020031,0.0036895,4.0396E-4,0.015035,0.021787,0.0054723,0.0022474,0.0060732,0.0029881,0.0084812,0.0020525,1
1520353385698,true,1610.756,0,0.011597,0.0032848,0.0021074,2.8555E-4,0.0042013,0.0020003,0.0036951,4.0283E-4,0.014579,0.022156,0.0054673,0.0022443,0.0060709,0.0029835,0.008477,0.0020489,1
1520353385755,true,1610.813,0,0.011291,0.0031179,0.0020932,2.9047E-4,0.0041892,0.0019955,0.003682,4.0766E-4,0.014368,0.022452,0.0054539,0.0022461,0.0060575,0.0029818,0.0084523,0.0020549,1
1520353385825,true,1610.883,0,0.011693,0.0028709,0.0020911,2.9182E-4,0.0042124,0.001989,0.0036836,4.0782E-4,0.014345,0.022519,0.0054608,0.0022435,0.0060543,0.002979,0.0084415,0.0020618,1
1520353385883,true,1610.941,0,0.011817,0.0030987,0.0020859,2.9501E-4,0.0042229,0.001989,0.0036831,4.0613E-4,0.014883,0.022076,0.0054602,0.0022443,0.0060538,0.0029752,0.0084413,0.0020646,1
1520353385940,true,1610.998,0,0.012092,0.0033886,0.0020778,2.9768E-4,0.0042209,0.0019961,0.0036915,4.0259E-4,0.014848,0.022076,0.0054741,0.0022396,0.0060533,0.0029758,0.0084581,0.0020561,1
1520353385998,true,1611.056,0,0.011851,0.0036924,0.0020824,3.0076E-4,0.0042107,0.0020005,0.0037027,4.0566E-4,0.014362,0.022597,0.0054767,0.0022384,0.0060519,0.0029785,0.0084607,0.0020532,1
1520353386055,true,1611.113,0,0.011014,0.0037586,0.0021037,2.9787E-4,0.0042243,0.0019965,0.0037181,4.0674E-4,0.014068,0.022958,0.0054806,0.0022381,0.0060431,0.0029829,0.0084625,0.0020512,1
1520353386100,true,1611.158,0,0.010538,0.0034358,0.0021179,2.9417E-4,0.0042351,0.001995,0.0037361,4.0597E-4,0.013872,0.023272,0.0054911,0.0022383,0.006041,0.0029832,0.0084672,0.0020494,1
1520353386158,true,1611.216,0,0.010717,0.0031656,0.0021162,2.9546E-4,0.00426,0.0019927,0.0037526,4.0392E-4,0.014436,0.022624,0.00549,0.0022421,0.0060435,0.0029823,0.0084733,0.002048,1
1520353386215,true,1611.273,0,0.010954,0.0032488,0.0021136,2.9632E-4,0.0042854,0.0019901,0.0037671,4.0264E-4,0.015106,0.021945,0.0054922,0.002243,0.00603,0.0029861,0.0084716,0.0020488,1
1520353386273,true,1611.331,0,0.011183,0.0034999,0.002119,2.9408E-4,0.0042856,0.0019897,0.0037919,3.9646E-4,0.014979,0.021993,0.005496,0.0022415,0.0060205,0.0029871,0.0084881,0.0020431,1
1520353386330,true,1611.388,0,0.01105,0.003759,0.0021286,2.9128E-4,0.0042772,0.001993,0.0038022,3.9749E-4,0.014762,0.022062,0.0054987,0.0022387,0.0060154,0.0029889,0.0084919,0.0020418,1
1520353386400,true,1611.458,0,0.010761,0.0037665,0.0021351,2.9218E-4,0.0042766,0.0019858,0.0038169,3.9697E-4,0.014598,0.022278,0.0054986,0.002235,0.0060152,0.0029887,0.0084804,0.0020461,1
1520353386458,true,1611.516,0,0.010981,0.0034547,0.0021384,2.9367E-4,0.0042811,0.001983,0.0038157,3.9897E-4,0.014824,0.022163,0.0054874,0.0022365,0.0060143,0.0029865,0.0084726,0.0020468,1
1520353386515,true,1611.573,0,0.011727,0.0034729,0.002133,2.9716E-4,0.004294,0.001986,0.003813,3.9943E-4,0.015185,0.021726,0.0054785,0.0022369,0.0060174,0.0029822,0.0084736,0.0020476,1
1520353386573,true,1611.631,0,0.01209,0.0037288,0.00214,2.9743E-4,0.0043174,0.0019912,0.0038166,4.0023E-4,0.015482,0.02151,0.0054902,0.0022355,0.0060119,0.0029848,0.0084792,0.002049,1
1520353386630,true,1611.688,0,0.012326,0.0039428,0.0021744,2.9418E-4,0.0043452,0.0019892,0.0038354,4.0167E-4,0.014911,0.022064,0.0055006,0.0022335,0.0060163,0.0029884,0.0084824,0.002048,1
1520353386675,true,1611.733,0,0.011636,0.0040592,0.0021903,2.9717E-4,0.0043602,0.0019865,0.0038575,4.0166E-4,0.014419,0.022588,0.0055125,0.0022307,0.0060378,0.0029883,0.0084834,0.0020487,1
